2 0.6319814814814815 0.760986111111111 0.1938148148148148 0.18308333333333332
2 0.768074074074074 0.470625 0.12894444444444444 0.16716666666666666
2 0.6770370370370371 0.27981944444444445 0.09875925925925925 0.11888888888888888
2 0.6946296296296297 0.14827777777777779 0.15244444444444444 0.05952777777777778
2 0.1700185185185185 0.632 0.09088888888888888 0.077875
2 0.20951851851851852 0.5328888888888889 0.12049999999999998 0.06486111111111112
2 0.19501851851851854 0.4127083333333333 0.11001851851851852 0.06061111111111111
2 0.19038888888888889 0.3501944444444444 0.09459259259259259 0.03741666666666667
2 0.877 0.9077777777777778 0.10362962962962963 0.11555555555555556
2 0.9319259259259259 0.4300833333333334 0.10237037037037038 0.09998611111111111
2 0.31505555555555553 0.2728472222222222 0.09701851851851852 0.04015277777777778
2 0.04372222222222222 0.7956805555555555 0.08744444444444444 0.09794444444444445
2 0.3257407407407408 0.16254166666666667 0.07174074074074074 0.04691666666666667