2 0.43333333333333335 0.3146067415730337 0.44166666666666665 0.3146067415730337 0.43333333333333335 0.3258426966292135 0.43333333333333335 0.33707865168539325 0.375 0.33707865168539325 0.36666666666666664 0.3258426966292135 0.36666666666666664 0.3146067415730337 0.375 0.30337078651685395 0.4166666666666667 0.30337078651685395 0.425 0.3146067415730337
2 0.05 0.033707865168539325 0.08333333333333333 0.033707865168539325 0.1 0.056179775280898875 0.05 0.056179775280898875 0.05 0.0449438202247191
2 0.8 0.8089887640449438 0.8166666666666667 0.8089887640449438 0.825 0.797752808988764 0.8333333333333334 0.797752808988764 0.8416666666666667 0.8089887640449438 0.8833333333333333 0.8089887640449438 0.8916666666666667 0.8202247191011236 0.9083333333333333 0.8202247191011236 0.9083333333333333 0.8539325842696629 0.9 0.8651685393258427 0.9 0.8764044943820225 0.8916666666666667 0.8876404494382022 0.8833333333333333 0.8876404494382022 0.875 0.898876404494382 0.85 0.898876404494382 0.8416666666666667 0.8876404494382022 0.825 0.8876404494382022 0.8166666666666667 0.8764044943820225 0.8166666666666667 0.8651685393258427 0.8 0.8426966292134831 0.8 0.8202247191011236
2 0.2916666666666667 0.23595505617977527 0.3 0.24719101123595505 0.3 0.25842696629213485 0.24166666666666667 0.25842696629213485 0.23333333333333334 0.24719101123595505 0.24166666666666667 0.23595505617977527 0.2833333333333333 0.23595505617977527
2 0.30833333333333335 0.4044943820224719 0.31666666666666665 0.4044943820224719 0.325 0.39325842696629215 0.38333333333333336 0.39325842696629215 0.39166666666666666 0.4044943820224719 0.39166666666666666 0.42696629213483145 0.325 0.42696629213483145 0.31666666666666665 0.4157303370786517 0.30833333333333335 0.4157303370786517
2 0.10833333333333334 0.011235955056179775 0.11666666666666667 0.011235955056179775 0.125 0 0.15 0 0.16666666666666666 0.02247191011235955 0.15833333333333333 0.02247191011235955 0.15 0.033707865168539325 0.15833333333333333 0.0449438202247191 0.15833333333333333 0.056179775280898875 0.16666666666666666 0.06741573033707865 0.175 0.06741573033707865 0.18333333333333332 0.07865168539325842 0.18333333333333332 0.11235955056179775 0.19166666666666668 0.12359550561797752 0.23333333333333334 0.12359550561797752 0.24166666666666667 0.1348314606741573 0.24166666666666667 0.14606741573033707 0.225 0.14606741573033707 0.21666666666666667 0.15730337078651685 0.20833333333333334 0.15730337078651685 0.2 0.14606741573033707 0.18333333333333332 0.14606741573033707 0.175 0.1348314606741573 0.175 0.12359550561797752 0.16666666666666666 0.11235955056179775 0.15833333333333333 0.11235955056179775 0.15 0.10112359550561797 0.13333333333333333 0.10112359550561797 0.11666666666666667 0.07865168539325842 0.10833333333333334 0.07865168539325842 0.10833333333333334 0.06741573033707865 0.1 0.056179775280898875 0.08333333333333333 0.056179775280898875 0.075 0.06741573033707865 0.06666666666666667 0.056179775280898875 0.05 0.056179775280898875 0.05 0.033707865168539325 0.1 0.033707865168539325 0.10833333333333334 0.02247191011235955
2 0.3 0.1797752808988764 0.35 0.1797752808988764 0.35833333333333334 0.19101123595505617 0.35 0.20224719101123595 0.3 0.20224719101123595 0.3 0.19101123595505617
2 0.16666666666666666 0.011235955056179775 0.16666666666666666 0.02247191011235955 0.15833333333333333 0.02247191011235955 0.15 0.033707865168539325 0.14166666666666666 0.0449438202247191 0.14166666666666666 0.056179775280898875 0.15 0.06741573033707865 0.175 0.06741573033707865 0.18333333333333332 0.07865168539325842 0.18333333333333332 0.10112359550561797 0.14166666666666666 0.10112359550561797 0.13333333333333333 0.0898876404494382 0.13333333333333333 0.06741573033707865 0.125 0.056179775280898875 0.125 0.033707865168539325 0.11666666666666667 0.02247191011235955 0.11666666666666667 0.011235955056179775 0.125 0 0.15 0 0.15833333333333333 0.011235955056179775
2 0.175 0.07865168539325842 0.18333333333333332 0.0898876404494382 0.18333333333333332 0.10112359550561797 0.14166666666666666 0.10112359550561797 0.13333333333333333 0.0898876404494382 0.14166666666666666 0.07865168539325842 0.16666666666666666 0.07865168539325842
2 0.2833333333333333 0.20224719101123595 0.2916666666666667 0.20224719101123595 0.30833333333333335 0.2247191011235955 0.3333333333333333 0.2247191011235955 0.3416666666666667 0.23595505617977527 0.3416666666666667 0.2808988764044944 0.35833333333333334 0.30337078651685395 0.35 0.3146067415730337 0.3416666666666667 0.3146067415730337 0.31666666666666665 0.2808988764044944 0.31666666666666665 0.2696629213483146 0.30833333333333335 0.25842696629213485 0.2916666666666667 0.25842696629213485 0.2833333333333333 0.2696629213483146 0.275 0.25842696629213485 0.23333333333333334 0.25842696629213485 0.225 0.24719101123595505 0.23333333333333334 0.23595505617977527 0.25 0.23595505617977527 0.25833333333333336 0.2247191011235955 0.275 0.2247191011235955 0.2833333333333333 0.21348314606741572
2 0.8583333333333333 0.7528089887640449 0.875 0.7303370786516854 0.8833333333333333 0.7303370786516854 0.8833333333333333 0.7528089887640449 0.875 0.7640449438202247 0.875 0.7752808988764045 0.9083333333333333 0.8202247191011236 0.9166666666666666 0.8202247191011236 0.9166666666666666 0.8426966292134831 0.9083333333333333 0.8539325842696629 0.9083333333333333 0.8651685393258427 0.9 0.8764044943820225 0.9 0.8876404494382022 0.8833333333333333 0.8876404494382022 0.875 0.898876404494382 0.8416666666666667 0.898876404494382 0.8333333333333334 0.8876404494382022 0.8166666666666667 0.8876404494382022 0.8166666666666667 0.8764044943820225 0.8 0.8539325842696629 0.8 0.8426966292134831 0.7916666666666666 0.8314606741573034 0.7916666666666666 0.8202247191011236 0.825 0.7752808988764045 0.8583333333333333 0.7752808988764045 0.8666666666666667 0.7640449438202247
2 0.225 0.12359550561797752 0.23333333333333334 0.1348314606741573 0.24166666666666667 0.1348314606741573 0.24166666666666667 0.14606741573033707 0.18333333333333332 0.14606741573033707 0.18333333333333332 0.1348314606741573 0.19166666666666668 0.12359550561797752 0.21666666666666667 0.12359550561797752
2 0.3 0.2247191011235955 0.30833333333333335 0.23595505617977527 0.325 0.23595505617977527 0.3333333333333333 0.24719101123595505 0.3416666666666667 0.24719101123595505 0.3416666666666667 0.25842696629213485 0.3333333333333333 0.2696629213483146 0.3333333333333333 0.30337078651685395 0.325 0.30337078651685395 0.31666666666666665 0.3146067415730337 0.31666666666666665 0.29213483146067415 0.3 0.2696629213483146 0.25833333333333336 0.2696629213483146 0.25 0.25842696629213485 0.23333333333333334 0.25842696629213485 0.225 0.24719101123595505 0.225 0.23595505617977527 0.24166666666666667 0.23595505617977527 0.25 0.2247191011235955 0.26666666666666666 0.2247191011235955 0.275 0.21348314606741572 0.2833333333333333 0.21348314606741572 0.2916666666666667 0.2247191011235955
2 0.11666666666666667 0 0.15 0 0.15833333333333333 0.011235955056179775 0.16666666666666666 0.011235955056179775 0.16666666666666666 0.02247191011235955 0.15833333333333333 0.02247191011235955 0.14166666666666666 0.0449438202247191 0.125 0.0449438202247191 0.11666666666666667 0.033707865168539325 0.11666666666666667 0.011235955056179775
2 0.14166666666666666 0 0.15 0.011235955056179775 0.15833333333333333 0.011235955056179775 0.15833333333333333 0.02247191011235955 0.13333333333333333 0.02247191011235955 0.125 0.033707865168539325 0.13333333333333333 0.0449438202247191 0.125 0.056179775280898875 0.13333333333333333 0.06741573033707865 0.15833333333333333 0.06741573033707865 0.16666666666666666 0.07865168539325842 0.175 0.07865168539325842 0.18333333333333332 0.0898876404494382 0.18333333333333332 0.10112359550561797 0.14166666666666666 0.10112359550561797 0.125 0.07865168539325842 0.10833333333333334 0.07865168539325842 0.10833333333333334 0.06741573033707865 0.1 0.056179775280898875 0.08333333333333333 0.056179775280898875 0.075 0.06741573033707865 0.06666666666666667 0.056179775280898875 0.05 0.056179775280898875 0.05 0.033707865168539325 0.10833333333333334 0.033707865168539325 0.11666666666666667 0.02247191011235955 0.11666666666666667 0.011235955056179775 0.125 0 0.13333333333333333 0
2 0.10833333333333334 0.011235955056179775 0.11666666666666667 0.011235955056179775 0.125 0 0.15 0 0.15833333333333333 0.011235955056179775 0.15833333333333333 0.02247191011235955 0.14166666666666666 0.02247191011235955 0.13333333333333333 0.033707865168539325 0.15 0.056179775280898875 0.15833333333333333 0.056179775280898875 0.16666666666666666 0.06741573033707865 0.175 0.06741573033707865 0.18333333333333332 0.07865168539325842 0.18333333333333332 0.11235955056179775 0.19166666666666668 0.12359550561797752 0.225 0.12359550561797752 0.23333333333333334 0.1348314606741573 0.24166666666666667 0.1348314606741573 0.24166666666666667 0.14606741573033707 0.18333333333333332 0.14606741573033707 0.175 0.1348314606741573 0.175 0.11235955056179775 0.16666666666666666 0.10112359550561797 0.14166666666666666 0.10112359550561797 0.11666666666666667 0.06741573033707865 0.10833333333333334 0.07865168539325842 0.125 0.056179775280898875 0.125 0.0449438202247191 0.11666666666666667 0.033707865168539325 0.10833333333333334 0.033707865168539325 0.11666666666666667 0.02247191011235955
2 0.3 0.16853932584269662 0.375 0.16853932584269662 0.38333333333333336 0.1797752808988764 0.43333333333333335 0.1797752808988764 0.44166666666666665 0.19101123595505617 0.4583333333333333 0.19101123595505617 0.45 0.20224719101123595 0.43333333333333335 0.20224719101123595 0.425 0.21348314606741572 0.38333333333333336 0.21348314606741572 0.375 0.20224719101123595 0.35 0.20224719101123595 0.3416666666666667 0.21348314606741572 0.30833333333333335 0.21348314606741572 0.2916666666666667 0.19101123595505617 0.3 0.1797752808988764
2 0.6416666666666667 0.47191011235955055 0.65 0.48314606741573035 0.65 0.5280898876404494 0.6416666666666667 0.5280898876404494 0.6333333333333333 0.5168539325842697 0.625 0.5168539325842697 0.6166666666666667 0.5280898876404494 0.5916666666666667 0.5280898876404494 0.5833333333333334 0.5393258426966292 0.5333333333333333 0.5393258426966292 0.5083333333333333 0.5056179775280899 0.5083333333333333 0.4943820224719101 0.5166666666666667 0.48314606741573035 0.5333333333333333 0.48314606741573035 0.5416666666666666 0.47191011235955055 0.5583333333333333 0.47191011235955055 0.5666666666666667 0.4606741573033708 0.575 0.4606741573033708 0.5833333333333334 0.47191011235955055 0.6 0.47191011235955055 0.6083333333333333 0.48314606741573035 0.6166666666666667 0.48314606741573035 0.625 0.47191011235955055 0.6333333333333333 0.47191011235955055
2 0.125 0.0449438202247191 0.16666666666666666 0.0449438202247191 0.16666666666666666 0.056179775280898875 0.21666666666666667 0.12359550561797752 0.23333333333333334 0.12359550561797752 0.25 0.14606741573033707 0.25833333333333336 0.14606741573033707 0.25833333333333336 0.15730337078651685 0.25 0.14606741573033707 0.225 0.14606741573033707 0.21666666666666667 0.15730337078651685 0.20833333333333334 0.15730337078651685 0.2 0.14606741573033707 0.18333333333333332 0.14606741573033707 0.175 0.1348314606741573 0.16666666666666666 0.1348314606741573 0.16666666666666666 0.12359550561797752 0.15 0.10112359550561797 0.14166666666666666 0.10112359550561797 0.13333333333333333 0.0898876404494382 0.13333333333333333 0.06741573033707865 0.14166666666666666 0.056179775280898875 0.13333333333333333 0.0449438202247191
2 0.041666666666666664 0.0449438202247191 0.05 0.033707865168539325 0.10833333333333334 0.033707865168539325 0.13333333333333333 0.06741573033707865 0.14166666666666666 0.06741573033707865 0.15 0.07865168539325842 0.15833333333333333 0.06741573033707865 0.16666666666666666 0.07865168539325842 0.175 0.07865168539325842 0.18333333333333332 0.0898876404494382 0.18333333333333332 0.10112359550561797 0.13333333333333333 0.10112359550561797 0.125 0.0898876404494382 0.09166666666666666 0.0898876404494382 0.1 0.07865168539325842 0.09166666666666666 0.06741573033707865 0.058333333333333334 0.06741573033707865 0.05 0.056179775280898875
2 0.575 0.6292134831460674 0.5833333333333334 0.6404494382022472 0.5916666666666667 0.6292134831460674 0.6 0.6404494382022472 0.6083333333333333 0.6404494382022472 0.6333333333333333 0.6741573033707865 0.6333333333333333 0.6853932584269663 0.625 0.6966292134831461 0.5833333333333334 0.6966292134831461 0.575 0.6853932584269663 0.5666666666666667 0.6853932584269663 0.5583333333333333 0.6741573033707865 0.55 0.6741573033707865 0.5416666666666666 0.6629213483146067 0.525 0.6629213483146067 0.5166666666666667 0.651685393258427 0.525 0.6404494382022472 0.5666666666666667 0.6404494382022472
2 0.5916666666666667 0.6292134831460674 0.6 0.6404494382022472 0.6083333333333333 0.6404494382022472 0.6333333333333333 0.6741573033707865 0.6333333333333333 0.6853932584269663 0.625 0.6966292134831461 0.575 0.6966292134831461 0.5666666666666667 0.6853932584269663 0.5583333333333333 0.6853932584269663 0.55 0.6741573033707865 0.5416666666666666 0.6741573033707865 0.5333333333333333 0.6629213483146067 0.525 0.6629213483146067 0.5166666666666667 0.651685393258427 0.525 0.6404494382022472 0.55 0.6404494382022472 0.5583333333333333 0.6292134831460674 0.5833333333333334 0.6292134831460674
2 0.3333333333333333 0.2808988764044944 0.3416666666666667 0.2808988764044944 0.35 0.29213483146067415 0.4083333333333333 0.29213483146067415 0.4166666666666667 0.30337078651685395 0.43333333333333335 0.30337078651685395 0.44166666666666665 0.3146067415730337 0.45 0.3146067415730337 0.45 0.3258426966292135 0.44166666666666665 0.33707865168539325 0.43333333333333335 0.33707865168539325 0.425 0.34831460674157305 0.39166666666666666 0.34831460674157305 0.38333333333333336 0.33707865168539325 0.36666666666666664 0.33707865168539325 0.35 0.3146067415730337 0.3416666666666667 0.3146067415730337 0.3416666666666667 0.30337078651685395 0.3333333333333333 0.29213483146067415
2 0.11666666666666667 0.02247191011235955 0.11666666666666667 0.011235955056179775 0.125 0 0.15 0 0.15833333333333333 0.011235955056179775 0.15833333333333333 0.02247191011235955 0.125 0.02247191011235955
2 0.09166666666666666 0.02247191011235955 0.1 0.033707865168539325 0.1 0.056179775280898875 0.05 0.056179775280898875 0.05 0.033707865168539325 0.08333333333333333 0.033707865168539325
2 0.5916666666666667 0.6292134831460674 0.6 0.6404494382022472 0.6083333333333333 0.6404494382022472 0.6416666666666667 0.6853932584269663 0.6333333333333333 0.6966292134831461 0.575 0.6966292134831461 0.5666666666666667 0.6853932584269663 0.5583333333333333 0.6853932584269663 0.55 0.6741573033707865 0.5416666666666666 0.6741573033707865 0.5333333333333333 0.6629213483146067 0.525 0.6629213483146067 0.5166666666666667 0.651685393258427 0.525 0.6404494382022472 0.55 0.6404494382022472 0.5583333333333333 0.6292134831460674 0.5833333333333334 0.6292134831460674
2 0.6083333333333333 0.6292134831460674 0.6416666666666667 0.6741573033707865 0.6416666666666667 0.6853932584269663 0.6333333333333333 0.6966292134831461 0.5666666666666667 0.6966292134831461 0.5583333333333333 0.6853932584269663 0.55 0.6853932584269663 0.5416666666666666 0.6741573033707865 0.5333333333333333 0.6741573033707865 0.525 0.6629213483146067 0.5166666666666667 0.6629213483146067 0.5166666666666667 0.651685393258427 0.525 0.6404494382022472 0.5333333333333333 0.6404494382022472 0.5416666666666666 0.6292134831460674 0.6 0.6292134831460674
2 0.36666666666666664 0.2696629213483146 0.375 0.2808988764044944 0.38333333333333336 0.2808988764044944 0.39166666666666666 0.29213483146067415 0.4166666666666667 0.29213483146067415 0.425 0.30337078651685395 0.44166666666666665 0.30337078651685395 0.4583333333333333 0.3258426966292135 0.45 0.3258426966292135 0.44166666666666665 0.33707865168539325 0.43333333333333335 0.33707865168539325 0.425 0.34831460674157305 0.39166666666666666 0.34831460674157305 0.38333333333333336 0.33707865168539325 0.36666666666666664 0.33707865168539325 0.35 0.3146067415730337 0.3416666666666667 0.3146067415730337 0.3333333333333333 0.30337078651685395 0.3333333333333333 0.2808988764044944 0.35833333333333334 0.2808988764044944
2 0.575 0.48314606741573035 0.5833333333333334 0.4943820224719101 0.6 0.4943820224719101 0.6083333333333333 0.5056179775280899 0.5833333333333334 0.5393258426966292 0.5416666666666666 0.5393258426966292 0.5166666666666667 0.5056179775280899 0.5166666666666667 0.4943820224719101 0.525 0.48314606741573035 0.5666666666666667 0.48314606741573035