2 0.35833333333333334 0.7666666666666667 0.03333333333333333 0.022222222222222223
2 0.24166666666666667 0.65 0.03333333333333333 0.03333333333333333
2 0.3541666666666667 0.6111111111111112 0.025 0.022222222222222223
2 0.375 0.5888888888888889 0.016666666666666666 0.022222222222222223
2 0.35833333333333334 0.6722222222222223 0.03333333333333333 0.03333333333333333
2 0.25833333333333336 0.9388888888888889 0.03333333333333333 0.03333333333333333
2 0.2791666666666667 0.6888888888888889 0.025 0.022222222222222223
2 0.23333333333333334 0.7444444444444445 0.03333333333333333 0.022222222222222223
2 0.125 0.9888888888888889 0.03333333333333333 0.022222222222222223
2 0.24166666666666667 0.5888888888888889 0.03333333333333333 0.022222222222222223
2 0.275 0.8055555555555556 0.03333333333333333 0.03333333333333333
2 0.35833333333333334 0.8555555555555555 0.375 0.8555555555555555 0.375 0.9111111111111111 0.36666666666666664 0.9222222222222223 0.35 0.9222222222222223 0.3416666666666667 0.9111111111111111 0.3416666666666667 0.9 0.35833333333333334 0.8777777777777778 0.35833333333333334 0.8666666666666667
2 0.16666666666666666 0.8666666666666667 0.175 0.8555555555555555 0.18333333333333332 0.8555555555555555 0.19166666666666668 0.8444444444444444 0.21666666666666667 0.8444444444444444 0.21666666666666667 0.8666666666666667 0.20833333333333334 0.8777777777777778 0.175 0.8777777777777778
2 0.2791666666666667 0.6222222222222222 0.025 0.022222222222222223
2 0.24166666666666667 0.5444444444444444 0.24166666666666667 0.5666666666666667 0.25 0.5777777777777777 0.25833333333333336 0.5777777777777777 0.26666666666666666 0.5888888888888889 0.25833333333333336 0.6 0.25833333333333336 0.6333333333333333 0.26666666666666666 0.6444444444444445 0.26666666666666666 0.6555555555555556 0.25 0.6777777777777778 0.25 0.6888888888888889 0.275 0.7222222222222222 0.275 0.7333333333333333 0.26666666666666666 0.7444444444444445 0.26666666666666666 0.7555555555555555 0.275 0.7666666666666667 0.275 0.8111111111111111 0.26666666666666666 0.8111111111111111 0.25833333333333336 0.8222222222222222 0.26666666666666666 0.8333333333333334 0.2833333333333333 0.8333333333333334 0.275 0.8444444444444444 0.2833333333333333 0.8555555555555555 0.275 0.8666666666666667 0.275 0.9111111111111111 0.26666666666666666 0.9 0.23333333333333334 0.9 0.225 0.9111111111111111 0.225 0.9333333333333333 0.23333333333333334 0.9444444444444444 0.25833333333333336 0.9444444444444444 0.26666666666666666 0.9555555555555556 0.25833333333333336 0.9666666666666667 0.25833333333333336 0.9888888888888889 0.25 0.9777777777777777 0.24166666666666667 0.9888888888888889 0.10833333333333334 0.9888888888888889 0.11666666666666667 0.9777777777777777 0.125 0.9777777777777777 0.13333333333333333 0.9666666666666667 0.125 0.9555555555555556 0.125 0.9444444444444444 0.13333333333333333 0.9333333333333333 0.13333333333333333 0.9 0.14166666666666666 0.8888888888888888 0.14166666666666666 0.8777777777777778 0.15 0.8777777777777778 0.15833333333333333 0.8666666666666667 0.15 0.8555555555555555 0.15 0.8222222222222222 0.14166666666666666 0.8111111111111111 0.15 0.8 0.15 0.7444444444444445 0.15833333333333333 0.7333333333333333 0.15 0.7222222222222222 0.15833333333333333 0.7111111111111111 0.15 0.7 0.14166666666666666 0.7 0.15 0.6888888888888889 0.15 0.6777777777777778 0.14166666666666666 0.6666666666666666 0.15 0.6555555555555556 0.15833333333333333 0.6555555555555556 0.16666666666666666 0.6444444444444445 0.175 0.6444444444444445 0.19166666666666668 0.6222222222222222 0.19166666666666668 0.5888888888888889 0.2 0.5777777777777777 0.225 0.5777777777777777 0.24166666666666667 0.5555555555555556
2 0.4 0.7222222222222222 0.03333333333333333 0.022222222222222223
2 0.21666666666666667 0.9666666666666667 0.23333333333333334 0.9444444444444444 0.23333333333333334 0.9333333333333333 0.24166666666666667 0.9222222222222223 0.26666666666666666 0.9222222222222223 0.26666666666666666 0.9666666666666667 0.25833333333333336 0.9777777777777777 0.24166666666666667 0.9777777777777777 0.23333333333333334 0.9888888888888889 0.225 0.9777777777777777
2 0.2375 0.55 0.025 0.03333333333333333
2 0.275 0.5 0.2833333333333333 0.5111111111111111 0.2916666666666667 0.5 0.3 0.5 0.3 0.5111111111111111 0.30833333333333335 0.5222222222222223 0.3 0.5333333333333333 0.31666666666666665 0.5555555555555556 0.31666666666666665 0.5666666666666667 0.325 0.5777777777777777 0.35 0.5444444444444444 0.35 0.5333333333333333 0.35833333333333334 0.5444444444444444 0.36666666666666664 0.5333333333333333 0.38333333333333336 0.5555555555555556 0.38333333333333336 0.5777777777777777 0.4 0.6 0.4 0.6111111111111112 0.4166666666666667 0.6333333333333333 0.4166666666666667 0.6555555555555556 0.4083333333333333 0.6666666666666666 0.4083333333333333 0.6777777777777778 0.4166666666666667 0.6888888888888889 0.4166666666666667 0.7 0.43333333333333335 0.7222222222222222 0.4166666666666667 0.7444444444444445 0.425 0.7555555555555555 0.425 0.7777777777777778 0.43333333333333335 0.7888888888888889 0.43333333333333335 0.8 0.45 0.8222222222222222 0.45 0.8333333333333334 0.44166666666666665 0.8444444444444444 0.44166666666666665 0.8666666666666667 0.425 0.8888888888888888 0.425 0.9111111111111111 0.4166666666666667 0.9111111111111111 0.4083333333333333 0.9222222222222223 0.4083333333333333 0.9333333333333333 0.4 0.9444444444444444 0.4083333333333333 0.9555555555555556 0.4 0.9555555555555556 0.39166666666666666 0.9666666666666667 0.39166666666666666 0.9777777777777777 0.4 0.9888888888888889 0.4083333333333333 0.9777777777777777 0.4166666666666667 0.9888888888888889 0.35833333333333334 0.9888888888888889 0.35833333333333334 0.9777777777777777 0.3416666666666667 0.9555555555555556 0.3333333333333333 0.9666666666666667 0.3333333333333333 0.9777777777777777 0.325 0.9777777777777777 0.31666666666666665 0.9888888888888889 0.23333333333333334 0.9888888888888889 0.225 0.9777777777777777 0.21666666666666667 0.9777777777777777 0.20833333333333334 0.9888888888888889 0.18333333333333332 0.9888888888888889 0.175 0.9777777777777777 0.18333333333333332 0.9888888888888889 0.20833333333333334 0.9888888888888889 0.21666666666666667 0.9777777777777777 0.20833333333333334 0.9666666666666667 0.2 0.9666666666666667 0.2 0.9555555555555556 0.19166666666666668 0.9444444444444444 0.18333333333333332 0.9444444444444444 0.19166666666666668 0.9333333333333333 0.18333333333333332 0.9222222222222223 0.175 0.9222222222222223 0.175 0.9111111111111111 0.18333333333333332 0.9 0.175 0.8888888888888888 0.20833333333333334 0.8888888888888888 0.225 0.8666666666666667 0.225 0.8444444444444444 0.20833333333333334 0.8222222222222222 0.2 0.8222222222222222 0.19166666666666668 0.8333333333333334 0.19166666666666668 0.8111111111111111 0.2 0.8111111111111111 0.20833333333333334 0.8 0.2 0.7888888888888889 0.2 0.7777777777777778 0.20833333333333334 0.7888888888888889 0.21666666666666667 0.7777777777777778 0.21666666666666667 0.7666666666666667 0.20833333333333334 0.7555555555555555 0.18333333333333332 0.7555555555555555 0.19166666666666668 0.7555555555555555 0.2 0.7444444444444445 0.2 0.7333333333333333 0.20833333333333334 0.7222222222222222 0.2 0.7111111111111111 0.20833333333333334 0.7 0.20833333333333334 0.6888888888888889 0.225 0.6666666666666666 0.21666666666666667 0.6555555555555556 0.21666666666666667 0.6444444444444445 0.20833333333333334 0.6333333333333333 0.21666666666666667 0.6222222222222222 0.21666666666666667 0.5888888888888889 0.225 0.5888888888888889 0.23333333333333334 0.6 0.24166666666666667 0.6 0.25 0.5888888888888889 0.25 0.5777777777777777 0.24166666666666667 0.5666666666666667 0.23333333333333334 0.5666666666666667 0.25 0.5444444444444444 0.25 0.5555555555555556 0.25833333333333336 0.5666666666666667 0.275 0.5666666666666667 0.2833333333333333 0.5555555555555556 0.275 0.5444444444444444 0.26666666666666666 0.5444444444444444 0.26666666666666666 0.5222222222222223 0.275 0.5222222222222223 0.2833333333333333 0.5111111111111111
2 0.4 0.6444444444444445 0.03333333333333333 0.022222222222222223
2 0.36666666666666664 0.5444444444444444 0.375 0.5555555555555556 0.38333333333333336 0.5555555555555556 0.38333333333333336 0.5777777777777777 0.39166666666666666 0.5888888888888889 0.39166666666666666 0.6 0.4083333333333333 0.6222222222222222 0.4083333333333333 0.6333333333333333 0.4166666666666667 0.6444444444444445 0.4166666666666667 0.6555555555555556 0.4083333333333333 0.6666666666666666 0.4083333333333333 0.6888888888888889 0.4166666666666667 0.7 0.4083333333333333 0.7111111111111111 0.4166666666666667 0.7222222222222222 0.425 0.7222222222222222 0.425 0.7333333333333333 0.4166666666666667 0.7444444444444445 0.425 0.7555555555555555 0.425 0.7666666666666667 0.43333333333333335 0.7777777777777778 0.43333333333333335 0.8111111111111111 0.44166666666666665 0.8222222222222222 0.44166666666666665 0.8888888888888888 0.43333333333333335 0.8888888888888888 0.425 0.9 0.425 0.9111111111111111 0.4166666666666667 0.9111111111111111 0.4083333333333333 0.9222222222222223 0.4083333333333333 0.9333333333333333 0.4 0.9444444444444444 0.4083333333333333 0.9555555555555556 0.4166666666666667 0.9555555555555556 0.38333333333333336 0.9555555555555556 0.375 0.9444444444444444 0.35833333333333334 0.9444444444444444 0.35833333333333334 0.9222222222222223 0.35 0.9111111111111111 0.3416666666666667 0.9111111111111111 0.35833333333333334 0.8888888888888888 0.36666666666666664 0.9 0.375 0.9 0.38333333333333336 0.8888888888888888 0.38333333333333336 0.8444444444444444 0.36666666666666664 0.8222222222222222 0.375 0.8111111111111111 0.36666666666666664 0.8 0.35 0.8 0.35833333333333334 0.7888888888888889 0.35833333333333334 0.7777777777777778 0.35 0.7666666666666667 0.35833333333333334 0.7666666666666667 0.36666666666666664 0.7777777777777778 0.375 0.7666666666666667 0.375 0.7444444444444445 0.35833333333333334 0.7222222222222222 0.35 0.7222222222222222 0.35 0.7 0.35833333333333334 0.6888888888888889 0.35 0.6777777777777778 0.3416666666666667 0.6777777777777778 0.3416666666666667 0.6666666666666666 0.35 0.6555555555555556 0.35833333333333334 0.6555555555555556 0.36666666666666664 0.6444444444444445 0.35833333333333334 0.6333333333333333 0.35 0.6333333333333333 0.35 0.6222222222222222 0.3416666666666667 0.6111111111111112 0.35 0.6111111111111112 0.35833333333333334 0.6 0.3416666666666667 0.5777777777777777 0.3333333333333333 0.5888888888888889 0.3333333333333333 0.5777777777777777 0.3416666666666667 0.5777777777777777 0.35833333333333334 0.5555555555555556
2 0.2708333333333333 0.5722222222222222 0.025 0.03333333333333333
2 0.3625 0.9166666666666666 0.041666666666666664 0.03333333333333333
2 0.425 0.8277777777777777 0.03333333333333333 0.03333333333333333
2 0.25833333333333336 0.9555555555555556 0.26666666666666666 0.9666666666666667 0.25833333333333336 0.9777777777777777 0.24166666666666667 0.9777777777777777 0.23333333333333334 0.9888888888888889 0.21666666666666667 0.9666666666666667 0.225 0.9555555555555556 0.25 0.9555555555555556