2 0.3125 0.3701657458563536 0.025 0.022099447513812154
2 0.225 0.5248618784530387 0.25 0.5248618784530387 0.25833333333333336 0.5303867403314917 0.26666666666666666 0.5248618784530387 0.275 0.5303867403314917 0.2916666666666667 0.5303867403314917 0.275 0.5414364640883977 0.275 0.5469613259668509 0.26666666666666666 0.5469613259668509 0.25833333333333336 0.5524861878453039 0.21666666666666667 0.5524861878453039 0.21666666666666667 0.5359116022099447 0.225 0.5303867403314917
2 0.20833333333333334 0.4530386740331492 0.21666666666666667 0.4530386740331492 0.225 0.44751381215469616 0.23333333333333334 0.44751381215469616 0.24166666666666667 0.4530386740331492 0.24166666666666667 0.4585635359116022 0.23333333333333334 0.4585635359116022 0.225 0.46408839779005523 0.21666666666666667 0.4585635359116022 0.20833333333333334 0.4585635359116022
2 0.6916666666666667 0.430939226519337 0.03333333333333333 0.022099447513812154
2 0.13333333333333333 0.4861878453038674 0.16666666666666666 0.4861878453038674 0.16666666666666666 0.4972375690607735 0.13333333333333333 0.4972375690607735 0.13333333333333333 0.49171270718232046
2 0.5458333333333333 0.3453038674033149 0.025 0.016574585635359115
2 0.05416666666666667 0.43370165745856354 0.025 0.016574585635359115
2 0.85 0.287292817679558 0.8583333333333333 0.287292817679558 0.8666666666666667 0.281767955801105 0.8916666666666667 0.281767955801105 0.9 0.287292817679558 0.9 0.292817679558011 0.85 0.292817679558011
2 0.6916666666666667 0.7734806629834254 0.7 0.7734806629834254 0.7 0.7790055248618785 0.7083333333333334 0.7845303867403315 0.7083333333333334 0.8011049723756906 0.7166666666666667 0.8066298342541437 0.7166666666666667 0.8121546961325967 0.725 0.8176795580110497 0.7333333333333333 0.8176795580110497 0.7416666666666667 0.8232044198895028 0.75 0.8232044198895028 0.7583333333333333 0.8287292817679558 0.7583333333333333 0.8342541436464088 0.7666666666666667 0.8397790055248618 0.7666666666666667 0.850828729281768 0.775 0.856353591160221 0.775 0.9447513812154696 0.7666666666666667 0.9502762430939227 0.7666666666666667 0.9558011049723757 0.7583333333333333 0.9558011049723757 0.75 0.9613259668508287 0.7333333333333333 0.9613259668508287 0.725 0.9668508287292817 0.725 0.9723756906077348 0.7166666666666667 0.9779005524861878 0.7166666666666667 0.9834254143646409 0.7083333333333334 0.9834254143646409 0.7 0.9779005524861878 0.6833333333333333 0.9779005524861878 0.675 0.9834254143646409 0.6583333333333333 0.9834254143646409 0.65 0.988950276243094 0.6333333333333333 0.988950276243094 0.625 0.9834254143646409 0.6166666666666667 0.9834254143646409 0.6083333333333333 0.9779005524861878 0.6 0.9779005524861878 0.5916666666666667 0.9723756906077348 0.5666666666666667 0.9723756906077348 0.5666666666666667 0.9502762430939227 0.5833333333333334 0.9392265193370166 0.5833333333333334 0.9060773480662984 0.6166666666666667 0.8839779005524862 0.625 0.8895027624309392 0.6333333333333333 0.8839779005524862 0.6416666666666667 0.8839779005524862 0.65 0.8784530386740331 0.65 0.8674033149171271 0.6583333333333333 0.861878453038674 0.6583333333333333 0.8342541436464088 0.675 0.8232044198895028 0.675 0.8176795580110497 0.6833333333333333 0.8121546961325967 0.6833333333333333 0.7900552486187845 0.6916666666666667 0.7845303867403315 0.6916666666666667 0.7790055248618785
2 0.8708333333333333 0.3453038674033149 0.025 0.016574585635359115
2 0.49166666666666664 0.2983425414364641 0.49166666666666664 0.292817679558011 0.5 0.287292817679558 0.5083333333333333 0.287292817679558 0.5166666666666667 0.281767955801105 0.525 0.281767955801105 0.525 0.292817679558011 0.5166666666666667 0.292817679558011 0.5083333333333333 0.2983425414364641 0.5 0.2983425414364641 0.49166666666666664 0.30386740331491713
2 0.525 0.48066298342541436 0.525 0.4972375690607735 0.5166666666666667 0.5027624309392266 0.5 0.5027624309392266 0.49166666666666664 0.5082872928176796 0.48333333333333334 0.5027624309392266 0.45 0.5027624309392266 0.45 0.4972375690607735 0.4583333333333333 0.49171270718232046 0.4666666666666667 0.49171270718232046 0.475 0.4861878453038674 0.5 0.4861878453038674 0.5083333333333333 0.48066298342541436 0.5166666666666667 0.48066298342541436
2 0.7041666666666667 0.8950276243093923 0.15833333333333333 0.143646408839779
2 0.225 0.856353591160221 0.23333333333333334 0.850828729281768 0.23333333333333334 0.8453038674033149 0.24166666666666667 0.8397790055248618 0.25833333333333336 0.8397790055248618 0.26666666666666666 0.8342541436464088 0.275 0.8342541436464088 0.2833333333333333 0.8397790055248618 0.275 0.8453038674033149 0.275 0.856353591160221 0.25833333333333336 0.8674033149171271 0.24166666666666667 0.8674033149171271 0.23333333333333334 0.861878453038674
2 0.325 0.9392265193370166 0.3416666666666667 0.9502762430939227 0.35 0.9502762430939227 0.35 0.9723756906077348 0.3333333333333333 0.9834254143646409 0.3333333333333333 0.988950276243094 0.325 0.988950276243094 0.31666666666666665 0.994475138121547 0.2916666666666667 0.994475138121547 0.2833333333333333 0.988950276243094 0.275 0.988950276243094 0.2833333333333333 0.9834254143646409 0.2833333333333333 0.9613259668508287 0.3 0.9502762430939227 0.30833333333333335 0.9502762430939227 0.31666666666666665 0.9447513812154696
2 0.5833333333333334 0.356353591160221 0.03333333333333333 0.016574585635359115
2 0.025 0.505524861878453 0.03333333333333333 0.016574585635359115
2 0.2916666666666667 0.49171270718232046 0.2916666666666667 0.48066298342541436 0.3 0.47513812154696133 0.3416666666666667 0.47513812154696133 0.35 0.48066298342541436 0.35 0.4861878453038674 0.3416666666666667 0.49171270718232046 0.31666666666666665 0.49171270718232046 0.30833333333333335 0.4972375690607735 0.3 0.49171270718232046
2 0.30833333333333335 0.569060773480663 0.31666666666666665 0.574585635359116 0.31666666666666665 0.585635359116022 0.30833333333333335 0.5911602209944752 0.30833333333333335 0.5966850828729282 0.3 0.6022099447513812 0.275 0.6022099447513812 0.26666666666666666 0.6077348066298343 0.24166666666666667 0.6077348066298343 0.23333333333333334 0.6132596685082873 0.225 0.6077348066298343 0.21666666666666667 0.6077348066298343 0.21666666666666667 0.5966850828729282 0.225 0.5911602209944752 0.225 0.585635359116022 0.24166666666666667 0.574585635359116 0.26666666666666666 0.574585635359116 0.275 0.569060773480663 0.3 0.569060773480663
2 0.7 0.7734806629834254 0.7 0.8011049723756906 0.7083333333333334 0.8066298342541437 0.7083333333333334 0.8121546961325967 0.7166666666666667 0.8176795580110497 0.725 0.8176795580110497 0.7333333333333333 0.8232044198895028 0.75 0.8232044198895028 0.7583333333333333 0.8287292817679558 0.7583333333333333 0.8342541436464088 0.7666666666666667 0.8397790055248618 0.7666666666666667 0.861878453038674 0.775 0.8674033149171271 0.775 0.9005524861878453 0.7666666666666667 0.9060773480662984 0.7666666666666667 0.9171270718232044 0.7583333333333333 0.9226519337016574 0.7583333333333333 0.9281767955801105 0.725 0.9502762430939227 0.7166666666666667 0.9502762430939227 0.7 0.9613259668508287 0.6583333333333333 0.9613259668508287 0.6416666666666667 0.9502762430939227 0.6333333333333333 0.9502762430939227 0.6333333333333333 0.9447513812154696 0.625 0.9392265193370166 0.625 0.9060773480662984 0.6333333333333333 0.9005524861878453 0.6333333333333333 0.8950276243093923 0.6583333333333333 0.8784530386740331 0.6583333333333333 0.8729281767955801 0.6666666666666666 0.8674033149171271 0.6666666666666666 0.8287292817679558 0.6916666666666667 0.8121546961325967 0.6916666666666667 0.7790055248618785
2 0.44583333333333336 0.3342541436464088 0.025 0.016574585635359115
2 0.5416666666666666 0.430939226519337 0.55 0.43646408839779005 0.5666666666666667 0.43646408839779005 0.5666666666666667 0.44751381215469616 0.5583333333333333 0.4530386740331492 0.525 0.4530386740331492 0.5166666666666667 0.44751381215469616 0.5166666666666667 0.43646408839779005 0.5333333333333333 0.43646408839779005
2 0.4666666666666667 0.3397790055248619 0.03333333333333333 0.016574585635359115
2 0.5833333333333334 0.281767955801105 0.5916666666666667 0.281767955801105 0.6083333333333333 0.292817679558011 0.6083333333333333 0.2983425414364641 0.6 0.30386740331491713 0.6 0.3149171270718232 0.5833333333333334 0.3149171270718232 0.5833333333333334 0.292817679558011 0.5916666666666667 0.287292817679558
2 0.5166666666666667 0.6740331491712708 0.5166666666666667 0.6629834254143646 0.525 0.6574585635359116 0.5333333333333333 0.6574585635359116 0.5416666666666666 0.6519337016574586 0.55 0.6519337016574586 0.5583333333333333 0.6464088397790055 0.5833333333333334 0.6464088397790055 0.5916666666666667 0.6519337016574586 0.5916666666666667 0.6574585635359116 0.5833333333333334 0.6629834254143646 0.5833333333333334 0.6685082872928176 0.575 0.6740331491712708 0.5666666666666667 0.6685082872928176 0.5333333333333333 0.6685082872928176 0.525 0.6740331491712708
2 0.15833333333333333 0.3867403314917127 0.15833333333333333 0.39779005524861877 0.15 0.40331491712707185 0.15 0.4088397790055249 0.14166666666666666 0.4143646408839779 0.13333333333333333 0.4143646408839779 0.13333333333333333 0.39226519337016574 0.14166666666666666 0.3867403314917127 0.15 0.3867403314917127
2 0.19166666666666668 0.5138121546961326 0.2 0.5193370165745856 0.20833333333333334 0.5193370165745856 0.21666666666666667 0.5248618784530387 0.225 0.5248618784530387 0.24166666666666667 0.5359116022099447 0.25833333333333336 0.5359116022099447 0.26666666666666666 0.5303867403314917 0.26666666666666666 0.5469613259668509 0.25833333333333336 0.5524861878453039 0.26666666666666666 0.5580110497237569 0.25833333333333336 0.5580110497237569 0.25 0.56353591160221 0.25 0.569060773480663 0.225 0.569060773480663 0.21666666666666667 0.574585635359116 0.21666666666666667 0.585635359116022 0.20833333333333334 0.5911602209944752 0.21666666666666667 0.5966850828729282 0.23333333333333334 0.5966850828729282 0.24166666666666667 0.5911602209944752 0.25 0.5911602209944752 0.25833333333333336 0.5966850828729282 0.26666666666666666 0.5966850828729282 0.275 0.5911602209944752 0.275 0.585635359116022 0.2833333333333333 0.5911602209944752 0.2916666666666667 0.585635359116022 0.2916666666666667 0.5966850828729282 0.30833333333333335 0.6077348066298343 0.31666666666666665 0.6077348066298343 0.31666666666666665 0.6243093922651933 0.30833333333333335 0.6243093922651933 0.3 0.6298342541436464 0.2916666666666667 0.6298342541436464 0.2833333333333333 0.6353591160220995 0.15833333333333333 0.6353591160220995 0.16666666666666666 0.6298342541436464 0.15833333333333333 0.6243093922651933 0.15833333333333333 0.6077348066298343 0.14166666666666666 0.5966850828729282 0.125 0.5966850828729282 0.14166666666666666 0.5966850828729282 0.15833333333333333 0.585635359116022 0.15 0.580110497237569 0.16666666666666666 0.580110497237569 0.175 0.574585635359116 0.175 0.5580110497237569 0.18333333333333332 0.5524861878453039 0.175 0.5469613259668509 0.19166666666666668 0.5469613259668509 0.2 0.5414364640883977 0.20833333333333334 0.5414364640883977 0.21666666666666667 0.5359116022099447 0.20833333333333334 0.5303867403314917 0.175 0.5303867403314917 0.16666666666666666 0.5248618784530387 0.175 0.5193370165745856 0.18333333333333332 0.5193370165745856
2 0.45 0.356353591160221 0.03333333333333333 0.016574585635359115
2 0.125 0.6519337016574586 0.13333333333333333 0.6574585635359116 0.14166666666666666 0.6574585635359116 0.14166666666666666 0.6740331491712708 0.13333333333333333 0.6740331491712708 0.125 0.6795580110497238 0.11666666666666667 0.6795580110497238 0.10833333333333334 0.6850828729281768 0.1 0.6850828729281768 0.08333333333333333 0.6961325966850829 0.075 0.6961325966850829 0.06666666666666667 0.7016574585635359 0.025 0.7016574585635359 0.025 0.6740331491712708 0.03333333333333333 0.6685082872928176 0.03333333333333333 0.6629834254143646 0.041666666666666664 0.6629834254143646 0.05 0.6574585635359116 0.058333333333333334 0.6574585635359116 0.06666666666666667 0.6519337016574586 0.075 0.6519337016574586 0.08333333333333333 0.6464088397790055 0.10833333333333334 0.6464088397790055 0.11666666666666667 0.6519337016574586
2 0.7583333333333333 0.8287292817679558 0.7583333333333333 0.8397790055248618 0.7666666666666667 0.8453038674033149 0.7666666666666667 0.861878453038674 0.775 0.8674033149171271 0.775 0.9116022099447514 0.7666666666666667 0.9171270718232044 0.7666666666666667 0.9281767955801105 0.7583333333333333 0.9337016574585635 0.7583333333333333 0.9392265193370166 0.725 0.9613259668508287 0.725 0.9668508287292817 0.7166666666666667 0.9723756906077348 0.7166666666666667 0.9834254143646409 0.7083333333333334 0.9834254143646409 0.7 0.9779005524861878 0.6833333333333333 0.9779005524861878 0.675 0.9834254143646409 0.6666666666666666 0.9779005524861878 0.65 0.988950276243094 0.6416666666666667 0.9834254143646409 0.6333333333333333 0.988950276243094 0.6333333333333333 0.9834254143646409 0.625 0.9779005524861878 0.6166666666666667 0.9779005524861878 0.6083333333333333 0.9723756906077348 0.5833333333333334 0.9723756906077348 0.575 0.9668508287292817 0.5666666666666667 0.9668508287292817 0.5666666666666667 0.9558011049723757 0.575 0.9502762430939227 0.575 0.9447513812154696 0.5833333333333334 0.9392265193370166 0.5833333333333334 0.9171270718232044 0.5916666666666667 0.9116022099447514 0.5916666666666667 0.9060773480662984 0.6 0.9005524861878453 0.6 0.8950276243093923 0.6083333333333333 0.8950276243093923 0.6166666666666667 0.8895027624309392 0.6416666666666667 0.8895027624309392 0.65 0.8839779005524862 0.65 0.8784530386740331 0.6583333333333333 0.8729281767955801 0.6583333333333333 0.8674033149171271 0.6666666666666666 0.861878453038674 0.6666666666666666 0.8342541436464088 0.6833333333333333 0.8232044198895028 0.7416666666666667 0.8232044198895028 0.75 0.8287292817679558
2 0.4 0.6408839779005525 0.4083333333333333 0.6408839779005525 0.4166666666666667 0.6353591160220995 0.44166666666666665 0.6353591160220995 0.44166666666666665 0.6464088397790055 0.43333333333333335 0.6464088397790055 0.425 0.6519337016574586 0.4083333333333333 0.6519337016574586 0.4 0.6464088397790055
2 0.31666666666666665 0.4419889502762431 0.35 0.4419889502762431 0.35833333333333334 0.44751381215469616 0.35 0.4530386740331492 0.3416666666666667 0.4530386740331492 0.3333333333333333 0.4585635359116022 0.325 0.4530386740331492 0.31666666666666665 0.4530386740331492 0.31666666666666665 0.44751381215469616
2 0.15 0.43370165745856354 0.03333333333333333 0.016574585635359115
2 0.6666666666666666 0.856353591160221 0.6666666666666666 0.8342541436464088 0.6833333333333333 0.8232044198895028 0.7416666666666667 0.8232044198895028 0.7583333333333333 0.8342541436464088 0.7583333333333333 0.8397790055248618 0.7666666666666667 0.8453038674033149 0.7666666666666667 0.856353591160221 0.75 0.856353591160221 0.7416666666666667 0.861878453038674 0.7333333333333333 0.861878453038674 0.725 0.856353591160221 0.675 0.856353591160221
2 0.23333333333333334 0.6795580110497238 0.24166666666666667 0.6740331491712708 0.26666666666666666 0.6740331491712708 0.275 0.6795580110497238 0.2833333333333333 0.6795580110497238 0.2916666666666667 0.6850828729281768 0.30833333333333335 0.6850828729281768 0.31666666666666665 0.6906077348066298 0.325 0.6906077348066298 0.3333333333333333 0.6961325966850829 0.3333333333333333 0.7237569060773481 0.2916666666666667 0.7237569060773481 0.2833333333333333 0.7182320441988951 0.275 0.7182320441988951 0.26666666666666666 0.712707182320442 0.26666666666666666 0.7071823204419889 0.25833333333333336 0.7016574585635359 0.25 0.7016574585635359 0.25 0.6961325966850829 0.24166666666666667 0.6906077348066298 0.24166666666666667 0.6850828729281768
2 0.7416666666666667 0.4171270718232044 0.03333333333333333 0.016574585635359115
2 0.5958333333333333 0.3149171270718232 0.025 0.022099447513812154
2 0.5333333333333333 0.7016574585635359 0.1 0.04419889502762431
2 0.7166666666666667 0.5220994475138122 0.03333333333333333 0.016574585635359115
2 0.18333333333333332 0.6353591160220995 0.18333333333333332 0.6298342541436464 0.19166666666666668 0.6243093922651933 0.2 0.6243093922651933 0.21666666666666667 0.6132596685082873 0.21666666666666667 0.5966850828729282 0.25 0.574585635359116 0.30833333333333335 0.574585635359116 0.31666666666666665 0.580110497237569 0.31666666666666665 0.585635359116022 0.30833333333333335 0.5911602209944752 0.30833333333333335 0.5966850828729282 0.3 0.6022099447513812 0.31666666666666665 0.6132596685082873 0.31666666666666665 0.6243093922651933 0.2916666666666667 0.6243093922651933 0.2833333333333333 0.6298342541436464 0.20833333333333334 0.6298342541436464 0.2 0.6353591160220995 0.19166666666666668 0.6353591160220995
2 0.5583333333333333 0.7071823204419889 0.55 0.712707182320442 0.55 0.7237569060773481 0.5416666666666666 0.7292817679558011 0.55 0.7348066298342542 0.5916666666666667 0.7348066298342542 0.6 0.7403314917127072 0.6083333333333333 0.7403314917127072 0.625 0.7513812154696132 0.625 0.7569060773480663 0.6333333333333333 0.7624309392265194 0.6333333333333333 0.7679558011049724 0.6416666666666667 0.7734806629834254 0.6416666666666667 0.7845303867403315 0.6333333333333333 0.7845303867403315 0.625 0.7900552486187845 0.5166666666666667 0.7900552486187845 0.5083333333333333 0.7845303867403315 0.5083333333333333 0.7734806629834254 0.49166666666666664 0.7624309392265194 0.49166666666666664 0.7292817679558011 0.5 0.7292817679558011 0.5083333333333333 0.7237569060773481 0.5 0.7182320441988951 0.5333333333333333 0.7182320441988951 0.5416666666666666 0.712707182320442 0.55 0.712707182320442
2 0.5916666666666667 0.7403314917127072 0.6 0.7458563535911602 0.6083333333333333 0.7458563535911602 0.625 0.7569060773480663 0.625 0.7624309392265194 0.6166666666666667 0.7679558011049724 0.6166666666666667 0.7734806629834254 0.6083333333333333 0.7790055248618785 0.6 0.7790055248618785 0.5916666666666667 0.7845303867403315 0.575 0.7845303867403315 0.5666666666666667 0.7790055248618785 0.5583333333333333 0.7790055248618785 0.55 0.7734806629834254 0.5416666666666666 0.7734806629834254 0.5416666666666666 0.7679558011049724 0.5333333333333333 0.7624309392265194 0.5416666666666666 0.7569060773480663 0.5416666666666666 0.7513812154696132 0.55 0.7458563535911602 0.5666666666666667 0.7458563535911602 0.575 0.7403314917127072 0.5833333333333334 0.7403314917127072
2 0.175 0.7348066298342542 0.18333333333333332 0.7403314917127072 0.19166666666666668 0.7403314917127072 0.20833333333333334 0.7513812154696132 0.20833333333333334 0.7679558011049724 0.16666666666666666 0.7955801104972375 0.15 0.7955801104972375 0.14166666666666666 0.8011049723756906 0.125 0.8011049723756906 0.11666666666666667 0.8066298342541437 0.09166666666666666 0.8066298342541437 0.08333333333333333 0.8011049723756906 0.06666666666666667 0.8011049723756906 0.058333333333333334 0.7955801104972375 0.05 0.7955801104972375 0.041666666666666664 0.7900552486187845 0.03333333333333333 0.7900552486187845 0.025 0.7955801104972375 0.008333333333333333 0.7955801104972375 0 0.8011049723756906 0 0.7845303867403315 0.008333333333333333 0.7845303867403315 0.016666666666666666 0.7790055248618785 0.016666666666666666 0.7734806629834254 0.025 0.7734806629834254 0.03333333333333333 0.7679558011049724 0.041666666666666664 0.7679558011049724 0.058333333333333334 0.7569060773480663 0.06666666666666667 0.7569060773480663 0.075 0.7513812154696132 0.08333333333333333 0.7513812154696132 0.09166666666666666 0.7458563535911602 0.1 0.7458563535911602 0.10833333333333334 0.7403314917127072 0.11666666666666667 0.7403314917127072 0.125 0.7348066298342542 0.16666666666666666 0.7348066298342542
2 0.375 0.3867403314917127 0.375 0.3756906077348066 0.38333333333333336 0.3701657458563536 0.38333333333333336 0.36464088397790057 0.39166666666666666 0.35911602209944754 0.4166666666666667 0.35911602209944754 0.4166666666666667 0.3812154696132597 0.4083333333333333 0.3867403314917127 0.38333333333333336 0.3867403314917127
2 0.31666666666666665 0.6132596685082873 0.325 0.6187845303867403 0.325 0.6243093922651933 0.3 0.6243093922651933 0.2916666666666667 0.6298342541436464 0.26666666666666666 0.6298342541436464 0.25833333333333336 0.6353591160220995 0.25 0.6298342541436464 0.24166666666666667 0.6353591160220995 0.18333333333333332 0.6353591160220995 0.18333333333333332 0.6298342541436464 0.19166666666666668 0.6243093922651933 0.21666666666666667 0.6243093922651933 0.23333333333333334 0.6132596685082873 0.25 0.6132596685082873 0.25833333333333336 0.6077348066298343 0.3 0.6077348066298343 0.30833333333333335 0.6132596685082873
2 0.15833333333333333 0.56353591160221 0.175 0.574585635359116 0.16666666666666666 0.580110497237569 0.16666666666666666 0.6022099447513812 0.15833333333333333 0.5966850828729282 0.15 0.6022099447513812 0.14166666666666666 0.5966850828729282 0.13333333333333333 0.6022099447513812 0.125 0.5966850828729282 0.1 0.5966850828729282 0.1 0.585635359116022 0.10833333333333334 0.580110497237569 0.11666666666666667 0.580110497237569 0.125 0.574585635359116 0.125 0.569060773480663 0.13333333333333333 0.569060773480663 0.14166666666666666 0.56353591160221 0.15 0.56353591160221
2 0.23333333333333334 0.39226519337016574 0.24166666666666667 0.39779005524861877 0.24166666666666667 0.4088397790055249 0.23333333333333334 0.4143646408839779 0.23333333333333334 0.4198895027624309 0.225 0.425414364640884 0.21666666666666667 0.425414364640884 0.20833333333333334 0.4198895027624309 0.21666666666666667 0.4143646408839779 0.21666666666666667 0.40331491712707185 0.225 0.40331491712707185 0.23333333333333334 0.39779005524861877
2 0.06666666666666667 0.34806629834254144 0.075 0.35359116022099446 0.075 0.3701657458563536 0.06666666666666667 0.3756906077348066 0.05 0.3756906077348066 0.05 0.3701657458563536 0.058333333333333334 0.36464088397790057 0.058333333333333334 0.35359116022099446
2 0.6583333333333333 0.30386740331491713 0.6583333333333333 0.30939226519337015 0.6416666666666667 0.30939226519337015 0.6333333333333333 0.3149171270718232 0.625 0.3149171270718232 0.6166666666666667 0.30939226519337015 0.625 0.30386740331491713 0.65 0.30386740331491713
2 0.525 0.281767955801105 0.525 0.292817679558011 0.5166666666666667 0.2983425414364641 0.5083333333333333 0.2983425414364641 0.49166666666666664 0.30939226519337015 0.48333333333333334 0.30939226519337015 0.48333333333333334 0.292817679558011 0.49166666666666664 0.292817679558011 0.5083333333333333 0.281767955801105 0.5166666666666667 0.281767955801105
2 0.25 0.5359116022099447 0.26666666666666666 0.5359116022099447 0.26666666666666666 0.56353591160221 0.275 0.569060773480663 0.2833333333333333 0.569060773480663 0.2916666666666667 0.56353591160221 0.3 0.56353591160221 0.30833333333333335 0.569060773480663 0.31666666666666665 0.569060773480663 0.325 0.574585635359116 0.325 0.585635359116022 0.31666666666666665 0.5911602209944752 0.31666666666666665 0.6132596685082873 0.325 0.6187845303867403 0.325 0.6243093922651933 0.3 0.6243093922651933 0.2916666666666667 0.6298342541436464 0.26666666666666666 0.6298342541436464 0.25833333333333336 0.6353591160220995 0.16666666666666666 0.6353591160220995 0.16666666666666666 0.6243093922651933 0.15833333333333333 0.6187845303867403 0.15833333333333333 0.6132596685082873 0.15 0.6077348066298343 0.14166666666666666 0.6077348066298343 0.14166666666666666 0.6022099447513812 0.13333333333333333 0.5966850828729282 0.10833333333333334 0.5966850828729282 0.10833333333333334 0.585635359116022 0.11666666666666667 0.585635359116022 0.125 0.580110497237569 0.14166666666666666 0.580110497237569 0.15833333333333333 0.569060773480663 0.16666666666666666 0.569060773480663 0.175 0.574585635359116 0.18333333333333332 0.574585635359116 0.19166666666666668 0.580110497237569 0.20833333333333334 0.580110497237569 0.21666666666666667 0.574585635359116 0.21666666666666667 0.5524861878453039 0.225 0.5469613259668509 0.23333333333333334 0.5524861878453039 0.24166666666666667 0.5524861878453039 0.25 0.5469613259668509 0.25 0.5414364640883977
2 0.7 0.8674033149171271 0.7083333333333334 0.8729281767955801 0.7166666666666667 0.8729281767955801 0.725 0.8674033149171271 0.7333333333333333 0.8729281767955801 0.7416666666666667 0.8729281767955801 0.75 0.8784530386740331 0.7666666666666667 0.8784530386740331 0.7666666666666667 0.9171270718232044 0.75 0.9281767955801105 0.75 0.9337016574585635 0.7333333333333333 0.9447513812154696 0.725 0.9447513812154696 0.7083333333333334 0.9558011049723757 0.6916666666666667 0.9558011049723757 0.6833333333333333 0.9613259668508287 0.6666666666666666 0.9613259668508287 0.6583333333333333 0.9558011049723757 0.65 0.9558011049723757 0.6333333333333333 0.9447513812154696 0.6333333333333333 0.9392265193370166 0.625 0.9337016574585635 0.625 0.9116022099447514 0.6333333333333333 0.9060773480662984 0.6333333333333333 0.9005524861878453 0.6416666666666667 0.8950276243093923 0.6416666666666667 0.8895027624309392 0.6666666666666666 0.8729281767955801 0.675 0.8729281767955801 0.6833333333333333 0.8674033149171271 0.6916666666666667 0.8674033149171271
2 0.49166666666666664 0.30386740331491713 0.03333333333333333 0.022099447513812154
2 0.5666666666666667 0.5193370165745856 0.575 0.5193370165745856 0.5833333333333334 0.5138121546961326 0.5916666666666667 0.5138121546961326 0.6 0.5193370165745856 0.5833333333333334 0.5303867403314917 0.5666666666666667 0.5303867403314917 0.5666666666666667 0.5248618784530387
2 0.008333333333333333 0.5386740331491713 0.016666666666666666 0.016574585635359115
2 0.26666666666666666 0.5911602209944752 0.275 0.5966850828729282 0.26666666666666666 0.6022099447513812 0.26666666666666666 0.6077348066298343 0.25833333333333336 0.6077348066298343 0.25 0.6132596685082873 0.225 0.6132596685082873 0.21666666666666667 0.6077348066298343 0.21666666666666667 0.5966850828729282 0.225 0.5966850828729282 0.24166666666666667 0.585635359116022 0.25 0.585635359116022 0.25833333333333336 0.5911602209944752
2 0.5083333333333333 0.4198895027624309 0.5083333333333333 0.4143646408839779 0.5166666666666667 0.4088397790055249 0.5583333333333333 0.4088397790055249 0.5583333333333333 0.4143646408839779 0.55 0.4143646408839779 0.5416666666666666 0.4198895027624309 0.5166666666666667 0.4198895027624309
2 0.525 0.292817679558011 0.03333333333333333 0.022099447513812154
2 0.36666666666666664 0.4143646408839779 0.4083333333333333 0.4143646408839779 0.4083333333333333 0.4198895027624309 0.4 0.4198895027624309 0.39166666666666666 0.425414364640884 0.375 0.425414364640884 0.36666666666666664 0.4198895027624309
2 0.3375 0.8011049723756906 0.075 0.03314917127071823
2 0.08333333333333333 0.3701657458563536 0.11666666666666667 0.3701657458563536 0.11666666666666667 0.3812154696132597 0.1 0.39226519337016574 0.075 0.39226519337016574 0.075 0.3812154696132597 0.08333333333333333 0.3812154696132597 0.09166666666666666 0.3756906077348066
2 0.35833333333333334 0.40607734806629836 0.03333333333333333 0.016574585635359115
2 0.2833333333333333 0.6850828729281768 0.2916666666666667 0.6906077348066298 0.31666666666666665 0.6906077348066298 0.3333333333333333 0.7016574585635359 0.3333333333333333 0.7182320441988951 0.2916666666666667 0.7182320441988951 0.25833333333333336 0.6961325966850829 0.26666666666666666 0.6906077348066298 0.275 0.6906077348066298
2 0.4375 0.39226519337016574 0.025 0.022099447513812154
2 0.19166666666666668 0.5138121546961326 0.2 0.5193370165745856 0.21666666666666667 0.5193370165745856 0.21666666666666667 0.5303867403314917 0.175 0.5303867403314917 0.175 0.5193370165745856 0.18333333333333332 0.5193370165745856
2 0.5916666666666667 0.27071823204419887 0.6 0.27624309392265195 0.6 0.281767955801105 0.6083333333333333 0.287292817679558 0.6083333333333333 0.2983425414364641 0.6 0.30386740331491713 0.6 0.30939226519337015 0.5916666666666667 0.30939226519337015 0.5833333333333334 0.30386740331491713 0.5833333333333334 0.281767955801105 0.5916666666666667 0.27624309392265195
2 0.8083333333333333 0.2983425414364641 0.8166666666666667 0.30386740331491713 0.7666666666666667 0.30386740331491713 0.775 0.2983425414364641 0.8 0.2983425414364641
2 0.5833333333333334 0.7513812154696132 0.5916666666666667 0.7569060773480663 0.5833333333333334 0.7624309392265194 0.575 0.7624309392265194 0.5666666666666667 0.7679558011049724 0.5583333333333333 0.7679558011049724 0.5583333333333333 0.7569060773480663 0.5666666666666667 0.7513812154696132 0.575 0.7513812154696132
2 0 0.9558011049723757 0.008333333333333333 0.9558011049723757 0.016666666666666666 0.9613259668508287 0.025 0.9613259668508287 0.025 0.9668508287292817 0.03333333333333333 0.9723756906077348 0.03333333333333333 0.9834254143646409 0.041666666666666664 0.988950276243094 0.041666666666666664 0.994475138121547 0.03333333333333333 0.994475138121547 0.025 0.988950276243094 0.008333333333333333 0.988950276243094 0 0.9834254143646409 0 0.9613259668508287
2 0.5916666666666667 0.6519337016574586 0.5916666666666667 0.6629834254143646 0.5833333333333334 0.6685082872928176 0.5833333333333334 0.6795580110497238 0.575 0.6850828729281768 0.575 0.6961325966850829 0.55 0.712707182320442 0.5333333333333333 0.712707182320442 0.525 0.7182320441988951 0.5 0.7182320441988951 0.48333333333333334 0.7071823204419889 0.48333333333333334 0.6961325966850829 0.5166666666666667 0.6740331491712708 0.5166666666666667 0.6629834254143646 0.525 0.6574585635359116 0.5333333333333333 0.6574585635359116 0.5416666666666666 0.6519337016574586 0.5833333333333334 0.6519337016574586
2 0.4583333333333333 0.3287292817679558 0.03333333333333333 0.027624309392265192
2 0.825 0.3011049723756906 0.016666666666666666 0.016574585635359115
2 0.225 0.5524861878453039 0.225 0.5414364640883977 0.23333333333333334 0.5359116022099447 0.25833333333333336 0.5359116022099447 0.26666666666666666 0.5414364640883977 0.26666666666666666 0.5469613259668509 0.25833333333333336 0.5524861878453039 0.23333333333333334 0.5524861878453039
2 0.525 0.2541436464088398 0.5416666666666666 0.2541436464088398 0.5416666666666666 0.2596685082872928 0.55 0.26519337016574585 0.55 0.27624309392265195 0.5416666666666666 0.281767955801105 0.5333333333333333 0.27624309392265195 0.5333333333333333 0.27071823204419887 0.525 0.26519337016574585 0.525 0.2596685082872928
2 0.225 0.39226519337016574 0.24166666666666667 0.39226519337016574 0.24166666666666667 0.4088397790055249 0.225 0.4198895027624309 0.20833333333333334 0.4198895027624309 0.21666666666666667 0.4143646408839779 0.21666666666666667 0.40331491712707185 0.225 0.39779005524861877
2 0.975 0.27624309392265195 0.975 0.2596685082872928 0.9833333333333333 0.2541436464088398 0.9916666666666667 0.2541436464088398 0.9916666666666667 0.27624309392265195 0.9833333333333333 0.27624309392265195
2 0.375 0.3867403314917127 0.375 0.3812154696132597 0.38333333333333336 0.3756906077348066 0.4083333333333333 0.3756906077348066 0.4166666666666667 0.3812154696132597 0.4083333333333333 0.3867403314917127 0.4 0.3867403314917127 0.39166666666666666 0.39226519337016574 0.38333333333333336 0.3867403314917127
2 0.575 0.6464088397790055 0.5833333333333334 0.6519337016574586 0.5916666666666667 0.6519337016574586 0.5916666666666667 0.6685082872928176 0.5833333333333334 0.6740331491712708 0.5833333333333334 0.6961325966850829 0.5416666666666666 0.7237569060773481 0.5416666666666666 0.7348066298342542 0.55 0.7403314917127072 0.5583333333333333 0.7403314917127072 0.5666666666666667 0.7348066298342542 0.575 0.7348066298342542 0.5833333333333334 0.7403314917127072 0.6083333333333333 0.7403314917127072 0.625 0.7513812154696132 0.625 0.7624309392265194 0.6333333333333333 0.7679558011049724 0.6333333333333333 0.7790055248618785 0.6166666666666667 0.7900552486187845 0.5416666666666666 0.7900552486187845 0.5333333333333333 0.7845303867403315 0.525 0.7845303867403315 0.5166666666666667 0.7790055248618785 0.525 0.7734806629834254 0.5166666666666667 0.7679558011049724 0.5166666666666667 0.7624309392265194 0.5083333333333333 0.7569060773480663 0.5083333333333333 0.7513812154696132 0.49166666666666664 0.7403314917127072 0.49166666666666664 0.7182320441988951 0.48333333333333334 0.712707182320442 0.48333333333333334 0.6961325966850829 0.5166666666666667 0.6740331491712708 0.5083333333333333 0.6685082872928176 0.525 0.6574585635359116 0.5333333333333333 0.6574585635359116 0.5416666666666666 0.6519337016574586 0.55 0.6519337016574586 0.5583333333333333 0.6464088397790055 0.5666666666666667 0.6464088397790055
2 0.1125 0.3674033149171271 0.041666666666666664 0.016574585635359115
2 0.5416666666666666 0.5469613259668509 0.55 0.5524861878453039 0.5666666666666667 0.5524861878453039 0.575 0.5580110497237569 0.5833333333333334 0.5580110497237569 0.5833333333333334 0.56353591160221 0.575 0.569060773480663 0.575 0.574585635359116 0.5666666666666667 0.580110497237569 0.5166666666666667 0.580110497237569 0.5 0.569060773480663 0.5 0.56353591160221 0.525 0.5469613259668509 0.5333333333333333 0.5469613259668509
2 0.5666666666666667 0.3729281767955801 0.03333333333333333 0.016574585635359115
2 0.18333333333333332 0.7403314917127072 0.19166666666666668 0.7458563535911602 0.2 0.7458563535911602 0.2 0.7679558011049724 0.18333333333333332 0.7790055248618785 0.18333333333333332 0.7845303867403315 0.175 0.7845303867403315 0.15833333333333333 0.7955801104972375 0.15 0.7955801104972375 0.14166666666666666 0.8011049723756906 0.08333333333333333 0.8011049723756906 0.06666666666666667 0.7900552486187845 0.06666666666666667 0.7679558011049724 0.075 0.7624309392265194 0.075 0.7569060773480663 0.08333333333333333 0.7513812154696132 0.09166666666666666 0.7513812154696132 0.1 0.7458563535911602 0.10833333333333334 0.7458563535911602 0.11666666666666667 0.7403314917127072 0.175 0.7403314917127072
2 0.575 0.39226519337016574 0.575 0.3867403314917127 0.5833333333333334 0.3812154696132597 0.6083333333333333 0.3812154696132597 0.6166666666666667 0.3867403314917127 0.6083333333333333 0.39226519337016574 0.5833333333333334 0.39226519337016574
2 0.575 0.3314917127071823 0.03333333333333333 0.022099447513812154
2 0.35 0.47513812154696133 0.35 0.4861878453038674 0.3416666666666667 0.49171270718232046 0.3333333333333333 0.49171270718232046 0.325 0.4972375690607735 0.2916666666666667 0.4972375690607735 0.2916666666666667 0.48066298342541436 0.3 0.47513812154696133 0.3416666666666667 0.47513812154696133
2 0.4083333333333333 0.3729281767955801 0.03333333333333333 0.016574585635359115
2 0.48333333333333334 0.292817679558011 0.49166666666666664 0.292817679558011 0.5 0.287292817679558 0.5083333333333333 0.287292817679558 0.5166666666666667 0.292817679558011 0.5 0.30386740331491713 0.49166666666666664 0.30386740331491713 0.48333333333333334 0.30939226519337015 0.48333333333333334 0.2983425414364641
2 0.4666666666666667 0.30386740331491713 0.475 0.30939226519337015 0.475 0.3149171270718232 0.4666666666666667 0.32044198895027626 0.4666666666666667 0.3259668508287293 0.45 0.3259668508287293 0.45 0.32044198895027626 0.4583333333333333 0.3149171270718232 0.4583333333333333 0.30939226519337015