2 0.8416666666666667 0.7666666666666667 0.85 0.7777777777777778 0.8666666666666667 0.7777777777777778 0.875 0.7888888888888889 0.8833333333333333 0.7888888888888889 0.925 0.8444444444444444 0.925 0.8555555555555555 0.9 0.8555555555555555 0.8583333333333333 0.8 0.85 0.8 0.85 0.7888888888888889 0.8416666666666667 0.7777777777777778
2 0.6666666666666666 0.6444444444444445 0.6666666666666666 0.6777777777777778 0.675 0.6888888888888889 0.675 0.7 0.6416666666666667 0.7 0.6333333333333333 0.6888888888888889 0.6333333333333333 0.6777777777777778 0.625 0.6666666666666666 0.6166666666666667 0.6666666666666666 0.6333333333333333 0.6444444444444445 0.6583333333333333 0.6444444444444445
2 0.6666666666666666 0.6222222222222222 0.6833333333333333 0.6222222222222222 0.6833333333333333 0.6333333333333333 0.7 0.6555555555555556 0.7083333333333334 0.6555555555555556 0.7166666666666667 0.6666666666666666 0.7333333333333333 0.6666666666666666 0.7583333333333333 0.7 0.7583333333333333 0.7222222222222222 0.775 0.7444444444444445 0.775 0.7888888888888889 0.75 0.7888888888888889 0.7416666666666667 0.7777777777777778 0.7333333333333333 0.7777777777777778 0.725 0.7666666666666667 0.7166666666666667 0.7666666666666667 0.7083333333333334 0.7555555555555555 0.7 0.7555555555555555 0.6833333333333333 0.7333333333333333 0.6833333333333333 0.7111111111111111 0.675 0.7 0.675 0.6777777777777778 0.6833333333333333 0.6666666666666666 0.6833333333333333 0.6444444444444445 0.675 0.6333333333333333
2 0.7166666666666667 0.6888888888888889 0.7416666666666667 0.6888888888888889 0.75 0.7 0.75 0.7222222222222222 0.7583333333333333 0.7333333333333333 0.775 0.7333333333333333 0.7833333333333333 0.7444444444444445 0.7833333333333333 0.7666666666666667 0.7916666666666666 0.7777777777777778 0.7916666666666666 0.7888888888888889 0.8083333333333333 0.8111111111111111 0.8083333333333333 0.8222222222222222 0.8166666666666667 0.8333333333333334 0.8083333333333333 0.8444444444444444 0.7916666666666666 0.8444444444444444 0.7416666666666667 0.7777777777777778 0.7333333333333333 0.7777777777777778 0.7333333333333333 0.7555555555555555 0.725 0.7444444444444445 0.7166666666666667 0.7555555555555555 0.7 0.7555555555555555 0.6916666666666667 0.7444444444444445 0.6916666666666667 0.7333333333333333 0.6833333333333333 0.7222222222222222 0.6833333333333333 0.7111111111111111 0.7083333333333334 0.7111111111111111 0.7166666666666667 0.7
2 0.7833333333333333 0.7111111111111111 0.7916666666666666 0.7111111111111111 0.8166666666666667 0.7444444444444445 0.8333333333333334 0.7444444444444445 0.8416666666666667 0.7555555555555555 0.8416666666666667 0.7666666666666667 0.85 0.7777777777777778 0.8583333333333333 0.7777777777777778 0.8666666666666667 0.7888888888888889 0.8833333333333333 0.7888888888888889 0.8916666666666667 0.8 0.8916666666666667 0.8111111111111111 0.9 0.8222222222222222 0.9083333333333333 0.8222222222222222 0.925 0.8444444444444444 0.925 0.8555555555555555 0.9083333333333333 0.8555555555555555 0.9 0.8444444444444444 0.8833333333333333 0.8444444444444444 0.8583333333333333 0.8111111111111111 0.8416666666666667 0.8111111111111111 0.7916666666666666 0.7444444444444445 0.7916666666666666 0.7333333333333333 0.7833333333333333 0.7222222222222222
2 0.6 0.5777777777777777 0.6166666666666667 0.5777777777777777 0.625 0.5888888888888889 0.6333333333333333 0.5888888888888889 0.6416666666666667 0.6 0.65 0.6 0.6583333333333333 0.6111111111111112 0.6583333333333333 0.6222222222222222 0.675 0.6444444444444445 0.675 0.6555555555555556 0.6666666666666666 0.6666666666666666 0.65 0.6666666666666666 0.6416666666666667 0.6555555555555556 0.6333333333333333 0.6555555555555556 0.6333333333333333 0.6444444444444445 0.6083333333333333 0.6111111111111112 0.6083333333333333 0.6 0.6 0.5888888888888889
2 0.725 0.6888888888888889 0.7333333333333333 0.7 0.7333333333333333 0.7111111111111111 0.7416666666666667 0.7222222222222222 0.75 0.7222222222222222 0.7583333333333333 0.7333333333333333 0.7666666666666667 0.7333333333333333 0.775 0.7222222222222222 0.7666666666666667 0.7111111111111111 0.7916666666666666 0.7111111111111111 0.8166666666666667 0.7444444444444445 0.825 0.7444444444444445 0.825 0.7555555555555555 0.8333333333333334 0.7666666666666667 0.8416666666666667 0.7666666666666667 0.8333333333333334 0.7777777777777778 0.8416666666666667 0.7888888888888889 0.8416666666666667 0.8 0.85 0.8111111111111111 0.85 0.8222222222222222 0.8583333333333333 0.8333333333333334 0.8666666666666667 0.8222222222222222 0.875 0.8333333333333334 0.875 0.8444444444444444 0.8916666666666667 0.8666666666666667 0.9 0.8666666666666667 0.8916666666666667 0.8666666666666667 0.8833333333333333 0.8777777777777778 0.9 0.9 0.9 0.9222222222222223 0.925 0.9555555555555556 0.9333333333333333 0.9555555555555556 0.9333333333333333 0.9666666666666667 0.9083333333333333 0.9666666666666667 0.9 0.9555555555555556 0.8833333333333333 0.9555555555555556 0.8583333333333333 0.9222222222222223 0.8583333333333333 0.9 0.85 0.8888888888888888 0.8416666666666667 0.8888888888888888 0.8333333333333334 0.8777777777777778 0.825 0.8777777777777778 0.8083333333333333 0.8555555555555555 0.8 0.8555555555555555 0.7833333333333333 0.8333333333333334 0.775 0.8333333333333334 0.775 0.8222222222222222 0.7666666666666667 0.8111111111111111 0.7583333333333333 0.8111111111111111 0.7583333333333333 0.8 0.7416666666666667 0.7777777777777778 0.7333333333333333 0.7777777777777778 0.7333333333333333 0.7333333333333333 0.725 0.7222222222222222 0.725 0.7
2 0.7833333333333333 0.7111111111111111 0.7916666666666666 0.7111111111111111 0.8083333333333333 0.7333333333333333 0.8166666666666667 0.7333333333333333 0.8333333333333334 0.7555555555555555 0.8333333333333334 0.7666666666666667 0.8083333333333333 0.7666666666666667 0.7833333333333333 0.7333333333333333 0.7833333333333333 0.7222222222222222
2 0.85 0.7888888888888889 0.8833333333333333 0.7888888888888889 0.9 0.8111111111111111 0.9083333333333333 0.8111111111111111 0.9083333333333333 0.8222222222222222 0.9166666666666666 0.8333333333333334 0.925 0.8333333333333334 0.925 0.8444444444444444 0.9416666666666667 0.8666666666666667 0.95 0.8666666666666667 0.95 0.8777777777777778 0.9583333333333334 0.8888888888888888 0.9583333333333334 0.9 0.95 0.9111111111111111 0.9333333333333333 0.9111111111111111 0.925 0.9 0.9166666666666666 0.9 0.9083333333333333 0.8888888888888888 0.9 0.8888888888888888 0.9 0.8777777777777778 0.875 0.8444444444444444 0.875 0.8333333333333334 0.8666666666666667 0.8222222222222222 0.8583333333333333 0.8222222222222222 0.85 0.8111111111111111 0.85 0.8
2 0.6166666666666667 0.5888888888888889 0.6333333333333333 0.6111111111111112 0.6416666666666667 0.6111111111111112 0.6416666666666667 0.6222222222222222 0.6333333333333333 0.6333333333333333 0.6416666666666667 0.6444444444444445 0.6666666666666666 0.6444444444444445 0.6583333333333333 0.6444444444444445 0.65 0.6555555555555556 0.65 0.6666666666666666 0.6583333333333333 0.6777777777777778 0.6666666666666666 0.6666666666666666 0.675 0.6777777777777778 0.6833333333333333 0.6666666666666666 0.6833333333333333 0.6444444444444445 0.7 0.6666666666666666 0.7083333333333334 0.6666666666666666 0.7166666666666667 0.6777777777777778 0.7333333333333333 0.6777777777777778 0.75 0.7 0.7583333333333333 0.7 0.7666666666666667 0.7111111111111111 0.7916666666666666 0.7111111111111111 0.8166666666666667 0.7444444444444445 0.825 0.7444444444444445 0.8416666666666667 0.7666666666666667 0.825 0.7888888888888889 0.8166666666666667 0.7888888888888889 0.8083333333333333 0.8 0.8083333333333333 0.8111111111111111 0.8166666666666667 0.8222222222222222 0.8166666666666667 0.8333333333333334 0.825 0.8444444444444444 0.8416666666666667 0.8444444444444444 0.8416666666666667 0.8555555555555555 0.85 0.8666666666666667 0.8583333333333333 0.8555555555555555 0.8666666666666667 0.8666666666666667 0.875 0.8666666666666667 0.8833333333333333 0.8777777777777778 0.8833333333333333 0.9 0.8916666666666667 0.9111111111111111 0.8916666666666667 0.9222222222222223 0.9 0.9333333333333333 0.9083333333333333 0.9333333333333333 0.9166666666666666 0.9444444444444444 0.9166666666666666 0.9555555555555556 0.9083333333333333 0.9666666666666667 0.9 0.9555555555555556 0.8833333333333333 0.9555555555555556 0.8666666666666667 0.9333333333333333 0.8666666666666667 0.9111111111111111 0.8333333333333334 0.8666666666666667 0.8166666666666667 0.8666666666666667 0.8083333333333333 0.8555555555555555 0.8 0.8555555555555555 0.7416666666666667 0.7777777777777778 0.725 0.7777777777777778 0.7083333333333334 0.7555555555555555 0.7 0.7555555555555555 0.6833333333333333 0.7333333333333333 0.6833333333333333 0.7111111111111111 0.675 0.7 0.6416666666666667 0.7 0.6333333333333333 0.6888888888888889 0.6333333333333333 0.6555555555555556 0.6416666666666667 0.6444444444444445 0.625 0.6222222222222222 0.625 0.6111111111111112 0.6166666666666667 0.6 0.6083333333333333 0.6
2 0.7416666666666667 0.7055555555555556 0.016666666666666666 0.03333333333333333
2 0.6 0.5777777777777777 0.6166666666666667 0.5777777777777777 0.6333333333333333 0.6 0.6583333333333333 0.6 0.6666666666666666 0.6111111111111112 0.675 0.6111111111111112 0.6916666666666667 0.6333333333333333 0.6916666666666667 0.6444444444444445 0.725 0.6888888888888889 0.7416666666666667 0.6888888888888889 0.7416666666666667 0.7 0.725 0.7 0.7166666666666667 0.7111111111111111 0.725 0.7222222222222222 0.7166666666666667 0.7333333333333333 0.7166666666666667 0.7555555555555555 0.7 0.7555555555555555 0.6583333333333333 0.7 0.6416666666666667 0.7 0.6333333333333333 0.6888888888888889 0.6333333333333333 0.6777777777777778 0.625 0.6666666666666666 0.6166666666666667 0.6666666666666666 0.625 0.6555555555555556 0.625 0.6333333333333333 0.6083333333333333 0.6111111111111112 0.6083333333333333 0.5888888888888889
2 0.7583333333333333 0.7777777777777778 0.7833333333333333 0.7777777777777778 0.7916666666666666 0.7888888888888889 0.7916666666666666 0.8 0.8 0.8111111111111111 0.8083333333333333 0.8111111111111111 0.8166666666666667 0.8222222222222222 0.8166666666666667 0.8444444444444444 0.825 0.8555555555555555 0.8166666666666667 0.8555555555555555 0.8083333333333333 0.8444444444444444 0.7916666666666666 0.8444444444444444 0.7583333333333333 0.8 0.7583333333333333 0.7888888888888889
2 0.6541666666666667 0.6944444444444444 0.025 0.03333333333333333
2 0.7833333333333333 0.7222222222222222 0.8 0.7222222222222222 0.8166666666666667 0.7444444444444445 0.825 0.7444444444444445 0.8333333333333334 0.7555555555555555 0.85 0.7555555555555555 0.85 0.7666666666666667 0.8583333333333333 0.7777777777777778 0.8666666666666667 0.7777777777777778 0.875 0.7888888888888889 0.8833333333333333 0.7888888888888889 0.9 0.8111111111111111 0.9083333333333333 0.8111111111111111 0.9083333333333333 0.8222222222222222 0.9416666666666667 0.8666666666666667 0.95 0.8666666666666667 0.95 0.8777777777777778 0.9583333333333334 0.8888888888888888 0.975 0.8888888888888888 0.9833333333333333 0.8777777777777778 0.9833333333333333 0.9 0.9916666666666667 0.9111111111111111 0.975 0.9333333333333333 0.975 0.9444444444444444 0.9833333333333333 0.9555555555555556 0.975 0.9555555555555556 0.9666666666666667 0.9666666666666667 0.95 0.9666666666666667 0.9416666666666667 0.9777777777777777 0.925 0.9777777777777777 0.9083333333333333 0.9555555555555556 0.8833333333333333 0.9555555555555556 0.8666666666666667 0.9333333333333333 0.8666666666666667 0.9111111111111111 0.8333333333333334 0.8666666666666667 0.825 0.8666666666666667 0.8166666666666667 0.8555555555555555 0.8166666666666667 0.8444444444444444 0.825 0.8333333333333334 0.825 0.8111111111111111 0.8166666666666667 0.8 0.7666666666666667 0.8 0.7583333333333333 0.7888888888888889 0.7583333333333333 0.7777777777777778 0.7916666666666666 0.7777777777777778 0.8 0.7666666666666667 0.7916666666666666 0.7555555555555555 0.7916666666666666 0.7444444444444445 0.8 0.7333333333333333 0.7916666666666666 0.7222222222222222
2 0.8583333333333333 0.8666666666666667 0.8666666666666667 0.8666666666666667 0.8833333333333333 0.8888888888888888 0.875 0.9 0.875 0.9111111111111111 0.8833333333333333 0.9222222222222223 0.8916666666666667 0.9222222222222223 0.9 0.9333333333333333 0.9083333333333333 0.9333333333333333 0.9083333333333333 0.9444444444444444 0.9166666666666666 0.9555555555555556 0.8833333333333333 0.9555555555555556 0.8666666666666667 0.9333333333333333 0.875 0.9222222222222223 0.875 0.9111111111111111 0.8583333333333333 0.8888888888888888 0.8583333333333333 0.8777777777777778
2 0.6583333333333333 0.6111111111111112 0.6666666666666666 0.6111111111111112 0.675 0.6222222222222222 0.6833333333333333 0.6222222222222222 0.725 0.6777777777777778 0.7333333333333333 0.6777777777777778 0.75 0.7 0.7333333333333333 0.7222222222222222 0.7416666666666667 0.7333333333333333 0.7333333333333333 0.7444444444444445 0.7333333333333333 0.7555555555555555 0.725 0.7555555555555555 0.7166666666666667 0.7666666666666667 0.7083333333333334 0.7555555555555555 0.7 0.7555555555555555 0.6833333333333333 0.7333333333333333 0.6833333333333333 0.7222222222222222 0.675 0.7111111111111111 0.675 0.6888888888888889 0.6666666666666666 0.6777777777777778 0.6666666666666666 0.6666666666666666 0.6583333333333333 0.6555555555555556 0.6583333333333333 0.6222222222222222
2 0.8708333333333333 0.8833333333333333 0.025 0.03333333333333333
2 0.775 0.8 0.7833333333333333 0.8111111111111111 0.8 0.8111111111111111 0.8333333333333334 0.8555555555555555 0.8333333333333334 0.8666666666666667 0.8416666666666667 0.8777777777777778 0.85 0.8666666666666667 0.8666666666666667 0.8666666666666667 0.8833333333333333 0.8888888888888888 0.8833333333333333 0.9 0.8916666666666667 0.9111111111111111 0.8916666666666667 0.9222222222222223 0.9 0.9333333333333333 0.9083333333333333 0.9333333333333333 0.9166666666666666 0.9444444444444444 0.9166666666666666 0.9555555555555556 0.9083333333333333 0.9666666666666667 0.9 0.9555555555555556 0.8833333333333333 0.9555555555555556 0.8666666666666667 0.9333333333333333 0.8666666666666667 0.9111111111111111 0.8333333333333334 0.8666666666666667 0.8166666666666667 0.8666666666666667 0.8083333333333333 0.8555555555555555 0.8 0.8555555555555555 0.775 0.8222222222222222 0.775 0.8111111111111111
2 0.6333333333333333 0.6333333333333333 0.65 0.6333333333333333 0.6583333333333333 0.6444444444444445 0.6666666666666666 0.6444444444444445 0.675 0.6555555555555556 0.675 0.7 0.6416666666666667 0.7 0.6416666666666667 0.6888888888888889 0.6333333333333333 0.6777777777777778 0.6333333333333333 0.6444444444444445
2 0.8583333333333333 0.8555555555555555 0.8916666666666667 0.8555555555555555 0.9 0.8666666666666667 0.9333333333333333 0.8666666666666667 0.95 0.8888888888888888 0.9583333333333334 0.8888888888888888 0.9583333333333334 0.9 0.9666666666666667 0.9111111111111111 0.975 0.9111111111111111 0.9833333333333333 0.9222222222222223 0.9916666666666667 0.9222222222222223 0.9916666666666667 0.9666666666666667 0.975 0.9666666666666667 0.9666666666666667 0.9777777777777777 0.975 0.9888888888888889 0.9583333333333334 0.9888888888888889 0.95 0.9777777777777777 0.9416666666666667 0.9888888888888889 0.9333333333333333 0.9777777777777777 0.925 0.9777777777777777 0.9083333333333333 0.9555555555555556 0.8833333333333333 0.9555555555555556 0.875 0.9444444444444444 0.875 0.9333333333333333 0.8666666666666667 0.9222222222222223 0.8666666666666667 0.9111111111111111 0.85 0.8888888888888888 0.85 0.8777777777777778 0.8583333333333333 0.8666666666666667
2 0.8833333333333333 0.8333333333333334 0.8916666666666667 0.8222222222222222 0.9 0.8222222222222222 0.9083333333333333 0.8333333333333334 0.9166666666666666 0.8333333333333334 0.925 0.8444444444444444 0.925 0.8555555555555555 0.9083333333333333 0.8555555555555555 0.9 0.8444444444444444 0.8916666666666667 0.8444444444444444
2 0.9916666666666667 0.8888888888888888 0.9916666666666667 0.9777777777777777 0.9833333333333333 0.9888888888888889 0.9583333333333334 0.9888888888888889 0.9583333333333334 0.9777777777777777 0.95 0.9666666666666667 0.9416666666666667 0.9666666666666667 0.9416666666666667 0.9333333333333333 0.95 0.9222222222222223 0.95 0.9 0.9583333333333334 0.8888888888888888 0.9833333333333333 0.8888888888888888
2 0.6333333333333333 0.6333333333333333 0.6416666666666667 0.6444444444444445 0.6583333333333333 0.6444444444444445 0.6666666666666666 0.6555555555555556 0.6666666666666666 0.6888888888888889 0.6583333333333333 0.7 0.6416666666666667 0.7 0.6083333333333333 0.6555555555555556 0.6083333333333333 0.6444444444444445 0.6166666666666667 0.6333333333333333 0.625 0.6333333333333333
2 0.65 0.6444444444444445 0.6583333333333333 0.6555555555555556 0.6583333333333333 0.6666666666666666 0.6666666666666666 0.6777777777777778 0.6666666666666666 0.6888888888888889 0.6583333333333333 0.7 0.6416666666666667 0.7 0.6083333333333333 0.6555555555555556 0.6166666666666667 0.6444444444444445 0.6416666666666667 0.6444444444444445
2 0.8666666666666667 0.9333333333333333 0.875 0.9222222222222223 0.8833333333333333 0.9222222222222223 0.8916666666666667 0.9333333333333333 0.9 0.9333333333333333 0.9083333333333333 0.9444444444444444 0.9083333333333333 0.9555555555555556 0.8833333333333333 0.9555555555555556 0.875 0.9444444444444444
2 0.6666666666666666 0.6444444444444445 0.6666666666666666 0.6888888888888889 0.6583333333333333 0.7 0.6416666666666667 0.7 0.6166666666666667 0.6666666666666666 0.6166666666666667 0.6555555555555556 0.625 0.6555555555555556 0.6333333333333333 0.6444444444444445 0.6583333333333333 0.6444444444444445
2 0.7833333333333333 0.7111111111111111 0.7916666666666666 0.7111111111111111 0.8083333333333333 0.7333333333333333 0.8166666666666667 0.7333333333333333 0.825 0.7444444444444445 0.8333333333333334 0.7444444444444445 0.8416666666666667 0.7555555555555555 0.8416666666666667 0.7666666666666667 0.85 0.7777777777777778 0.8583333333333333 0.7777777777777778 0.8666666666666667 0.7888888888888889 0.8833333333333333 0.7888888888888889 0.8916666666666667 0.8 0.8916666666666667 0.8111111111111111 0.9083333333333333 0.8333333333333334 0.9166666666666666 0.8333333333333334 0.925 0.8444444444444444 0.9166666666666666 0.8555555555555555 0.9083333333333333 0.8555555555555555 0.9 0.8444444444444444 0.8916666666666667 0.8444444444444444 0.8833333333333333 0.8333333333333334 0.8666666666666667 0.8333333333333334 0.8666666666666667 0.8222222222222222 0.8583333333333333 0.8111111111111111 0.8416666666666667 0.8111111111111111 0.8333333333333334 0.8 0.825 0.8 0.8166666666666667 0.7888888888888889 0.8083333333333333 0.7888888888888889 0.8 0.7777777777777778 0.8 0.7666666666666667 0.7833333333333333 0.7444444444444445 0.7833333333333333 0.7222222222222222
2 0.7708333333333334 0.7888888888888889 0.025 0.022222222222222223
2 0.725 0.6888888888888889 0.7416666666666667 0.6888888888888889 0.75 0.7 0.75 0.7111111111111111 0.7666666666666667 0.7333333333333333 0.775 0.7333333333333333 0.775 0.7444444444444445 0.7916666666666666 0.7666666666666667 0.7916666666666666 0.7888888888888889 0.8 0.8 0.8 0.8111111111111111 0.8083333333333333 0.8222222222222222 0.8083333333333333 0.8444444444444444 0.8 0.8444444444444444 0.7916666666666666 0.8333333333333334 0.7833333333333333 0.8333333333333334 0.7416666666666667 0.7777777777777778 0.7333333333333333 0.7777777777777778 0.7333333333333333 0.7333333333333333 0.725 0.7222222222222222 0.725 0.7
2 0.5916666666666667 0.5777777777777777 0.6166666666666667 0.5777777777777777 0.6166666666666667 0.5888888888888889 0.625 0.6 0.625 0.6222222222222222 0.6416666666666667 0.6444444444444445 0.6333333333333333 0.6555555555555556 0.6083333333333333 0.6555555555555556 0.6083333333333333 0.6444444444444445 0.5916666666666667 0.6222222222222222 0.5916666666666667 0.5888888888888889
2 0.9583333333333334 0.8888888888888888 0.9916666666666667 0.8888888888888888 0.9916666666666667 0.9666666666666667 0.9833333333333333 0.9666666666666667 0.9583333333333334 0.9333333333333333 0.9583333333333334 0.9
2 0.6166666666666667 0.5777777777777777 0.6416666666666667 0.6111111111111112 0.6666666666666666 0.6111111111111112 0.675 0.6222222222222222 0.6833333333333333 0.6222222222222222 0.6833333333333333 0.6333333333333333 0.7 0.6555555555555556 0.7083333333333334 0.6555555555555556 0.7166666666666667 0.6666666666666666 0.7333333333333333 0.6666666666666666 0.75 0.6888888888888889 0.7583333333333333 0.6888888888888889 0.7666666666666667 0.7 0.7833333333333333 0.7 0.7916666666666666 0.7111111111111111 0.8 0.7111111111111111 0.8083333333333333 0.7222222222222222 0.8166666666666667 0.7222222222222222 0.825 0.7333333333333333 0.8333333333333334 0.7333333333333333 0.8416666666666667 0.7444444444444445 0.8583333333333333 0.7444444444444445 0.8583333333333333 0.7666666666666667 0.875 0.7888888888888889 0.8833333333333333 0.7888888888888889 0.925 0.8444444444444444 0.925 0.8666666666666667 0.9416666666666667 0.8888888888888888 0.95 0.8888888888888888 0.95 0.9111111111111111 0.9416666666666667 0.9222222222222223 0.9666666666666667 0.9555555555555556 0.95 0.9555555555555556 0.9416666666666667 0.9666666666666667 0.9416666666666667 0.9777777777777777 0.925 0.9777777777777777 0.9166666666666666 0.9666666666666667 0.9083333333333333 0.9666666666666667 0.9 0.9555555555555556 0.8833333333333333 0.9555555555555556 0.875 0.9444444444444444 0.8666666666666667 0.9444444444444444 0.8666666666666667 0.9333333333333333 0.8583333333333333 0.9222222222222223 0.8583333333333333 0.9 0.85 0.8888888888888888 0.8416666666666667 0.8888888888888888 0.8333333333333334 0.8777777777777778 0.825 0.8777777777777778 0.8083333333333333 0.8555555555555555 0.8 0.8555555555555555 0.7416666666666667 0.7777777777777778 0.7333333333333333 0.7888888888888889 0.7083333333333334 0.7555555555555555 0.7 0.7555555555555555 0.6666666666666666 0.7111111111111111 0.6583333333333333 0.7111111111111111 0.65 0.7 0.6416666666666667 0.7 0.6166666666666667 0.6666666666666666 0.6166666666666667 0.6333333333333333 0.6083333333333333 0.6222222222222222 0.6 0.6222222222222222 0.6 0.5888888888888889 0.6083333333333333 0.5888888888888889
2 0.7125 0.7555555555555555 0.025 0.022222222222222223
2 0.7 0.6777777777777778 0.7333333333333333 0.6777777777777778 0.75 0.7 0.75 0.7111111111111111 0.7666666666666667 0.7333333333333333 0.775 0.7333333333333333 0.7833333333333333 0.7444444444444445 0.7833333333333333 0.7777777777777778 0.8 0.8 0.8 0.8111111111111111 0.8083333333333333 0.8222222222222222 0.8083333333333333 0.8444444444444444 0.7916666666666666 0.8444444444444444 0.7416666666666667 0.7777777777777778 0.7333333333333333 0.7777777777777778 0.7333333333333333 0.7555555555555555 0.725 0.7444444444444445 0.7166666666666667 0.7555555555555555 0.7 0.7555555555555555 0.6916666666666667 0.7444444444444445 0.6916666666666667 0.7333333333333333 0.6833333333333333 0.7222222222222222 0.6833333333333333 0.7111111111111111 0.6916666666666667 0.7111111111111111 0.7 0.7 0.7 0.6888888888888889
2 0.6 0.5777777777777777 0.6166666666666667 0.5777777777777777 0.6333333333333333 0.6 0.6416666666666667 0.6 0.65 0.6111111111111112 0.6666666666666666 0.6111111111111112 0.7 0.6555555555555556 0.7 0.6666666666666666 0.7083333333333334 0.6777777777777778 0.6916666666666667 0.7 0.6916666666666667 0.7111111111111111 0.7166666666666667 0.7444444444444445 0.7166666666666667 0.7555555555555555 0.7 0.7555555555555555 0.6833333333333333 0.7333333333333333 0.6833333333333333 0.7222222222222222 0.6666666666666666 0.7 0.6416666666666667 0.7 0.6333333333333333 0.6888888888888889 0.6333333333333333 0.6777777777777778 0.625 0.6666666666666666 0.6166666666666667 0.6666666666666666 0.6083333333333333 0.6555555555555556 0.6083333333333333 0.6111111111111112 0.6 0.6 0.6 0.5888888888888889
2 0.5916666666666667 0.5777777777777777 0.6166666666666667 0.5777777777777777 0.6333333333333333 0.6 0.6333333333333333 0.6111111111111112 0.625 0.6222222222222222 0.6166666666666667 0.6111111111111112 0.6083333333333333 0.6111111111111112 0.6 0.6 0.6 0.5888888888888889
2 0.85 0.7888888888888889 0.8833333333333333 0.7888888888888889 0.925 0.8444444444444444 0.925 0.8555555555555555 0.9 0.8555555555555555 0.8916666666666667 0.8444444444444444 0.8833333333333333 0.8444444444444444 0.8833333333333333 0.8333333333333334 0.8583333333333333 0.8
2 0.8 0.7111111111111111 0.8083333333333333 0.7222222222222222 0.825 0.7222222222222222 0.8333333333333334 0.7333333333333333 0.85 0.7333333333333333 0.8583333333333333 0.7444444444444445 0.8583333333333333 0.7555555555555555 0.8833333333333333 0.7888888888888889 0.8916666666666667 0.7888888888888889 0.9 0.8 0.9083333333333333 0.8 0.9166666666666666 0.8111111111111111 0.925 0.8111111111111111 0.9166666666666666 0.8222222222222222 0.925 0.8333333333333334 0.925 0.8444444444444444 0.9416666666666667 0.8666666666666667 0.95 0.8666666666666667 0.9583333333333334 0.8777777777777778 0.9666666666666667 0.8777777777777778 0.975 0.8888888888888888 0.9833333333333333 0.8777777777777778 0.9916666666666667 0.8888888888888888 0.9916666666666667 0.9222222222222223 0.9833333333333333 0.9333333333333333 0.9833333333333333 0.9555555555555556 0.975 0.9666666666666667 0.9583333333333334 0.9666666666666667 0.95 0.9777777777777777 0.9166666666666666 0.9777777777777777 0.9 0.9555555555555556 0.8833333333333333 0.9555555555555556 0.8583333333333333 0.9222222222222223 0.8583333333333333 0.9 0.85 0.8888888888888888 0.8416666666666667 0.8888888888888888 0.8333333333333334 0.8777777777777778 0.825 0.8777777777777778 0.8083333333333333 0.8555555555555555 0.8 0.8555555555555555 0.7666666666666667 0.8111111111111111 0.7583333333333333 0.8111111111111111 0.7583333333333333 0.8 0.7416666666666667 0.7777777777777778 0.725 0.7777777777777778 0.725 0.7666666666666667 0.7333333333333333 0.7555555555555555 0.725 0.7444444444444445 0.725 0.7333333333333333 0.7166666666666667 0.7222222222222222 0.7083333333333334 0.7222222222222222 0.7 0.7333333333333333 0.6916666666666667 0.7333333333333333 0.6833333333333333 0.7222222222222222 0.6833333333333333 0.6777777777777778 0.6916666666666667 0.6666666666666666 0.7333333333333333 0.6666666666666666 0.7333333333333333 0.6777777777777778 0.7416666666666667 0.6888888888888889 0.7583333333333333 0.6888888888888889 0.7666666666666667 0.7 0.7833333333333333 0.7 0.7916666666666666 0.7111111111111111
2 0.6916666666666667 0.7111111111111111 0.7166666666666667 0.7444444444444445 0.7166666666666667 0.7555555555555555 0.7 0.7555555555555555 0.6916666666666667 0.7444444444444445 0.6916666666666667 0.7333333333333333 0.6833333333333333 0.7222222222222222
2 0.775 0.8222222222222222 0.7833333333333333 0.8111111111111111 0.7916666666666666 0.8111111111111111 0.8 0.8222222222222222 0.8083333333333333 0.8222222222222222 0.8083333333333333 0.8444444444444444 0.7916666666666666 0.8444444444444444 0.7833333333333333 0.8333333333333334
2 0.5916666666666667 0.5777777777777777 0.6166666666666667 0.5777777777777777 0.6333333333333333 0.6 0.6416666666666667 0.6 0.65 0.6111111111111112 0.6583333333333333 0.6111111111111112 0.6583333333333333 0.6222222222222222 0.675 0.6444444444444445 0.675 0.6666666666666666 0.6666666666666666 0.6777777777777778 0.6666666666666666 0.6888888888888889 0.6583333333333333 0.7 0.6416666666666667 0.7 0.6166666666666667 0.6666666666666666 0.6083333333333333 0.6666666666666666 0.6083333333333333 0.6555555555555556 0.6 0.6444444444444445 0.6 0.6333333333333333 0.5916666666666667 0.6222222222222222 0.5916666666666667 0.5888888888888889
2 0.5916666666666667 0.5777777777777777 0.625 0.5777777777777777 0.6416666666666667 0.6 0.65 0.6 0.6583333333333333 0.6111111111111112 0.6666666666666666 0.6111111111111112 0.6916666666666667 0.6444444444444445 0.6916666666666667 0.6666666666666666 0.7 0.6777777777777778 0.6916666666666667 0.6888888888888889 0.6916666666666667 0.7111111111111111 0.7 0.7222222222222222 0.7 0.7333333333333333 0.7083333333333334 0.7444444444444445 0.7166666666666667 0.7444444444444445 0.7166666666666667 0.7555555555555555 0.7 0.7555555555555555 0.7 0.7444444444444445 0.6916666666666667 0.7333333333333333 0.6833333333333333 0.7333333333333333 0.6833333333333333 0.7222222222222222 0.6666666666666666 0.7 0.6333333333333333 0.7 0.6333333333333333 0.6888888888888889 0.6166666666666667 0.6666666666666666 0.6083333333333333 0.6666666666666666 0.6083333333333333 0.6444444444444445 0.6 0.6333333333333333 0.6 0.6222222222222222 0.5916666666666667 0.6111111111111112 0.6 0.6 0.5916666666666667 0.5888888888888889
2 0.725 0.7 0.7416666666666667 0.7222222222222222 0.75 0.7111111111111111 0.75 0.7 0.7583333333333333 0.7111111111111111 0.7916666666666666 0.7111111111111111 0.8083333333333333 0.7333333333333333 0.8166666666666667 0.7333333333333333 0.825 0.7444444444444445 0.8333333333333334 0.7444444444444445 0.85 0.7666666666666667 0.85 0.8 0.8583333333333333 0.8111111111111111 0.8916666666666667 0.8111111111111111 0.9 0.8222222222222222 0.9 0.8333333333333334 0.9083333333333333 0.8444444444444444 0.9166666666666666 0.8444444444444444 0.9166666666666666 0.8555555555555555 0.9333333333333333 0.8777777777777778 0.9416666666666667 0.8777777777777778 0.9416666666666667 0.8888888888888888 0.95 0.9 0.95 0.9222222222222223 0.9583333333333334 0.9333333333333333 0.9583333333333334 0.9444444444444444 0.9666666666666667 0.9555555555555556 0.975 0.9555555555555556 0.9666666666666667 0.9555555555555556 0.9583333333333334 0.9666666666666667 0.95 0.9666666666666667 0.9416666666666667 0.9777777777777777 0.9166666666666666 0.9777777777777777 0.9083333333333333 0.9666666666666667 0.8916666666666667 0.9666666666666667 0.875 0.9444444444444444 0.8666666666666667 0.9444444444444444 0.8666666666666667 0.9333333333333333 0.8583333333333333 0.9222222222222223 0.8583333333333333 0.9 0.85 0.8888888888888888 0.8416666666666667 0.8888888888888888 0.8333333333333334 0.8777777777777778 0.825 0.8777777777777778 0.8083333333333333 0.8555555555555555 0.8 0.8555555555555555 0.7833333333333333 0.8333333333333334 0.775 0.8333333333333334 0.775 0.8222222222222222 0.7666666666666667 0.8111111111111111 0.7583333333333333 0.8111111111111111 0.7583333333333333 0.8 0.7416666666666667 0.7777777777777778 0.725 0.7777777777777778 0.725 0.7666666666666667 0.7333333333333333 0.7555555555555555 0.725 0.7444444444444445 0.725 0.7111111111111111
2 0.6958333333333333 0.7333333333333333 0.025 0.022222222222222223
2 0.7583333333333333 0.7777777777777778 0.7833333333333333 0.7777777777777778 0.7916666666666666 0.7888888888888889 0.7916666666666666 0.8 0.8 0.8111111111111111 0.8083333333333333 0.8111111111111111 0.8166666666666667 0.8222222222222222 0.8166666666666667 0.8333333333333334 0.8416666666666667 0.8666666666666667 0.875 0.8666666666666667 0.8833333333333333 0.8777777777777778 0.8833333333333333 0.9111111111111111 0.9 0.9333333333333333 0.9083333333333333 0.9333333333333333 0.9083333333333333 0.9444444444444444 0.9166666666666666 0.9555555555555556 0.9083333333333333 0.9666666666666667 0.9 0.9555555555555556 0.8833333333333333 0.9555555555555556 0.8666666666666667 0.9333333333333333 0.8666666666666667 0.9111111111111111 0.8333333333333334 0.8666666666666667 0.8166666666666667 0.8666666666666667 0.8083333333333333 0.8555555555555555 0.8 0.8555555555555555 0.7583333333333333 0.8 0.7583333333333333 0.7888888888888889
2 0.6666666666666666 0.6222222222222222 0.6833333333333333 0.6222222222222222 0.6916666666666667 0.6333333333333333 0.6916666666666667 0.6444444444444445 0.7 0.6555555555555556 0.6916666666666667 0.6666666666666666 0.6833333333333333 0.6666666666666666 0.675 0.6555555555555556 0.675 0.6444444444444445 0.6666666666666666 0.6333333333333333
2 0.8208333333333333 0.7611111111111111 0.025 0.03333333333333333
2 0.7833333333333333 0.7555555555555555 0.775 0.7666666666666667 0.7833333333333333 0.7777777777777778 0.7916666666666666 0.7777777777777778 0.7916666666666666 0.7888888888888889 0.8166666666666667 0.8222222222222222 0.8166666666666667 0.8333333333333334 0.8416666666666667 0.8666666666666667 0.875 0.8666666666666667 0.8833333333333333 0.8777777777777778 0.8833333333333333 0.8888888888888888 0.875 0.9 0.9 0.9333333333333333 0.9083333333333333 0.9333333333333333 0.9083333333333333 0.9444444444444444 0.9166666666666666 0.9555555555555556 0.9083333333333333 0.9666666666666667 0.9 0.9555555555555556 0.8833333333333333 0.9555555555555556 0.8666666666666667 0.9333333333333333 0.8666666666666667 0.9222222222222223 0.875 0.9111111111111111 0.8583333333333333 0.8888888888888888 0.85 0.8888888888888888 0.8333333333333334 0.8666666666666667 0.8166666666666667 0.8666666666666667 0.8083333333333333 0.8555555555555555 0.8 0.8555555555555555 0.7583333333333333 0.8 0.7583333333333333 0.7888888888888889 0.75 0.7777777777777778 0.7666666666666667 0.7777777777777778 0.775 0.7666666666666667
2 0.725 0.6888888888888889 0.7416666666666667 0.6888888888888889 0.75 0.7 0.7583333333333333 0.7 0.7666666666666667 0.7111111111111111 0.7916666666666666 0.7111111111111111 0.8166666666666667 0.7444444444444445 0.825 0.7444444444444445 0.825 0.7555555555555555 0.8333333333333334 0.7666666666666667 0.825 0.7777777777777778 0.8333333333333334 0.7888888888888889 0.8333333333333334 0.8 0.8166666666666667 0.8 0.8083333333333333 0.8111111111111111 0.8083333333333333 0.8444444444444444 0.8 0.8444444444444444 0.7916666666666666 0.8333333333333334 0.7833333333333333 0.8333333333333334 0.7833333333333333 0.8222222222222222 0.7666666666666667 0.8 0.7583333333333333 0.8 0.75 0.7888888888888889 0.75 0.7777777777777778 0.7416666666666667 0.7666666666666667 0.7416666666666667 0.7555555555555555 0.7333333333333333 0.7444444444444445 0.7333333333333333 0.7333333333333333 0.725 0.7222222222222222 0.7333333333333333 0.7111111111111111 0.725 0.7
2 0.7916666666666666 0.7277777777777777 0.016666666666666666 0.03333333333333333
2 0.85 0.7777777777777778 0.8666666666666667 0.7777777777777778 0.875 0.7888888888888889 0.8833333333333333 0.7888888888888889 0.8916666666666667 0.8 0.8916666666666667 0.8222222222222222 0.9 0.8333333333333334 0.9166666666666666 0.8333333333333334 0.9166666666666666 0.8444444444444444 0.9 0.8444444444444444 0.9 0.8333333333333334 0.8916666666666667 0.8222222222222222 0.8833333333333333 0.8222222222222222 0.875 0.8111111111111111 0.8666666666666667 0.8111111111111111 0.85 0.7888888888888889
2 0.55 0.5444444444444444 0.575 0.5444444444444444 0.5916666666666667 0.5666666666666667 0.6 0.5666666666666667 0.6166666666666667 0.5888888888888889 0.6166666666666667 0.6111111111111112 0.625 0.6222222222222222 0.625 0.6666666666666666 0.6083333333333333 0.6666666666666666 0.6 0.6555555555555556 0.6 0.6444444444444445 0.5916666666666667 0.6333333333333333 0.5833333333333334 0.6333333333333333 0.5833333333333334 0.6222222222222222 0.5583333333333333 0.5888888888888889 0.5666666666666667 0.5888888888888889 0.575 0.5777777777777777 0.5583333333333333 0.5555555555555556 0.55 0.5555555555555556
2 0.9583333333333334 0.8888888888888888 0.9916666666666667 0.8888888888888888 0.9916666666666667 0.9111111111111111 0.9833333333333333 0.9111111111111111 0.975 0.9 0.9666666666666667 0.9
2 0.7833333333333333 0.7111111111111111 0.7916666666666666 0.7222222222222222 0.8 0.7222222222222222 0.8166666666666667 0.7444444444444445 0.825 0.7444444444444445 0.85 0.7777777777777778 0.8583333333333333 0.7777777777777778 0.8666666666666667 0.7888888888888889 0.8833333333333333 0.7888888888888889 0.8833333333333333 0.8 0.9083333333333333 0.8333333333333334 0.9166666666666666 0.8333333333333334 0.9166666666666666 0.8555555555555555 0.9083333333333333 0.8555555555555555 0.9 0.8444444444444444 0.8916666666666667 0.8444444444444444 0.8833333333333333 0.8333333333333334 0.875 0.8333333333333334 0.8583333333333333 0.8111111111111111 0.8416666666666667 0.8111111111111111 0.825 0.7888888888888889 0.8166666666666667 0.7888888888888889 0.7916666666666666 0.7555555555555555 0.7916666666666666 0.7333333333333333 0.7833333333333333 0.7222222222222222
2 0.5416666666666666 0.5444444444444444 0.55 0.5333333333333333 0.5583333333333333 0.5333333333333333 0.5666666666666667 0.5444444444444444 0.575 0.5444444444444444 0.5916666666666667 0.5666666666666667 0.625 0.5666666666666667 0.65 0.6 0.6583333333333333 0.6 0.6666666666666666 0.6111111111111112 0.6583333333333333 0.6222222222222222 0.675 0.6444444444444445 0.675 0.6666666666666666 0.6666666666666666 0.6777777777777778 0.675 0.6888888888888889 0.675 0.7 0.6583333333333333 0.7 0.65 0.7111111111111111 0.6416666666666667 0.7 0.6333333333333333 0.7 0.575 0.6222222222222222 0.575 0.6111111111111112 0.5666666666666667 0.6 0.5583333333333333 0.6 0.55 0.5888888888888889 0.5666666666666667 0.5888888888888889 0.575 0.5777777777777777 0.575 0.5666666666666667 0.5666666666666667 0.5555555555555556 0.5583333333333333 0.5666666666666667 0.55 0.5555555555555556