2 0.08834967320261437 0.9355282555282555 0.08954248366013072 0.05221130221130221
2 0.25473856209150325 0.9057493857493857 0.07372549019607842 0.04722358722358722
2 0.3305882352941176 0.8337592137592137 0.08380718954248366 0.06707616707616708
2 0.38588235294117645 0.8100491400491401 0.049166666666666664 0.07972972972972973
2 0.4277287581699346 0.7695823095823097 0.03480392156862745 0.03154791154791155
2 0.49730392156862746 0.7417936117936118 0.05413398692810458 0.0524078624078624
2 0.528578431372549 0.6837100737100736 0.04771241830065359 0.034520884520884525
2 0.5640686274509804 0.6541769041769042 0.046062091503267975 0.019115479115479117
2 0.5800816993464052 0.7972727272727272 0.02723856209150327 0.07054054054054054
2 0.6117810457516341 0.7352088452088452 0.0761111111111111 0.05562653562653563
2 0.6340522875816994 0.6334398034398034 0.04805555555555555 0.0704914004914005
2 0.3344607843137255 0.9751842751842751 0.10246732026143791 0.04963144963144963
2 0.791781045751634 0.8868796068796069 0.10568627450980393 0.07503685503685503
2 0.8079575163398693 0.8418181818181818 0.043627450980392155 0.055896805896805894
2 0.8126633986928105 0.777051597051597 0.02761437908496732 0.04646191646191646
2 0.8455882352941176 0.8059459459459459 0.024493464052287583 0.03331695331695332
2 0.8830555555555555 0.8637837837837838 0.048594771241830065 0.06162162162162162
2 0.8591339869281045 0.92995085995086 0.07334967320261437 0.06832923832923833
2 0.9656862745098039 0.9397051597051597 0.06861111111111111 0.12061425061425063
2 0.9338235294117647 0.7700982800982801 0.05933006535947713 0.0653071253071253
2 0.8876797385620915 0.7094103194103194 0.07236928104575163 0.04766584766584766
2 0.8512091503267974 0.6458476658476658 0.04297385620915033 0.04071253071253071
2 0.7448202614379085 0.7167321867321866 0.044444444444444446 0.06778869778869778
2 0.7350816993464052 0.7488697788697789 0.05401960784313726 0.028329238329238327
2 0.7109803921568627 0.8043488943488943 0.04939542483660131 0.04646191646191646
2 0.27405228758169936 0.7304914004914005 0.06151960784313725 0.03528255528255528
2 0.0336437908496732 0.7837346437346437 0.06362745098039216 0.03800982800982801
2 0.024640522875816993 0.8434398034398034 0.04199346405228758 0.042751842751842746
2 0.1032843137254902 0.8023587223587224 0.04316993464052288 0.02063882063882064
2 0.14522875816993464 0.7122604422604423 0.134281045751634 0.037002457002457