2 0.7960687960687961 0.9771241830065359 0.8132678132678133 0.9803921568627451 0.8304668304668305 0.9918300653594772 0.8304668304668305 0.9983660130718954 0.7813267813267813 0.9983660130718954 0.7788697788697788 0.9967320261437909 0.7542997542997543 0.9983660130718954 0.7542997542997543 0.9934640522875817 0.7592137592137592 0.988562091503268 0.7592137592137592 0.9820261437908496 0.7641277641277642 0.9787581699346405 0.7936117936117936 0.9771241830065359
2 0.28255528255528256 0.8431372549019608 0.28992628992628994 0.8480392156862745 0.28992628992628994 0.8513071895424836 0.2702702702702703 0.8627450980392157 0.25307125307125306 0.869281045751634 0.24324324324324326 0.869281045751634 0.24078624078624078 0.8709150326797386 0.21621621621621623 0.869281045751634 0.21375921375921375 0.8676470588235294 0.21621621621621623 0.8611111111111112 0.23832923832923833 0.8496732026143791 0.25552825552825553 0.8480392156862745 0.2678132678132678 0.8431372549019608 0.2800982800982801 0.8431372549019608
2 0.3955773955773956 0.7941176470588235 0.3955773955773956 0.7990196078431373 0.3882063882063882 0.8071895424836601 0.3882063882063882 0.8120915032679739 0.3832923832923833 0.815359477124183 0.371007371007371 0.8186274509803921 0.3464373464373464 0.8186274509803921 0.3415233415233415 0.8169934640522876 0.33906633906633904 0.8120915032679739 0.343980343980344 0.8088235294117647 0.3464373464373464 0.8022875816993464 0.36855036855036855 0.795751633986928 0.3931203931203931 0.7941176470588235
2 0.457002457002457 0.7058823529411765 0.4643734643734644 0.7107843137254902 0.457002457002457 0.7173202614379085 0.44963144963144963 0.7189542483660131 0.4250614250614251 0.7189542483660131 0.4176904176904177 0.7156862745098039 0.4201474201474201 0.7107843137254902 0.4275184275184275 0.7075163398692811 0.44963144963144963 0.7075163398692811 0.45454545454545453 0.7058823529411765
2 0.8157248157248157 0.7777777777777778 0.8230958230958231 0.7826797385620915 0.8230958230958231 0.7892156862745098 0.8181818181818182 0.7924836601307189 0.7960687960687961 0.7973856209150327 0.7862407862407862 0.795751633986928 0.7813267813267813 0.7924836601307189 0.7788697788697788 0.7892156862745098 0.7813267813267813 0.7794117647058824 0.7936117936117936 0.7728758169934641 0.8058968058968059 0.7728758169934641 0.8132678132678133 0.7777777777777778
2 0.7911547911547911 0.7434640522875817 0.800982800982801 0.7467320261437909 0.800982800982801 0.7516339869281046 0.7837837837837838 0.7598039215686274 0.7592137592137592 0.7581699346405228 0.7567567567567568 0.7532679738562091 0.7714987714987716 0.7434640522875817 0.7886977886977887 0.7434640522875817
2 0.10319410319410319 0.9673202614379085 0.11302211302211303 0.9705882352941176 0.11547911547911548 0.9738562091503268 0.11302211302211303 0.9787581699346405 0.10810810810810811 0.9820261437908496 0.10319410319410319 0.9820261437908496 0.085995085995086 0.988562091503268 0.07125307125307126 0.9983660130718954 0.007371007371007371 0.9983660130718954 0.007371007371007371 0.9950980392156863 0.02702702702702703 0.9852941176470589 0.04176904176904177 0.9836601307189542 0.07371007371007371 0.9705882352941176 0.10073710073710074 0.9673202614379085
2 0.8132678132678133 0.7107843137254902 0.8402948402948403 0.7189542483660131 0.8402948402948403 0.7254901960784313 0.8378378378378378 0.7271241830065359 0.8083538083538083 0.7271241830065359 0.7960687960687961 0.7156862745098039 0.800982800982801 0.7124183006535948 0.8108108108108109 0.7107843137254902
2 0.2628992628992629 0.8921568627450981 0.26535626535626533 0.8937908496732027 0.25307125307125306 0.9084967320261438 0.25061425061425063 0.9183006535947712 0.23832923832923833 0.9264705882352942 0.21867321867321868 0.9313725490196079 0.20147420147420148 0.9297385620915033 0.19164619164619165 0.9264705882352942 0.19164619164619165 0.9215686274509803 0.20393120393120392 0.9117647058823529 0.20147420147420148 0.9084967320261438 0.20393120393120392 0.9035947712418301 0.22604422604422605 0.9003267973856209 0.24815724815724816 0.8921568627450981 0.26044226044226043 0.8921568627450981
2 0.40540540540540543 0.7679738562091504 0.40786240786240785 0.7679738562091504 0.40540540540540543 0.7712418300653595 0.3955773955773956 0.7728758169934641 0.3832923832923833 0.7794117647058824 0.37346437346437344 0.7794117647058824 0.371007371007371 0.7810457516339869 0.35135135135135137 0.7810457516339869 0.3464373464373464 0.7794117647058824 0.343980343980344 0.7777777777777778 0.3464373464373464 0.7745098039215687 0.371007371007371 0.7647058823529411 0.39803439803439805 0.7630718954248366 0.40294840294840295 0.7663398692810458
2 0.8058968058968059 0.8594771241830066 0.8132678132678133 0.8643790849673203 0.8157248157248157 0.869281045751634 0.8058968058968059 0.8774509803921569 0.7936117936117936 0.880718954248366 0.7714987714987716 0.880718954248366 0.7592137592137592 0.8725490196078431 0.7665847665847666 0.8660130718954249 0.7714987714987716 0.8562091503267973 0.7985257985257985 0.8562091503267973 0.8034398034398035 0.8594771241830066
2 0.4692874692874693 0.7303921568627451 0.47665847665847666 0.7336601307189542 0.47665847665847666 0.738562091503268 0.4742014742014742 0.7418300653594772 0.4643734643734644 0.7450980392156863 0.43734643734643736 0.7450980392156863 0.43243243243243246 0.7401960784313726 0.4348894348894349 0.7352941176470589 0.44226044226044225 0.7320261437908496 0.4668304668304668 0.7303921568627451
2 0.7174447174447175 0.9133986928104575 0.7346437346437347 0.9183006535947712 0.7371007371007371 0.9248366013071896 0.7174447174447175 0.9330065359477124 0.7199017199017199 0.9444444444444444 0.714987714987715 0.9493464052287581 0.7027027027027027 0.9558823529411765 0.6928746928746928 0.9558823529411765 0.6904176904176904 0.9575163398692811 0.6732186732186732 0.9575163398692811 0.6707616707616708 0.9558823529411765 0.6584766584766585 0.946078431372549 0.6609336609336609 0.9362745098039216 0.6781326781326781 0.9183006535947712 0.687960687960688 0.9133986928104575 0.714987714987715 0.9133986928104575
2 0.7272727272727273 0.8104575163398693 0.7272727272727273 0.8137254901960784 0.7346437346437347 0.8218954248366013 0.7371007371007371 0.8366013071895425 0.7248157248157249 0.8447712418300654 0.7051597051597052 0.8447712418300654 0.6805896805896806 0.8366013071895425 0.6805896805896806 0.8316993464052288 0.687960687960688 0.8218954248366013 0.7076167076167076 0.815359477124183 0.714987714987715 0.815359477124183 0.7248157248157249 0.8104575163398693
2 0.4556756756756757 0.6479901960784313 0.059557739557739554 0.05348039215686274
2 0.44302211302211303 0.5956209150326797 0.09975429975429975 0.01954248366013072
2 0.580958230958231 0.5686274509803921 0.12174447174447174 0.0636111111111111
2 0.5174938574938575 0.5168790849673203 0.08488943488943489 0.05815359477124184
2 0.4089434889434889 0.5457352941176471 0.0561916461916462 0.09950980392156862