2 0.1334967320261438 0.873921568627451 0.04547385620915032 0.04240196078431373
2 0.11642156862745098 0.7476470588235294 0.03673202614379085 0.06218137254901961
2 0.1141830065359477 0.6543137254901961 0.057696078431372554 0.06066176470588235
2 0.12730392156862744 0.5875735294117647 0.051258169934640524 0.03068627450980392
2 0.12954248366013071 0.5260539215686274 0.030294117647058822 0.054681372549019606
2 0.16338235294117645 0.5237009803921568 0.02534313725490196 0.0445343137254902
2 0.18400326797385622 0.4875490196078431 0.03031045751633987 0.037598039215686274
2 0.20669934640522875 0.4512745098039216 0.02122549019607843 0.0358578431372549
2 0.14637254901960783 0.9708823529411765 0.049444444444444444 0.05654411764705882
2 0.22165032679738564 0.9239460784313727 0.047483660130718953 0.06620098039215687
2 0.28263071895424835 0.9432598039215687 0.02784313725490196 0.07213235294117647
2 0.39166666666666666 0.9808333333333333 0.06071895424836601 0.03833333333333334
2 0.4566176470588235 0.9327450980392157 0.05627450980392156 0.023848039215686276
2 0.48245098039215684 0.8860539215686274 0.0244281045751634 0.023088235294117646
2 0.5136437908496733 0.8769117647058823 0.021454248366013073 0.026568627450980393
2 0.526437908496732 0.8385294117647059 0.028888888888888888 0.004264705882352941
2 0.5318790849673203 0.8168627450980391 0.017990196078431372 0.042647058823529406
2 0.5533496732026143 0.7901225490196079 0.024607843137254903 0.021838235294117648
2 0.5912254901960784 0.7550735294117646 0.03137254901960784 0.022573529411764708
2 0.39429738562091504 0.6213725490196079 0.02241830065359477 0.027475490196078433
2 0.40990196078431373 0.5781617647058823 0.020947712418300655 0.04455882352941176
2 0.426078431372549 0.5369362745098039 0.03150326797385621 0.032892156862745096
2 0.4304575163398693 0.5082107843137255 0.029362745098039215 0.04080882352941176
2 0.6282843137254902 0.7185539215686275 0.03650326797385621 0.031225490196078433
2 0.6399183006535948 0.7577941176470588 0.0561437908496732 0.017107843137254903
2 0.6638562091503267 0.673357843137255 0.03138888888888889 0.022549019607843137
2 0.6796241830065359 0.5928921568627451 0.022973856209150326 0.024999999999999998
2 0.5719934640522876 0.9160294117647059 0.04011437908496732 0.01764705882352941
2 0.596421568627451 0.9054901960784314 0.03088235294117647 0.023848039215686276
2 0.632826797385621 0.8922549019607844 0.02741830065359477 0.035490196078431374