2 0.7230392156862745 0.8643790849673203 0.7426470588235294 0.8774509803921569 0.7450980392156863 0.8823529411764706 0.7279411764705882 0.8856209150326797 0.7230392156862745 0.8839869281045751 0.7132352941176471 0.8856209150326797 0.7107843137254902 0.8839869281045751 0.678921568627451 0.8823529411764706 0.6764705882352942 0.8790849673202614 0.678921568627451 0.8758169934640523 0.7009803921568627 0.8709150326797386 0.7132352941176471 0.8643790849673203 0.7205882352941176 0.8643790849673203
2 0.5833333333333334 0.7238562091503268 0.6029411764705882 0.7287581699346405 0.6029411764705882 0.7336601307189542 0.5955882352941176 0.7369281045751634 0.5833333333333334 0.7369281045751634 0.571078431372549 0.7336601307189542 0.571078431372549 0.7254901960784313 0.5808823529411765 0.7238562091503268
2 0.6372549019607843 0.738562091503268 0.6470588235294118 0.7401960784313726 0.6642156862745098 0.7549019607843137 0.6617647058823529 0.7581699346405228 0.6470588235294118 0.761437908496732 0.6495098039215687 0.7663398692810458 0.6519607843137255 0.7647058823529411 0.6642156862745098 0.7647058823529411 0.6691176470588235 0.761437908496732 0.6862745098039216 0.7630718954248366 0.7156862745098039 0.7712418300653595 0.7426470588235294 0.7843137254901961 0.7598039215686274 0.7843137254901961 0.7696078431372549 0.7859477124183006 0.7745098039215687 0.7892156862745098 0.7745098039215687 0.7908496732026143 0.7647058823529411 0.7908496732026143 0.7622549019607843 0.7924836601307189 0.7426470588235294 0.7924836601307189 0.7401960784313726 0.7908496732026143 0.7279411764705882 0.7908496732026143 0.7132352941176471 0.7941176470588235 0.7083333333333334 0.7924836601307189 0.696078431372549 0.7990196078431373 0.7034313725490197 0.803921568627451 0.7181372549019608 0.8055555555555556 0.7303921568627451 0.8120915032679739 0.7303921568627451 0.8300653594771242 0.7254901960784313 0.8284313725490197 0.7156862745098039 0.8333333333333334 0.7205882352941176 0.8398692810457516 0.7303921568627451 0.8447712418300654 0.7279411764705882 0.8513071895424836 0.7303921568627451 0.8545751633986928 0.7401960784313726 0.8578431372549019 0.7573529411764706 0.8578431372549019 0.7671568627450981 0.8611111111111112 0.7745098039215687 0.8611111111111112 0.7916666666666666 0.8660130718954249 0.7965686274509803 0.869281045751634 0.7965686274509803 0.8725490196078431 0.7843137254901961 0.8774509803921569 0.7769607843137255 0.8758169934640523 0.7647058823529411 0.8774509803921569 0.7598039215686274 0.8758169934640523 0.7524509803921569 0.880718954248366 0.7524509803921569 0.8872549019607843 0.7794117647058824 0.8970588235294118 0.7818627450980392 0.9003267973856209 0.7720588235294118 0.9003267973856209 0.7622549019607843 0.9052287581699346 0.7475490196078431 0.9084967320261438 0.7598039215686274 0.9183006535947712 0.7622549019607843 0.9313725490196079 0.7549019607843137 0.934640522875817 0.75 0.9444444444444444 0.7426470588235294 0.9493464052287581 0.6666666666666666 0.9493464052287581 0.6495098039215687 0.9411764705882353 0.6495098039215687 0.9362745098039216 0.6593137254901961 0.9264705882352942 0.6593137254901961 0.923202614379085 0.6519607843137255 0.9183006535947712 0.6593137254901961 0.9183006535947712 0.6691176470588235 0.9117647058823529 0.6715686274509803 0.9035947712418301 0.678921568627451 0.9003267973856209 0.6838235294117647 0.9019607843137255 0.696078431372549 0.8921568627450981 0.6985294117647058 0.8937908496732027 0.7009803921568627 0.8921568627450981 0.7009803921568627 0.8888888888888888 0.6887254901960784 0.8839869281045751 0.678921568627451 0.8856209150326797 0.6740196078431373 0.8823529411764706 0.6740196078431373 0.8790849673202614 0.6813725490196079 0.8725490196078431 0.678921568627451 0.8676470588235294 0.6740196078431373 0.8643790849673203 0.6666666666666666 0.8660130718954249 0.6593137254901961 0.8611111111111112 0.6421568627450981 0.8578431372549019 0.6397058823529411 0.8545751633986928 0.6446078431372549 0.8431372549019608 0.6299019607843137 0.8349673202614379 0.6421568627450981 0.826797385620915 0.6421568627450981 0.8218954248366013 0.6299019607843137 0.8186274509803921 0.6274509803921569 0.815359477124183 0.6323529411764706 0.8120915032679739 0.6348039215686274 0.8137254901960784 0.6372549019607843 0.8120915032679739 0.6470588235294118 0.8120915032679739 0.6617647058823529 0.8071895424836601 0.6642156862745098 0.8022875816993464 0.6617647058823529 0.8006535947712419 0.6519607843137255 0.8006535947712419 0.6397058823529411 0.8055555555555556 0.6372549019607843 0.803921568627451 0.6274509803921569 0.803921568627451 0.6225490196078431 0.8071895424836601 0.6151960784313726 0.803921568627451 0.6102941176470589 0.8055555555555556 0.5931372549019608 0.803921568627451 0.5931372549019608 0.8006535947712419 0.6053921568627451 0.795751633986928 0.6078431372549019 0.7892156862745098 0.6225490196078431 0.7843137254901961 0.6274509803921569 0.7859477124183006 0.6299019607843137 0.7843137254901961 0.6397058823529411 0.7843137254901961 0.6495098039215687 0.7777777777777778 0.6495098039215687 0.7745098039215687 0.6348039215686274 0.7630718954248366 0.6225490196078431 0.761437908496732 0.6176470588235294 0.7565359477124183 0.6053921568627451 0.7516339869281046 0.6053921568627451 0.7401960784313726 0.6102941176470589 0.7369281045751634 0.6348039215686274 0.738562091503268
2 0.4215686274509804 0.6535947712418301 0.43137254901960786 0.6519607843137255 0.4485294117647059 0.6535947712418301 0.4583333333333333 0.6568627450980392 0.46078431372549017 0.6601307189542484 0.4583333333333333 0.6699346405228758 0.45098039215686275 0.673202614379085 0.44362745098039214 0.673202614379085 0.4362745098039216 0.6715686274509803 0.41911764705882354 0.6601307189542484 0.4215686274509804 0.6552287581699346
2 0.1715686274509804 0.5612745098039216 0.04411764705882353 0.027777777777777776
2 0.7549019607843137 0.8888888888888888 0.7769607843137255 0.8954248366013072 0.7818627450980392 0.8986928104575164 0.7794117647058824 0.9019607843137255 0.7549019607843137 0.9068627450980392 0.7401960784313726 0.9068627450980392 0.7377450980392157 0.9052287581699346 0.7058823529411765 0.9068627450980392 0.6911764705882353 0.9035947712418301 0.6936274509803921 0.8970588235294118 0.7132352941176471 0.8905228758169934 0.7401960784313726 0.8888888888888888 0.7426470588235294 0.8872549019607843 0.7524509803921569 0.8888888888888888
2 0.6372549019607843 0.954248366013072 0.6397058823529411 0.9558823529411765 0.6421568627450981 0.954248366013072 0.6568627450980392 0.9558823529411765 0.678921568627451 0.9656862745098039 0.6813725490196079 0.9689542483660131 0.6740196078431373 0.9738562091503268 0.6495098039215687 0.9787581699346405 0.5955882352941176 0.9771241830065359 0.5808823529411765 0.9738562091503268 0.5759803921568627 0.9705882352941176 0.5759803921568627 0.9640522875816994 0.5784313725490197 0.9624183006535948 0.6029411764705882 0.9591503267973857 0.6102941176470589 0.9558823529411765 0.6348039215686274 0.954248366013072
2 0.35784313725490197 0.6241830065359477 0.3627450980392157 0.6274509803921569 0.3627450980392157 0.630718954248366 0.3553921568627451 0.6339869281045751 0.34068627450980393 0.6323529411764706 0.32598039215686275 0.6258169934640523 0.3284313725490196 0.6209150326797386 0.34558823529411764 0.6209150326797386 0.3553921568627451 0.6241830065359477
2 0.23774509803921567 0.5718954248366013 0.25245098039215685 0.5784313725490197 0.25735294117647056 0.5882352941176471 0.22549019607843138 0.5833333333333334 0.21323529411764705 0.576797385620915 0.21568627450980393 0.5735294117647058 0.23039215686274508 0.5702614379084967 0.23529411764705882 0.5718954248366013
2 0.6568627450980392 0.9836601307189542 0.6862745098039216 0.9820261437908496 0.6936274509803921 0.9852941176470589 0.7107843137254902 0.9869281045751634 0.7230392156862745 0.9918300653594772 0.7303921568627451 0.9918300653594772 0.7352941176470589 0.9934640522875817 0.7377450980392157 0.9983660130718954 0.6299019607843137 0.9983660130718954 0.6323529411764706 0.9918300653594772 0.6372549019607843 0.9918300653594772 0.6421568627450981 0.988562091503268 0.6519607843137255 0.9901960784313726 0.6568627450980392 0.9852941176470589
2 0.6838235294117647 0.8218954248366013 0.6862745098039216 0.8235294117647058 0.7156862745098039 0.8235294117647058 0.7132352941176471 0.8349673202614379 0.7230392156862745 0.8431372549019608 0.7181372549019608 0.8480392156862745 0.7083333333333334 0.8464052287581699 0.7058823529411765 0.8480392156862745 0.6715686274509803 0.8480392156862745 0.6666666666666666 0.8415032679738562 0.6642156862745098 0.8431372549019608 0.6568627450980392 0.8398692810457516 0.6274509803921569 0.8349673202614379 0.6421568627450981 0.8300653594771242 0.6617647058823529 0.8284313725490197 0.6813725490196079 0.8218954248366013
2 0.35784313725490197 0.6372549019607843 0.3700980392156863 0.6356209150326797 0.38480392156862747 0.6421568627450981 0.38235294117647056 0.6470588235294118 0.36764705882352944 0.6470588235294118 0.35784313725490197 0.6437908496732027 0.3553921568627451 0.6405228758169934 0.35784313725490197 0.6388888888888888
2 0.7205882352941176 0.9068627450980392 0.7279411764705882 0.9101307189542484 0.7377450980392157 0.9101307189542484 0.7524509803921569 0.9133986928104575 0.7573529411764706 0.9166666666666666 0.7573529411764706 0.9248366013071896 0.7524509803921569 0.9264705882352942 0.7107843137254902 0.9264705882352942 0.7009803921568627 0.923202614379085 0.6936274509803921 0.9183006535947712 0.6911764705882353 0.9101307189542484 0.7058823529411765 0.9068627450980392 0.7181372549019608 0.9068627450980392
2 0.27328431372549017 0.6078431372549019 0.022058823529411766 0.013071895424836602
2 0.6985294117647058 0.8300653594771242 0.7107843137254902 0.8349673202614379 0.7230392156862745 0.8447712418300654 0.7181372549019608 0.8480392156862745 0.7058823529411765 0.8480392156862745 0.7034313725490197 0.8496732026143791 0.6568627450980392 0.8480392156862745 0.6544117647058824 0.8415032679738562 0.6495098039215687 0.8382352941176471 0.6299019607843137 0.8366013071895425 0.6274509803921569 0.8349673202614379 0.6299019607843137 0.8333333333333334 0.6397058823529411 0.8333333333333334 0.6519607843137255 0.8300653594771242 0.6691176470588235 0.8300653594771242 0.6715686274509803 0.8284313725490197 0.6936274509803921 0.8284313725490197 0.696078431372549 0.8300653594771242
2 0.4485294117647059 0.6535947712418301 0.4534313725490196 0.6568627450980392 0.4583333333333333 0.6568627450980392 0.47058823529411764 0.6650326797385621 0.47794117647058826 0.673202614379085 0.49019607843137253 0.6748366013071896 0.5049019607843137 0.6813725490196079 0.5073529411764706 0.6879084967320261 0.5122549019607843 0.6911764705882353 0.5294117647058824 0.6977124183006536 0.5416666666666666 0.7091503267973857 0.553921568627451 0.7124183006535948 0.5612745098039216 0.7173202614379085 0.5784313725490197 0.7189542483660131 0.5906862745098039 0.7254901960784313 0.5980392156862745 0.7254901960784313 0.6151960784313726 0.7336601307189542 0.6274509803921569 0.7336601307189542 0.6421568627450981 0.7369281045751634 0.678921568627451 0.761437908496732 0.6985294117647058 0.7647058823529411 0.7034313725490197 0.7679738562091504 0.7132352941176471 0.7696078431372549 0.7303921568627451 0.7794117647058824 0.7450980392156863 0.7843137254901961 0.7622549019607843 0.7843137254901961 0.7769607843137255 0.7892156862745098 0.7720588235294118 0.7924836601307189 0.7401960784313726 0.7924836601307189 0.7328431372549019 0.7908496732026143 0.7230392156862745 0.7941176470588235 0.7058823529411765 0.7941176470588235 0.7009803921568627 0.7973856209150327 0.7083333333333334 0.803921568627451 0.7205882352941176 0.8055555555555556 0.7352941176470589 0.8137254901960784 0.7352941176470589 0.8186274509803921 0.7303921568627451 0.8202614379084967 0.7352941176470589 0.8218954248366013 0.7352941176470589 0.8284313725490197 0.7303921568627451 0.8316993464052288 0.7205882352941176 0.8316993464052288 0.7156862745098039 0.8349673202614379 0.7230392156862745 0.8398692810457516 0.7254901960784313 0.8382352941176471 0.7230392156862745 0.8398692810457516 0.7328431372549019 0.8480392156862745 0.7303921568627451 0.8513071895424836 0.7401960784313726 0.8578431372549019 0.7598039215686274 0.8578431372549019 0.7671568627450981 0.8611111111111112 0.7769607843137255 0.8611111111111112 0.7843137254901961 0.8643790849673203 0.7892156862745098 0.8643790849673203 0.7965686274509803 0.869281045751634 0.7965686274509803 0.8725490196078431 0.7843137254901961 0.8790849673202614 0.7769607843137255 0.8774509803921569 0.7647058823529411 0.8790849673202614 0.7598039215686274 0.8774509803921569 0.7549019607843137 0.8823529411764706 0.7671568627450981 0.8921568627450981 0.7794117647058824 0.8954248366013072 0.7843137254901961 0.9003267973856209 0.7720588235294118 0.9019607843137255 0.7573529411764706 0.9084967320261438 0.7573529411764706 0.9150326797385621 0.7647058823529411 0.9248366013071896 0.7647058823529411 0.9330065359477124 0.7598039215686274 0.9330065359477124 0.7549019607843137 0.9362745098039216 0.7524509803921569 0.9428104575163399 0.7401960784313726 0.9509803921568627 0.6985294117647058 0.9493464052287581 0.6911764705882353 0.954248366013072 0.6838235294117647 0.9509803921568627 0.6666666666666666 0.9509803921568627 0.6495098039215687 0.9428104575163399 0.6470588235294118 0.9379084967320261 0.6593137254901961 0.9248366013071896 0.6519607843137255 0.9199346405228758 0.6446078431372549 0.9183006535947712 0.6470588235294118 0.9166666666666666 0.6593137254901961 0.9166666666666666 0.6666666666666666 0.9117647058823529 0.6715686274509803 0.9003267973856209 0.6764705882352942 0.9003267973856209 0.6838235294117647 0.8970588235294118 0.6887254901960784 0.8921568627450981 0.6887254901960784 0.8888888888888888 0.6862745098039216 0.8872549019607843 0.6813725490196079 0.8888888888888888 0.6764705882352942 0.8872549019607843 0.6740196078431373 0.8888888888888888 0.6715686274509803 0.8741830065359477 0.6666666666666666 0.8709150326797386 0.6617647058823529 0.8627450980392157 0.6397058823529411 0.8562091503267973 0.6397058823529411 0.8496732026143791 0.6446078431372549 0.8431372549019608 0.6274509803921569 0.8349673202614379 0.6421568627450981 0.826797385620915 0.6421568627450981 0.8235294117647058 0.6225490196078431 0.8169934640522876 0.6225490196078431 0.8137254901960784 0.6151960784313726 0.8088235294117647 0.6004901960784313 0.8071895424836601 0.5906862745098039 0.803921568627451 0.5906862745098039 0.8006535947712419 0.6029411764705882 0.7941176470588235 0.6053921568627451 0.7892156862745098 0.6225490196078431 0.7826797385620915 0.6372549019607843 0.7810457516339869 0.6421568627450981 0.7745098039215687 0.6397058823529411 0.7728758169934641 0.6372549019607843 0.7745098039215687 0.6323529411764706 0.7663398692810458 0.625 0.7663398692810458 0.6127450980392157 0.7581699346405228 0.6004901960784313 0.7532679738562091 0.5833333333333334 0.738562091503268 0.571078431372549 0.7369281045751634 0.5612745098039216 0.7287581699346405 0.5367647058823529 0.7189542483660131 0.5294117647058824 0.7140522875816994 0.5073529411764706 0.7091503267973857 0.4877450980392157 0.6944444444444444 0.47549019607843135 0.6928104575163399 0.46078431372549017 0.6797385620915033 0.4485294117647059 0.6748366013071896 0.4411764705882353 0.6748366013071896 0.42401960784313725 0.6650326797385621 0.41911764705882354 0.6617647058823529 0.41911764705882354 0.6568627450980392 0.42401960784313725 0.6535947712418301 0.44607843137254904 0.6535947712418301
2 0.7720588235294118 0.8611111111111112 0.7916666666666666 0.8660130718954249 0.7965686274509803 0.869281045751634 0.7965686274509803 0.8725490196078431 0.7916666666666666 0.8741830065359477 0.7598039215686274 0.8725490196078431 0.7401960784313726 0.8676470588235294 0.7352941176470589 0.8643790849673203 0.7352941176470589 0.8611111111111112 0.7426470588235294 0.8578431372549019 0.7549019607843137 0.8578431372549019 0.7696078431372549 0.8611111111111112
2 0.6911764705882353 0.923202614379085 0.6985294117647058 0.9264705882352942 0.7156862745098039 0.9281045751633987 0.7230392156862745 0.9313725490196079 0.7352941176470589 0.9313725490196079 0.7450980392156863 0.9379084967320261 0.7426470588235294 0.9444444444444444 0.7303921568627451 0.9477124183006536 0.6666666666666666 0.9477124183006536 0.6568627450980392 0.946078431372549 0.6495098039215687 0.9395424836601307 0.6519607843137255 0.934640522875817 0.6764705882352942 0.9248366013071896 0.6887254901960784 0.9248366013071896
2 0.6593137254901961 0.8447712418300654 0.6617647058823529 0.8464052287581699 0.6715686274509803 0.8447712418300654 0.6764705882352942 0.8496732026143791 0.6936274509803921 0.8496732026143791 0.6985294117647058 0.8447712418300654 0.7009803921568627 0.8513071895424836 0.7107843137254902 0.8578431372549019 0.7083333333333334 0.8611111111111112 0.7034313725490197 0.8627450980392157 0.6691176470588235 0.8627450980392157 0.6666666666666666 0.8611111111111112 0.6470588235294118 0.8594771241830066 0.6421568627450981 0.8545751633986928 0.6495098039215687 0.8480392156862745 0.6568627450980392 0.8464052287581699