2 0.2769607843137255 0.8447712418300654 0.28921568627450983 0.8513071895424836 0.30637254901960786 0.8529411764705882 0.3112745098039216 0.8562091503267973 0.3235294117647059 0.8594771241830066 0.33088235294117646 0.8643790849673203 0.3382352941176471 0.8660130718954249 0.34558823529411764 0.8725490196078431 0.34558823529411764 0.8758169934640523 0.34068627450980393 0.880718954248366 0.3284313725490196 0.8872549019607843 0.32598039215686275 0.8970588235294118 0.32107843137254904 0.9035947712418301 0.3112745098039216 0.9084967320261438 0.27941176470588236 0.9084967320261438 0.25 0.9035947712418301 0.24019607843137256 0.9068627450980392 0.21568627450980393 0.9084967320261438 0.21323529411764705 0.9068627450980392 0.20098039215686275 0.9068627450980392 0.18872549019607843 0.9019607843137255 0.18627450980392157 0.8986928104575164 0.19117647058823528 0.8856209150326797 0.18382352941176472 0.8741830065359477 0.18382352941176472 0.8627450980392157 0.19362745098039216 0.8480392156862745 0.19852941176470587 0.8480392156862745 0.22058823529411764 0.8398692810457516 0.23774509803921567 0.8398692810457516 0.25980392156862747 0.8447712418300654 0.27450980392156865 0.8447712418300654
2 0.25735294117647056 0.8447712418300654 0.2696078431372549 0.8480392156862745 0.2769607843137255 0.8529411764705882 0.27941176470588236 0.8611111111111112 0.25980392156862747 0.8856209150326797 0.25980392156862747 0.8954248366013072 0.2426470588235294 0.9052287581699346 0.22058823529411764 0.9052287581699346 0.2181372549019608 0.9035947712418301 0.21568627450980393 0.9052287581699346 0.20588235294117646 0.9035947712418301 0.2034313725490196 0.9052287581699346 0.18872549019607843 0.9003267973856209 0.19117647058823528 0.8790849673202614 0.18382352941176472 0.8709150326797386 0.18382352941176472 0.8660130718954249 0.21323529411764705 0.8447712418300654 0.22303921568627452 0.8415032679738562 0.24019607843137256 0.8415032679738562 0.2549019607843137 0.8447712418300654
2 0.3897058823529412 0.6650326797385621 0.39215686274509803 0.6666666666666666 0.4117647058823529 0.6650326797385621 0.4215686274509804 0.6699346405228758 0.43137254901960786 0.6683006535947712 0.4411764705882353 0.6748366013071896 0.4534313725490196 0.6781045751633987 0.4583333333333333 0.6830065359477124 0.4681372549019608 0.684640522875817 0.4730392156862745 0.6895424836601307 0.48284313725490197 0.6911764705882353 0.4852941176470588 0.696078431372549 0.48284313725490197 0.7058823529411765 0.4730392156862745 0.7107843137254902 0.4681372549019608 0.7107843137254902 0.46078431372549017 0.7156862745098039 0.4485294117647059 0.7189542483660131 0.43137254901960786 0.7140522875816994 0.4166666666666667 0.7140522875816994 0.40931372549019607 0.7107843137254902 0.39705882352941174 0.7091503267973857 0.38235294117647056 0.704248366013072 0.3602941176470588 0.6911764705882353 0.3602941176470588 0.6797385620915033 0.3627450980392157 0.6764705882352942 0.37745098039215685 0.6666666666666666 0.3872549019607843 0.6650326797385621
2 0.39950980392156865 0.7843137254901961 0.40931372549019607 0.7892156862745098 0.41421568627450983 0.7892156862745098 0.4215686274509804 0.795751633986928 0.41911764705882354 0.7990196078431373 0.4215686274509804 0.8006535947712419 0.4485294117647059 0.8071895424836601 0.4730392156862745 0.8202614379084967 0.48284313725490197 0.8284313725490197 0.4852941176470588 0.8349673202614379 0.47549019607843135 0.8382352941176471 0.46568627450980393 0.8382352941176471 0.45588235294117646 0.8415032679738562 0.4485294117647059 0.8480392156862745 0.43137254901960786 0.8529411764705882 0.4019607843137255 0.8529411764705882 0.39705882352941174 0.8513071895424836 0.3946078431372549 0.8529411764705882 0.37745098039215685 0.8529411764705882 0.375 0.8545751633986928 0.35049019607843135 0.8545751633986928 0.3480392156862745 0.8562091503267973 0.3480392156862745 0.8660130718954249 0.32598039215686275 0.8513071895424836 0.3112745098039216 0.8496732026143791 0.29901960784313725 0.8447712418300654 0.2965686274509804 0.8415032679738562 0.2965686274509804 0.8382352941176471 0.30637254901960786 0.8300653594771242 0.3112745098039216 0.8186274509803921 0.3088235294117647 0.8055555555555556 0.31862745098039214 0.7973856209150327 0.32598039215686275 0.7973856209150327 0.3284313725490196 0.8022875816993464 0.33578431372549017 0.8055555555555556 0.3553921568627451 0.8022875816993464 0.36519607843137253 0.7990196078431373 0.375 0.7924836601307189 0.37745098039215685 0.7875816993464052 0.39705882352941174 0.7843137254901961
2 0.46078431372549017 0.7271241830065359 0.46568627450980393 0.7271241830065359 0.47794117647058826 0.7352941176470589 0.48284313725490197 0.7418300653594772 0.48284313725490197 0.75 0.4730392156862745 0.7549019607843137 0.4681372549019608 0.7549019607843137 0.4534313725490196 0.75 0.44607843137254904 0.7450980392156863 0.4411764705882353 0.7450980392156863 0.4411764705882353 0.7369281045751634 0.46078431372549017 0.7287581699346405
2 0.1642156862745098 0.9591503267973857 0.1715686274509804 0.9526143790849673 0.19852941176470587 0.9411764705882353 0.2181372549019608 0.9379084967320261 0.23529411764705882 0.9379084967320261 0.24509803921568626 0.9493464052287581 0.24509803921568626 0.9526143790849673 0.23039215686274508 0.9607843137254902 0.22303921568627452 0.9738562091503268 0.21568627450980393 0.9771241830065359 0.20098039215686275 0.9787581699346405 0.18627450980392157 0.9689542483660131 0.18137254901960784 0.9689542483660131 0.16911764705882354 0.9640522875816994 0.16666666666666666 0.9607843137254902
2 0.5171568627450981 0.5408496732026143 0.553921568627451 0.5490196078431373 0.5588235294117647 0.5522875816993464 0.5661764705882353 0.5604575163398693 0.5661764705882353 0.5702614379084967 0.5563725490196079 0.5718954248366013 0.5367647058823529 0.5718954248366013 0.5073529411764706 0.5669934640522876 0.4877450980392157 0.5571895424836601 0.4852941176470588 0.5490196078431373 0.5 0.5424836601307189 0.5147058823529411 0.5408496732026143
2 0.4411764705882353 0.553921568627451 0.45588235294117646 0.5555555555555556 0.4681372549019608 0.5686274509803921 0.46568627450980393 0.5751633986928104 0.4534313725490196 0.5751633986928104 0.4387254901960784 0.5702614379084967 0.4387254901960784 0.5571895424836601 0.4411764705882353 0.5555555555555556
2 0.39215686274509803 0.6062091503267973 0.40441176470588236 0.6127450980392157 0.4068627450980392 0.6176470588235294 0.4019607843137255 0.630718954248366 0.39705882352941174 0.6339869281045751 0.3799019607843137 0.6290849673202614 0.36764705882352944 0.619281045751634 0.36764705882352944 0.6127450980392157 0.375 0.6045751633986928 0.3872549019607843 0.6045751633986928 0.3897058823529412 0.6062091503267973
2 0.23774509803921567 0.9379084967320261 0.24754901960784315 0.9493464052287581 0.24754901960784315 0.9526143790849673 0.23039215686274508 0.9624183006535948 0.22794117647058823 0.9705882352941176 0.21568627450980393 0.9787581699346405 0.2107843137254902 0.9787581699346405 0.20588235294117646 0.9820261437908496 0.20833333333333334 0.9869281045751634 0.19852941176470587 0.9934640522875817 0.19117647058823528 0.9950980392156863 0.18872549019607843 0.9934640522875817 0.18627450980392157 0.9950980392156863 0.16911764705882354 0.9950980392156863 0.16666666666666666 0.9934640522875817 0.13970588235294118 0.9983660130718954 0.07352941176470588 0.9983660130718954 0.07352941176470588 0.9918300653594772 0.08088235294117647 0.9918300653594772 0.09558823529411764 0.9852941176470589 0.1323529411764706 0.9820261437908496 0.14460784313725492 0.9689542483660131 0.15441176470588236 0.9640522875816994 0.15931372549019607 0.9591503267973857 0.15931372549019607 0.9558823529411765 0.18137254901960784 0.9444444444444444 0.22058823529411764 0.9362745098039216 0.23284313725490197 0.9362745098039216 0.23529411764705882 0.9379084967320261
2 0.4632352941176471 0.6372549019607843 0.46568627450980393 0.6388888888888888 0.5171568627450981 0.6437908496732027 0.5392156862745098 0.6617647058823529 0.5416666666666666 0.6650326797385621 0.5416666666666666 0.6748366013071896 0.5367647058823529 0.6781045751633987 0.5024509803921569 0.6797385620915033 0.5 0.6813725490196079 0.4730392156862745 0.6797385620915033 0.46568627450980393 0.6764705882352942 0.4485294117647059 0.6764705882352942 0.4411764705882353 0.6715686274509803 0.42401960784313725 0.6715686274509803 0.4215686274509804 0.6683006535947712 0.4166666666666667 0.6683006535947712 0.4117647058823529 0.6650326797385621 0.4068627450980392 0.6584967320261438 0.4068627450980392 0.6519607843137255 0.41421568627450983 0.6470588235294118 0.4387254901960784 0.6388888888888888 0.46078431372549017 0.6372549019607843
2 0.5815931372549019 0.46624183006535946 0.11737745098039216 0.060359477124183006
2 0.6356127450980392 0.4160947712418301 0.05387254901960784 0.04178104575163399