2 0.553921568627451 0.8480392156862745 0.5588235294117647 0.8406862745098039 0.576797385620915 0.8333333333333334 0.5980392156862745 0.8333333333333334 0.5996732026143791 0.8382352941176471 0.5898692810457516 0.8480392156862745 0.576797385620915 0.8529411764705882 0.5604575163398693 0.8529411764705882 0.5555555555555556 0.8480392156862745
2 0.619281045751634 0.9019607843137255 0.6209150326797386 0.9068627450980392 0.6176470588235294 0.9117647058823529 0.6013071895424836 0.9142156862745098 0.5996732026143791 0.9166666666666666 0.5866013071895425 0.9166666666666666 0.5833333333333334 0.9142156862745098 0.5882352941176471 0.9044117647058824 0.5947712418300654 0.8995098039215687 0.6160130718954249 0.8995098039215687 0.6176470588235294 0.9019607843137255
2 0.7434640522875817 0.8578431372549019 0.75 0.8455882352941176 0.7679738562091504 0.8382352941176471 0.7794117647058824 0.8382352941176471 0.7875816993464052 0.8529411764705882 0.7843137254901961 0.8602941176470589 0.7712418300653595 0.8651960784313726 0.7598039215686274 0.8651960784313726 0.7549019607843137 0.8602941176470589 0.7450980392156863 0.8578431372549019
2 0.6437908496732027 0.6470588235294118 0.6486928104575164 0.6519607843137255 0.6503267973856209 0.6593137254901961 0.6503267973856209 0.6666666666666666 0.6454248366013072 0.6715686274509803 0.630718954248366 0.6691176470588235 0.6241830065359477 0.6642156862745098 0.6258169934640523 0.6544117647058824 0.630718954248366 0.6495098039215687 0.6388888888888888 0.6446078431372549 0.6421568627450981 0.6470588235294118
2 0.8398692810457516 0.9632352941176471 0.8415032679738562 0.9730392156862745 0.8382352941176471 0.9779411764705882 0.8169934640522876 0.9877450980392157 0.8104575163398693 0.9877450980392157 0.795751633986928 0.9975490196078431 0.761437908496732 0.9975490196078431 0.761437908496732 0.9901960784313726 0.7777777777777778 0.9803921568627451 0.7892156862745098 0.9779411764705882 0.7990196078431373 0.9681372549019608 0.8088235294117647 0.9632352941176471 0.8169934640522876 0.9632352941176471 0.8186274509803921 0.9607843137254902 0.8366013071895425 0.9607843137254902 0.8382352941176471 0.9632352941176471
2 0.5130718954248366 0.5024509803921569 0.5147058823529411 0.5049019607843137 0.5130718954248366 0.5122549019607843 0.5049019607843137 0.5245098039215687 0.47549019607843135 0.5196078431372549 0.4738562091503268 0.5122549019607843 0.48366013071895425 0.49754901960784315 0.5016339869281046 0.49754901960784315 0.511437908496732 0.5024509803921569
2 0.6127450980392157 0.7647058823529411 0.6143790849673203 0.7671568627450981 0.630718954248366 0.7671568627450981 0.6323529411764706 0.7647058823529411 0.6372549019607843 0.7671568627450981 0.6421568627450981 0.7745098039215687 0.6241830065359477 0.7769607843137255 0.5947712418300654 0.7892156862745098 0.5866013071895425 0.7867647058823529 0.5866013071895425 0.7818627450980392 0.6045751633986928 0.7622549019607843 0.6111111111111112 0.7647058823529411
2 0.7810457516339869 0.9166666666666666 0.7826797385620915 0.9215686274509803 0.7794117647058824 0.9264705882352942 0.7794117647058824 0.9313725490196079 0.7598039215686274 0.9411764705882353 0.7467320261437909 0.9387254901960784 0.7467320261437909 0.9338235294117647 0.75 0.928921568627451 0.7712418300653595 0.9166666666666666 0.7794117647058824 0.9166666666666666
2 0.7777777777777778 0.7965686274509803 0.8022875816993464 0.8063725490196079 0.8022875816993464 0.8088235294117647 0.7941176470588235 0.8137254901960784 0.7565359477124183 0.8112745098039216 0.7532679738562091 0.8063725490196079 0.7549019607843137 0.7990196078431373 0.7761437908496732 0.7965686274509803
2 0.5310457516339869 0.8995098039215687 0.5343137254901961 0.8946078431372549 0.5424836601307189 0.8897058823529411 0.5522875816993464 0.8897058823529411 0.5620915032679739 0.8848039215686274 0.5784313725490197 0.8872549019607843 0.5800653594771242 0.8897058823529411 0.576797385620915 0.8970588235294118 0.5637254901960784 0.9044117647058824 0.5375816993464052 0.9068627450980392 0.5326797385620915 0.9019607843137255
2 0.8235294117647058 0.8676470588235294 0.8235294117647058 0.8725490196078431 0.8202614379084967 0.8774509803921569 0.8022875816993464 0.8799019607843137 0.8006535947712419 0.8823529411764706 0.7924836601307189 0.8799019607843137 0.7924836601307189 0.8725490196078431 0.7973856209150327 0.8676470588235294 0.803921568627451 0.8676470588235294 0.8055555555555556 0.8651960784313726 0.8202614379084967 0.8651960784313726 0.8218954248366013 0.8676470588235294
2 0.44281045751633985 0.49754901960784315 0.4444444444444444 0.49264705882352944 0.44281045751633985 0.47794117647058826 0.44607843137254904 0.4730392156862745 0.45588235294117646 0.47058823529411764 0.46405228758169936 0.4632352941176471 0.47875816993464054 0.4681372549019608 0.48366013071895425 0.47794117647058826 0.48366013071895425 0.49019607843137253 0.477124183006536 0.49754901960784315 0.47058823529411764 0.49754901960784315 0.46895424836601307 0.5 0.46568627450980393 0.49754901960784315 0.45751633986928103 0.5024509803921569 0.4493464052287582 0.5024509803921569 0.4444444444444444 0.49754901960784315
2 0.5343137254901961 0.5171568627450981 0.5408496732026143 0.5196078431372549 0.5506535947712419 0.5294117647058824 0.545751633986928 0.5367647058823529 0.5326797385620915 0.5441176470588235 0.5245098039215687 0.5392156862745098 0.5212418300653595 0.5343137254901961 0.5212418300653595 0.5269607843137255 0.5326797385620915 0.5171568627450981
2 0.5588235294117647 0.5588235294117647 0.5669934640522876 0.571078431372549 0.5669934640522876 0.5784313725490197 0.5588235294117647 0.5857843137254902 0.5490196078431373 0.5857843137254902 0.5392156862745098 0.5784313725490197 0.5310457516339869 0.5759803921568627 0.5424836601307189 0.5588235294117647 0.5473856209150327 0.5563725490196079 0.5555555555555556 0.5563725490196079 0.5571895424836601 0.5588235294117647
2 0.7761437908496732 0.7303921568627451 0.7810457516339869 0.7328431372549019 0.7859477124183006 0.7401960784313726 0.7810457516339869 0.7450980392156863 0.7647058823529411 0.7475490196078431 0.7630718954248366 0.75 0.75 0.7475490196078431 0.7483660130718954 0.7450980392156863 0.7369281045751634 0.7475490196078431 0.7369281045751634 0.7426470588235294 0.7401960784313726 0.7377450980392157 0.75 0.7328431372549019 0.7745098039215687 0.7303921568627451
2 0.7598039215686274 0.7720588235294118 0.7647058823529411 0.7769607843137255 0.7647058823529411 0.7818627450980392 0.7549019607843137 0.7892156862745098 0.7483660130718954 0.7892156862745098 0.7467320261437909 0.7916666666666666 0.7303921568627451 0.7916666666666666 0.7287581699346405 0.7892156862745098 0.7303921568627451 0.7818627450980392 0.7336601307189542 0.7769607843137255 0.7434640522875817 0.7720588235294118 0.7581699346405228 0.7720588235294118
2 0.43137254901960786 0.45098039215686275 0.4362745098039216 0.4534313725490196 0.44281045751633985 0.46568627450980393 0.44281045751633985 0.47058823529411764 0.4395424836601307 0.47549019607843135 0.41830065359477125 0.47549019607843135 0.41013071895424835 0.4681372549019608 0.4166666666666667 0.4583333333333333 0.4297385620915033 0.45098039215686275
2 0.7859477124183006 0.9313725490196079 0.7859477124183006 0.9264705882352942 0.7908496732026143 0.9191176470588235 0.7990196078431373 0.9142156862745098 0.8202614379084967 0.9142156862745098 0.8218954248366013 0.9240196078431373 0.815359477124183 0.9313725490196079 0.8071895424836601 0.9313725490196079 0.8055555555555556 0.9338235294117647 0.7892156862745098 0.9338235294117647 0.7875816993464052 0.9313725490196079
2 0.5849673202614379 0.8578431372549019 0.5931372549019608 0.8651960784313726 0.5898692810457516 0.8700980392156863 0.5800653594771242 0.875 0.5555555555555556 0.875 0.5522875816993464 0.8700980392156863 0.5604575163398693 0.8602941176470589 0.5833333333333334 0.8578431372549019
2 0.39869281045751637 0.4215686274509804 0.40522875816993464 0.4338235294117647 0.40032679738562094 0.4411764705882353 0.39052287581699346 0.4411764705882353 0.3839869281045752 0.4362745098039216 0.3839869281045752 0.43137254901960786 0.39052287581699346 0.41911764705882354 0.39705882352941174 0.4215686274509804
2 0.5604575163398693 0.47058823529411764 0.5686274509803921 0.4730392156862745 0.5800653594771242 0.49019607843137253 0.5718954248366013 0.49019607843137253 0.5686274509803921 0.4950980392156863 0.5686274509803921 0.5 0.5637254901960784 0.5049019607843137 0.565359477124183 0.5098039215686274 0.5702614379084967 0.5098039215686274 0.5735294117647058 0.5049019607843137 0.576797385620915 0.5049019607843137 0.5915032679738562 0.5122549019607843 0.5915032679738562 0.5220588235294118 0.5882352941176471 0.5294117647058824 0.5898692810457516 0.5343137254901961 0.5947712418300654 0.5367647058823529 0.5996732026143791 0.5343137254901961 0.6029411764705882 0.5367647058823529 0.6078431372549019 0.5318627450980392 0.6111111111111112 0.5318627450980392 0.6160130718954249 0.5367647058823529 0.6143790849673203 0.5392156862745098 0.6111111111111112 0.5343137254901961 0.6045751633986928 0.5343137254901961 0.6029411764705882 0.5367647058823529 0.5980392156862745 0.5343137254901961 0.5931372549019608 0.5367647058823529 0.5866013071895425 0.5465686274509803 0.5751633986928104 0.5490196078431373 0.5735294117647058 0.5563725490196079 0.565359477124183 0.5661764705882353 0.5686274509803921 0.5735294117647058 0.5735294117647058 0.5686274509803921 0.5735294117647058 0.5637254901960784 0.576797385620915 0.5686274509803921 0.5800653594771242 0.5612745098039216 0.5915032679738562 0.5637254901960784 0.5931372549019608 0.5588235294117647 0.5996732026143791 0.5588235294117647 0.6094771241830066 0.5661764705882353 0.619281045751634 0.5661764705882353 0.6160130718954249 0.5661764705882353 0.6127450980392157 0.571078431372549 0.619281045751634 0.5735294117647058 0.6274509803921569 0.5661764705882353 0.6290849673202614 0.5563725490196079 0.6339869281045751 0.5514705882352942 0.630718954248366 0.5490196078431373 0.6388888888888888 0.5465686274509803 0.6421568627450981 0.5514705882352942 0.6454248366013072 0.5514705882352942 0.6486928104575164 0.5661764705882353 0.6535947712418301 0.5686274509803921 0.6552287581699346 0.5735294117647058 0.6552287581699346 0.5784313725490197 0.6519607843137255 0.5808823529411765 0.6535947712418301 0.5857843137254902 0.6568627450980392 0.5833333333333334 0.6666666666666666 0.5857843137254902 0.6666666666666666 0.5906862745098039 0.6715686274509803 0.5955882352941176 0.6764705882352942 0.5906862745098039 0.673202614379085 0.5882352941176471 0.6715686274509803 0.5808823529411765 0.6683006535947712 0.5808823529411765 0.6781045751633987 0.5833333333333334 0.6830065359477124 0.5784313725490197 0.6813725490196079 0.5833333333333334 0.684640522875817 0.5882352941176471 0.6879084967320261 0.5906862745098039 0.6928104575163399 0.5882352941176471 0.6944444444444444 0.5906862745098039 0.6895424836601307 0.5906862745098039 0.6862745098039216 0.5955882352941176 0.6879084967320261 0.6004901960784313 0.6993464052287581 0.5980392156862745 0.704248366013072 0.6053921568627451 0.7140522875816994 0.6029411764705882 0.7173202614379085 0.6078431372549019 0.7189542483660131 0.6004901960784313 0.7156862745098039 0.5980392156862745 0.7238562091503268 0.5980392156862745 0.7222222222222222 0.6004901960784313 0.7238562091503268 0.6102941176470589 0.7222222222222222 0.6127450980392157 0.7156862745098039 0.6102941176470589 0.7107843137254902 0.6176470588235294 0.7173202614379085 0.625 0.7205882352941176 0.6372549019607843 0.7238562091503268 0.6348039215686274 0.7303921568627451 0.6421568627450981 0.7336601307189542 0.6397058823529411 0.738562091503268 0.6446078431372549 0.738562091503268 0.6544117647058824 0.7418300653594772 0.6617647058823529 0.7401960784313726 0.6666666666666666 0.7418300653594772 0.6740196078431373 0.7401960784313726 0.6813725490196079 0.7369281045751634 0.6838235294117647 0.7401960784313726 0.6911764705882353 0.7369281045751634 0.696078431372549 0.7369281045751634 0.7009803921568627 0.738562091503268 0.7083333333333334 0.7450980392156863 0.7156862745098039 0.7434640522875817 0.7205882352941176 0.7549019607843137 0.7254901960784313 0.7565359477124183 0.7230392156862745 0.7483660130718954 0.7156862745098039 0.7598039215686274 0.7156862745098039 0.761437908496732 0.7181372549019608 0.7630718954248366 0.7132352941176471 0.7826797385620915 0.7205882352941176 0.7924836601307189 0.7181372549019608 0.7990196078431373 0.7352941176470589 0.7908496732026143 0.7401960784313726 0.7941176470588235 0.7426470588235294 0.7924836601307189 0.75 0.7859477124183006 0.7549019607843137 0.7826797385620915 0.7622549019607843 0.7843137254901961 0.7647058823529411 0.7777777777777778 0.7745098039215687 0.7826797385620915 0.7818627450980392 0.7794117647058824 0.7843137254901961 0.7826797385620915 0.7892156862745098 0.7892156862745098 0.7916666666666666 0.7892156862745098 0.7941176470588235 0.7810457516339869 0.8014705882352942 0.7826797385620915 0.8063725490196079 0.7777777777777778 0.8137254901960784 0.7712418300653595 0.8137254901960784 0.7696078431372549 0.821078431372549 0.7647058823529411 0.8235294117647058 0.7712418300653595 0.8284313725490197 0.7712418300653595 0.8308823529411765 0.7647058823529411 0.8284313725490197 0.7647058823529411 0.8161764705882353 0.7663398692810458 0.8137254901960784 0.7598039215686274 0.803921568627451 0.7565359477124183 0.803921568627451 0.7516339869281046 0.8088235294117647 0.7418300653594772 0.8088235294117647 0.738562091503268 0.8063725490196079 0.7401960784313726 0.7990196078431373 0.7320261437908496 0.7916666666666666 0.7320261437908496 0.7892156862745098 0.738562091503268 0.7867647058823529 0.7434640522875817 0.7892156862745098 0.7483660130718954 0.7843137254901961 0.7467320261437909 0.7818627450980392 0.7598039215686274 0.7818627450980392 0.761437908496732 0.7794117647058824 0.7679738562091504 0.7818627450980392 0.7728758169934641 0.7769607843137255 0.7712418300653595 0.7720588235294118 0.7630718954248366 0.7745098039215687 0.7581699346405228 0.7696078431372549 0.75 0.7696078431372549 0.7287581699346405 0.7818627450980392 0.7271241830065359 0.7867647058823529 0.7222222222222222 0.7892156862745098 0.7189542483660131 0.7867647058823529 0.7189542483660131 0.7818627450980392 0.7156862745098039 0.7769607843137255 0.7140522875816994 0.7794117647058824 0.7107843137254902 0.7769607843137255 0.7173202614379085 0.7720588235294118 0.7189542483660131 0.7671568627450981 0.7222222222222222 0.7671568627450981 0.7238562091503268 0.7622549019607843 0.7189542483660131 0.7573529411764706 0.7205882352941176 0.7475490196078431 0.7140522875816994 0.7401960784313726 0.7091503267973857 0.7401960784313726 0.7107843137254902 0.7377450980392157 0.7091503267973857 0.7303921568627451 0.7026143790849673 0.7303921568627451 0.7009803921568627 0.7328431372549019 0.704248366013072 0.7401960784313726 0.7026143790849673 0.7426470588235294 0.6944444444444444 0.7426470588235294 0.6928104575163399 0.7450980392156863 0.6944444444444444 0.75 0.6928104575163399 0.7598039215686274 0.6895424836601307 0.7573529411764706 0.6911764705882353 0.7549019607843137 0.6895424836601307 0.7524509803921569 0.684640522875817 0.75 0.6862745098039216 0.7475490196078431 0.684640522875817 0.7426470588235294 0.6813725490196079 0.7401960784313726 0.6683006535947712 0.7401960784313726 0.6601307189542484 0.7303921568627451 0.6601307189542484 0.7279411764705882 0.6666666666666666 0.7279411764705882 0.6715686274509803 0.7328431372549019 0.6764705882352942 0.7279411764705882 0.6830065359477124 0.7279411764705882 0.684640522875817 0.7303921568627451 0.6879084967320261 0.7254901960784313 0.6879084967320261 0.7156862745098039 0.6928104575163399 0.7083333333333334 0.6862745098039216 0.7034313725490197 0.684640522875817 0.6985294117647058 0.6666666666666666 0.6985294117647058 0.6633986928104575 0.7034313725490197 0.6650326797385621 0.6985294117647058 0.6568627450980392 0.6936274509803921 0.6519607843137255 0.7009803921568627 0.6470588235294118 0.7034313725490197 0.6454248366013072 0.7058823529411765 0.6470588235294118 0.7083333333333334 0.6437908496732027 0.7083333333333334 0.6388888888888888 0.7156862745098039 0.6356209150326797 0.7156862745098039 0.6323529411764706 0.7009803921568627 0.6339869281045751 0.6936274509803921 0.6209150326797386 0.6715686274509803 0.6241830065359477 0.6715686274509803 0.6258169934640523 0.6666666666666666 0.6274509803921569 0.6691176470588235 0.6405228758169934 0.6715686274509803 0.6437908496732027 0.678921568627451 0.6503267973856209 0.6838235294117647 0.6519607843137255 0.6813725490196079 0.6503267973856209 0.6740196078431373 0.6470588235294118 0.6715686274509803 0.6519607843137255 0.6642156862745098 0.6470588235294118 0.6495098039215687 0.6421568627450981 0.6421568627450981 0.6388888888888888 0.6421568627450981 0.6258169934640523 0.6544117647058824 0.6241830065359477 0.6519607843137255 0.619281045751634 0.6544117647058824 0.6176470588235294 0.6568627450980392 0.6225490196078431 0.6617647058823529 0.619281045751634 0.6666666666666666 0.6143790849673203 0.6593137254901961 0.6045751633986928 0.6593137254901961 0.5947712418300654 0.6544117647058824 0.5996732026143791 0.6470588235294118 0.5964052287581699 0.6397058823529411 0.5980392156862745 0.6372549019607843 0.6013071895424836 0.6372549019607843 0.6045751633986928 0.6421568627450981 0.6127450980392157 0.6421568627450981 0.6176470588235294 0.6372549019607843 0.6176470588235294 0.6274509803921569 0.6143790849673203 0.6225490196078431 0.6045751633986928 0.6200980392156863 0.5996732026143791 0.6127450980392157 0.5996732026143791 0.6078431372549019 0.5931372549019608 0.6053921568627451 0.5915032679738562 0.6004901960784313 0.5882352941176471 0.6053921568627451 0.5833333333333334 0.6029411764705882 0.5816993464052288 0.6004901960784313 0.5833333333333334 0.5980392156862745 0.5800653594771242 0.5931372549019608 0.5751633986928104 0.5980392156862745 0.5686274509803921 0.5980392156862745 0.5669934640522876 0.6004901960784313 0.5637254901960784 0.5980392156862745 0.5604575163398693 0.6004901960784313 0.553921568627451 0.5980392156862745 0.5604575163398693 0.5955882352941176 0.5637254901960784 0.5882352941176471 0.5702614379084967 0.5857843137254902 0.5718954248366013 0.5808823529411765 0.565359477124183 0.5784313725490197 0.5637254901960784 0.571078431372549 0.5490196078431373 0.5686274509803921 0.545751633986928 0.5661764705882353 0.5473856209150327 0.5637254901960784 0.545751633986928 0.5612745098039216 0.5359477124183006 0.5637254901960784 0.5408496732026143 0.5588235294117647 0.5522875816993464 0.5612745098039216 0.553921568627451 0.5588235294117647 0.545751633986928 0.5514705882352942 0.5343137254901961 0.553921568627451 0.5326797385620915 0.5465686274509803 0.5294117647058824 0.5465686274509803 0.5261437908496732 0.5514705882352942 0.5212418300653595 0.5465686274509803 0.5277777777777778 0.5416666666666666 0.5245098039215687 0.5392156862745098 0.5294117647058824 0.5416666666666666 0.5359477124183006 0.5367647058823529 0.5408496732026143 0.5294117647058824 0.5392156862745098 0.5245098039215687 0.5359477124183006 0.5220588235294118 0.5261437908496732 0.5220588235294118 0.5196078431372549 0.5318627450980392 0.511437908496732 0.5367647058823529 0.5032679738562091 0.5245098039215687 0.5065359477124183 0.5245098039215687 0.5147058823529411 0.5098039215686274 0.5212418300653595 0.5073529411764706 0.5228758169934641 0.5024509803921569 0.5212418300653595 0.4950980392156863 0.5277777777777778 0.49264705882352944 0.5326797385620915 0.49754901960784315 0.5473856209150327 0.49754901960784315 0.553921568627451 0.5024509803921569 0.5571895424836601 0.49754901960784315 0.553921568627451 0.49019607843137253 0.5571895424836601 0.4877450980392157 0.5637254901960784 0.49019607843137253 0.565359477124183 0.4877450980392157 0.5588235294117647 0.47794117647058826 0.5620915032679739 0.4730392156862745
2 0.6870915032679739 0.6985294117647058 0.15849673202614378 0.20588235294117646
2 0.8186274509803921 0.9142156862745098 0.8218954248366013 0.9191176470588235 0.8218954248366013 0.9240196078431373 0.815359477124183 0.9313725490196079 0.8088235294117647 0.9338235294117647 0.7843137254901961 0.9338235294117647 0.7810457516339869 0.9313725490196079 0.7581699346405228 0.9411764705882353 0.7483660130718954 0.9387254901960784 0.7467320261437909 0.9338235294117647 0.7647058823529411 0.9191176470588235 0.7712418300653595 0.9166666666666666 0.7908496732026143 0.9191176470588235 0.7990196078431373 0.9142156862745098 0.8169934640522876 0.9142156862745098
2 0.7303921568627451 0.9730392156862745 0.7467320261437909 0.9852941176470589 0.7450980392156863 0.9901960784313726 0.7352941176470589 0.9975490196078431 0.7173202614379085 0.9975490196078431 0.7124183006535948 0.9926470588235294 0.7140522875816994 0.9901960784313726 0.7124183006535948 0.9828431372549019 0.7287581699346405 0.9730392156862745
2 0.5964052287581699 0.5833333333333334 0.6029411764705882 0.5906862745098039 0.6062091503267973 0.5906862745098039 0.6062091503267973 0.5980392156862745 0.5964052287581699 0.6053921568627451 0.5849673202614379 0.6053921568627451 0.576797385620915 0.5980392156862745 0.576797385620915 0.5931372549019608 0.5800653594771242 0.5882352941176471 0.5866013071895425 0.5833333333333334 0.5947712418300654 0.5833333333333334
2 0.5980392156862745 0.8333333333333334 0.5996732026143791 0.8406862745098039 0.5931372549019608 0.8529411764705882 0.5931372549019608 0.8676470588235294 0.5849673202614379 0.8799019607843137 0.5833333333333334 0.8921568627450981 0.5866013071895425 0.8995098039215687 0.5915032679738562 0.8970588235294118 0.6143790849673203 0.8970588235294118 0.619281045751634 0.8995098039215687 0.6225490196078431 0.9044117647058824 0.6225490196078431 0.9117647058823529 0.6176470588235294 0.9191176470588235 0.6209150326797386 0.9411764705882353 0.6274509803921569 0.946078431372549 0.6323529411764706 0.946078431372549 0.6372549019607843 0.9509803921568627 0.6372549019607843 0.9607843137254902 0.6339869281045751 0.9656862745098039 0.6143790849673203 0.9730392156862745 0.5996732026143791 0.9730392156862745 0.5915032679738562 0.9656862745098039 0.5931372549019608 0.9632352941176471 0.5882352941176471 0.9534313725490197 0.5849673202614379 0.9534313725490197 0.5800653594771242 0.9485294117647058 0.5800653594771242 0.9411764705882353 0.5849673202614379 0.9338235294117647 0.5898692810457516 0.9313725490196079 0.5947712418300654 0.9240196078431373 0.5931372549019608 0.9215686274509803 0.5833333333333334 0.9191176470588235 0.576797385620915 0.9093137254901961 0.5735294117647058 0.9093137254901961 0.5702614379084967 0.9044117647058824 0.5604575163398693 0.9093137254901961 0.5408496732026143 0.9093137254901961 0.5392156862745098 0.9117647058823529 0.5343137254901961 0.9093137254901961 0.5310457516339869 0.8995098039215687 0.5359477124183006 0.8921568627450981 0.5555555555555556 0.8848039215686274 0.5637254901960784 0.8848039215686274 0.565359477124183 0.8823529411764706 0.5637254901960784 0.8774509803921569 0.5522875816993464 0.8725490196078431 0.5522875816993464 0.8676470588235294 0.5571895424836601 0.8602941176470589 0.5522875816993464 0.8504901960784313 0.553921568627451 0.8431372549019608 0.5751633986928104 0.8333333333333334 0.5964052287581699 0.8333333333333334
2 0.21241830065359477 0.3112745098039216 0.21405228758169934 0.3161764705882353 0.21241830065359477 0.32598039215686275 0.20588235294117646 0.33578431372549017 0.19607843137254902 0.3382352941176471 0.184640522875817 0.35784313725490197 0.17973856209150327 0.3602941176470588 0.17483660130718953 0.35784313725490197 0.18137254901960784 0.34558823529411764 0.1895424836601307 0.33578431372549017 0.19444444444444445 0.3333333333333333 0.2042483660130719 0.3137254901960784 0.2107843137254902 0.3112745098039216
2 0.6094771241830066 0.5367647058823529 0.6258169934640523 0.5465686274509803 0.6274509803921569 0.5514705882352942 0.6258169934640523 0.5612745098039216 0.6160130718954249 0.5661764705882353 0.5980392156862745 0.5588235294117647 0.5931372549019608 0.5490196078431373 0.5980392156862745 0.5392156862745098 0.6078431372549019 0.5367647058823529
2 0.7107843137254902 0.8333333333333334 0.7124183006535948 0.8357843137254902 0.7303921568627451 0.8357843137254902 0.7303921568627451 0.8406862745098039 0.7156862745098039 0.8504901960784313 0.6944444444444444 0.8504901960784313 0.6879084967320261 0.8455882352941176 0.6862745098039216 0.8406862745098039 0.6911764705882353 0.8357843137254902 0.7026143790849673 0.8308823529411765 0.7091503267973857 0.8333333333333334
2 0.6176470588235294 0.9485294117647058 0.619281045751634 0.9509803921568627 0.6339869281045751 0.9509803921568627 0.6372549019607843 0.9558823529411765 0.6339869281045751 0.9632352941176471 0.6176470588235294 0.9705882352941176 0.6013071895424836 0.9705882352941176 0.5964052287581699 0.9656862745098039 0.5964052287581699 0.9583333333333334 0.6013071895424836 0.9534313725490197 0.6160130718954249 0.9485294117647058
2 0.7271241830065359 0.9068627450980392 0.7320261437908496 0.8970588235294118 0.738562091503268 0.8921568627450981 0.7532679738562091 0.8897058823529411 0.7549019607843137 0.8872549019607843 0.7647058823529411 0.8897058823529411 0.7647058823529411 0.8946078431372549 0.7598039215686274 0.9019607843137255 0.7532679738562091 0.9068627450980392 0.7450980392156863 0.9068627450980392 0.7434640522875817 0.9093137254901961 0.7303921568627451 0.9093137254901961 0.7287581699346405 0.9068627450980392