3 0.5228758169934641 0.10893246187363835 0.5277777777777778 0.10675381263616558 0.5310457516339869 0.09803921568627451 0.5424836601307189 0.08496732026143791 0.5506535947712419 0.08496732026143791 0.5588235294117647 0.10239651416122005 0.5620915032679739 0.14596949891067537 0.553921568627451 0.1655773420479303 0.5212418300653595 0.2222222222222222 0.5081699346405228 0.2636165577342048 0.5016339869281046 0.27450980392156865 0.49836601307189543 0.2875816993464052 0.4869281045751634 0.30718954248366015 0.48366013071895425 0.3202614379084967 0.4803921568627451 0.32461873638344224 0.47549019607843135 0.33986928104575165 0.47058823529411764 0.3464052287581699 0.46895424836601307 0.355119825708061 0.4542483660130719 0.39433551198257083 0.45098039215686275 0.39869281045751637 0.44281045751633985 0.42919389978213507 0.44281045751633985 0.4357298474945534 0.4362745098039216 0.4531590413943355 0.4362745098039216 0.4596949891067538 0.43137254901960786 0.4662309368191721 0.42810457516339867 0.477124183006536 0.42810457516339867 0.485838779956427 0.4215686274509804 0.49673202614379086 0.4215686274509804 0.5032679738562091 0.4166666666666667 0.5119825708061002 0.4150326797385621 0.5315904139433552 0.4084967320261438 0.55119825708061 0.4084967320261438 0.5577342047930284 0.4035947712418301 0.5664488017429193 0.4035947712418301 0.5860566448801743 0.40032679738562094 0.5925925925925926 0.39705882352941174 0.6143790849673203 0.3937908496732026 0.6209150326797386 0.39052287581699346 0.6492374727668845 0.3839869281045752 0.6623093681917211 0.3839869281045752 0.6753812636165577 0.38562091503267976 0.6775599128540305 0.37745098039215685 0.7189542483660131 0.37254901960784315 0.7298474945533769 0.35784313725490197 0.7298474945533769 0.3480392156862745 0.7233115468409586 0.3431372549019608 0.7342047930283224 0.32516339869281047 0.7516339869281046 0.30718954248366015 0.7777777777777778 0.28104575163398693 0.7930283224400871 0.2761437908496732 0.7930283224400871 0.27124183006535946 0.7886710239651417 0.272875816993464 0.7712418300653595 0.28594771241830064 0.738562091503268 0.2875816993464052 0.7189542483660131 0.29248366013071897 0.7058823529411765 0.29248366013071897 0.6993464052287581 0.3006535947712418 0.681917211328976 0.29901960784313725 0.6775599128540305 0.30392156862745096 0.6623093681917211 0.30392156862745096 0.6427015250544662 0.30718954248366015 0.6361655773420479 0.3104575163398693 0.6143790849673203 0.3137254901960784 0.6078431372549019 0.31209150326797386 0.6056644880174292 0.31209150326797386 0.5969498910675382 0.31699346405228757 0.5882352941176471 0.32189542483660133 0.5599128540305011 0.3333333333333333 0.5337690631808278 0.33986928104575165 0.5250544662309368 0.3431372549019608 0.5119825708061002 0.3480392156862745 0.5054466230936819 0.3480392156862745 0.4989106753812636 0.3660130718954248 0.47276688453159044 0.3660130718954248 0.46405228758169936 0.36764705882352944 0.46187363834422657 0.3660130718954248 0.4596949891067538 0.36764705882352944 0.4553376906318083 0.3660130718954248 0.4466230936819172 0.3709150326797386 0.4400871459694989 0.37254901960784315 0.42701525054466233 0.3790849673202614 0.41830065359477125 0.38235294117647056 0.41830065359477125 0.3872549019607843 0.4095860566448802 0.3872549019607843 0.40305010893246185 0.39052287581699346 0.39651416122004357 0.3872549019607843 0.38562091503267976 0.3954248366013072 0.3681917211328976 0.3954248366013072 0.3616557734204793 0.4019607843137255 0.35076252723311546 0.4019607843137255 0.33986928104575165 0.4084967320261438 0.3311546840958606 0.4084967320261438 0.3224400871459695 0.4215686274509804 0.3028322440087146 0.42483660130718953 0.29193899782135074 0.434640522875817 0.2766884531590414 0.4444444444444444 0.24618736383442266 0.4673202614379085 0.2113289760348584 0.46895424836601307 0.2047930283224401 0.477124183006536 0.19172113289760348 0.477124183006536 0.18736383442265794 0.48366013071895425 0.18082788671023964 0.48366013071895425 0.17429193899782136 0.4869281045751634 0.1721132897603486 0.5049019607843137 0.14161220043572983 0.5196078431372549 0.12200435729847495 0.5228758169934641 0.1111111111111111
3 0.5686274509803921 0 0.5702614379084967 0.002178649237472767 0.6078431372549019 0 0.6274509803921569 0.017429193899782137 0.6339869281045751 0.0196078431372549 0.6372549019607843 0.023965141612200435 0.6388888888888888 0.032679738562091505 0.6437908496732027 0.0392156862745098 0.6503267973856209 0.06100217864923747 0.6601307189542484 0.08278867102396514 0.6601307189542484 0.0915032679738562 0.6633986928104575 0.09586056644880174 0.6650326797385621 0.10457516339869281 0.6764705882352942 0.12418300653594772 0.6781045751633987 0.1437908496732026 0.6797385620915033 0.14596949891067537 0.6781045751633987 0.1503267973856209 0.6862745098039216 0.18082788671023964 0.684640522875817 0.1830065359477124 0.684640522875817 0.19172113289760348 0.6895424836601307 0.20261437908496732 0.6928104575163399 0.2222222222222222 0.704248366013072 0.24836601307189543 0.704248366013072 0.2657952069716776 0.7091503267973857 0.2788671023965142 0.7091503267973857 0.289760348583878 0.7156862745098039 0.3006535947712418 0.7173202614379085 0.3137254901960784 0.7287581699346405 0.35294117647058826 0.7303921568627451 0.3790849673202614 0.7336601307189542 0.3877995642701525 0.7369281045751634 0.4095860566448802 0.7434640522875817 0.43137254901960786 0.75 0.4444444444444444 0.75 0.44880174291938996 0.7565359477124183 0.45751633986928103 0.761437908496732 0.4749455337690632 0.7630718954248366 0.4989106753812636 0.7647058823529411 0.5010893246187363 0.7647058823529411 0.5098039215686274 0.7630718954248366 0.5119825708061002 0.7745098039215687 0.5250544662309368 0.7745098039215687 0.5315904139433552 0.7777777777777778 0.5359477124183006 0.7892156862745098 0.5708061002178649 0.795751633986928 0.579520697167756 0.8006535947712419 0.5925925925925926 0.8006535947712419 0.599128540305011 0.8071895424836601 0.6143790849673203 0.8071895424836601 0.6209150326797386 0.8104575163398693 0.6252723311546841 0.8202614379084967 0.6535947712418301 0.8382352941176471 0.6949891067538126 0.8398692810457516 0.710239651416122 0.8480392156862745 0.7342047930283224 0.8529411764705882 0.7603485838779956 0.869281045751634 0.7995642701525054 0.8774509803921569 0.8322440087145969 0.8839869281045751 0.8474945533769063 0.8905228758169934 0.8932461873638344 0.8954248366013072 0.9019607843137255 0.8954248366013072 0.906318082788671 0.8921568627450981 0.9106753812636166 0.869281045751634 0.9106753812636166 0.8611111111111112 0.9041394335511983 0.8415032679738562 0.9041394335511983 0.8333333333333334 0.8997821350762527 0.8169934640522876 0.9041394335511983 0.8055555555555556 0.8976034858387799 0.7908496732026143 0.8932461873638344 0.7859477124183006 0.8932461873638344 0.7712418300653595 0.9019607843137255 0.7565359477124183 0.9019607843137255 0.7532679738562091 0.8976034858387799 0.7369281045751634 0.8954248366013072 0.7336601307189542 0.8910675381263616 0.7222222222222222 0.8888888888888888 0.7238562091503268 0.8823529411764706 0.7156862745098039 0.8758169934640523 0.7140522875816994 0.8714596949891068 0.7156862745098039 0.869281045751634 0.7140522875816994 0.8649237472766884 0.7173202614379085 0.8583877995642701 0.7124183006535948 0.8562091503267973 0.7091503267973857 0.8627450980392157 0.7091503267973857 0.8540305010893247 0.7058823529411765 0.8474945533769063 0.7058823529411765 0.8366013071895425 0.7026143790849673 0.8278867102396514 0.7026143790849673 0.8169934640522876 0.6944444444444444 0.7930283224400871 0.6928104575163399 0.7690631808278867 0.6879084967320261 0.7603485838779956 0.6879084967320261 0.7407407407407407 0.684640522875817 0.7363834422657952 0.6862745098039216 0.7167755991285403 0.6813725490196079 0.7145969498910676 0.6813725490196079 0.6993464052287581 0.6862745098039216 0.6928104575163399 0.684640522875817 0.664488017429194 0.6813725490196079 0.6579520697167756 0.6781045751633987 0.6296296296296297 0.6715686274509803 0.6187363834422658 0.673202614379085 0.6143790849673203 0.6797385620915033 0.6143790849673203 0.6813725490196079 0.616557734204793 0.684640522875817 0.6122004357298475 0.684640522875817 0.6078431372549019 0.673202614379085 0.6034858387799564 0.6715686274509803 0.6013071895424836 0.6715686274509803 0.5904139433551199 0.6683006535947712 0.5860566448801743 0.6633986928104575 0.5860566448801743 0.6601307189542484 0.5969498910675382 0.6584967320261438 0.5969498910675382 0.6601307189542484 0.5925925925925926 0.6568627450980392 0.5816993464052288 0.6470588235294118 0.5620915032679739 0.6470588235294118 0.5468409586056645 0.6454248366013072 0.5381263616557734 0.6421568627450981 0.5337690631808278 0.6437908496732027 0.5228758169934641 0.6372549019607843 0.5054466230936819 0.6372549019607843 0.4989106753812636 0.6339869281045751 0.4923747276688453 0.6339869281045751 0.477124183006536 0.630718954248366 0.47276688453159044 0.6290849673202614 0.46405228758169936 0.630718954248366 0.4400871459694989 0.6290849673202614 0.43790849673202614 0.6258169934640523 0.4400871459694989 0.6258169934640523 0.42483660130718953 0.6241830065359477 0.4226579520697168 0.6258169934640523 0.39651416122004357 0.6209150326797386 0.38562091503267976 0.6176470588235294 0.3681917211328976 0.6127450980392157 0.3616557734204793 0.6143790849673203 0.35294117647058826 0.6094771241830066 0.3485838779956427 0.6127450980392157 0.33769063180827885 0.6094771241830066 0.3355119825708061 0.6013071895424836 0.3115468409586057 0.6013071895424836 0.2962962962962963 0.5964052287581699 0.28104575163398693 0.5980392156862745 0.2788671023965142 0.5980392156862745 0.2657952069716776 0.5915032679738562 0.2549019607843137 0.5882352941176471 0.2222222222222222 0.5849673202614379 0.21568627450980393 0.5849673202614379 0.20697167755991286 0.5833333333333334 0.2047930283224401 0.5833333333333334 0.19389978213507625 0.576797385620915 0.18082788671023964 0.576797385620915 0.16993464052287582 0.5735294117647058 0.16339869281045752 0.5735294117647058 0.1568627450980392 0.5669934640522876 0.13071895424836602 0.5669934640522876 0.10457516339869281 0.5637254901960784 0.10021786492374728 0.5571895424836601 0.0784313725490196 0.5571895424836601 0.06753812636165578 0.5522875816993464 0.04793028322440087 0.5490196078431373 0.006535947712418301 0.5473856209150327 0.004357298474945534 0.5522875816993464 0 0.5669934640522876 0
3 0.9967320261437909 0.04139433551198257 0.9983660130718954 0.04357298474945534 0.9983660130718954 0.10021786492374728 0.9950980392156863 0.10457516339869281 0.9950980392156863 0.11328976034858387 0.9934640522875817 0.11546840958605664 0.9950980392156863 0.12200435729847495 0.9934640522875817 0.12418300653594772 0.9934640522875817 0.1394335511982571 0.988562091503268 0.15904139433551198 0.9852941176470589 0.16339869281045752 0.9836601307189542 0.17429193899782136 0.9787581699346405 0.18082788671023964 0.9738562091503268 0.2047930283224401 0.9689542483660131 0.2178649237472767 0.9689542483660131 0.22657952069716775 0.9640522875816994 0.24618736383442266 0.9591503267973857 0.2549019607843137 0.9591503267973857 0.26143790849673204 0.9526143790849673 0.28322440087145967 0.9526143790849673 0.2962962962962963 0.946078431372549 0.32679738562091504 0.946078431372549 0.33769063180827885 0.9477124183006536 0.33986928104575165 0.946078431372549 0.37254901960784315 0.9477124183006536 0.3790849673202614 0.946078431372549 0.3812636165577342 0.946078431372549 0.40305010893246185 0.9444444444444444 0.40522875816993464 0.9444444444444444 0.43137254901960786 0.946078431372549 0.4335511982570806 0.946078431372549 0.4422657952069717 0.9493464052287581 0.44880174291938996 0.9477124183006536 0.45098039215686275 0.9493464052287581 0.45751633986928103 0.9477124183006536 0.47058823529411764 0.9493464052287581 0.4749455337690632 0.946078431372549 0.49455337690631807 0.9477124183006536 0.5294117647058824 0.9509803921568627 0.5381263616557734 0.9509803921568627 0.5490196078431373 0.954248366013072 0.5555555555555556 0.954248366013072 0.5708061002178649 0.9624183006535948 0.6078431372549019 0.9624183006535948 0.6187363834422658 0.9673202614379085 0.6383442265795207 0.9705882352941176 0.6666666666666666 0.9754901960784313 0.6797385620915033 0.9771241830065359 0.6971677559912854 0.9820261437908496 0.710239651416122 0.9836601307189542 0.7254901960784313 0.9918300653594772 0.7450980392156863 0.9918300653594772 0.7538126361655774 0.9967320261437909 0.7734204793028322 0.9967320261437909 0.7886710239651417 0.9918300653594772 0.7973856209150327 0.9803921568627451 0.8061002178649237 0.9771241830065359 0.8061002178649237 0.9656862745098039 0.8169934640522876 0.9575163398692811 0.8169934640522876 0.946078431372549 0.8257080610021786 0.923202614379085 0.8366013071895425 0.9133986928104575 0.8344226579520697 0.9068627450980392 0.8235294117647058 0.9068627450980392 0.803921568627451 0.9035947712418301 0.7952069716775599 0.9035947712418301 0.7843137254901961 0.9003267973856209 0.7690631808278867 0.9019607843137255 0.7668845315904139 0.9019607843137255 0.7581699346405228 0.8937908496732027 0.738562091503268 0.8937908496732027 0.7320261437908496 0.8888888888888888 0.7189542483660131 0.8839869281045751 0.6557734204793029 0.8774509803921569 0.6230936819172114 0.8758169934640523 0.579520697167756 0.8725490196078431 0.5620915032679739 0.8725490196078431 0.5337690631808278 0.869281045751634 0.5185185185185185 0.869281045751634 0.48366013071895425 0.8676470588235294 0.48148148148148145 0.869281045751634 0.47276688453159044 0.8709150326797386 0.38562091503267976 0.8758169934640523 0.35947712418300654 0.8758169934640523 0.3442265795206972 0.880718954248366 0.3311546840958606 0.8856209150326797 0.3028322440087146 0.8905228758169934 0.289760348583878 0.8937908496732027 0.24836601307189543 0.9003267973856209 0.22875816993464052 0.9035947712418301 0.2113289760348584 0.9068627450980392 0.20697167755991286 0.9150326797385621 0.18518518518518517 0.9150326797385621 0.18082788671023964 0.9330065359477124 0.13725490196078433 0.934640522875817 0.12854030501089325 0.9673202614379085 0.08496732026143791 0.9689542483660131 0.0784313725490196 0.9803921568627451 0.058823529411764705 0.9950980392156863 0.04139433551198257
3 0.434640522875817 0.477124183006536 0.43790849673202614 0.477124183006536 0.4444444444444444 0.47058823529411764 0.4526143790849673 0.47058823529411764 0.4624183006535948 0.4880174291938998 0.46568627450980393 0.49019607843137253 0.4738562091503268 0.5076252723311547 0.5147058823529411 0.5577342047930284 0.5326797385620915 0.5860566448801743 0.5326797385620915 0.5904139433551199 0.5424836601307189 0.5969498910675382 0.5522875816993464 0.6078431372549019 0.5735294117647058 0.6623093681917211 0.5947712418300654 0.6862745098039216 0.5980392156862745 0.6928104575163399 0.5980392156862745 0.6993464052287581 0.6094771241830066 0.7211328976034859 0.6470588235294118 0.7712418300653595 0.6486928104575164 0.7777777777777778 0.6568627450980392 0.7886710239651417 0.6617647058823529 0.7886710239651417 0.673202614379085 0.8082788671023965 0.6830065359477124 0.8126361655773421 0.6879084967320261 0.8191721132897604 0.6879084967320261 0.8235294117647058 0.696078431372549 0.8344226579520697 0.6993464052287581 0.8431372549019608 0.7058823529411765 0.8801742919389978 0.704248366013072 0.8976034858387799 0.7009803921568627 0.9019607843137255 0.6862745098039216 0.9084967320261438 0.6715686274509803 0.9084967320261438 0.6601307189542484 0.9128540305010894 0.6584967320261438 0.9106753812636166 0.6437908496732027 0.9084967320261438 0.6258169934640523 0.8976034858387799 0.619281045751634 0.8954248366013072 0.6062091503267973 0.8976034858387799 0.6029411764705882 0.8910675381263616 0.5882352941176471 0.8888888888888888 0.5849673202614379 0.8845315904139434 0.5816993464052288 0.8845315904139434 0.5735294117647058 0.8779956427015251 0.5735294117647058 0.8736383442265795 0.5604575163398693 0.8605664488017429 0.5588235294117647 0.8518518518518519 0.545751633986928 0.8387799564270153 0.545751633986928 0.8322440087145969 0.5326797385620915 0.8148148148148148 0.5310457516339869 0.803921568627451 0.5196078431372549 0.7930283224400871 0.5163398692810458 0.7821350762527233 0.5065359477124183 0.7712418300653595 0.5032679738562091 0.7603485838779956 0.4950980392156863 0.7494553376906318 0.49019607843137253 0.7320261437908496 0.4803921568627451 0.7233115468409586 0.47875816993464054 0.7167755991285403 0.4673202614379085 0.6993464052287581 0.4591503267973856 0.6840958605664488 0.4526143790849673 0.664488017429194 0.4477124183006536 0.6579520697167756 0.44607843137254904 0.6492374727668845 0.43790849673202614 0.6383442265795207 0.434640522875817 0.6296296296296297 0.434640522875817 0.6230936819172114 0.42810457516339867 0.6143790849673203 0.4215686274509804 0.599128540305011 0.41830065359477125 0.5969498910675382 0.4166666666666667 0.5708061002178649 0.41830065359477125 0.5686274509803921 0.4199346405228758 0.5206971677559913 0.42320261437908496 0.5163398692810458 0.4264705882352941 0.49673202614379086 0.434640522875817 0.4793028322440087
3 0.16993464052287582 0.034858387799564274 0.184640522875817 0.023965141612200435 0.1895424836601307 0.015250544662309368 0.2042483660130719 0 0.24183006535947713 0 0.2434640522875817 0.008714596949891068 0.23039215686274508 0.023965141612200435 0.22712418300653595 0.023965141612200435 0.21568627450980393 0.034858387799564274 0.20751633986928106 0.0392156862745098 0.19607843137254902 0.054466230936819175 0.19117647058823528 0.05664488017429194 0.17973856209150327 0.07407407407407407 0.16176470588235295 0.08496732026143791 0.15359477124183007 0.09803921568627451 0.1503267973856209 0.09803921568627451 0.1388888888888889 0.11328976034858387 0.11601307189542484 0.13071895424836602 0.09640522875816994 0.15468409586056645 0.08169934640522876 0.1655773420479303 0.07026143790849673 0.1786492374727669 0.06372549019607843 0.17647058823529413 0.05718954248366013 0.16775599128540306 0.0457516339869281 0.15904139433551198 0.0457516339869281 0.1503267973856209 0.06045751633986928 0.1328976034858388 0.06862745098039216 0.12854030501089325 0.1111111111111111 0.08932461873638345 0.11764705882352941 0.08714596949891068 0.13562091503267973 0.06318082788671024 0.14215686274509803 0.06318082788671024 0.1503267973856209 0.058823529411764705 0.16993464052287582 0.037037037037037035
3 0.4852941176470588 0 0.48366013071895425 0.006535947712418301 0.46078431372549017 0.023965141612200435 0.4591503267973856 0.02832244008714597 0.45098039215686275 0.034858387799564274 0.4362745098039216 0.054466230936819175 0.43137254901960786 0.05664488017429194 0.4068627450980392 0.08932461873638345 0.39705882352941174 0.09803921568627451 0.37254901960784315 0.13507625272331156 0.3545751633986928 0.1568627450980392 0.3464052287581699 0.17429193899782136 0.3202614379084967 0.20697167755991286 0.3006535947712418 0.2374727668845316 0.28921568627450983 0.24836601307189543 0.28594771241830064 0.25925925925925924 0.272875816993464 0.2766884531590414 0.25 0.31808278867102396 0.238562091503268 0.3333333333333333 0.22549019607843138 0.3660130718954248 0.21241830065359477 0.38344226579520696 0.20915032679738563 0.39433551198257083 0.1977124183006536 0.4139433551198257 0.19281045751633988 0.42919389978213507 0.1830065359477124 0.4422657952069717 0.1781045751633987 0.4596949891067538 0.16830065359477125 0.4749455337690632 0.14869281045751634 0.5228758169934641 0.14052287581699346 0.5359477124183006 0.1323529411764706 0.5620915032679739 0.11601307189542484 0.5969498910675382 0.11274509803921569 0.6122004357298475 0.10130718954248366 0.6339869281045751 0.09313725490196079 0.6557734204793029 0.08823529411764706 0.6797385620915033 0.07679738562091504 0.7037037037037037 0.06699346405228758 0.7298474945533769 0.06699346405228758 0.7342047930283224 0.06045751633986928 0.7472766884531591 0.06045751633986928 0.7538126361655774 0.05228758169934641 0.775599128540305 0.05228758169934641 0.7799564270152506 0.04738562091503268 0.7886710239651417 0.0457516339869281 0.7995642701525054 0.032679738562091505 0.8322440087145969 0.03104575163398693 0.8453159041394336 0.021241830065359478 0.8649237472766884 0.014705882352941176 0.8997821350762527 0.008169934640522876 0.9128540305010894 0.0032679738562091504 0.9324618736383442 0 0.9281045751633987 0 0.7973856209150327 0.0016339869281045752 0.7952069716775599 0 0.7930283224400871 0.0016339869281045752 0.7886710239651417 0 0.7864923747276689 0 0.7516339869281046 0.0016339869281045752 0.7494553376906318 0.0016339869281045752 0.7363834422657952 0.008169934640522876 0.7276688453159041 0.011437908496732025 0.7058823529411765 0.016339869281045753 0.7015250544662309 0.032679738562091505 0.6753812636165577 0.03431372549019608 0.6601307189542484 0.03104575163398693 0.6557734204793029 0.029411764705882353 0.6405228758169934 0.03758169934640523 0.6252723311546841 0.05392156862745098 0.5751633986928104 0.07516339869281045 0.5294117647058824 0.08660130718954248 0.5098039215686274 0.10130718954248366 0.47276688453159044 0.11437908496732026 0.45098039215686275 0.12091503267973856 0.4335511982570806 0.14215686274509803 0.39869281045751637 0.14869281045751634 0.38344226579520696 0.1568627450980392 0.3747276688453159 0.15849673202614378 0.3681917211328976 0.16830065359477125 0.35294117647058826 0.1781045751633987 0.3311546840958606 0.20098039215686275 0.3028322440087146 0.20588235294117646 0.29193899782135074 0.20588235294117646 0.28540305010893247 0.21405228758169934 0.2701525054466231 0.2369281045751634 0.23965141612200436 0.2630718954248366 0.2113289760348584 0.29901960784313725 0.16122004357298475 0.3137254901960784 0.14596949891067537 0.31699346405228757 0.1394335511982571 0.32679738562091504 0.1328976034858388 0.33986928104575165 0.11764705882352941 0.34967320261437906 0.10457516339869281 0.35294117647058826 0.09586056644880174 0.3660130718954248 0.08061002178649238 0.37254901960784315 0.06318082788671024 0.380718954248366 0.05228758169934641 0.38562091503267976 0.05010893246187364 0.4117647058823529 0.02178649237472767 0.4215686274509804 0.017429193899782137 0.42810457516339867 0.008714596949891068 0.43137254901960786 0.008714596949891068 0.434640522875817 0.004357298474945534 0.44607843137254904 0 0.48366013071895425 0
2 0.3937908496732026 0.7298474945533769 0.40032679738562094 0.7407407407407407 0.40032679738562094 0.7625272331154684 0.3954248366013072 0.7734204793028322 0.369281045751634 0.7995642701525054 0.36764705882352944 0.8213507625272332 0.3660130718954248 0.8235294117647058 0.3660130718954248 0.8431372549019608 0.3627450980392157 0.8605664488017429 0.35784313725490197 0.8671023965141612 0.3562091503267974 0.9019607843137255 0.35130718954248363 0.906318082788671 0.34477124183006536 0.906318082788671 0.3415032679738562 0.9019607843137255 0.3415032679738562 0.8954248366013072 0.3349673202614379 0.8867102396514162 0.32679738562091504 0.8867102396514162 0.31699346405228757 0.8976034858387799 0.3055555555555556 0.8976034858387799 0.29901960784313725 0.8932461873638344 0.29411764705882354 0.8932461873638344 0.2777777777777778 0.8758169934640523 0.27450980392156865 0.8627450980392157 0.2761437908496732 0.8431372549019608 0.2826797385620915 0.8322440087145969 0.2875816993464052 0.8169934640522876 0.29901960784313725 0.8082788671023965 0.31209150326797386 0.7864923747276689 0.32516339869281047 0.7734204793028322 0.32516339869281047 0.7690631808278867 0.33169934640522875 0.7538126361655774 0.34477124183006536 0.738562091503268 0.3545751633986928 0.7342047930283224 0.3660130718954248 0.7342047930283224 0.37254901960784315 0.738562091503268 0.37745098039215685 0.7342047930283224 0.39215686274509803 0.7298474945533769
2 0.34477124183006536 0.840958605664488 0.35130718954248363 0.8235294117647058 0.3562091503267974 0.8169934640522876 0.3562091503267974 0.8104575163398693 0.369281045751634 0.7952069716775599 0.3709150326797386 0.7973856209150327 0.369281045751634 0.7995642701525054 0.369281045751634 0.8474945533769063 0.36437908496732024 0.8627450980392157 0.35947712418300654 0.9041394335511983 0.35130718954248363 0.9106753812636166 0.3431372549019608 0.9106753812636166 0.3366013071895425 0.9041394335511983 0.3382352941176471 0.8997821350762527 0.3349673202614379 0.8888888888888888 0.3349673202614379 0.8801742919389978 0.3382352941176471 0.8714596949891068 0.34477124183006536 0.8627450980392157 0.3464052287581699 0.8431372549019608
2 0.03104575163398693 0.3442265795206972 0.032679738562091505 0.3464052287581699 0.04738562091503268 0.3485838779956427 0.05718954248366013 0.355119825708061 0.06372549019607843 0.3616557734204793 0.06699346405228758 0.3681917211328976 0.06699346405228758 0.3769063180827887 0.07026143790849673 0.3812636165577342 0.08333333333333333 0.3877995642701525 0.09803921568627451 0.40305010893246185 0.09803921568627451 0.4095860566448802 0.09477124183006536 0.41830065359477125 0.0784313725490196 0.43137254901960786 0.06535947712418301 0.43137254901960786 0.04084967320261438 0.4117647058823529 0.03104575163398693 0.4074074074074074 0.029411764705882353 0.4095860566448802 0.008169934640522876 0.3899782135076253 0 0.39651416122004357 0 0.3747276688453159 0.0032679738562091504 0.37254901960784315 0.004901960784313725 0.35947712418300654 0.021241830065359478 0.3464052287581699 0.029411764705882353 0.3442265795206972
2 0 0.355119825708061 0.004901960784313725 0.355119825708061 0.014705882352941176 0.37037037037037035 0.013071895424836602 0.38344226579520696 0.004901960784313725 0.39433551198257083 0 0.39651416122004357 0 0.3572984749455338
2 0 0.6230936819172114 0.021241830065359478 0.6361655773420479 0.029411764705882353 0.6623093681917211 0.029411764705882353 0.6710239651416122 0.026143790849673203 0.6797385620915033 0.014705882352941176 0.6928104575163399 0 0.7015250544662309 0 0.6252723311546841
2 0.1895424836601307 0.7930283224400871 0.18627450980392157 0.7952069716775599 0.18627450980392157 0.7995642701525054 0.17483660130718953 0.7995642701525054 0.1715686274509804 0.803921568627451 0.16830065359477125 0.8017429193899782 0.1650326797385621 0.8061002178649237 0.16666666666666666 0.8104575163398693 0.1650326797385621 0.8213507625272332 0.17320261437908496 0.8257080610021786 0.17320261437908496 0.8300653594771242 0.16666666666666666 0.8366013071895425 0.16339869281045752 0.8518518518518519 0.1650326797385621 0.8540305010893247 0.16339869281045752 0.8583877995642701 0.16339869281045752 0.8758169934640523 0.16666666666666666 0.8801742919389978 0.16666666666666666 0.8867102396514162 0.1715686274509804 0.8997821350762527 0.16830065359477125 0.9084967320261438 0.16830065359477125 0.9215686274509803 0.1568627450980392 0.9215686274509803 0.1454248366013072 0.934640522875817 0.12581699346405228 0.9477124183006536 0.12254901960784313 0.9477124183006536 0.11274509803921569 0.9389978213507625 0.09967320261437909 0.9389978213507625 0.09803921568627451 0.9368191721132898 0.09640522875816994 0.9389978213507625 0.08823529411764706 0.9389978213507625 0.08496732026143791 0.934640522875817 0.08823529411764706 0.9259259259259259 0.09313725490196079 0.9237472766884531 0.0915032679738562 0.9172113289760349 0.09803921568627451 0.9019607843137255 0.08333333333333333 0.8671023965141612 0.07679738562091504 0.8453159041394336 0.08496732026143791 0.8366013071895425 0.09477124183006536 0.8322440087145969 0.10130718954248366 0.8235294117647058 0.12091503267973856 0.8148148148148148 0.12581699346405228 0.8148148148148148 0.14869281045751634 0.7973856209150327 0.15359477124183007 0.7952069716775599 0.16830065359477125 0.7973856209150327 0.18790849673202614 0.7908496732026143
2 0.39052287581699346 0.7276688453159041 0.40032679738562094 0.738562091503268 0.4019607843137255 0.7472766884531591 0.40032679738562094 0.7625272331154684 0.39705882352941174 0.7712418300653595 0.38235294117647056 0.7886710239651417 0.37254901960784315 0.7952069716775599 0.36764705882352944 0.8061002178649237 0.3660130718954248 0.8431372549019608 0.3611111111111111 0.8540305010893247 0.3627450980392157 0.8605664488017429 0.35784313725490197 0.8671023965141612 0.35784313725490197 0.8801742919389978 0.3545751633986928 0.8954248366013072 0.3562091503267974 0.8997821350762527 0.35130718954248363 0.9019607843137255 0.34967320261437906 0.906318082788671 0.34477124183006536 0.906318082788671 0.3415032679738562 0.8954248366013072 0.3349673202614379 0.8867102396514162 0.3300653594771242 0.8867102396514162 0.3235294117647059 0.8910675381263616 0.31699346405228757 0.8997821350762527 0.3006535947712418 0.8976034858387799 0.2826797385620915 0.8888888888888888 0.2761437908496732 0.8823529411764706 0.2647058823529412 0.8910675381263616 0.2581699346405229 0.8910675381263616 0.25163398692810457 0.8801742919389978 0.25163398692810457 0.869281045751634 0.25 0.8671023965141612 0.25326797385620914 0.8387799564270153 0.2581699346405229 0.8278867102396514 0.2581699346405229 0.8235294117647058 0.26143790849673204 0.8191721132897604 0.26143790849673204 0.8126361655773421 0.26633986928104575 0.803921568627451 0.28104575163398693 0.803921568627451 0.2875816993464052 0.7995642701525054 0.2908496732026144 0.7930283224400871 0.2957516339869281 0.7952069716775599 0.29901960784313725 0.7908496732026143 0.30718954248366015 0.7886710239651417 0.3104575163398693 0.7821350762527233 0.31862745098039214 0.775599128540305 0.32679738562091504 0.7647058823529411 0.3300653594771242 0.7538126361655774 0.3464052287581699 0.7363834422657952 0.35130718954248363 0.7342047930283224 0.369281045751634 0.7342047930283224 0.3741830065359477 0.7363834422657952 0.3888888888888889 0.7298474945533769
2 0.272875816993464 0.8017429193899782 0.28104575163398693 0.8148148148148148 0.2761437908496732 0.8257080610021786 0.27450980392156865 0.8496732026143791 0.272875816993464 0.8518518518518519 0.27450980392156865 0.8845315904139434 0.27124183006535946 0.8910675381263616 0.2647058823529412 0.8954248366013072 0.2549019607843137 0.8954248366013072 0.24836601307189543 0.8801742919389978 0.24836601307189543 0.869281045751634 0.24509803921568626 0.8605664488017429 0.24509803921568626 0.840958605664488 0.25163398692810457 0.8191721132897604 0.25326797385620914 0.8213507625272332 0.2565359477124183 0.8169934640522876 0.25980392156862747 0.8061002178649237 0.2630718954248366 0.8017429193899782 0.27124183006535946 0.8017429193899782
2 0.16013071895424835 0.7952069716775599 0.16339869281045752 0.8017429193899782 0.16339869281045752 0.8082788671023965 0.16013071895424835 0.8148148148148148 0.16176470588235295 0.8213507625272332 0.16666666666666666 0.8300653594771242 0.17320261437908496 0.8300653594771242 0.16339869281045752 0.8344226579520697 0.1650326797385621 0.8366013071895425 0.1650326797385621 0.8518518518518519 0.16993464052287582 0.8583877995642701 0.16993464052287582 0.8671023965141612 0.1715686274509804 0.869281045751634 0.1715686274509804 0.8714596949891068 0.16666666666666666 0.869281045751634 0.16339869281045752 0.8758169934640523 0.1715686274509804 0.8801742919389978 0.16993464052287582 0.8910675381263616 0.17483660130718953 0.8932461873638344 0.1781045751633987 0.9041394335511983 0.17647058823529413 0.906318082788671 0.1895424836601307 0.9215686274509803 0.1895424836601307 0.9259259259259259 0.19444444444444445 0.934640522875817 0.20588235294117646 0.9455337690631809 0.2042483660130719 0.9498910675381264 0.20751633986928106 0.9586056644880174 0.20751633986928106 0.9629629629629629 0.1977124183006536 0.9673202614379085 0.19934640522875818 0.971677559912854 0.1977124183006536 0.9760348583877996 0.20261437908496732 0.9825708061002179 0.20751633986928106 0.9847494553376906 0.20588235294117646 0.9934640522875817 0.2042483660130719 0.9934640522875817 0.20588235294117646 0.9891067538126361 0.20261437908496732 0.9847494553376906 0.19934640522875818 0.9847494553376906 0.1977124183006536 0.9869281045751634 0.19934640522875818 0.9934640522875817 0.17973856209150327 0.9956427015250545 0.1781045751633987 0.9978213507625272 0.17483660130718953 0.9956427015250545 0.17320261437908496 0.9978213507625272 0.16830065359477125 0.9956427015250545 0.1650326797385621 0.9978213507625272 0.16176470588235295 0.9956427015250545 0.15196078431372548 0.9956427015250545 0.1503267973856209 0.9978213507625272 0.14705882352941177 0.9956427015250545 0.14052287581699346 0.9956427015250545 0.1388888888888889 0.9978213507625272 0.12745098039215685 0.9978213507625272 0.12581699346405228 0.9956427015250545 0.12418300653594772 0.9978213507625272 0.10620915032679738 0.9978213507625272 0.10457516339869281 0.9956427015250545 0.08006535947712418 0.9956427015250545 0.0784313725490196 0.9934640522875817 0.07352941176470588 0.9956427015250545 0.0718954248366013 0.9934640522875817 0.05065359477124183 0.9934640522875817 0.049019607843137254 0.9956427015250545 0.042483660130718956 0.9934640522875817 0.027777777777777776 0.9978213507625272 0.011437908496732025 0.9978213507625272 0 0.9934640522875817 0 0.9629629629629629 0.008169934640522876 0.9455337690631809 0.016339869281045753 0.9455337690631809 0.017973856209150325 0.9477124183006536 0.021241830065359478 0.9433551198257081 0.024509803921568627 0.9477124183006536 0.029411764705882353 0.9455337690631809 0.03104575163398693 0.9477124183006536 0.04738562091503268 0.9477124183006536 0.058823529411764705 0.9411764705882353 0.06699346405228758 0.9324618736383442 0.0718954248366013 0.9324618736383442 0.07679738562091504 0.9237472766884531 0.08496732026143791 0.9193899782135077 0.09477124183006536 0.9041394335511983 0.09313725490196079 0.8932461873638344 0.08986928104575163 0.8888888888888888 0.08660130718954248 0.8736383442265795 0.07679738562091504 0.8496732026143791 0.07679738562091504 0.840958605664488 0.08823529411764706 0.8322440087145969 0.09313725490196079 0.8322440087145969 0.10130718954248366 0.8235294117647058 0.12091503267973856 0.8148148148148148 0.12745098039215685 0.8148148148148148 0.14052287581699346 0.8017429193899782 0.14869281045751634 0.7995642701525054 0.15359477124183007 0.7952069716775599 0.15849673202614378 0.7952069716775599
2 0.16830065359477125 0.2962962962962963 0.17647058823529413 0.3028322440087146 0.17973856209150327 0.3159041394335512 0.1781045751633987 0.3224400871459695 0.1715686274509804 0.3355119825708061 0.16176470588235295 0.3485838779956427 0.15359477124183007 0.355119825708061 0.1503267973856209 0.3616557734204793 0.1437908496732026 0.3616557734204793 0.13562091503267973 0.3660130718954248 0.12091503267973856 0.3616557734204793 0.11764705882352941 0.3572984749455338 0.11764705882352941 0.3464052287581699 0.1437908496732026 0.3115468409586057 0.1568627450980392 0.3006535947712418 0.16666666666666666 0.2962962962962963
2 0.3937908496732026 0.7342047930283224 0.39705882352941174 0.7363834422657952 0.40032679738562094 0.7450980392156863 0.40032679738562094 0.7559912854030502 0.39869281045751637 0.7581699346405228 0.39705882352941174 0.7559912854030502 0.3954248366013072 0.7581699346405228 0.38235294117647056 0.7559912854030502 0.380718954248366 0.7603485838779956 0.3888888888888889 0.7668845315904139 0.39705882352941174 0.7625272331154684 0.39705882352941174 0.7690631808278867 0.3937908496732026 0.7712418300653595 0.38562091503267976 0.7668845315904139 0.380718954248366 0.7712418300653595 0.3741830065359477 0.7712418300653595 0.3709150326797386 0.775599128540305 0.3709150326797386 0.7821350762527233 0.3611111111111111 0.7908496732026143 0.3627450980392157 0.7973856209150327 0.35784313725490197 0.7995642701525054 0.3562091503267974 0.7973856209150327 0.3545751633986928 0.7995642701525054 0.3545751633986928 0.8082788671023965 0.3464052287581699 0.8169934640522876 0.34477124183006536 0.8257080610021786 0.34967320261437906 0.8300653594771242 0.3480392156862745 0.8344226579520697 0.35294117647058826 0.8366013071895425 0.35294117647058826 0.8387799564270153 0.3415032679738562 0.8431372549019608 0.3415032679738562 0.8518518518518519 0.3366013071895425 0.8605664488017429 0.3382352941176471 0.8649237472766884 0.3415032679738562 0.8649237472766884 0.3349673202614379 0.8671023965141612 0.33169934640522875 0.8758169934640523 0.32189542483660133 0.8867102396514162 0.31699346405228757 0.8976034858387799 0.2908496732026144 0.8932461873638344 0.28431372549019607 0.8845315904139434 0.2761437908496732 0.8801742919389978 0.27124183006535946 0.8888888888888888 0.2647058823529412 0.8932461873638344 0.2549019607843137 0.8910675381263616 0.25 0.8801742919389978 0.24836601307189543 0.8431372549019608 0.2565359477124183 0.8278867102396514 0.25980392156862747 0.8104575163398693 0.2647058823529412 0.803921568627451 0.26633986928104575 0.7952069716775599 0.27450980392156865 0.7973856209150327 0.28104575163398693 0.7908496732026143 0.31209150326797386 0.7799564270152506 0.3284313725490196 0.7581699346405228 0.3284313725490196 0.7538126361655774 0.3333333333333333 0.7472766884531591 0.3480392156862745 0.7342047930283224 0.3660130718954248 0.7342047930283224 0.36764705882352944 0.7363834422657952 0.39215686274509803 0.7342047930283224
2 0.7728758169934641 0.11764705882352941 0.05228758169934641 0.06100217864923747
2 0.19607843137254902 0.7821350762527233 0.20751633986928106 0.7864923747276689 0.2107843137254902 0.7930283224400871 0.2107843137254902 0.7995642701525054 0.22549019607843138 0.8169934640522876 0.23529411764705882 0.8366013071895425 0.24019607843137256 0.869281045751634 0.24836601307189543 0.8932461873638344 0.2647058823529412 0.9150326797385621 0.2696078431372549 0.934640522875817 0.2777777777777778 0.9455337690631809 0.2875816993464052 0.9694989106753813 0.2826797385620915 0.9869281045751634 0.28431372549019607 0.9934640522875817 0.27941176470588236 0.9934640522875817 0.272875816993464 0.9978213507625272 0.25980392156862747 0.9978213507625272 0.2581699346405229 0.9956427015250545 0.24836601307189543 0.9978213507625272 0.2369281045751634 0.9934640522875817 0.23529411764705882 0.9956427015250545 0.22875816993464052 0.9956427015250545 0.22712418300653595 0.9934640522875817 0.19444444444444445 0.9934640522875817 0.19281045751633988 0.9956427015250545 0.17973856209150327 0.9956427015250545 0.1781045751633987 0.9978213507625272 0.17647058823529413 0.9956427015250545 0.15196078431372548 0.9956427015250545 0.1503267973856209 0.9978213507625272 0.14869281045751634 0.9956427015250545 0.13071895424836602 0.9956427015250545 0.12908496732026145 0.9978213507625272 0.12745098039215685 0.9956427015250545 0.12418300653594772 0.9978213507625272 0.1111111111111111 0.9956427015250545 0.10947712418300654 0.9978213507625272 0.10784313725490197 0.9956427015250545 0.08169934640522876 0.9956427015250545 0.08006535947712418 0.9934640522875817 0.0392156862745098 0.9934640522875817 0.03758169934640523 0.9956427015250545 0.0032679738562091504 0.9956427015250545 0 0.9934640522875817 0 0.9629629629629629 0.004901960784313725 0.9586056644880174 0.004901960784313725 0.954248366013072 0.011437908496732025 0.9564270152505446 0.017973856209150325 0.9477124183006536 0.021241830065359478 0.9498910675381264 0.02287581699346405 0.9477124183006536 0.032679738562091505 0.9477124183006536 0.03431372549019608 0.9498910675381264 0.05065359477124183 0.9477124183006536 0.08496732026143791 0.9215686274509803 0.09640522875816994 0.9041394335511983 0.09313725490196079 0.8910675381263616 0.08986928104575163 0.8867102396514162 0.08823529411764706 0.8758169934640523 0.08169934640522876 0.8627450980392157 0.0784313725490196 0.8496732026143791 0.08006535947712418 0.840958605664488 0.1111111111111111 0.8191721132897604 0.1323529411764706 0.8126361655773421 0.14215686274509803 0.8017429193899782 0.1454248366013072 0.8017429193899782 0.15359477124183007 0.7952069716775599 0.16339869281045752 0.7952069716775599 0.1715686274509804 0.7886710239651417 0.1781045751633987 0.7886710239651417 0.184640522875817 0.7843137254901961 0.19444444444444445 0.7821350762527233
2 0.2581699346405229 0.4684095860566449 0.2630718954248366 0.4749455337690632 0.2679738562091503 0.4880174291938998 0.2696078431372549 0.5054466230936819 0.25980392156862747 0.5381263616557734 0.2581699346405229 0.5533769063180828 0.2549019607843137 0.5599128540305011 0.2549019607843137 0.5729847494553377 0.25163398692810457 0.579520697167756 0.25163398692810457 0.5882352941176471 0.2434640522875817 0.6034858387799564 0.23202614379084968 0.6100217864923747 0.21568627450980393 0.6100217864923747 0.20751633986928106 0.6013071895424836 0.20588235294117646 0.5947712418300654 0.20915032679738563 0.5708061002178649 0.21568627450980393 0.5490196078431373 0.21405228758169934 0.5098039215686274 0.21568627450980393 0.5010893246187363 0.22549019607843138 0.4793028322440087 0.22712418300653595 0.47276688453159044 0.22549019607843138 0.47058823529411764 0.22712418300653595 0.4684095860566449 0.23366013071895425 0.4662309368191721 0.2549019607843137 0.4662309368191721 0.2565359477124183 0.4684095860566449
2 0.32679738562091504 0.775599128540305 0.3284313725490196 0.7777777777777778 0.32679738562091504 0.7864923747276689 0.3300653594771242 0.7930283224400871 0.3300653594771242 0.7995642701525054 0.3349673202614379 0.8082788671023965 0.3415032679738562 0.8104575163398693 0.3415032679738562 0.8213507625272332 0.3431372549019608 0.8235294117647058 0.3431372549019608 0.8322440087145969 0.3382352941176471 0.8453159041394336 0.33986928104575165 0.8474945533769063 0.3284313725490196 0.8758169934640523 0.3137254901960784 0.8954248366013072 0.3088235294117647 0.8932461873638344 0.3006535947712418 0.8954248366013072 0.28594771241830064 0.8910675381263616 0.27450980392156865 0.8910675381263616 0.2696078431372549 0.8954248366013072 0.2565359477124183 0.8954248366013072 0.25 0.8823529411764706 0.25 0.8736383442265795 0.24836601307189543 0.8714596949891068 0.24836601307189543 0.840958605664488 0.25980392156862747 0.8148148148148148 0.26143790849673204 0.803921568627451 0.2696078431372549 0.7973856209150327 0.2777777777777778 0.7973856209150327 0.2908496732026144 0.7886710239651417 0.2973856209150327 0.7864923747276689 0.30392156862745096 0.7886710239651417 0.31699346405228757 0.7777777777777778 0.32516339869281047 0.7777777777777778
2 0.3545751633986928 0.7538126361655774 0.35947712418300654 0.7603485838779956 0.3611111111111111 0.7690631808278867 0.35784313725490197 0.7821350762527233 0.35294117647058826 0.7886710239651417 0.35294117647058826 0.803921568627451 0.35130718954248363 0.8061002178649237 0.35294117647058826 0.8104575163398693 0.34967320261437906 0.8191721132897604 0.3480392156862745 0.8366013071895425 0.34477124183006536 0.840958605664488 0.3431372549019608 0.8649237472766884 0.33986928104575165 0.869281045751634 0.3349673202614379 0.869281045751634 0.32679738562091504 0.8823529411764706 0.3137254901960784 0.8954248366013072 0.2957516339869281 0.8932461873638344 0.2777777777777778 0.8758169934640523 0.27450980392156865 0.8649237472766884 0.2761437908496732 0.8431372549019608 0.28431372549019607 0.8278867102396514 0.2875816993464052 0.8169934640522876 0.29901960784313725 0.8082788671023965 0.31862745098039214 0.7799564270152506 0.32679738562091504 0.7777777777777778 0.3333333333333333 0.7690631808278867 0.3333333333333333 0.7647058823529411 0.35294117647058826 0.7538126361655774
2 0.3790849673202614 0.38344226579520696 0.3872549019607843 0.39215686274509803 0.3872549019607843 0.40522875816993464 0.380718954248366 0.41612200435729846 0.37254901960784315 0.4226579520697168 0.3660130718954248 0.4400871459694989 0.3611111111111111 0.4684095860566449 0.35294117647058826 0.4880174291938998 0.33986928104575165 0.5054466230936819 0.3349673202614379 0.5076252723311547 0.3202614379084967 0.5054466230936819 0.315359477124183 0.4989106753812636 0.3137254901960784 0.49019607843137253 0.315359477124183 0.485838779956427 0.315359477124183 0.4684095860566449 0.31862745098039214 0.46405228758169936 0.31699346405228757 0.4553376906318083 0.32189542483660133 0.4466230936819172 0.32189542483660133 0.4357298474945534 0.3235294117647059 0.4335511982570806 0.3235294117647059 0.42483660130718953 0.32679738562091504 0.420479302832244 0.32679738562091504 0.4139433551198257 0.35294117647058826 0.3899782135076253 0.37745098039215685 0.38344226579520696
2 0.17973856209150327 0.934640522875817 0.18790849673202614 0.9411764705882353 0.19444444444444445 0.9520697167755992 0.19607843137254902 0.9869281045751634 0.19444444444444445 0.9934640522875817 0.1895424836601307 0.9956427015250545 0.17320261437908496 0.9956427015250545 0.1715686274509804 0.9978213507625272 0.16993464052287582 0.9956427015250545 0.10294117647058823 0.9978213507625272 0.10130718954248366 0.9956427015250545 0.07679738562091504 0.9956427015250545 0.07516339869281045 0.9934640522875817 0.049019607843137254 0.9934640522875817 0.04738562091503268 0.9956427015250545 0.04084967320261438 0.9934640522875817 0.029411764705882353 0.9978213507625272 0.00980392156862745 0.9978213507625272 0 0.9934640522875817 0 0.9782135076252724 0.0016339869281045752 0.9760348583877996 0 0.9694989106753813 0.016339869281045753 0.954248366013072 0.03594771241830065 0.9520697167755992 0.04411764705882353 0.9477124183006536 0.05065359477124183 0.9477124183006536 0.05555555555555555 0.9433551198257081 0.08496732026143791 0.9433551198257081 0.10130718954248366 0.9368191721132898 0.10294117647058823 0.9389978213507625 0.11437908496732026 0.9389978213507625 0.12091503267973856 0.9477124183006536 0.13071895424836602 0.9477124183006536 0.13562091503267973 0.9433551198257081 0.1454248366013072 0.9411764705882353 0.15196078431372548 0.9368191721132898 0.1781045751633987 0.934640522875817
2 0 0 0.02287581699346405 0 0.03594771241830065 0.004357298474945534 0.0457516339869281 0.004357298474945534 0.04738562091503268 0.002178649237472767 0.0718954248366013 0.002178649237472767 0.07352941176470588 0.004357298474945534 0.07679738562091504 0.002178649237472767 0.08006535947712418 0.004357298474945534 0.12091503267973856 0.002178649237472767 0.12254901960784313 0.004357298474945534 0.1323529411764706 0 0.20751633986928106 0 0.20915032679738563 0.002178649237472767 0.2107843137254902 0 0.24673202614379086 0 0.24836601307189543 0.002178649237472767 0.2549019607843137 0 0.2565359477124183 0.002178649237472767 0.25980392156862747 0 0.315359477124183 0 0.31699346405228757 0.002178649237472767 0.31862745098039214 0 0.42483660130718953 0 0.4264705882352941 0.002178649237472767 0.434640522875817 0.002178649237472767 0.4362745098039216 0 0.619281045751634 0 0.6209150326797386 0.002178649237472767 0.6241830065359477 0 0.673202614379085 0 0.6781045751633987 0.004357298474945534 0.6862745098039216 0 0.7140522875816994 0 0.7156862745098039 0.002178649237472767 0.7369281045751634 0.004357298474945534 0.7467320261437909 0 0.7565359477124183 0 0.7581699346405228 0.002178649237472767 0.7728758169934641 0.002178649237472767 0.7745098039215687 0.010893246187363835 0.7810457516339869 0.008714596949891068 0.7777777777777778 0.004357298474945534 0.7777777777777778 0 0.7990196078431373 0 0.8006535947712419 0.002178649237472767 0.8137254901960784 0.002178649237472767 0.815359477124183 0 0.8431372549019608 0 0.8464052287581699 0.002178649237472767 0.8513071895424836 0 0.8578431372549019 0.004357298474945534 0.9591503267973857 0.004357298474945534 0.9673202614379085 0 0.9803921568627451 0 0.9820261437908496 0.002178649237472767 0.9918300653594772 0.002178649237472767 0.9934640522875817 0 0.9934640522875817 0.006535947712418301 0.9901960784313726 0.004357298474945534 0.9869281045751634 0.008714596949891068 0.988562091503268 0.010893246187363835 0.988562091503268 0.02178649237472767 0.9934640522875817 0.023965141612200435 0.9950980392156863 0.030501089324618737 0.9918300653594772 0.04139433551198257 0.9983660130718954 0.0457516339869281 0.9983660130718954 0.06753812636165578 0.9967320261437909 0.06971677559912855 0.9983660130718954 0.0784313725490196 0.9950980392156863 0.08061002178649238 0.9983660130718954 0.08496732026143791 0.9983660130718954 0.10021786492374728 0.9934640522875817 0.1111111111111111 0.9950980392156863 0.11982570806100218 0.9934640522875817 0.12636165577342048 0.9950980392156863 0.12854030501089325 0.9950980392156863 0.1503267973856209 0.9934640522875817 0.15250544662309368 0.9950980392156863 0.1655773420479303 0.9934640522875817 0.16775599128540306 0.9983660130718954 0.17429193899782136 0.9950980392156863 0.17647058823529413 0.9983660130718954 0.18082788671023964 0.9983660130718954 0.19172113289760348 0.9950980392156863 0.19607843137254902 0.9983660130718954 0.19825708061002179 0.9983660130718954 0.20697167755991286 0.9934640522875817 0.21350762527233116 0.9950980392156863 0.22875816993464052 0.9918300653594772 0.23311546840958605 0.9950980392156863 0.24183006535947713 0.9934640522875817 0.25054466230936817 0.9983660130718954 0.2549019607843137 0.9950980392156863 0.26143790849673204 0.9983660130718954 0.2657952069716776 0.9983660130718954 0.2788671023965142 0.9967320261437909 0.28104575163398693 0.9983660130718954 0.28322440087145967 0.9983660130718954 0.29411764705882354 0.9950980392156863 0.2962962962962963 0.9983660130718954 0.2984749455337691 0.9950980392156863 0.3006535947712418 0.9934640522875817 0.30718954248366015 0.9950980392156863 0.3137254901960784 0.9934640522875817 0.3224400871459695 0.9983660130718954 0.3289760348583878 0.9983660130718954 0.3616557734204793 0.9950980392156863 0.3638344226579521 0.9983660130718954 0.37254901960784315 0.9983660130718954 0.38562091503267976 0.9901960784313726 0.4008714596949891 0.9950980392156863 0.4095860566448802 0.9950980392156863 0.41830065359477125 0.9983660130718954 0.420479302832244 0.9983660130718954 0.4422657952069717 0.9934640522875817 0.4422657952069717 0.9869281045751634 0.44880174291938996 0.9901960784313726 0.4531590413943355 0.9869281045751634 0.46187363834422657 0.9934640522875817 0.4684095860566449 0.9983660130718954 0.4684095860566449 0.9983660130718954 0.5076252723311547 0.9918300653594772 0.514161220043573 0.9950980392156863 0.5185185185185185 0.9983660130718954 0.5185185185185185 0.9983660130718954 0.5228758169934641 0.9950980392156863 0.5272331154684096 0.9983660130718954 0.5315904139433552 0.9983660130718954 0.5642701525054467 0.9934640522875817 0.5708061002178649 0.9983660130718954 0.5729847494553377 0.9983660130718954 0.5816993464052288 0.9934640522875817 0.5838779956427015 0.9983660130718954 0.5947712418300654 0.9983660130718954 0.6056644880174292 0.9918300653594772 0.6078431372549019 0.9983660130718954 0.6187363834422658 0.9967320261437909 0.6274509803921569 0.9983660130718954 0.6492374727668845 0.9950980392156863 0.6535947712418301 0.9934640522875817 0.6623093681917211 0.9950980392156863 0.6753812636165577 0.9983660130718954 0.6775599128540305 0.9983660130718954 0.6884531590413944 0.9950980392156863 0.6928104575163399 0.9983660130718954 0.6971677559912854 0.9983660130718954 0.7429193899782135 0.9934640522875817 0.7450980392156863 0.9934640522875817 0.7538126361655774 0.9918300653594772 0.7559912854030502 0.9934640522875817 0.7625272331154684 0.9918300653594772 0.7581699346405228 0.988562091503268 0.7603485838779956 0.9901960784313726 0.7647058823529411 0.988562091503268 0.7668845315904139 0.9901960784313726 0.7799564270152506 0.9983660130718954 0.7843137254901961 0.9934640522875817 0.7843137254901961 0.9901960784313726 0.7799564270152506 0.988562091503268 0.7821350762527233 0.988562091503268 0.7886710239651417 0.9934640522875817 0.7908496732026143 0.9983660130718954 0.7995642701525054 0.9983660130718954 0.8496732026143791 0.9950980392156863 0.8518518518518519 0.9934640522875817 0.8583877995642701 0.9918300653594772 0.8562091503267973 0.988562091503268 0.8583877995642701 0.9901960784313726 0.8671023965141612 0.9934640522875817 0.8649237472766884 0.9983660130718954 0.8671023965141612 0.9983660130718954 0.8823529411764706 0.9950980392156863 0.8845315904139434 0.9967320261437909 0.8976034858387799 0.9934640522875817 0.9041394335511983 0.9934640522875817 0.9106753812636166 0.9967320261437909 0.9150326797385621 0.9950980392156863 0.9193899782135077 0.988562091503268 0.9215686274509803 0.988562091503268 0.9324618736383442 0.9934640522875817 0.934640522875817 0.9934640522875817 0.9455337690631809 0.9950980392156863 0.9477124183006536 0.9934640522875817 0.9607843137254902 0.9983660130718954 0.971677559912854 0.9983660130718954 0.9782135076252724 0.9950980392156863 0.9803921568627451 0.9967320261437909 0.9869281045751634 0.9950980392156863 0.9912854030501089 0.9918300653594772 0.9934640522875817 0.9411764705882353 0.9912854030501089 0.934640522875817 0.9825708061002179 0.9281045751633987 0.9803921568627451 0.9264705882352942 0.9869281045751634 0.9215686274509803 0.9912854030501089 0.9035947712418301 0.9891067538126361 0.9019607843137255 0.9912854030501089 0.8839869281045751 0.9912854030501089 0.8823529411764706 0.9934640522875817 0.8496732026143791 0.9934640522875817 0.8480392156862745 0.9912854030501089 0.8447712418300654 0.9934640522875817 0.8251633986928104 0.9869281045751634 0.815359477124183 0.9869281045751634 0.8022875816993464 0.9912854030501089 0.7712418300653595 0.9912854030501089 0.7696078431372549 0.9934640522875817 0.7630718954248366 0.9912854030501089 0.704248366013072 0.9912854030501089 0.7026143790849673 0.9934640522875817 0.6993464052287581 0.9891067538126361 0.6977124183006536 0.9912854030501089 0.6830065359477124 0.9912854030501089 0.6813725490196079 0.9891067538126361 0.6666666666666666 0.9891067538126361 0.6650326797385621 0.9869281045751634 0.6584967320261438 0.9934640522875817 0.6225490196078431 0.9891067538126361 0.6160130718954249 0.9934640522875817 0.6078431372549019 0.9934640522875817 0.6062091503267973 0.9956427015250545 0.5898692810457516 0.9934640522875817 0.5816993464052288 0.9978213507625272 0.5718954248366013 0.9978213507625272 0.5702614379084967 0.9934640522875817 0.5179738562091504 0.9978213507625272 0.5098039215686274 0.9934640522875817 0.4950980392156863 0.9934640522875817 0.4934640522875817 0.9912854030501089 0.4918300653594771 0.9934640522875817 0.4738562091503268 0.9912854030501089 0.4722222222222222 0.9934640522875817 0.3954248366013072 0.9934640522875817 0.3937908496732026 0.9956427015250545 0.3627450980392157 0.9934640522875817 0.3611111111111111 0.9912854030501089 0.3366013071895425 0.9912854030501089 0.3349673202614379 0.9934640522875817 0.33169934640522875 0.9912854030501089 0.3300653594771242 0.9934640522875817 0.3104575163398693 0.9934640522875817 0.3088235294117647 0.9912854030501089 0.28104575163398693 0.9934640522875817 0.27941176470588236 0.9912854030501089 0.272875816993464 0.9956427015250545 0.2581699346405229 0.9912854030501089 0.2565359477124183 0.9934640522875817 0.2434640522875817 0.9934640522875817 0.24183006535947713 0.9956427015250545 0.238562091503268 0.9934640522875817 0.22549019607843138 0.9934640522875817 0.2238562091503268 0.9912854030501089 0.2222222222222222 0.9934640522875817 0.20751633986928106 0.9934640522875817 0.20588235294117646 0.9956427015250545 0.19607843137254902 0.9956427015250545 0.19444444444444445 0.9934640522875817 0.18790849673202614 0.9956427015250545 0.1781045751633987 0.9912854030501089 0.17647058823529413 0.9934640522875817 0.15849673202614378 0.9934640522875817 0.1568627450980392 0.9956427015250545 0.15522875816993464 0.9934640522875817 0.1323529411764706 0.9934640522875817 0.13071895424836602 0.9956427015250545 0.12745098039215685 0.9934640522875817 0.10620915032679738 0.9934640522875817 0.10457516339869281 0.9956427015250545 0.08823529411764706 0.9934640522875817 0.08333333333333333 0.9978213507625272 0.0784313725490196 0.9934640522875817 0.013071895424836602 0.9934640522875817 0.011437908496732025 0.9912854030501089 0 0.9934640522875817 0 0.9477124183006536 0.0032679738562091504 0.9433551198257081 0.0032679738562091504 0.9389978213507625 0 0.9368191721132898 0 0.8562091503267973 0.0016339869281045752 0.8540305010893247 0 0.8518518518518519 0.0032679738562091504 0.8474945533769063 0 0.8431372549019608 0 0.7516339869281046 0.0032679738562091504 0.7494553376906318 0.0032679738562091504 0.7363834422657952 0.004901960784313725 0.7342047930283224 0 0.7276688453159041 0.0016339869281045752 0.7211328976034859 0 0.7167755991285403 0 0.19389978213507625 0.004901960784313725 0.1895424836601307 0 0.1830065359477124 0 0.1655773420479303 0.004901960784313725 0.16993464052287582 0.00980392156862745 0.16775599128540306 0.008169934640522876 0.16339869281045752 0.004901960784313725 0.16339869281045752 0 0.1568627450980392 0.0032679738562091504 0.15250544662309368 0 0.14814814814814814 0 0.07407407407407407 0.0032679738562091504 0.0718954248366013 0.004901960784313725 0.06100217864923747 0.00980392156862745 0.05664488017429194 0.006535947712418301 0.05010893246187364 0 0.04793028322440087 0 0.023965141612200435 0.0032679738562091504 0.02178649237472767 0 0.0196078431372549 0 0.002178649237472767
2 0.5702614379084967 0.9411764705882353 0.5849673202614379 0.9520697167755992 0.5980392156862745 0.9673202614379085 0.5996732026143791 0.9760348583877996 0.6062091503267973 0.9891067538126361 0.6045751633986928 0.9978213507625272 0.5718954248366013 0.9978213507625272 0.5702614379084967 0.9956427015250545 0.5669934640522876 0.9978213507625272 0.5441176470588235 0.9978213507625272 0.5424836601307189 0.9956427015250545 0.5408496732026143 0.9978213507625272 0.5130718954248366 0.9978213507625272 0.5098039215686274 0.9934640522875817 0.5 0.9738562091503268 0.5016339869281046 0.9629629629629629 0.5098039215686274 0.9455337690631809 0.5228758169934641 0.9411764705882353 0.545751633986928 0.9411764705882353 0.5473856209150327 0.9389978213507625 0.5588235294117647 0.9389978213507625 0.5604575163398693 0.9411764705882353 0.5637254901960784 0.9389978213507625 0.5686274509803921 0.9411764705882353
2 0.36764705882352944 0.41830065359477125 0.369281045751634 0.42701525054466233 0.36437908496732024 0.4400871459694989 0.3611111111111111 0.4684095860566449 0.3545751633986928 0.48366013071895425 0.34477124183006536 0.4989106753812636 0.33986928104575165 0.5054466230936819 0.3349673202614379 0.5076252723311547 0.3202614379084967 0.5054466230936819 0.3137254901960784 0.49019607843137253 0.315359477124183 0.4880174291938998 0.3137254901960784 0.477124183006536 0.31862745098039214 0.47276688453159044 0.31699346405228757 0.4684095860566449 0.3202614379084967 0.46187363834422657 0.31862745098039214 0.4553376906318083 0.32189542483660133 0.44880174291938996 0.3235294117647059 0.42483660130718953 0.33169934640522875 0.42483660130718953 0.35294117647058826 0.41612200435729846 0.36437908496732024 0.41612200435729846 0.3660130718954248 0.41830065359477125
2 0.3382352941176471 0.06971677559912855 0.3431372549019608 0.07625272331154684 0.3431372549019608 0.08496732026143791 0.3333333333333333 0.09803921568627451 0.3055555555555556 0.11764705882352941 0.29248366013071897 0.11546840958605664 0.28431372549019607 0.10457516339869281 0.28594771241830064 0.0915032679738562 0.2973856209150327 0.07625272331154684 0.3104575163398693 0.06753812636165578 0.3300653594771242 0.06535947712418301 0.3366013071895425 0.06971677559912855
2 0.05392156862745098 0.16339869281045752 0.06699346405228758 0.1786492374727669 0.06862745098039216 0.19607843137254902 0.06372549019607843 0.20915032679738563 0.06372549019607843 0.22440087145969498 0.06209150326797386 0.22875816993464052 0.05392156862745098 0.23965141612200436 0.04738562091503268 0.2440087145969499 0.032679738562091505 0.2440087145969499 0.029411764705882353 0.23965141612200436 0.027777777777777776 0.23311546840958605 0.027777777777777776 0.22657952069716775 0.03104575163398693 0.22004357298474944 0.029411764705882353 0.19389978213507625 0.03594771241830065 0.1721132897603486 0.04411764705882353 0.16339869281045752 0.05228758169934641 0.16339869281045752
2 0.5359477124183006 0.28540305010893247 0.545751633986928 0.29411764705882354 0.5490196078431373 0.3006535947712418 0.5473856209150327 0.30718954248366015 0.5392156862745098 0.3224400871459695 0.5261437908496732 0.3333333333333333 0.5163398692810458 0.33769063180827885 0.5081699346405228 0.33769063180827885 0.4934640522875817 0.3224400871459695 0.4934640522875817 0.3028322440087146 0.49673202614379086 0.3006535947712418 0.5049019607843137 0.27450980392156865 0.5098039215686274 0.2701525054466231 0.5130718954248366 0.26143790849673204 0.5196078431372549 0.2636165577342048 0.5212418300653595 0.2701525054466231 0.5196078431372549 0.2788671023965142 0.5212418300653595 0.28104575163398693 0.5277777777777778 0.28104575163398693 0.5343137254901961 0.28540305010893247
2 0.6013071895424836 0.3485838779956427 0.6062091503267973 0.35947712418300654 0.6062091503267973 0.3747276688453159 0.6127450980392157 0.3899782135076253 0.6127450980392157 0.40522875816993464 0.6094771241830066 0.4095860566448802 0.5931372549019608 0.4095860566448802 0.5915032679738562 0.4117647058823529 0.5898692810457516 0.4095860566448802 0.5816993464052288 0.4117647058823529 0.576797385620915 0.4074074074074074 0.5751633986928104 0.3812636165577342 0.5800653594771242 0.3660130718954248 0.5915032679738562 0.35076252723311546 0.5996732026143791 0.3485838779956427
2 0.8594771241830066 0.2570806100217865 0.8676470588235294 0.2657952069716776 0.8676470588235294 0.27450980392156865 0.8627450980392157 0.28540305010893247 0.8480392156862745 0.28540305010893247 0.8447712418300654 0.289760348583878 0.8382352941176471 0.29193899782135074 0.8186274509803921 0.30718954248366015 0.803921568627451 0.3137254901960784 0.7826797385620915 0.3355119825708061 0.7696078431372549 0.3333333333333333 0.761437908496732 0.3202614379084967 0.761437908496732 0.3093681917211329 0.7679738562091504 0.289760348583878 0.7826797385620915 0.28104575163398693 0.8104575163398693 0.2701525054466231 0.8300653594771242 0.2570806100217865 0.8578431372549019 0.2570806100217865
2 0.19934640522875818 0.7843137254901961 0.20588235294117646 0.7864923747276689 0.20915032679738563 0.7908496732026143 0.2107843137254902 0.7995642701525054 0.2238562091503268 0.8169934640522876 0.2369281045751634 0.840958605664488 0.24019607843137256 0.869281045751634 0.24673202614379086 0.8888888888888888 0.25326797385620914 0.9019607843137255 0.2630718954248366 0.9128540305010894 0.2696078431372549 0.934640522875817 0.2761437908496732 0.9433551198257081 0.28594771241830064 0.9673202614379085 0.2826797385620915 0.9934640522875817 0.2630718954248366 0.9956427015250545 0.26143790849673204 0.9978213507625272 0.25980392156862747 0.9956427015250545 0.238562091503268 0.9956427015250545 0.2369281045751634 0.9934640522875817 0.23039215686274508 0.9956427015250545 0.22549019607843138 0.9934640522875817 0.21241830065359477 0.9673202614379085 0.2107843137254902 0.9586056644880174 0.18790849673202614 0.9281045751633987 0.184640522875817 0.9281045751633987 0.17973856209150327 0.9215686274509803 0.17647058823529413 0.906318082788671 0.16830065359477125 0.8910675381263616 0.16666666666666666 0.8823529411764706 0.16830065359477125 0.8758169934640523 0.1650326797385621 0.8714596949891068 0.16339869281045752 0.8627450980392157 0.16339869281045752 0.8474945533769063 0.1650326797385621 0.8453159041394336 0.16339869281045752 0.8387799564270153 0.1650326797385621 0.8322440087145969 0.16339869281045752 0.8104575163398693 0.16993464052287582 0.7995642701525054 0.18137254901960784 0.7930283224400871 0.18627450980392157 0.7864923747276689 0.1977124183006536 0.7843137254901961