2 0.19117647058823528 0.9824561403508771 0.19607843137254902 0.9924812030075187 0.19444444444444445 0.9974937343358395 0.1454248366013072 0.9974937343358395 0.14705882352941177 0.9924812030075187 0.15849673202614378 0.9849624060150376 0.18137254901960784 0.9824561403508771 0.1830065359477124 0.9799498746867168 0.1895424836601307 0.9824561403508771
2 0.3545751633986928 0.6716791979949874 0.36437908496732024 0.6766917293233082 0.3758169934640523 0.6716791979949874 0.3790849673202614 0.6791979949874687 0.38235294117647056 0.6791979949874687 0.3872549019607843 0.6867167919799498 0.39215686274509803 0.6842105263157895 0.3954248366013072 0.6892230576441103 0.3937908496732026 0.6967418546365914 0.3954248366013072 0.6992481203007519 0.40032679738562094 0.6967418546365914 0.39869281045751637 0.7017543859649122 0.3937908496732026 0.7042606516290727 0.39869281045751637 0.7117794486215538 0.42320261437908496 0.7167919799498746 0.434640522875817 0.7293233082706767 0.434640522875817 0.7368421052631579 0.43137254901960786 0.7393483709273183 0.41830065359477125 0.7393483709273183 0.4068627450980392 0.7293233082706767 0.4035947712418301 0.7293233082706767 0.3888888888888889 0.7142857142857143 0.38235294117647056 0.7042606516290727 0.39052287581699346 0.7042606516290727 0.39215686274509803 0.7017543859649122 0.3790849673202614 0.681704260651629 0.3758169934640523 0.6867167919799498 0.3741830065359477 0.6842105263157895 0.3660130718954248 0.6842105263157895 0.35947712418300654 0.6791979949874687 0.3480392156862745 0.6791979949874687 0.3464052287581699 0.6741854636591479 0.35294117647058826 0.6716791979949874
2 0.12254901960784313 0.7694235588972431 0.12581699346405228 0.7744360902255639 0.12418300653594772 0.7819548872180451 0.12091503267973856 0.7894736842105263 0.11601307189542484 0.7919799498746867 0.10784313725490197 0.7894736842105263 0.10130718954248366 0.7794486215538847 0.10457516339869281 0.7719298245614035 0.1111111111111111 0.7669172932330827 0.119281045751634 0.7669172932330827 0.12091503267973856 0.7694235588972431
2 0.3382352941176471 0.7969924812030075 0.3415032679738562 0.7969924812030075 0.35130718954248363 0.8095238095238095 0.3741830065359477 0.8446115288220551 0.380718954248366 0.87468671679198 0.3790849673202614 0.8847117794486216 0.380718954248366 0.9172932330827067 0.39052287581699346 0.9448621553884712 0.39052287581699346 0.9598997493734336 0.3937908496732026 0.9799498746867168 0.3937908496732026 0.9924812030075187 0.3872549019607843 0.9924812030075187 0.3839869281045752 0.9598997493734336 0.37745098039215685 0.9423558897243107 0.37745098039215685 0.9348370927318296 0.37254901960784315 0.9172932330827067 0.3741830065359477 0.9072681704260651 0.3709150326797386 0.8922305764411027 0.3709150326797386 0.8822055137844611 0.37254901960784315 0.8796992481203008 0.36437908496732024 0.8546365914786967 0.36437908496732024 0.849624060150376 0.35294117647058826 0.8320802005012531 0.3480392156862745 0.8195488721804511 0.33986928104575165 0.8070175438596491 0.3382352941176471 0.7994987468671679
2 0.4117647058823529 0.656641604010025 0.4133986928104575 0.6591478696741855 0.4215686274509804 0.6591478696741855 0.43137254901960786 0.6666666666666666 0.4444444444444444 0.6716791979949874 0.4493464052287582 0.6766917293233082 0.4526143790849673 0.6766917293233082 0.45588235294117646 0.681704260651629 0.4673202614379085 0.6842105263157895 0.4803921568627451 0.6917293233082706 0.49019607843137253 0.6917293233082706 0.4934640522875817 0.6967418546365914 0.4918300653594771 0.7017543859649122 0.4624183006535948 0.6992481203007519 0.44607843137254904 0.6842105263157895 0.43790849673202614 0.6842105263157895 0.4362745098039216 0.681704260651629 0.4150326797385621 0.6766917293233082 0.39869281045751637 0.6641604010025063 0.4019607843137255 0.656641604010025 0.41013071895424835 0.656641604010025
2 0.6062091503267973 0.7092731829573935 0.6127450980392157 0.7117794486215538 0.619281045751634 0.7192982456140351 0.6258169934640523 0.7192982456140351 0.6568627450980392 0.7393483709273183 0.6650326797385621 0.7393483709273183 0.6781045751633987 0.7468671679197995 0.684640522875817 0.7543859649122807 0.7026143790849673 0.7619047619047619 0.7058823529411765 0.7669172932330827 0.7091503267973857 0.7669172932330827 0.7173202614379085 0.7769423558897243 0.7271241830065359 0.7819548872180451 0.7369281045751634 0.7919799498746867 0.7516339869281046 0.7944862155388471 0.7598039215686274 0.8020050125313283 0.7745098039215687 0.8045112781954887 0.7843137254901961 0.8095238095238095 0.8006535947712419 0.8270676691729323 0.8071895424836601 0.8295739348370927 0.8235294117647058 0.8446115288220551 0.8366013071895425 0.849624060150376 0.8431372549019608 0.8596491228070176 0.8431372549019608 0.8646616541353384 0.8415032679738562 0.8671679197994987 0.8366013071895425 0.8646616541353384 0.8300653594771242 0.8721804511278195 0.8284313725490197 0.8621553884711779 0.8137254901960784 0.8571428571428571 0.8055555555555556 0.849624060150376 0.7990196078431373 0.849624060150376 0.7892156862745098 0.8546365914786967 0.7794117647058824 0.8646616541353384 0.7761437908496732 0.8646616541353384 0.761437908496732 0.849624060150376 0.7549019607843137 0.849624060150376 0.7467320261437909 0.8446115288220551 0.738562091503268 0.8446115288220551 0.7303921568627451 0.8395989974937343 0.7075163398692811 0.8395989974937343 0.7058823529411765 0.8421052631578947 0.6977124183006536 0.8370927318295739 0.6911764705882353 0.8370927318295739 0.684640522875817 0.8320802005012531 0.6683006535947712 0.8295739348370927 0.6633986928104575 0.8245614035087719 0.6633986928104575 0.8170426065162907 0.6699346405228758 0.8095238095238095 0.6699346405228758 0.8045112781954887 0.6764705882352942 0.8020050125313283 0.6797385620915033 0.8070175438596491 0.6862745098039216 0.8095238095238095 0.6928104575163399 0.7994987468671679 0.6928104575163399 0.8045112781954887 0.696078431372549 0.8070175438596491 0.6993464052287581 0.8020050125313283 0.696078431372549 0.7969924812030075 0.6993464052287581 0.7894736842105263 0.6993464052287581 0.7819548872180451 0.696078431372549 0.7769423558897243 0.6911764705882353 0.7769423558897243 0.6895424836601307 0.7719298245614035 0.684640522875817 0.7719298245614035 0.6797385620915033 0.7644110275689223 0.6699346405228758 0.7568922305764411 0.6552287581699346 0.7543859649122807 0.6503267973856209 0.7493734335839599 0.6470588235294118 0.7493734335839599 0.6405228758169934 0.7393483709273183 0.6225490196078431 0.731829573934837 0.6176470588235294 0.7268170426065163 0.6078431372549019 0.7268170426065163 0.6029411764705882 0.7192982456140351 0.5980392156862745 0.7167919799498746 0.5980392156862745 0.7117794486215538 0.6045751633986928 0.7092731829573935
2 0.41830065359477125 0.7142857142857143 0.4297385620915033 0.7243107769423559 0.434640522875817 0.731829573934837 0.43137254901960786 0.7393483709273183 0.4133986928104575 0.7368421052631579 0.40032679738562094 0.7218045112781954 0.40032679738562094 0.7167919799498746 0.4166666666666667 0.7142857142857143
2 0.032679738562091505 0.5162907268170426 0.03758169934640523 0.5213032581453634 0.04738562091503268 0.5238095238095238 0.05718954248366013 0.531328320802005 0.05392156862745098 0.5338345864661654 0.042483660130718956 0.5338345864661654 0.03431372549019608 0.5388471177944862 0.02287581699346405 0.5388471177944862 0.0196078431372549 0.5338345864661654 0.021241830065359478 0.5238095238095238 0.024509803921568627 0.518796992481203 0.03104575163398693 0.5162907268170426
2 0 0.6491228070175439 0.011437908496732025 0.6491228070175439 0.013071895424836602 0.6516290726817042 0.05065359477124183 0.6491228070175439 0.05228758169934641 0.6516290726817042 0.06045751633986928 0.6516290726817042 0.05718954248366013 0.656641604010025 0.05718954248366013 0.6641604010025063 0.05228758169934641 0.6641604010025063 0.0457516339869281 0.6741854636591479 0.03594771241830065 0.6791979949874687 0.016339869281045753 0.681704260651629 0.013071895424836602 0.6867167919799498 0.0032679738562091504 0.6867167919799498 0.0016339869281045752 0.6892230576441103 0 0.6892230576441103 0 0.6516290726817042
2 0.11274509803921569 0.7268170426065163 0.11601307189542484 0.731829573934837 0.11274509803921569 0.7393483709273183 0.10130718954248366 0.7443609022556391 0.08333333333333333 0.7443609022556391 0.08169934640522876 0.7468671679197995 0.07352941176470588 0.7468671679197995 0.06699346405228758 0.7418546365914787 0.06209150326797386 0.7343358395989975 0.06209150326797386 0.7293233082706767 0.06699346405228758 0.7243107769423559 0.07352941176470588 0.7218045112781954 0.09803921568627451 0.7218045112781954 0.1111111111111111 0.7268170426065163
2 0.3888888888888889 0.6541353383458647 0.3954248366013072 0.6591478696741855 0.4019607843137255 0.6591478696741855 0.4035947712418301 0.656641604010025 0.41013071895424835 0.6591478696741855 0.4117647058823529 0.6666666666666666 0.40522875816993464 0.6641604010025063 0.4035947712418301 0.656641604010025 0.4019607843137255 0.6641604010025063 0.3937908496732026 0.6666666666666666 0.39052287581699346 0.6766917293233082 0.4035947712418301 0.6942355889724311 0.39869281045751637 0.7042606516290727 0.39869281045751637 0.7092731829573935 0.4035947712418301 0.7142857142857143 0.4199346405228758 0.7142857142857143 0.42483660130718953 0.7192982456140351 0.4264705882352941 0.7243107769423559 0.434640522875817 0.731829573934837 0.43300653594771243 0.7368421052631579 0.42810457516339867 0.7393483709273183 0.41830065359477125 0.7393483709273183 0.4117647058823529 0.731829573934837 0.40522875816993464 0.7293233082706767 0.3839869281045752 0.7117794486215538 0.369281045751634 0.6867167919799498 0.3464052287581699 0.6766917293233082 0.3480392156862745 0.6691729323308271 0.35294117647058826 0.6691729323308271 0.36437908496732024 0.6616541353383458 0.3758169934640523 0.6616541353383458 0.38235294117647056 0.6541353383458647 0.3872549019607843 0.6541353383458647
2 0.6127450980392157 0.7117794486215538 0.619281045751634 0.7192982456140351 0.6290849673202614 0.7218045112781954 0.6552287581699346 0.7393483709273183 0.6633986928104575 0.7393483709273183 0.6781045751633987 0.7468671679197995 0.684640522875817 0.7543859649122807 0.7091503267973857 0.7669172932330827 0.7140522875816994 0.7744360902255639 0.7271241830065359 0.7819548872180451 0.7336601307189542 0.7894736842105263 0.7483660130718954 0.7919799498746867 0.7581699346405228 0.7969924812030075 0.761437908496732 0.8020050125313283 0.7696078431372549 0.8020050125313283 0.7859477124183006 0.8095238095238095 0.8022875816993464 0.8270676691729323 0.8088235294117647 0.8295739348370927 0.815359477124183 0.8370927318295739 0.8186274509803921 0.8370927318295739 0.8300653594771242 0.8471177944862155 0.8382352941176471 0.849624060150376 0.8529411764705882 0.8721804511278195 0.8594771241830066 0.87468671679198 0.8627450980392157 0.8796992481203008 0.8627450980392157 0.8872180451127819 0.869281045751634 0.8947368421052632 0.8839869281045751 0.8922305764411027 0.8937908496732027 0.899749373433584 0.9084967320261438 0.9022556390977443 0.9248366013071896 0.9147869674185464 0.9264705882352942 0.9122807017543859 0.9330065359477124 0.9122807017543859 0.9395424836601307 0.9172932330827067 0.9526143790849673 0.9197994987468672 0.9575163398692811 0.924812030075188 0.9803921568627451 0.9298245614035088 0.9852941176470589 0.9348370927318296 0.988562091503268 0.9348370927318296 0.9918300653594772 0.9398496240601504 0.9967320261437909 0.9398496240601504 0.9983660130718954 0.9473684210526315 0.9950980392156863 0.9448621553884712 0.9803921568627451 0.9448621553884712 0.9689542483660131 0.9398496240601504 0.9656862745098039 0.9348370927318296 0.9575163398692811 0.9348370927318296 0.9477124183006536 0.9273182957393483 0.9428104575163399 0.9273182957393483 0.9395424836601307 0.9223057644110275 0.9281045751633987 0.9147869674185464 0.9199346405228758 0.9147869674185464 0.9183006535947712 0.9172932330827067 0.9133986928104575 0.9147869674185464 0.8921568627450981 0.9147869674185464 0.880718954248366 0.9097744360902256 0.8774509803921569 0.9047619047619048 0.8741830065359477 0.9047619047619048 0.8660130718954249 0.8972431077694235 0.8398692810457516 0.8947368421052632 0.8300653594771242 0.8897243107769424 0.8251633986928104 0.8822055137844611 0.8120915032679739 0.8721804511278195 0.8088235294117647 0.8671679197994987 0.8104575163398693 0.8646616541353384 0.8055555555555556 0.8546365914786967 0.8006535947712419 0.8621553884711779 0.7973856209150327 0.8571428571428571 0.7908496732026143 0.8571428571428571 0.7794117647058824 0.8671679197994987 0.7712418300653595 0.8621553884711779 0.7630718954248366 0.8521303258145363 0.7516339869281046 0.8471177944862155 0.7434640522875817 0.8471177944862155 0.7320261437908496 0.8421052631578947 0.7140522875816994 0.8421052631578947 0.7124183006535948 0.8395989974937343 0.7107843137254902 0.8421052631578947 0.7026143790849673 0.8421052631578947 0.696078431372549 0.8370927318295739 0.6895424836601307 0.8370927318295739 0.6830065359477124 0.8320802005012531 0.673202614379085 0.8320802005012531 0.6633986928104575 0.8270676691729323 0.6633986928104575 0.8170426065162907 0.6715686274509803 0.8020050125313283 0.6797385620915033 0.8020050125313283 0.684640522875817 0.8070175438596491 0.6879084967320261 0.8020050125313283 0.6911764705882353 0.8020050125313283 0.696078431372549 0.8070175438596491 0.6993464052287581 0.8020050125313283 0.6977124183006536 0.7944862155388471 0.7026143790849673 0.7894736842105263 0.7009803921568627 0.7869674185463659 0.7026143790849673 0.7819548872180451 0.696078431372549 0.7744360902255639 0.6928104575163399 0.7769423558897243 0.6895424836601307 0.7719298245614035 0.684640522875817 0.7719298245614035 0.6813725490196079 0.7644110275689223 0.6781045751633987 0.7644110275689223 0.6715686274509803 0.7568922305764411 0.6535947712418301 0.7518796992481203 0.6388888888888888 0.7368421052631579 0.6290849673202614 0.7343358395989975 0.6209150326797386 0.7268170426065163 0.6094771241830066 0.7268170426065163 0.6013071895424836 0.7167919799498746 0.5964052287581699 0.7142857142857143 0.6045751633986928 0.7092731829573935 0.6111111111111112 0.7117794486215538
2 0 0.7518796992481203 0.017973856209150325 0.7644110275689223 0.017973856209150325 0.7694235588972431 0.006535947712418301 0.7869674185463659 0 0.7894736842105263 0 0.7543859649122807
2 0.09967320261437909 0.6791979949874687 0.10130718954248366 0.6892230576441103 0.09803921568627451 0.6942355889724311 0.0915032679738562 0.6967418546365914 0.0784313725490196 0.6967418546365914 0.0718954248366013 0.6917293233082706 0.07026143790849673 0.6842105263157895 0.07352941176470588 0.6791979949874687 0.08333333333333333 0.6741854636591479 0.08660130718954248 0.6766917293233082 0.09640522875816994 0.6766917293233082 0.09803921568627451 0.6791979949874687
2 0 0.6491228070175439 0.011437908496732025 0.6516290726817042 0.017973856209150325 0.6591478696741855 0.016339869281045753 0.6691729323308271 0.011437908496732025 0.6741854636591479 0 0.6791979949874687 0 0.6516290726817042
2 0.8676470588235294 0.8972431077694235 0.8758169934640523 0.8922305764411027 0.8839869281045751 0.8922305764411027 0.8872549019607843 0.8972431077694235 0.9052287581699346 0.899749373433584 0.923202614379085 0.9122807017543859 0.934640522875817 0.9122807017543859 0.9575163398692811 0.924812030075188 0.9803921568627451 0.9298245614035088 0.9901960784313726 0.9373433583959899 0.9983660130718954 0.9398496240601504 0.9983660130718954 0.9473684210526315 0.9803921568627451 0.9448621553884712 0.9656862745098039 0.9348370927318296 0.9575163398692811 0.9348370927318296 0.9477124183006536 0.9273182957393483 0.9428104575163399 0.9273182957393483 0.9297385620915033 0.9172932330827067 0.8872549019607843 0.9147869674185464 0.8758169934640523 0.9047619047619048 0.8725490196078431 0.9047619047619048 0.869281045751634 0.899749373433584
2 0.4150326797385621 0.7543859649122807 0.42483660130718953 0.7518796992481203 0.434640522875817 0.7619047619047619 0.4542483660130719 0.7644110275689223 0.4591503267973856 0.7744360902255639 0.46895424836601307 0.7819548872180451 0.46895424836601307 0.7894736842105263 0.46568627450980393 0.7944862155388471 0.4624183006535948 0.7969924812030075 0.4542483660130719 0.7944862155388471 0.44281045751633985 0.7794486215538847 0.42810457516339867 0.7719298245614035 0.42483660130718953 0.7644110275689223 0.4150326797385621 0.7568922305764411
2 0.7745098039215687 0.8045112781954887 0.7843137254901961 0.8095238095238095 0.8006535947712419 0.8270676691729323 0.8071895424836601 0.8295739348370927 0.826797385620915 0.8471177944862155 0.8382352941176471 0.8521303258145363 0.8431372549019608 0.8596491228070176 0.8431372549019608 0.8646616541353384 0.8366013071895425 0.8646616541353384 0.8316993464052288 0.8596491228070176 0.8251633986928104 0.8596491228070176 0.8235294117647058 0.8571428571428571 0.815359477124183 0.8571428571428571 0.8088235294117647 0.849624060150376 0.7973856209150327 0.849624060150376 0.795751633986928 0.8521303258145363 0.7875816993464052 0.849624060150376 0.7826797385620915 0.8546365914786967 0.7712418300653595 0.8546365914786967 0.7581699346405228 0.8471177944862155 0.7467320261437909 0.8446115288220551 0.7369281045751634 0.8370927318295739 0.7156862745098039 0.8345864661654135 0.7058823529411765 0.8195488721804511 0.7173202614379085 0.8145363408521303 0.7189542483660131 0.8045112781954887 0.7238562091503268 0.7944862155388471 0.738562091503268 0.7919799498746867 0.7401960784313726 0.7944862155388471 0.75 0.7944862155388471 0.7581699346405228 0.8020050125313283 0.7728758169934641 0.8045112781954887
2 0.2173202614379085 0.8471177944862155 0.23039215686274508 0.8571428571428571 0.22549019607843138 0.8872180451127819 0.21895424836601307 0.8972431077694235 0.20098039215686275 0.9072681704260651 0.1895424836601307 0.9047619047619048 0.1781045751633987 0.8847117794486216 0.1781045751633987 0.8721804511278195 0.18137254901960784 0.8646616541353384 0.19934640522875818 0.849624060150376 0.21568627450980393 0.8471177944862155
2 0.05555555555555555 0.6441102756892231 0.07352941176470588 0.6516290726817042 0.07516339869281045 0.656641604010025 0.07026143790849673 0.6616541353383458 0.05392156862745098 0.6616541353383458 0.05228758169934641 0.6591478696741855 0.03758169934640523 0.656641604010025 0.03594771241830065 0.6541353383458647 0.03758169934640523 0.6491228070175439 0.05392156862745098 0.6441102756892231
2 0.5392156862745098 0.9473684210526315 0.545751633986928 0.949874686716792 0.5522875816993464 0.9573934837092731 0.576797385620915 0.9674185463659147 0.5964052287581699 0.9924812030075187 0.5980392156862745 0.9974937343358395 0.5686274509803921 0.9974937343358395 0.5637254901960784 0.9949874686716792 0.5506535947712419 0.9774436090225563 0.545751633986928 0.9649122807017544 0.5359477124183006 0.9624060150375939 0.5326797385620915 0.9573934837092731 0.5326797385620915 0.9523809523809523 0.5375816993464052 0.949874686716792
2 0.38235294117647056 0.656641604010025 0.3888888888888889 0.656641604010025 0.39215686274509803 0.6616541353383458 0.39052287581699346 0.6741854636591479 0.4035947712418301 0.6917293233082706 0.4035947712418301 0.6967418546365914 0.40032679738562094 0.7017543859649122 0.3839869281045752 0.7017543859649122 0.3790849673202614 0.6967418546365914 0.3758169934640523 0.6967418546365914 0.3709150326797386 0.6867167919799498 0.34477124183006536 0.6766917293233082 0.3464052287581699 0.6691729323308271 0.35294117647058826 0.6666666666666666 0.35784313725490197 0.6591478696741855 0.3709150326797386 0.6591478696741855 0.3758169934640523 0.6641604010025063 0.3790849673202614 0.6641604010025063 0.38235294117647056 0.6591478696741855
2 0.6078431372549019 0.7092731829573935 0.6160130718954249 0.7142857142857143 0.619281045751634 0.7192982456140351 0.630718954248366 0.7218045112781954 0.6568627450980392 0.7393483709273183 0.6699346405228758 0.7418546365914787 0.684640522875817 0.7543859649122807 0.7091503267973857 0.7669172932330827 0.7189542483660131 0.7794486215538847 0.7271241830065359 0.7819548872180451 0.7336601307189542 0.7919799498746867 0.75 0.7944862155388471 0.7581699346405228 0.8020050125313283 0.7728758169934641 0.8045112781954887 0.7826797385620915 0.8095238095238095 0.7859477124183006 0.8145363408521303 0.7924836601307189 0.8170426065162907 0.7990196078431373 0.8270676691729323 0.8055555555555556 0.8295739348370927 0.8251633986928104 0.8471177944862155 0.8382352941176471 0.8521303258145363 0.8415032679738562 0.8596491228070176 0.8415032679738562 0.8646616541353384 0.8251633986928104 0.8571428571428571 0.8169934640522876 0.8571428571428571 0.8137254901960784 0.8521303258145363 0.803921568627451 0.8471177944862155 0.7924836601307189 0.8521303258145363 0.7875816993464052 0.849624060150376 0.7794117647058824 0.8621553884711779 0.7761437908496732 0.8621553884711779 0.7679738562091504 0.8521303258145363 0.7303921568627451 0.8370927318295739 0.7140522875816994 0.8370927318295739 0.7124183006535948 0.8345864661654135 0.7091503267973857 0.8395989974937343 0.7026143790849673 0.8395989974937343 0.696078431372549 0.8370927318295739 0.6928104575163399 0.8320802005012531 0.6650326797385621 0.8270676691729323 0.6633986928104575 0.8195488721804511 0.673202614379085 0.8045112781954887 0.6781045751633987 0.8095238095238095 0.6813725490196079 0.8095238095238095 0.6862745098039216 0.8170426065162907 0.6928104575163399 0.8195488721804511 0.6977124183006536 0.8170426065162907 0.704248366013072 0.8070175438596491 0.7026143790849673 0.8020050125313283 0.7075163398692811 0.7994987468671679 0.7026143790849673 0.7894736842105263 0.704248366013072 0.7819548872180451 0.696078431372549 0.7744360902255639 0.684640522875817 0.7719298245614035 0.6715686274509803 0.7568922305764411 0.6552287581699346 0.7543859649122807 0.6503267973856209 0.7493734335839599 0.6470588235294118 0.7493734335839599 0.6405228758169934 0.7393483709273183 0.6225490196078431 0.731829573934837 0.6176470588235294 0.7268170426065163 0.6078431372549019 0.7268170426065163 0.5964052287581699 0.7167919799498746 0.5964052287581699 0.7117794486215538 0.6062091503267973 0.7092731829573935
2 0.13725490196078433 0.8245614035087719 0.13071895424836602 0.8471177944862155 0.12581699346405228 0.8521303258145363 0.10784313725490197 0.8521303258145363 0.10294117647058823 0.849624060150376 0.09803921568627451 0.8446115288220551 0.09803921568627451 0.8345864661654135 0.10457516339869281 0.8270676691729323 0.11601307189542484 0.8220551378446115 0.13398692810457516 0.8220551378446115 0.13562091503267973 0.8245614035087719
2 0.09640522875816994 0.7218045112781954 0.09967320261437909 0.7268170426065163 0.09313725490196079 0.7418546365914787 0.08006535947712418 0.7443609022556391 0.0784313725490196 0.7468671679197995 0.06535947712418301 0.7393483709273183 0.06209150326797386 0.7343358395989975 0.06209150326797386 0.7293233082706767 0.07352941176470588 0.7218045112781954 0.09477124183006536 0.7218045112781954
2 0 0.9223057644110275 0.00980392156862745 0.9348370927318296 0.00980392156862745 0.9473684210526315 0 0.9624060150375939 0 0.924812030075188
2 0.4624183006535948 0.7769423558897243 0.46895424836601307 0.7844611528822055 0.46895424836601307 0.7894736842105263 0.46568627450980393 0.7944862155388471 0.4542483660130719 0.7944862155388471 0.4444444444444444 0.7794486215538847 0.4477124183006536 0.7744360902255639 0.4591503267973856 0.7744360902255639 0.46078431372549017 0.7769423558897243
2 0.3382352941176471 0.6115288220551378 0.34477124183006536 0.6115288220551378 0.3562091503267974 0.6190476190476191 0.35947712418300654 0.6240601503759399 0.3627450980392157 0.6390977443609023 0.3790849673202614 0.6541353383458647 0.4084967320261438 0.6541353383458647 0.4166666666666667 0.6616541353383458 0.4297385620915033 0.6641604010025063 0.43790849673202614 0.6716791979949874 0.45098039215686275 0.6766917293233082 0.4542483660130719 0.681704260651629 0.4526143790849673 0.6842105263157895 0.4542483660130719 0.6892230576441103 0.4722222222222222 0.6917293233082706 0.4738562091503268 0.6942355889724311 0.477124183006536 0.6917293233082706 0.49019607843137253 0.6967418546365914 0.49019607843137253 0.6992481203007519 0.4869281045751634 0.6967418546365914 0.4852941176470588 0.6992481203007519 0.4803921568627451 0.6967418546365914 0.477124183006536 0.6992481203007519 0.47549019607843135 0.6967418546365914 0.4624183006535948 0.6967418546365914 0.45588235294117646 0.6942355889724311 0.45098039215686275 0.6842105263157895 0.4297385620915033 0.681704260651629 0.42810457516339867 0.6791979949874687 0.4166666666666667 0.681704260651629 0.4035947712418301 0.6691729323308271 0.39869281045751637 0.6691729323308271 0.3954248366013072 0.6741854636591479 0.3954248366013072 0.6791979949874687 0.4068627450980392 0.6992481203007519 0.4019607843137255 0.706766917293233 0.4068627450980392 0.7117794486215538 0.41013071895424835 0.7092731829573935 0.41830065359477125 0.7117794486215538 0.42483660130718953 0.7167919799498746 0.4362745098039216 0.731829573934837 0.43137254901960786 0.7393483709273183 0.4166666666666667 0.7393483709273183 0.41013071895424835 0.731829573934837 0.4068627450980392 0.731829573934837 0.38562091503267976 0.7142857142857143 0.369281045751634 0.6892230576441103 0.3611111111111111 0.6867167919799498 0.3562091503267974 0.681704260651629 0.34477124183006536 0.6791979949874687 0.3415032679738562 0.6741854636591479 0.3464052287581699 0.6666666666666666 0.35130718954248363 0.6666666666666666 0.3545751633986928 0.6616541353383458 0.3545751633986928 0.656641604010025 0.33986928104575165 0.6441102756892231 0.33986928104575165 0.6365914786967418 0.3366013071895425 0.6290726817042607 0.3366013071895425 0.6165413533834586 0.3382352941176471 0.6140350877192983
2 0.38235294117647056 0.656641604010025 0.39052287581699346 0.656641604010025 0.3937908496732026 0.6616541353383458 0.3888888888888889 0.6741854636591479 0.4035947712418301 0.6942355889724311 0.39705882352941174 0.706766917293233 0.40032679738562094 0.7117794486215538 0.4035947712418301 0.7142857142857143 0.41830065359477125 0.7142857142857143 0.434640522875817 0.731829573934837 0.43300653594771243 0.7368421052631579 0.4199346405228758 0.7393483709273183 0.41013071895424835 0.7293233082706767 0.3872549019607843 0.7142857142857143 0.3709150326797386 0.6867167919799498 0.3545751633986928 0.6791979949874687 0.3480392156862745 0.6791979949874687 0.3464052287581699 0.6766917293233082 0.3480392156862745 0.6691729323308271 0.3627450980392157 0.6666666666666666 0.369281045751634 0.6616541353383458 0.3790849673202614 0.6666666666666666 0.38235294117647056 0.6591478696741855
2 0.5947712418300654 0.849624060150376 0.5980392156862745 0.849624060150376 0.5996732026143791 0.8596491228070176 0.6143790849673203 0.8796992481203008 0.6160130718954249 0.8897243107769424 0.619281045751634 0.8947368421052632 0.6176470588235294 0.899749373433584 0.6241830065359477 0.9122807017543859 0.6241830065359477 0.9172932330827067 0.6274509803921569 0.9223057644110275 0.6274509803921569 0.9298245614035088 0.6372549019607843 0.9548872180451128 0.6372549019607843 0.9624060150375939 0.6323529411764706 0.9824561403508771 0.6274509803921569 0.9924812030075187 0.6209150326797386 0.9924812030075187 0.6225490196078431 0.9473684210526315 0.6209150326797386 0.9398496240601504 0.6160130718954249 0.9348370927318296 0.6176470588235294 0.924812030075188 0.6143790849673203 0.9172932330827067 0.6127450980392157 0.899749373433584 0.6062091503267973 0.8947368421052632 0.6062091503267973 0.8872180451127819 0.5964052287581699 0.8671679197994987 0.5964052287581699 0.8596491228070176 0.5931372549019608 0.8546365914786967 0.5947712418300654 0.8521303258145363
2 0.4673202614379085 0.8245614035087719 0.477124183006536 0.8345864661654135 0.4820261437908497 0.8345864661654135 0.4918300653594771 0.8421052631578947 0.5 0.8446115288220551 0.5081699346405228 0.8571428571428571 0.5130718954248366 0.8596491228070176 0.5196078431372549 0.8721804511278195 0.5196078431372549 0.8771929824561403 0.5147058823529411 0.8847117794486216 0.511437908496732 0.8847117794486216 0.5 0.87468671679198 0.4934640522875817 0.8621553884711779 0.4820261437908497 0.8596491228070176 0.4624183006535948 0.8395989974937343 0.45588235294117646 0.8270676691729323 0.45751633986928103 0.8245614035087719 0.46568627450980393 0.8245614035087719
2 0.39052287581699346 0.6791979949874687 0.3954248366013072 0.681704260651629 0.4035947712418301 0.6917293233082706 0.4035947712418301 0.6967418546365914 0.40032679738562094 0.7017543859649122 0.3872549019607843 0.7017543859649122 0.3839869281045752 0.6967418546365914 0.3758169934640523 0.6917293233082706 0.3758169934640523 0.6842105263157895 0.3888888888888889 0.6791979949874687
2 0.5081699346405228 0.8571428571428571 0.5147058823529411 0.8621553884711779 0.5196078431372549 0.8721804511278195 0.5196078431372549 0.8771929824561403 0.5147058823529411 0.8847117794486216 0.5032679738562091 0.8771929824561403 0.49836601307189543 0.8696741854636592 0.49673202614379086 0.8596491228070176 0.49836601307189543 0.8571428571428571 0.5065359477124183 0.8571428571428571
2 0.3480392156862745 0.6190476190476191 0.35130718954248363 0.6215538847117794 0.35294117647058826 0.631578947368421 0.3627450980392157 0.6441102756892231 0.3627450980392157 0.6516290726817042 0.35947712418300654 0.6541353383458647 0.3611111111111111 0.6591478696741855 0.3709150326797386 0.6591478696741855 0.3790849673202614 0.6641604010025063 0.380718954248366 0.656641604010025 0.38562091503267976 0.6541353383458647 0.39052287581699346 0.656641604010025 0.3937908496732026 0.6616541353383458 0.39052287581699346 0.6741854636591479 0.4035947712418301 0.6917293233082706 0.4035947712418301 0.6992481203007519 0.39869281045751637 0.706766917293233 0.4035947712418301 0.7142857142857143 0.4068627450980392 0.7117794486215538 0.4199346405228758 0.7142857142857143 0.4297385620915033 0.7243107769423559 0.434640522875817 0.7343358395989975 0.4297385620915033 0.7393483709273183 0.4150326797385621 0.7368421052631579 0.4117647058823529 0.731829573934837 0.3872549019607843 0.7142857142857143 0.3790849673202614 0.7017543859649122 0.3758169934640523 0.7017543859649122 0.369281045751634 0.6867167919799498 0.34477124183006536 0.6791979949874687 0.3431372549019608 0.6741854636591479 0.3480392156862745 0.6666666666666666 0.35294117647058826 0.6666666666666666 0.35784313725490197 0.6541353383458647 0.35294117647058826 0.6491228070175439 0.35294117647058826 0.6416040100250626 0.3480392156862745 0.631578947368421 0.34967320261437906 0.6290726817042607 0.3464052287581699 0.6265664160401002 0.34967320261437906 0.6215538847117794
2 0.34967320261437906 0.6165413533834586 0.35784313725490197 0.6240601503759399 0.3611111111111111 0.6416040100250626 0.369281045751634 0.6491228070175439 0.3741830065359477 0.6491228070175439 0.3790849673202614 0.6541353383458647 0.4068627450980392 0.6541353383458647 0.42483660130718953 0.6691729323308271 0.4297385620915033 0.6691729323308271 0.4493464052287582 0.6791979949874687 0.4493464052287582 0.681704260651629 0.44607843137254904 0.6791979949874687 0.44281045751633985 0.681704260651629 0.4215686274509804 0.6791979949874687 0.4166666666666667 0.6842105263157895 0.41013071895424835 0.6741854636591479 0.4035947712418301 0.6691729323308271 0.39869281045751637 0.6691729323308271 0.3937908496732026 0.6766917293233082 0.40522875816993464 0.6917293233082706 0.4068627450980392 0.7017543859649122 0.4035947712418301 0.706766917293233 0.4068627450980392 0.7117794486215538 0.4084967320261438 0.7092731829573935 0.41830065359477125 0.7117794486215538 0.42483660130718953 0.7167919799498746 0.42810457516339867 0.7243107769423559 0.43137254901960786 0.7243107769423559 0.4362745098039216 0.731829573934837 0.43300653594771243 0.7393483709273183 0.42810457516339867 0.7418546365914787 0.4166666666666667 0.7393483709273183 0.39705882352941174 0.7243107769423559 0.3937908496732026 0.7192982456140351 0.38562091503267976 0.7142857142857143 0.37745098039215685 0.7017543859649122 0.37254901960784315 0.6992481203007519 0.369281045751634 0.6942355889724311 0.3709150326797386 0.6917293233082706 0.369281045751634 0.6892230576441103 0.36437908496732024 0.6892230576441103 0.3562091503267974 0.681704260651629 0.34967320261437906 0.681704260651629 0.3415032679738562 0.6741854636591479 0.34477124183006536 0.6691729323308271 0.35130718954248363 0.6666666666666666 0.3562091503267974 0.656641604010025 0.3545751633986928 0.6516290726817042 0.34967320261437906 0.6491228070175439 0.34477124183006536 0.6416040100250626 0.33986928104575165 0.6265664160401002 0.33986928104575165 0.6165413533834586 0.3415032679738562 0.6140350877192983 0.3480392156862745 0.6165413533834586
2 0.31699346405228757 0.5213032581453634 0.3300653594771242 0.5288220551378446 0.3333333333333333 0.5388471177944862 0.3382352941176471 0.543859649122807 0.3366013071895425 0.5488721804511278 0.3284313725490196 0.5488721804511278 0.32679738562091504 0.5513784461152882 0.3300653594771242 0.5588972431077694 0.3431372549019608 0.5588972431077694 0.34477124183006536 0.5614035087719298 0.34967320261437906 0.556390977443609 0.3562091503267974 0.556390977443609 0.369281045751634 0.5664160401002506 0.3790849673202614 0.568922305764411 0.3839869281045752 0.5739348370927319 0.3839869281045752 0.5789473684210527 0.380718954248366 0.5839598997493735 0.38235294117647056 0.5864661654135338 0.39215686274509803 0.5964912280701754 0.39869281045751637 0.5989974937343359 0.4035947712418301 0.5989974937343359 0.40522875816993464 0.5939849624060151 0.4133986928104575 0.5939849624060151 0.4150326797385621 0.5964912280701754 0.4133986928104575 0.6115288220551378 0.4199346405228758 0.6190476190476191 0.43300653594771243 0.6215538847117794 0.4362745098039216 0.6265664160401002 0.434640522875817 0.631578947368421 0.4166666666666667 0.6290726817042607 0.40522875816993464 0.6140350877192983 0.3954248366013072 0.6115288220551378 0.3839869281045752 0.5989974937343359 0.36437908496732024 0.5889724310776943 0.35947712418300654 0.5789473684210527 0.3545751633986928 0.5789473684210527 0.3480392156862745 0.5739348370927319 0.3349673202614379 0.5739348370927319 0.33169934640522875 0.5714285714285714 0.32516339869281047 0.5614035087719298 0.32679738562091504 0.5538847117794486 0.3235294117647059 0.5488721804511278 0.3202614379084967 0.5488721804511278 0.3202614379084967 0.543859649122807 0.31699346405228757 0.5388471177944862 0.3104575163398693 0.5388471177944862 0.3055555555555556 0.5338345864661654 0.3088235294117647 0.5238095238095238 0.315359477124183 0.5238095238095238
2 0.09477124183006536 0.7192982456140351 0.11437908496732026 0.7268170426065163 0.11601307189542484 0.7368421052631579 0.10294117647058823 0.7443609022556391 0.08333333333333333 0.7443609022556391 0.08169934640522876 0.7468671679197995 0.07352941176470588 0.7468671679197995 0.06699346405228758 0.7418546365914787 0.06209150326797386 0.7343358395989975 0.06209150326797386 0.7293233082706767 0.0718954248366013 0.7218045112781954 0.09313725490196079 0.7192982456140351
2 0.19117647058823528 0.9824561403508771 0.19444444444444445 0.9849624060150376 0.19607843137254902 0.9974937343358395 0.119281045751634 0.9974937343358395 0.12581699346405228 0.9899749373433584 0.1388888888888889 0.9899749373433584 0.1568627450980392 0.9824561403508771 0.16830065359477125 0.9824561403508771 0.16993464052287582 0.9799498746867168 0.18790849673202614 0.9799498746867168 0.1895424836601307 0.9824561403508771