2 0.38506535947712417 0.7106372549019607 0.04751633986928104 0.03715686274509804
2 0.27272875816993464 0.7565686274509804 0.04434640522875817 0.01463235294117647
2 0.3473366013071895 0.7365196078431373 0.033807189542483664 0.039901960784313725
2 0.1955718954248366 0.8002696078431373 0.05341503267973856 0.03125
2 0.11352941176470589 0.8039705882352941 0.04910130718954248 0.03867647058823529
2 0.10295751633986928 0.9245588235294119 0.09334967320261438 0.040196078431372545
2 0.44209150326797386 0.6574019607843138 0.04900326797385621 0.039607843137254906
2 0.4959803921568628 0.6213725490196079 0.036960784313725493 0.027475490196078433
2 0.5587091503267974 0.602671568627451 0.05348039215686274 0.049999999999999996
2 0.5775163398692811 0.5527696078431372 0.02576797385620915 0.021029411764705883
2 0.5993954248366012 0.5318627450980392 0.01503267973856209 0.028186274509803922
2 0.636454248366013 0.5202205882352942 0.020163398692810457 0.026715686274509806
2 0.5483006535947712 0.5175 0.01815359477124183 0.03215686274509804
2 0.8317320261437908 0.787892156862745 0.2436928104575163 0.11541666666666668
2 0.8106045751633987 0.6976225490196079 0.15058823529411763 0.03838235294117647
2 0.8013562091503268 0.6332598039215687 0.06673202614379085 0.07303921568627451
2 0.8612745098039216 0.6068872549019608 0.05584967320261438 0.0366421568627451
2 0.9865686274509804 0.7674754901960784 0.02686274509803922 0.10178921568627451
2 0.7383006535947712 0.9047549019607842 0.20934640522875816 0.10950980392156863