2 0.7859477124183006 0.8872549019607843 0.8006535947712419 0.9093137254901961 0.8022875816993464 0.928921568627451 0.8169934640522876 0.946078431372549 0.8316993464052288 0.9730392156862745 0.8496732026143791 0.9950980392156863 0.8480392156862745 0.9975490196078431 0.7908496732026143 0.9975490196078431 0.7745098039215687 0.9754901960784313 0.7679738562091504 0.9558823529411765 0.7679738562091504 0.9436274509803921 0.761437908496732 0.9338235294117647 0.75 0.9240196078431373 0.7467320261437909 0.9142156862745098 0.7532679738562091 0.9068627450980392 0.7532679738562091 0.8897058823529411 0.7581699346405228 0.8799019607843137 0.7647058823529411 0.8774509803921569 0.7843137254901961 0.8872549019607843
2 0.7565359477124183 0.7426470588235294 0.7810457516339869 0.7598039215686274 0.7908496732026143 0.7696078431372549 0.8055555555555556 0.7745098039215687 0.8202614379084967 0.7867647058823529 0.8349673202614379 0.8014705882352942 0.8578431372549019 0.8333333333333334 0.8643790849673203 0.8553921568627451 0.8611111111111112 0.8774509803921569 0.8529411764705882 0.8946078431372549 0.8415032679738562 0.8995098039215687 0.8202614379084967 0.8970588235294118 0.8137254901960784 0.8921568627450981 0.8071895424836601 0.8921568627450981 0.7826797385620915 0.8799019607843137 0.7254901960784313 0.8235294117647058 0.7238562091503268 0.8137254901960784 0.7271241830065359 0.8063725490196079 0.7271241830065359 0.8014705882352942 0.7222222222222222 0.7843137254901961 0.7238562091503268 0.7696078431372549 0.7369281045751634 0.7450980392156863 0.7401960784313726 0.7426470588235294 0.7549019607843137 0.7426470588235294
2 0.7728758169934641 0.6642156862745098 0.7843137254901961 0.6715686274509803 0.8120915032679739 0.6985294117647058 0.8284313725490197 0.7009803921568627 0.8431372549019608 0.7083333333333334 0.8562091503267973 0.7254901960784313 0.8578431372549019 0.7328431372549019 0.8562091503267973 0.7401960784313726 0.8496732026143791 0.7475490196078431 0.8235294117647058 0.7377450980392157 0.8071895424836601 0.7401960784313726 0.7941176470588235 0.7328431372549019 0.7810457516339869 0.7205882352941176 0.7696078431372549 0.7058823529411765 0.7679738562091504 0.7009803921568627 0.7679738562091504 0.6862745098039216 0.7581699346405228 0.6740196078431373 0.7581699346405228 0.6666666666666666 0.761437908496732 0.6617647058823529 0.7712418300653595 0.6642156862745098
2 0.26143790849673204 0.6323529411764706 0.26633986928104575 0.6372549019607843 0.2647058823529412 0.6421568627450981 0.25163398692810457 0.6495098039215687 0.24509803921568626 0.6568627450980392 0.23202614379084968 0.6593137254901961 0.23039215686274508 0.6617647058823529 0.21241830065359477 0.6617647058823529 0.1977124183006536 0.6495098039215687 0.19444444444444445 0.6495098039215687 0.1977124183006536 0.6421568627450981 0.2042483660130719 0.6397058823529411 0.2238562091503268 0.6421568627450981 0.22549019607843138 0.6397058823529411 0.23366013071895425 0.6397058823529411 0.24509803921568626 0.6323529411764706 0.25980392156862747 0.6323529411764706
2 0.7581699346405228 0.5661764705882353 0.7598039215686274 0.5686274509803921 0.7663398692810458 0.5686274509803921 0.7892156862745098 0.5857843137254902 0.7941176470588235 0.6004901960784313 0.7924836601307189 0.6029411764705882 0.7810457516339869 0.6029411764705882 0.7712418300653595 0.5955882352941176 0.7630718954248366 0.5833333333333334 0.7532679738562091 0.5759803921568627 0.7532679738562091 0.571078431372549 0.7565359477124183 0.5686274509803921
2 0.14290849673202613 0.9563235294117647 0.15872549019607843 0.08735294117647059
2 0.38349673202614376 0.9658578431372549 0.07705882352941176 0.0682843137254902
2 0.49722222222222223 0.9481617647058824 0.13022875816993465 0.10370098039215687
2 0.31540849673202614 0.5760539215686274 0.03165032679738562 0.023995098039215686
2 0.42194444444444446 0.5515441176470588 0.023251633986928106 0.01855392156862745
2 0.4506699346405229 0.569485294117647 0.015343137254901962 0.027205882352941177
2 0.5033333333333334 0.5377941176470588 0.018970588235294118 0.050980392156862744
2 0.6134313725490196 0.5186029411764705 0.04310457516339869 0.03982843137254902
2 0.09050653594771242 0.656029411764706 0.10836601307189542 0.04235294117647059
2 0.17723856209150327 0.5849754901960784 0.06034313725490196 0.030931372549019606