2 0.47549019607843135 0.5882352941176471 0.47875816993464054 0.5931372549019608 0.477124183006536 0.5955882352941176 0.4624183006535948 0.5955882352941176 0.46078431372549017 0.5980392156862745 0.4444444444444444 0.5955882352941176 0.4411764705882353 0.5906862745098039 0.44607843137254904 0.5882352941176471 0.4738562091503268 0.5882352941176471
2 0.7434640522875817 0.5906862745098039 0.7467320261437909 0.5882352941176471 0.761437908496732 0.5882352941176471 0.7630718954248366 0.5906862745098039 0.7712418300653595 0.5906862745098039 0.7761437908496732 0.5955882352941176 0.7761437908496732 0.5980392156862745 0.7565359477124183 0.5980392156862745 0.7434640522875817 0.5931372549019608
2 0.5555555555555556 0.625 0.5588235294117647 0.6200980392156863 0.576797385620915 0.6200980392156863 0.5784313725490197 0.6225490196078431 0.5915032679738562 0.625 0.5947712418300654 0.6299019607843137 0.5947712418300654 0.6348039215686274 0.5571895424836601 0.6274509803921569
2 0.8594771241830066 0.6519607843137255 0.8643790849673203 0.6568627450980392 0.8545751633986928 0.6642156862745098 0.8415032679738562 0.6642156862745098 0.8284313725490197 0.6568627450980392 0.8366013071895425 0.6519607843137255 0.8578431372549019 0.6519607843137255
2 0.6699346405228758 0.6102941176470589 0.6813725490196079 0.6151960784313726 0.6715686274509803 0.6200980392156863 0.6568627450980392 0.6200980392156863 0.6388888888888888 0.6127450980392157 0.6405228758169934 0.6102941176470589 0.6683006535947712 0.6102941176470589
2 0.9526143790849673 0.7941176470588235 0.9591503267973857 0.8088235294117647 0.9624183006535948 0.8063725490196079 0.9689542483660131 0.8063725490196079 0.9705882352941176 0.8088235294117647 0.9967320261437909 0.8088235294117647 0.9983660130718954 0.8112745098039216 0.9983660130718954 0.8480392156862745 0.9901960784313726 0.8480392156862745 0.9820261437908496 0.8406862745098039 0.9656862745098039 0.8382352941176471 0.954248366013072 0.8308823529411765 0.9411764705882353 0.8137254901960784 0.9330065359477124 0.8137254901960784 0.923202614379085 0.821078431372549 0.9183006535947712 0.821078431372549 0.9117647058823529 0.8161764705882353 0.9068627450980392 0.8161764705882353 0.8937908496732027 0.8063725490196079 0.8921568627450981 0.7990196078431373 0.8970588235294118 0.7965686274509803 0.9117647058823529 0.7965686274509803 0.9215686274509803 0.7916666666666666 0.946078431372549 0.7916666666666666 0.9509803921568627 0.7941176470588235
2 0.9362745098039216 0.6642156862745098 0.9428104575163399 0.6666666666666666 0.9444444444444444 0.6715686274509803 0.9281045751633987 0.6715686274509803 0.9183006535947712 0.6666666666666666 0.8986928104575164 0.6642156862745098 0.8970588235294118 0.6617647058823529 0.8986928104575164 0.6568627450980392 0.9166666666666666 0.6568627450980392 0.934640522875817 0.6642156862745098
2 0.5784313725490197 0.5931372549019608 0.5915032679738562 0.5906862745098039 0.6029411764705882 0.5955882352941176 0.6013071895424836 0.6004901960784313 0.5849673202614379 0.6004901960784313 0.5784313725490197 0.5980392156862745 0.5784313725490197 0.5955882352941176
2 0.9754901960784313 0.7058823529411765 0.9771241830065359 0.7083333333333334 0.9983660130718954 0.7107843137254902 0.9983660130718954 0.7230392156862745 0.988562091503268 0.7230392156862745 0.9869281045751634 0.7205882352941176 0.9624183006535948 0.7156862745098039 0.9558823529411765 0.7083333333333334 0.9591503267973857 0.7058823529411765 0.9738562091503268 0.7058823529411765
2 0.5 0.6029411764705882 0.5016339869281046 0.6053921568627451 0.5163398692810458 0.6078431372549019 0.5228758169934641 0.6151960784313726 0.5212418300653595 0.6176470588235294 0.48856209150326796 0.6151960784313726 0.48366013071895425 0.6102941176470589 0.4869281045751634 0.6053921568627451 0.49836601307189543 0.6029411764705882
2 0.6813725490196079 0.6397058823529411 0.6862745098039216 0.6421568627450981 0.6862745098039216 0.6446078431372549 0.6813725490196079 0.6470588235294118 0.6535947712418301 0.6470588235294118 0.6486928104575164 0.6446078431372549 0.6535947712418301 0.6372549019607843 0.6797385620915033 0.6397058823529411
2 0.619281045751634 0.5735294117647058 0.6258169934640523 0.5759803921568627 0.6290849673202614 0.5808823529411765 0.5980392156862745 0.5808823529411765 0.5980392156862745 0.5759803921568627 0.6029411764705882 0.5735294117647058 0.6176470588235294 0.5735294117647058
2 0.8284313725490197 0.6004901960784313 0.8415032679738562 0.6004901960784313 0.8545751633986928 0.6053921568627451 0.8545751633986928 0.6078431372549019 0.8349673202614379 0.6078431372549019 0.8284313725490197 0.6029411764705882
2 0.8921568627450981 0.7990196078431373 0.8970588235294118 0.7965686274509803 0.9117647058823529 0.7965686274509803 0.9215686274509803 0.7916666666666666 0.946078431372549 0.7916666666666666 0.954248366013072 0.7990196078431373 0.954248366013072 0.803921568627451 0.9493464052287581 0.8088235294117647 0.934640522875817 0.8088235294117647 0.923202614379085 0.8186274509803921 0.9133986928104575 0.8186274509803921 0.9035947712418301 0.8137254901960784 0.8937908496732027 0.8063725490196079 0.8921568627450981 0.8014705882352942
2 0.7352941176470589 0.6348039215686274 0.7369281045751634 0.6372549019607843 0.7647058823529411 0.6446078431372549 0.7663398692810458 0.6470588235294118 0.7647058823529411 0.6495098039215687 0.7271241830065359 0.6470588235294118 0.7173202614379085 0.6397058823529411 0.7222222222222222 0.6348039215686274 0.7336601307189542 0.6348039215686274
2 0.9738562091503268 0.8088235294117647 0.9754901960784313 0.8112745098039216 0.9836601307189542 0.8112745098039216 0.9852941176470589 0.8088235294117647 0.9950980392156863 0.8088235294117647 0.9983660130718954 0.8112745098039216 0.9983660130718954 0.8480392156862745 0.988562091503268 0.8455882352941176 0.9836601307189542 0.8382352941176471 0.9689542483660131 0.8382352941176471 0.9509803921568627 0.8259803921568627 0.946078431372549 0.8161764705882353 0.9640522875816994 0.8088235294117647 0.9722222222222222 0.8088235294117647
2 0.6879084967320261 0.6274509803921569 0.7009803921568627 0.6323529411764706 0.7009803921568627 0.6397058823529411 0.6879084967320261 0.6397058823529411 0.673202614379085 0.6323529411764706 0.6748366013071896 0.6274509803921569 0.6862745098039216 0.6274509803921569
2 0.8643790849673203 0.678921568627451 0.8709150326797386 0.6838235294117647 0.880718954248366 0.6862745098039216 0.8839869281045751 0.6936274509803921 0.880718954248366 0.6985294117647058 0.8709150326797386 0.6985294117647058 0.8496732026143791 0.6887254901960784 0.8480392156862745 0.6862745098039216 0.8496732026143791 0.6813725490196079 0.8627450980392157 0.678921568627451
2 0.6911764705882353 0.5833333333333334 0.7026143790849673 0.5882352941176471 0.704248366013072 0.5906862745098039 0.7026143790849673 0.5931372549019608 0.6764705882352942 0.5906862745098039 0.673202614379085 0.5882352941176471 0.6748366013071896 0.5833333333333334 0.6895424836601307 0.5833333333333334
2 0.8022875816993464 0.6519607843137255 0.8137254901960784 0.6568627450980392 0.8137254901960784 0.6617647058823529 0.8104575163398693 0.6642156862745098 0.7924836601307189 0.6642156862745098 0.7908496732026143 0.6617647058823529 0.7810457516339869 0.6617647058823529 0.7679738562091504 0.6568627450980392 0.7679738562091504 0.6544117647058824 0.7728758169934641 0.6519607843137255 0.8006535947712419 0.6519607843137255