2 0.11517973856209149 0.9604166666666667 0.05241830065359477 0.07919117647058824
2 0.03321895424836601 0.9297794117647059 0.044640522875817 0.039705882352941174
2 0.03511437908496732 0.7883823529411765 0.03753267973856209 0.04014705882352941
2 0.08183006535947712 0.7198039215686275 0.03655228758169935 0.03370098039215686
2 0.12754901960784315 0.6807843137254902 0.04086601307189543 0.03740196078431372
2 0.19936274509803922 0.6614705882352941 0.0392156862745098 0.03144607843137255
2 0.19877450980392158 0.8272549019607842 0.027173202614379083 0.0416421568627451
2 0.2436764705882353 0.7803431372549019 0.0661437908496732 0.05129901960784314
2 0.2088562091503268 0.9145343137254902 0.04004901960784314 0.025588235294117644
2 0.4006535947712418 0.8579656862745099 0.04602941176470589 0.05948529411764706
2 0.43581699346405234 0.8796323529411765 0.0582516339869281 0.07558823529411765
2 0.5609313725490196 0.8048529411764705 0.03253267973856209 0.05674019607843137
2 0.4850816993464052 0.7786029411764707 0.058758169934640524 0.0696078431372549
2 0.6594771241830065 0.8286274509803921 0.033529411764705884 0.038921568627450984
2 0.6493300653594771 0.9265441176470588 0.06044117647058824 0.06595588235294118
2 0.5561437908496732 0.945857843137255 0.05199346405228758 0.07188725490196078
2 0.794673202614379 0.9808333333333333 0.12962418300653594 0.03833333333333334
2 0.9666013071895424 0.7635049019607842 0.06679738562091504 0.10477941176470588
2 0.8929575163398693 0.772671568627451 0.06841503267973856 0.046838235294117646
2 0.8601143790849674 0.819828431372549 0.06807189542483659 0.026789215686274508
2 0.7747712418300654 0.7717892156862745 0.057156862745098035 0.08323529411764706
2 0.7885620915032681 0.6908333333333334 0.059313725490196076 0.05200980392156863
2 0.24905228758169934 0.7092647058823529 0.09501633986928104 0.03987745098039216
2 0.10238562091503267 0.7826960784313725 0.04498366013071896 0.06144607843137255
2 0.027287581699346405 0.6014460784313725 0.04001633986928104 0.04752450980392157
2 0.09990196078431372 0.5730882352941177 0.07633986928104575 0.03985294117647059
2 0.15900326797385622 0.6035539215686274 0.027499999999999997 0.06808823529411764
2 0.2222222222222222 0.5792892156862745 0.059526143790849674 0.05223039215686274
2 0.29980392156862745 0.5576225490196078 0.03313725490196079 0.036127450980392155
2 0.2783496732026144 0.6290441176470588 0.06284313725490197 0.03193627450980392
2 0.5710947712418301 0.6975 0.0419281045751634 0.04360294117647059
2 0.36864379084967325 0.7202941176470589 0.08366013071895426 0.06737745098039215
2 0.6220098039215687 0.5886764705882354 0.045735294117647055 0.038357843137254904
2 0.8108496732026144 0.6331372549019608 0.03125816993464052 0.023774509803921567
2 0.6686437908496732 0.6640931372549019 0.04821895424836602 0.031200980392156862
2 0.5902287581699347 0.6292892156862745 0.03665032679738562 0.02154411764705882
2 0.6943954248366013 0.7819362745098039 0.056160130718954246 0.03816176470588235
2 0.8103431372549019 0.5563725490196079 0.05205882352941176 0.03365196078431373
2 0.9110457516339868 0.612328431372549 0.0355718954248366 0.025735294117647058
2 0.9105392156862745 0.8947303921568628 0.056356209150326804 0.04044117647058824
2 0.808202614379085 0.8749264705882354 0.06954248366013072 0.05526960784313726
2 0.9467810457516339 0.9740196078431372 0.05983660130718954 0.051960784313725486
2 0.3392483660130719 0.8866911764705881 0.046683006535947716 0.05156862745098039
2 0.33281045751633986 0.9808333333333333 0.09916666666666667 0.03833333333333334
2 0.43614379084967325 0.651078431372549 0.044379084967320265 0.03242647058823529
2 0.4641993464052287 0.7144607843137255 0.0278921568627451 0.03938725490196079
2 0.5138888888888888 0.630171568627451 0.04736928104575163 0.039607843137254906
2 0.338921568627451 0.563921568627451 0.02423202614379085 0.04330882352941177
2 0.19357843137254901 0.529142156862745 0.027663398692810457 0.03365196078431373
2 0.14142156862745098 0.4866666666666667 0.03954248366013072 0.019509803921568626
2 0.05658496732026144 0.5199754901960785 0.04415032679738562 0.0371078431372549
2 0.6973692810457517 0.5604656862745098 0.040310457516339875 0.025490196078431372
2 0.7071078431372549 0.618406862745098 0.06705882352941177 0.043333333333333335
2 0.7620751633986927 0.5887009803921569 0.04625816993464052 0.09284313725490197