2 0.5645751633986927 0.7115308641975309 0.13419934640522876 0.10004938271604939
2 0.7090849673202614 0.7621728395061729 0.05648692810457517 0.11353086419753086
2 0.7034640522875817 0.6404444444444445 0.07431372549019608 0.06760493827160494
2 0.6066666666666666 0.618 0.10946078431372548 0.07758024691358024
2 0.5283333333333333 0.8890123456790123 0.13073529411764706 0.10933333333333334
2 0.7183333333333334 0.9391358024691359 0.14034313725490197 0.12175308641975309
2 0.8237254901960784 0.9281481481481481 0.07153594771241831 0.14370370370370372
2 0.78609477124183 0.7297530864197531 0.1269934640522876 0.10353086419753087
2 0.9113725490196078 0.8992592592592592 0.1669607843137255 0.173679012345679
2 0.9396732026143791 0.7253827160493826 0.06743464052287582 0.06738271604938272
2 0.9684150326797385 0.7944691358024691 0.06316993464052287 0.07387654320987655
2 0.8211601307189542 0.6526666666666666 0.07004901960784313 0.04814814814814815
2 0.7529901960784313 0.5874320987654321 0.06441176470588235 0.043876543209876544
2 0.6886111111111112 0.5430370370370371 0.08091503267973857 0.0428641975308642
2 0.5016013071895425 0.5958024691358025 0.09176470588235293 0.07706172839506173
2 0.576045751633987 0.504 0.05184640522875817 0.03612345679012346
2 0.6979411764705882 0.48303703703703704 0.05235294117647059 0.03812345679012345
2 0.7965686274509803 0.5043703703703704 0.04990196078431373 0.07528395061728395
2 0.9206209150326796 0.6040246913580247 0.10555555555555554 0.060592592592592594
2 0.8882679738562091 0.5338024691358024 0.048104575163398694 0.046370370370370374
2 0.6064869281045752 0.4452592592592593 0.043758169934640524 0.03387654320987654