2 0.2600980392156863 0.8133823529411766 0.029983660130718955 0.07928921568627452
2 0.30037581699346405 0.8564705882352941 0.0451797385620915 0.06740196078431372
2 0.33339869281045753 0.7825735294117647 0.03859477124183007 0.0666421568627451
2 0.3064869281045752 0.7298284313725489 0.04287581699346405 0.048308823529411765
2 0.33800653594771246 0.6695343137254902 0.026045751633986928 0.07477941176470589
2 0.36070261437908496 0.7102696078431373 0.016977124183006537 0.05276960784313726
2 0.4458006535947712 0.6971323529411765 0.038284313725490196 0.05919117647058823
2 0.8903267973856209 0.8709558823529412 0.10669934640522875 0.11272058823529413
2 0.09941176470588235 0.8037254901960784 0.06083333333333333 0.04906862745098039
2 0.19722222222222222 0.7654656862745098 0.056715686274509805 0.021568627450980395
2 0.14967320261437908 0.893357843137255 0.05604575163398692 0.04316176470588235
2 0.3344607843137255 0.5875735294117647 0.029836601307189545 0.03068627450980392
2 0.3914052287581699 0.6031617647058823 0.03480392156862745 0.029215686274509805
2 0.4942483660130719 0.6032843137254902 0.037140522875817 0.030465686274509803
2 0.6395098039215686 0.5936274509803922 0.03715686274509804 0.04825980392156863