2 0.4166666666666667 0.9738562091503268 0.4215686274509804 0.9782135076252724 0.4215686274509804 0.9825708061002179 0.4166666666666667 0.9912854030501089 0.4117647058823529 0.9934640522875817 0.3954248366013072 0.9912854030501089 0.3954248366013072 0.9847494553376906 0.39705882352941174 0.9803921568627451 0.4035947712418301 0.9760348583877996 0.4150326797385621 0.9738562091503268
2 0.3709150326797386 0.9498910675381264 0.3741830065359477 0.9564270152505446 0.37254901960784315 0.9629629629629629 0.36764705882352944 0.9673202614379085 0.35947712418300654 0.9673202614379085 0.34967320261437906 0.9607843137254902 0.34967320261437906 0.9586056644880174 0.35784313725490197 0.9498910675381264 0.369281045751634 0.9498910675381264
2 0.5555555555555556 0.9215686274509803 0.5604575163398693 0.9237472766884531 0.5588235294117647 0.9411764705882353 0.5669934640522876 0.9455337690631809 0.5735294117647058 0.9455337690631809 0.5718954248366013 0.9586056644880174 0.5686274509803921 0.9629629629629629 0.545751633986928 0.9607843137254902 0.5408496732026143 0.9673202614379085 0.5310457516339869 0.9738562091503268 0.5228758169934641 0.9738562091503268 0.5163398692810458 0.9673202614379085 0.5179738562091504 0.9586056644880174 0.5212418300653595 0.9586056644880174 0.5310457516339869 0.9498910675381264 0.5294117647058824 0.934640522875817 0.5359477124183006 0.9237472766884531 0.553921568627451 0.9237472766884531
2 0.7140522875816994 0.775599128540305 0.0196078431372549 0.017429193899782137
2 0.6617647058823529 0.7080610021786492 0.016339869281045753 0.013071895424836602
2 0.7565359477124183 0.8823529411764706 0.7630718954248366 0.8845315904139434 0.7647058823529411 0.8932461873638344 0.7581699346405228 0.8954248366013072 0.7401960784313726 0.8932461873638344 0.7303921568627451 0.9019607843137255 0.7254901960784313 0.9019607843137255 0.7189542483660131 0.8954248366013072 0.7173202614379085 0.8910675381263616 0.7189542483660131 0.8845315904139434 0.7238562091503268 0.8823529411764706 0.7549019607843137 0.8823529411764706
2 0.7581699346405228 0.7254901960784313 0.761437908496732 0.7320261437908496 0.7581699346405228 0.7363834422657952 0.7483660130718954 0.7363834422657952 0.7450980392156863 0.7320261437908496 0.7483660130718954 0.7254901960784313 0.7565359477124183 0.7254901960784313
2 0.6356209150326797 0.9259259259259259 0.026143790849673203 0.017429193899782137
2 0.7973856209150327 0.7952069716775599 0.8022875816993464 0.7930283224400871 0.826797385620915 0.7930283224400871 0.8300653594771242 0.7973856209150327 0.826797385620915 0.8017429193899782 0.8104575163398693 0.8017429193899782 0.8088235294117647 0.803921568627451 0.7990196078431373 0.803921568627451 0.7973856209150327 0.7973856209150327
2 0.5718954248366013 0.9455337690631809 0.5735294117647058 0.954248366013072 0.5702614379084967 0.9629629629629629 0.545751633986928 0.9586056644880174 0.5424836601307189 0.9651416122004357 0.5326797385620915 0.9738562091503268 0.5228758169934641 0.9738562091503268 0.5179738562091504 0.9694989106753813 0.5163398692810458 0.9629629629629629 0.5196078431372549 0.9586056644880174 0.5277777777777778 0.954248366013072 0.5473856209150327 0.9520697167755992 0.5522875816993464 0.9455337690631809 0.5702614379084967 0.9455337690631809
2 0.7246732026143791 0.7135076252723311 0.014705882352941176 0.015250544662309368
2 0.5702614379084967 0.840958605664488 0.5833333333333334 0.8387799564270153 0.5866013071895425 0.8431372549019608 0.5833333333333334 0.8518518518518519 0.5833333333333334 0.8583877995642701 0.5784313725490197 0.8627450980392157 0.5637254901960784 0.8627450980392157 0.5637254901960784 0.8562091503267973 0.5702614379084967 0.8431372549019608
2 0.9771241830065359 0.9150326797385621 0.9803921568627451 0.9172113289760349 0.9803921568627451 0.9281045751633987 0.9820261437908496 0.9302832244008714 0.9820261437908496 0.934640522875817 0.9771241830065359 0.9433551198257081 0.9705882352941176 0.9433551198257081 0.9624183006535948 0.9368191721132898 0.954248366013072 0.934640522875817 0.9444444444444444 0.9259259259259259 0.9477124183006536 0.9150326797385621 0.9575163398692811 0.9150326797385621 0.9591503267973857 0.9128540305010894 0.9738562091503268 0.9128540305010894 0.9754901960784313 0.9150326797385621
2 0.6168300653594772 0.8769063180827886 0.024509803921568627 0.015250544662309368
2 0.37254901960784315 0.9498910675381264 0.3741830065359477 0.9586056644880174 0.369281045751634 0.9673202614379085 0.3660130718954248 0.9694989106753813 0.35294117647058826 0.9694989106753813 0.34967320261437906 0.9738562091503268 0.35130718954248363 0.9760348583877996 0.34477124183006536 0.9803921568627451 0.3333333333333333 0.9803921568627451 0.33169934640522875 0.9825708061002179 0.3235294117647059 0.9782135076252724 0.3284313725490196 0.9694989106753813 0.34477124183006536 0.9607843137254902 0.3562091503267974 0.9498910675381264 0.3611111111111111 0.9477124183006536 0.369281045751634 0.9477124183006536 0.3709150326797386 0.9498910675381264
2 0.369281045751634 0.8191721132897604 0.37745098039215685 0.8169934640522876 0.38562091503267976 0.8213507625272332 0.3954248366013072 0.8213507625272332 0.4019607843137255 0.8278867102396514 0.39869281045751637 0.8322440087145969 0.3888888888888889 0.8344226579520697 0.38235294117647056 0.8322440087145969 0.369281045751634 0.8235294117647058 0.369281045751634 0.8213507625272332
2 0.46568627450980393 0.8518518518518519 0.46895424836601307 0.8474945533769063 0.48856209150326796 0.8366013071895425 0.5032679738562091 0.8366013071895425 0.5049019607843137 0.840958605664488 0.4950980392156863 0.8540305010893247 0.5032679738562091 0.8671023965141612 0.5 0.8714596949891068 0.4852941176470588 0.869281045751634 0.4673202614379085 0.8540305010893247
2 0.8088235294117647 0.9847494553376906 0.8300653594771242 0.9934640522875817 0.8316993464052288 0.9978213507625272 0.803921568627451 0.9978213507625272 0.8022875816993464 0.9956427015250545 0.795751633986928 0.9956427015250545 0.7924836601307189 0.9934640522875817 0.7924836601307189 0.9891067538126361 0.795751633986928 0.9847494553376906 0.8071895424836601 0.9847494553376906
2 0.5882352941176471 0.7668845315904139 0.5915032679738562 0.7712418300653595 0.5898692810457516 0.775599128540305 0.576797385620915 0.7821350762527233 0.5669934640522876 0.7821350762527233 0.5637254901960784 0.775599128540305 0.5718954248366013 0.7690631808278867 0.5866013071895425 0.7668845315904139
2 0.4117647058823529 0.8965141612200436 0.03594771241830065 0.032679738562091505
2 0.803921568627451 0.7276688453159041 0.8055555555555556 0.7320261437908496 0.7990196078431373 0.7363834422657952 0.795751633986928 0.7363834422657952 0.7892156862745098 0.7298474945533769 0.7908496732026143 0.7276688453159041 0.8022875816993464 0.7276688453159041
2 0.7189542483660131 0.803921568627451 0.7238562091503268 0.8061002178649237 0.7222222222222222 0.8126361655773421 0.7124183006535948 0.8148148148148148 0.704248366013072 0.8213507625272332 0.6928104575163399 0.8213507625272332 0.6879084967320261 0.8169934640522876 0.6895424836601307 0.8126361655773421 0.6977124183006536 0.8061002178649237 0.7173202614379085 0.803921568627451
2 0.5408496732026143 0.7995642701525054 0.5408496732026143 0.8061002178649237 0.5359477124183006 0.8126361655773421 0.5310457516339869 0.8148148148148148 0.5147058823529411 0.8148148148148148 0.5147058823529411 0.8082788671023965 0.5212418300653595 0.7995642701525054 0.5261437908496732 0.7973856209150327 0.5375816993464052 0.7973856209150327 0.5392156862745098 0.7995642701525054
2 0.26143790849673204 0.8801742919389978 0.2630718954248366 0.8823529411764706 0.27450980392156865 0.8823529411764706 0.27124183006535946 0.8823529411764706 0.25980392156862747 0.8910675381263616 0.25163398692810457 0.9019607843137255 0.24019607843137256 0.9041394335511983 0.23366013071895425 0.9106753812636166 0.2222222222222222 0.9150326797385621 0.20751633986928106 0.9302832244008714 0.20098039215686275 0.9302832244008714 0.19934640522875818 0.9281045751633987 0.184640522875817 0.934640522875817 0.16993464052287582 0.9477124183006536 0.16339869281045752 0.9498910675381264 0.1568627450980392 0.9477124183006536 0.14869281045751634 0.9564270152505446 0.1323529411764706 0.9586056644880174 0.12581699346405228 0.9673202614379085 0.119281045751634 0.971677559912854 0.1111111111111111 0.971677559912854 0.10947712418300654 0.9694989106753813 0.10947712418300654 0.9629629629629629 0.11274509803921569 0.9586056644880174 0.12418300653594772 0.9586056644880174 0.12745098039215685 0.9607843137254902 0.1323529411764706 0.9564270152505446 0.1323529411764706 0.9520697167755992 0.13725490196078433 0.9455337690631809 0.1503267973856209 0.9433551198257081 0.16013071895424835 0.9324618736383442 0.1650326797385621 0.9324618736383442 0.16830065359477125 0.9259259259259259 0.1781045751633987 0.9193899782135077 0.1830065359477124 0.9193899782135077 0.19444444444444445 0.9128540305010894 0.2042483660130719 0.9128540305010894 0.2107843137254902 0.9041394335511983 0.21405228758169934 0.9041394335511983 0.2173202614379085 0.8997821350762527 0.24019607843137256 0.8954248366013072 0.2434640522875817 0.8910675381263616 0.24836601307189543 0.8910675381263616 0.25 0.8823529411764706 0.25980392156862747 0.8801742919389978
2 0.9983660130718954 0.9629629629629629 0.9983660130718954 0.9803921568627451 0.9901960784313726 0.9869281045751634 0.9918300653594772 0.9912854030501089 0.9983660130718954 0.9934640522875817 0.9950980392156863 0.9934640522875817 0.9918300653594772 0.9978213507625272 0.9820261437908496 0.9978213507625272 0.9803921568627451 0.9956427015250545 0.9738562091503268 0.9978213507625272 0.9738562091503268 0.9912854030501089 0.9820261437908496 0.9869281045751634 0.9803921568627451 0.9847494553376906 0.9738562091503268 0.9847494553376906 0.9705882352941176 0.9803921568627451 0.9705882352941176 0.9760348583877996 0.9738562091503268 0.971677559912854 0.9820261437908496 0.9673202614379085 0.9950980392156863 0.971677559912854 0.9983660130718954 0.9651416122004357
2 0.6633986928104575 0.8344226579520697 0.6699346405228758 0.8453159041394336 0.6683006535947712 0.8518518518518519 0.6650326797385621 0.8540305010893247 0.6470588235294118 0.8540305010893247 0.6437908496732027 0.8518518518518519 0.6470588235294118 0.8366013071895425 0.6503267973856209 0.8344226579520697 0.6617647058823529 0.8344226579520697
2 0.6748366013071896 0.7581699346405228 0.6781045751633987 0.7603485838779956 0.6781045751633987 0.7690631808278867 0.6748366013071896 0.7734204793028322 0.6683006535947712 0.7734204793028322 0.6666666666666666 0.7712418300653595 0.6666666666666666 0.7625272331154684 0.673202614379085 0.7581699346405228
2 0.6127450980392157 0.7407407407407407 0.6160130718954249 0.7472766884531591 0.6094771241830066 0.7516339869281046 0.6029411764705882 0.7516339869281046 0.5964052287581699 0.7472766884531591 0.5964052287581699 0.7429193899782135 0.6013071895424836 0.738562091503268 0.6094771241830066 0.738562091503268 0.6111111111111112 0.7407407407407407
2 0.9983660130718954 0.840958605664488 0.9983660130718954 0.8627450980392157 0.9967320261437909 0.8649237472766884 0.9852941176470589 0.8649237472766884 0.9787581699346405 0.8583877995642701 0.988562091503268 0.8431372549019608 0.9967320261437909 0.840958605664488
2 0.8071895424836601 0.8322440087145969 0.8137254901960784 0.8366013071895425 0.815359477124183 0.8453159041394336 0.8218954248366013 0.8540305010893247 0.8235294117647058 0.8605664488017429 0.8202614379084967 0.8649237472766884 0.803921568627451 0.8583877995642701 0.803921568627451 0.8474945533769063 0.7990196078431373 0.840958605664488 0.7990196078431373 0.8344226579520697 0.8055555555555556 0.8322440087145969
2 0.6274509803921569 0.8714596949891068 0.6258169934640523 0.8801742919389978 0.6209150326797386 0.8867102396514162 0.6225490196078431 0.8888888888888888 0.6225490196078431 0.8997821350762527 0.6160130718954249 0.906318082788671 0.6013071895424836 0.906318082788671 0.5996732026143791 0.9041394335511983 0.6029411764705882 0.8888888888888888 0.6078431372549019 0.8823529411764706 0.6045751633986928 0.8736383442265795 0.6127450980392157 0.869281045751634 0.6258169934640523 0.8714596949891068
2 0.7320261437908496 0.954248366013072 0.7401960784313726 0.9629629629629629 0.7401960784313726 0.971677559912854 0.7369281045751634 0.9803921568627451 0.7434640522875817 0.9869281045751634 0.7418300653594772 0.9912854030501089 0.7369281045751634 0.9934640522875817 0.7238562091503268 0.9934640522875817 0.7238562091503268 0.9869281045751634 0.7271241830065359 0.9803921568627451 0.7173202614379085 0.9651416122004357 0.7173202614379085 0.9607843137254902 0.7222222222222222 0.954248366013072 0.7303921568627451 0.954248366013072
2 0.6258169934640523 0.7930283224400871 0.6290849673202614 0.7995642701525054 0.6143790849673203 0.8061002178649237 0.5947712418300654 0.8061002178649237 0.5947712418300654 0.7995642701525054 0.6241830065359477 0.7930283224400871
2 0.5588235294117647 0.9237472766884531 0.5604575163398693 0.9259259259259259 0.5604575163398693 0.934640522875817 0.5571895424836601 0.9368191721132898 0.5408496732026143 0.9368191721132898 0.5392156862745098 0.9389978213507625 0.5326797385620915 0.9389978213507625 0.5310457516339869 0.9368191721132898 0.5310457516339869 0.9324618736383442 0.5359477124183006 0.9237472766884531 0.5571895424836601 0.9237472766884531
2 0.6854575163398693 0.7363834422657952 0.03104575163398693 0.013071895424836602
2 0.7222222222222222 0.8322440087145969 0.7271241830065359 0.8344226579520697 0.7271241830065359 0.8387799564270153 0.7124183006535948 0.8474945533769063 0.6911764705882353 0.8474945533769063 0.6895424836601307 0.8431372549019608 0.6977124183006536 0.8366013071895425 0.7075163398692811 0.8366013071895425 0.7205882352941176 0.8322440087145969
2 0.630718954248366 0.7298474945533769 0.6356209150326797 0.7211328976034859 0.6405228758169934 0.7189542483660131 0.6486928104575164 0.7189542483660131 0.6519607843137255 0.7233115468409586 0.6519607843137255 0.7276688453159041 0.6454248366013072 0.7320261437908496 0.6323529411764706 0.7298474945533769
2 0.7418300653594772 0.7843137254901961 0.7418300653594772 0.7908496732026143 0.738562091503268 0.7973856209150327 0.7303921568627451 0.7973856209150327 0.7238562091503268 0.7864923747276689 0.7401960784313726 0.7843137254901961
2 0.5735294117647058 0.9455337690631809 0.5735294117647058 0.954248366013072 0.5686274509803921 0.9629629629629629 0.553921568627451 0.9586056644880174 0.5490196078431373 0.954248366013072 0.5490196078431373 0.9498910675381264 0.553921568627451 0.9455337690631809 0.5718954248366013 0.9455337690631809
2 0.5016339869281046 0.8954248366013072 0.5016339869281046 0.9019607843137255 0.4934640522875817 0.9084967320261438 0.477124183006536 0.9084967320261438 0.47549019607843135 0.9106753812636166 0.46895424836601307 0.9106753812636166 0.46405228758169936 0.9150326797385621 0.4526143790849673 0.9150326797385621 0.45098039215686275 0.9128540305010894 0.45098039215686275 0.906318082788671 0.4591503267973856 0.8997821350762527 0.47549019607843135 0.8997821350762527 0.49019607843137253 0.8932461873638344 0.49836601307189543 0.8932461873638344 0.5 0.8954248366013072
2 0.9613627450980393 0.5731960784313725 0.8907908496732025 0.6598714596949891 0.8202173202614379 0.7886470588235294 0.7830751633986929 0.8282701525054466 0.7422173202614379 0.8976122004357299 0.7069313725490196 0.9471394335511983 0.6846454248366013 0.9917167755991285 0.7125032679738562 0.9892396514161219 0.7830751633986929 0.9347581699346404 0.8035032679738563 0.8629411764705882 0.8443611111111111 0.7911241830065359 0.9465049019607843 0.6648257080610022 0.976218954248366 0.6227254901960785
2 0.9844885620915031 0.621248366013072 0.9186470588235294 0.7118779956427016 0.8982189542483661 0.823318082788671 0.8239330065359477 0.8802766884531591 0.8016470588235294 0.9273289760348584 0.7942173202614379 0.9743812636165577 0.8239330065359477 0.9818104575163399 0.8425032679738561 0.994193899782135 0.8945049019607844 0.9149455337690632 0.952076797385621 0.7589302832244008 0.9892205882352941 0.6549193899782135
2 0.03269117647058824 0.9834488017429195 0.3874983660130719 0.7762657952069716 0.5249281045751634 0.716830065359477 0.6549297385620915 0.6351067538126361 0.7496454248366013 0.6004379084967321 0.8870751633986927 0.5410021786492375 0.8610751633986927 0.5286209150326797 0.7997892156862745 0.5533856209150326 0.6735016339869281 0.6177734204793028 0.5787859477124183 0.6598714596949891 0.47478594771241833 0.7118779956427016 0.33921241830065363 0.7688366013071896 0.25935457516339866 0.7985533769063181 0.15535294117647058 0.8480827886710239 0.0754950980392157 0.8901830065359477 0.030923202614379086 0.907516339869281
2 0.051351307189542485 0.8158888888888889 0.2834967320261438 0.7118779956427016 0.3614983660130719 0.6920653594771242 0.6140735294117647 0.5979607843137255 0.6772156862745098 0.575673202614379 0.6289297385620914 0.625202614379085 0.5379297385620916 0.6623485838779956 0.4785 0.6846361655773421 0.3484983660130719 0.7267363834422658 0.2853545751633987 0.7440718954248365 0.2092107843137255 0.7688366013071896 0.1646388888888889 0.7985533769063181 0.1052091503267974 0.8307472766884532 0.0773529411764706 0.8406535947712419