2 0.5808823529411765 0.5620915032679739 0.6004901960784313 0.5735294117647058 0.6004901960784313 0.576797385620915 0.5955882352941176 0.5784313725490197 0.5686274509803921 0.5784313725490197 0.5465686274509803 0.5669934640522876 0.5514705882352942 0.5588235294117647 0.5735294117647058 0.5588235294117647 0.5784313725490197 0.5620915032679739
2 0.44607843137254904 0.6421568627450981 0.4485294117647059 0.6437908496732027 0.4852941176470588 0.6454248366013072 0.49264705882352944 0.6503267973856209 0.4950980392156863 0.6535947712418301 0.49264705882352944 0.6552287581699346 0.4877450980392157 0.6552287581699346 0.4730392156862745 0.6617647058823529 0.4411764705882353 0.6617647058823529 0.43137254901960786 0.6584967320261438 0.4166666666666667 0.6568627450980392 0.4117647058823529 0.6535947712418301 0.4166666666666667 0.6486928104575164 0.44362745098039214 0.6421568627450981
2 0.38235294117647056 0.6633986928104575 0.39705882352941174 0.6666666666666666 0.39950980392156865 0.6699346405228758 0.39705882352941174 0.673202614379085 0.375 0.6715686274509803 0.3602941176470588 0.6683006535947712 0.3553921568627451 0.6650326797385621 0.3602941176470588 0.6601307189542484 0.3700980392156863 0.6584967320261438 0.37254901960784315 0.6617647058823529 0.3799019607843137 0.6633986928104575
2 0.4681372549019608 0.7728758169934641 0.47058823529411764 0.7745098039215687 0.47549019607843135 0.7728758169934641 0.4852941176470588 0.7745098039215687 0.49019607843137253 0.7810457516339869 0.5024509803921569 0.7859477124183006 0.5073529411764706 0.7859477124183006 0.5098039215686274 0.7892156862745098 0.5196078431372549 0.7908496732026143 0.5245098039215687 0.795751633986928 0.5294117647058824 0.7941176470588235 0.5294117647058824 0.7973856209150327 0.5147058823529411 0.8006535947712419 0.5073529411764706 0.8071895424836601 0.4950980392156863 0.8120915032679739 0.4803921568627451 0.8218954248366013 0.4681372549019608 0.8218954248366013 0.45098039215686275 0.826797385620915 0.43137254901960786 0.826797385620915 0.42401960784313725 0.8300653594771242 0.41421568627450983 0.8235294117647058 0.4068627450980392 0.8235294117647058 0.39950980392156865 0.8202614379084967 0.3946078431372549 0.8235294117647058 0.3872549019607843 0.8218954248366013 0.36764705882352944 0.8006535947712419 0.3700980392156863 0.7826797385620915 0.3799019607843137 0.7761437908496732 0.3872549019607843 0.7761437908496732 0.39215686274509803 0.7728758169934641 0.39705882352941174 0.7745098039215687 0.4117647058823529 0.7712418300653595 0.46568627450980393 0.7728758169934641
2 0.49264705882352944 0.7647058823529411 0.4950980392156863 0.7663398692810458 0.5 0.7647058823529411 0.5024509803921569 0.7663398692810458 0.5147058823529411 0.7647058823529411 0.5196078431372549 0.7679738562091504 0.5196078431372549 0.7728758169934641 0.5269607843137255 0.7810457516339869 0.5343137254901961 0.7859477124183006 0.5441176470588235 0.7875816993464052 0.5906862745098039 0.7859477124183006 0.5980392156862745 0.7892156862745098 0.6102941176470589 0.7892156862745098 0.6348039215686274 0.7990196078431373 0.6421568627450981 0.8104575163398693 0.6323529411764706 0.8349673202614379 0.6176470588235294 0.8415032679738562 0.6102941176470589 0.8415032679738562 0.6029411764705882 0.8447712418300654 0.5857843137254902 0.8562091503267973 0.5759803921568627 0.8578431372549019 0.5735294117647058 0.8562091503267973 0.5490196078431373 0.8627450980392157 0.5392156862745098 0.8627450980392157 0.5343137254901961 0.8660130718954249 0.5343137254901961 0.869281045751634 0.5367647058823529 0.8741830065359477 0.5416666666666666 0.8758169934640523 0.5416666666666666 0.8937908496732027 0.5392156862745098 0.8921568627450981 0.5392156862745098 0.8856209150326797 0.5318627450980392 0.8839869281045751 0.5220588235294118 0.8905228758169934 0.5220588235294118 0.8970588235294118 0.5122549019607843 0.8905228758169934 0.5073529411764706 0.8937908496732027 0.5073529411764706 0.8986928104575164 0.5 0.9035947712418301 0.5098039215686274 0.9068627450980392 0.5294117647058824 0.9084967320261438 0.5318627450980392 0.9101307189542484 0.5294117647058824 0.9150326797385621 0.5343137254901961 0.9183006535947712 0.5392156862745098 0.9133986928104575 0.5416666666666666 0.9150326797385621 0.5465686274509803 0.9379084967320261 0.553921568627451 0.9411764705882353 0.5490196078431373 0.946078431372549 0.5245098039215687 0.946078431372549 0.5147058823529411 0.9428104575163399 0.5049019607843137 0.9428104575163399 0.4852941176470588 0.9379084967320261 0.48284313725490197 0.934640522875817 0.47794117647058826 0.9362745098039216 0.4730392156862745 0.9330065359477124 0.46078431372549017 0.9330065359477124 0.4583333333333333 0.934640522875817 0.46078431372549017 0.9379084967320261 0.4583333333333333 0.9444444444444444 0.45098039215686275 0.9444444444444444 0.4485294117647059 0.9395424836601307 0.45098039215686275 0.9264705882352942 0.4485294117647059 0.9248366013071896 0.4387254901960784 0.9264705882352942 0.4338235294117647 0.923202614379085 0.42892156862745096 0.9264705882352942 0.43137254901960786 0.9183006535947712 0.4264705882352941 0.9166666666666666 0.4215686274509804 0.9199346405228758 0.4215686274509804 0.9264705882352942 0.42401960784313725 0.9281045751633987 0.41911764705882354 0.934640522875817 0.41911764705882354 0.9395424836601307 0.42401960784313725 0.9411764705882353 0.4215686274509804 0.946078431372549 0.4215686274509804 0.9624183006535948 0.42401960784313725 0.9640522875816994 0.42892156862745096 0.9624183006535948 0.4362745098039216 0.9640522875816994 0.4387254901960784 0.9607843137254902 0.44362745098039214 0.9624183006535948 0.44362745098039214 0.9656862745098039 0.4338235294117647 0.9722222222222222 0.4338235294117647 0.9787581699346405 0.4362745098039216 0.9803921568627451 0.4338235294117647 0.9836601307189542 0.44362745098039214 0.9918300653594772 0.4534313725490196 0.9950980392156863 0.4534313725490196 0.9983660130718954 0.4485294117647059 0.9967320261437909 0.44607843137254904 0.9983660130718954 0.4215686274509804 0.9983660130718954 0.41911764705882354 0.9950980392156863 0.41421568627450983 0.9967320261437909 0.4117647058823529 0.9950980392156863 0.38480392156862747 0.9950980392156863 0.38235294117647056 0.9934640522875817 0.32598039215686275 0.9934640522875817 0.3235294117647059 0.9950980392156863 0.3112745098039216 0.9934640522875817 0.3088235294117647 0.9950980392156863 0.3014705882352941 0.9934640522875817 0.3112745098039216 0.9901960784313726 0.30637254901960786 0.9852941176470589 0.2965686274509804 0.9869281045751634 0.2965686274509804 0.9934640522875817 0.2965686274509804 0.9852941176470589 0.2916666666666667 0.9803921568627451 0.28431372549019607 0.9836601307189542 0.28431372549019607 0.9918300653594772 0.2867647058823529 0.9934640522875817 0.2769607843137255 0.9934640522875817 0.27450980392156865 0.9950980392156863 0.27205882352941174 0.9934640522875817 0.25 0.9934640522875817 0.24754901960784315 0.9950980392156863 0.2426470588235294 0.9934640522875817 0.24019607843137256 0.9950980392156863 0.23039215686274508 0.9950980392156863 0.22549019607843138 0.9934640522875817 0.2181372549019608 0.9950980392156863 0.21568627450980393 0.9983660130718954 0.2107843137254902 0.9950980392156863 0.19852941176470587 0.9967320261437909 0.16176470588235295 0.9722222222222222 0.1568627450980392 0.9656862745098039 0.1568627450980392 0.9509803921568627 0.15931372549019607 0.9444444444444444 0.16666666666666666 0.9379084967320261 0.20588235294117646 0.9166666666666666 0.2107843137254902 0.9117647058823529 0.23039215686274508 0.9019607843137255 0.2426470588235294 0.9019607843137255 0.24509803921568626 0.9003267973856209 0.2426470588235294 0.8970588235294118 0.24509803921568626 0.9003267973856209 0.25 0.8970588235294118 0.25245098039215685 0.8986928104575164 0.25735294117647056 0.8970588235294118 0.2549019607843137 0.8937908496732027 0.25735294117647056 0.8872549019607843 0.25245098039215685 0.8839869281045751 0.24754901960784315 0.8839869281045751 0.23529411764705882 0.8758169934640523 0.23774509803921567 0.8709150326797386 0.23774509803921567 0.8643790849673203 0.23529411764705882 0.8627450980392157 0.23774509803921567 0.8431372549019608 0.23529411764705882 0.8415032679738562 0.23284313725490197 0.8284313725490197 0.24754901960784315 0.8186274509803921 0.24754901960784315 0.8088235294117647 0.2549019607843137 0.7941176470588235 0.2622549019607843 0.7924836601307189 0.27450980392156865 0.7826797385620915 0.28431372549019607 0.7810457516339869 0.28921568627450983 0.7859477124183006 0.29901960784313725 0.7875816993464052 0.30637254901960786 0.7826797385620915 0.3014705882352941 0.7777777777777778 0.3014705882352941 0.7745098039215687 0.30637254901960786 0.7745098039215687 0.3112745098039216 0.7712418300653595 0.3235294117647059 0.7745098039215687 0.3284313725490196 0.7663398692810458 0.3431372549019608 0.761437908496732 0.3553921568627451 0.7679738562091504 0.37745098039215685 0.7663398692810458 0.39705882352941174 0.7712418300653595 0.4019607843137255 0.7696078431372549 0.4166666666666667 0.7696078431372549 0.41911764705882354 0.7679738562091504 0.4387254901960784 0.7679738562091504 0.4411764705882353 0.7663398692810458 0.4534313725490196 0.7696078431372549 0.45588235294117646 0.7679738562091504 0.47058823529411764 0.7679738562091504 0.49019607843137253 0.7647058823529411
2 0.4950980392156863 0.5490196078431373 0.5171568627450981 0.5490196078431373 0.5269607843137255 0.5522875816993464 0.5220588235294118 0.5555555555555556 0.5073529411764706 0.5555555555555556 0.4950980392156863 0.5522875816993464 0.4950980392156863 0.5506535947712419
2 0.32107843137254904 0.5849673202614379 0.3284313725490196 0.5866013071895425 0.33578431372549017 0.5947712418300654 0.33088235294117646 0.5964052287581699 0.3161764705882353 0.5964052287581699 0.3137254901960784 0.5980392156862745 0.2867647058823529 0.5980392156862745 0.28431372549019607 0.5964052287581699 0.27450980392156865 0.5964052287581699 0.2696078431372549 0.5931372549019608 0.2769607843137255 0.5898692810457516 0.28921568627450983 0.5898692810457516 0.29901960784313725 0.5866013071895425 0.31862745098039214 0.5849673202614379
2 0.5343137254901961 0.5915032679738562 0.5367647058823529 0.5931372549019608 0.5343137254901961 0.5964052287581699 0.5171568627450981 0.5996732026143791 0.5049019607843137 0.5996732026143791 0.4950980392156863 0.5947712418300654 0.5 0.5915032679738562 0.5147058823529411 0.5915032679738562 0.5171568627450981 0.5898692810457516 0.5294117647058824 0.5898692810457516 0.5318627450980392 0.5915032679738562
2 0.4987745098039216 0.5490196078431373 0.02696078431372549 0.013071895424836602
2 0.5367647058823529 0.6258169934640523 0.5465686274509803 0.6290849673202614 0.5490196078431373 0.6323529411764706 0.5392156862745098 0.6372549019607843 0.5294117647058824 0.6372549019607843 0.5269607843137255 0.6388888888888888 0.5049019607843137 0.6388888888888888 0.49754901960784315 0.6372549019607843 0.4877450980392157 0.6405228758169934 0.4730392156862745 0.6405228758169934 0.4730392156862745 0.6323529411764706 0.4852941176470588 0.6274509803921569 0.5073529411764706 0.6225490196078431 0.5196078431372549 0.6225490196078431 0.5343137254901961 0.6258169934640523
2 0.49754901960784315 0.5375816993464052 0.5122549019607843 0.5392156862745098 0.5269607843137255 0.545751633986928 0.5269607843137255 0.5490196078431373 0.5073529411764706 0.5490196078431373 0.5 0.5441176470588235 0.49754901960784315 0.5392156862745098
2 0.5269607843137255 0.6241830065359477 0.5441176470588235 0.6290849673202614 0.5465686274509803 0.6339869281045751 0.5294117647058824 0.6388888888888888 0.49019607843137253 0.6388888888888888 0.4852941176470588 0.6437908496732027 0.49264705882352944 0.6503267973856209 0.49264705882352944 0.6535947712418301 0.47058823529411764 0.6633986928104575 0.4681372549019608 0.6617647058823529 0.4411764705882353 0.6617647058823529 0.4338235294117647 0.6584967320261438 0.4166666666666667 0.6568627450980392 0.4117647058823529 0.6535947712418301 0.4166666666666667 0.6486928104575164 0.42892156862745096 0.6470588235294118 0.4338235294117647 0.6437908496732027 0.4411764705882353 0.6437908496732027 0.4485294117647059 0.6405228758169934 0.4583333333333333 0.6437908496732027 0.46568627450980393 0.6405228758169934 0.47058823529411764 0.6421568627450981 0.4730392156862745 0.6372549019607843 0.48284313725490197 0.6290849673202614 0.4877450980392157 0.6290849673202614 0.49264705882352944 0.6258169934640523 0.5245098039215687 0.6241830065359477
2 0.6176470588235294 0.8741830065359477 0.6372549019607843 0.880718954248366 0.6421568627450981 0.8856209150326797 0.6519607843137255 0.8888888888888888 0.6715686274509803 0.9003267973856209 0.6764705882352942 0.9019607843137255 0.6862745098039216 0.9003267973856209 0.6936274509803921 0.9019607843137255 0.6985294117647058 0.9068627450980392 0.7009803921568627 0.9150326797385621 0.7083333333333334 0.9199346405228758 0.7156862745098039 0.9297385620915033 0.7132352941176471 0.9313725490196079 0.6911764705882353 0.9313725490196079 0.6887254901960784 0.9330065359477124 0.6838235294117647 0.9313725490196079 0.6544117647058824 0.9313725490196079 0.6470588235294118 0.9330065359477124 0.6372549019607843 0.9264705882352942 0.6151960784313726 0.8888888888888888 0.5882352941176471 0.8676470588235294 0.5882352941176471 0.8643790849673203 0.5980392156862745 0.8611111111111112 0.6151960784313726 0.8741830065359477
2 0.5490196078431373 0.5604575163398693 0.5759803921568627 0.5604575163398693 0.5955882352941176 0.5702614379084967 0.5955882352941176 0.5718954248366013 0.5588235294117647 0.5718954248366013 0.5465686274509803 0.5669934640522876 0.5490196078431373 0.5620915032679739
2 0.4583333333333333 0.5261437908496732 0.47058823529411764 0.5277777777777778 0.47794117647058826 0.5326797385620915 0.47058823529411764 0.5392156862745098 0.47058823529411764 0.5359477124183006 0.46078431372549017 0.5277777777777778
2 0.3382352941176471 0.7581699346405228 0.3431372549019608 0.7581699346405228 0.35294117647058826 0.7630718954248366 0.3627450980392157 0.7647058823529411 0.36519607843137253 0.7630718954248366 0.36764705882352944 0.7647058823529411 0.37254901960784315 0.7630718954248366 0.38480392156862747 0.7647058823529411 0.3946078431372549 0.7696078431372549 0.41421568627450983 0.7696078431372549 0.43137254901960786 0.7663398692810458 0.4338235294117647 0.7679738562091504 0.44362745098039214 0.7663398692810458 0.4485294117647059 0.7696078431372549 0.4583333333333333 0.7696078431372549 0.46078431372549017 0.7679738562091504 0.47058823529411764 0.7679738562091504 0.4730392156862745 0.7696078431372549 0.48284313725490197 0.7663398692810458 0.49019607843137253 0.7696078431372549 0.49019607843137253 0.7794117647058824 0.49754901960784315 0.7859477124183006 0.5049019607843137 0.7875816993464052 0.5049019607843137 0.795751633986928 0.5024509803921569 0.7973856209150327 0.4950980392156863 0.7924836601307189 0.49019607843137253 0.795751633986928 0.4803921568627451 0.7924836601307189 0.48284313725490197 0.7859477124183006 0.4803921568627451 0.7826797385620915 0.47549019607843135 0.7794117647058824 0.47058823529411764 0.7794117647058824 0.4632352941176471 0.7761437908496732 0.4534313725490196 0.7745098039215687 0.4411764705882353 0.7745098039215687 0.4387254901960784 0.7761437908496732 0.43137254901960786 0.7712418300653595 0.42401960784313725 0.7712418300653595 0.4215686274509804 0.7728758169934641 0.4117647058823529 0.7728758169934641 0.40441176470588236 0.7777777777777778 0.4068627450980392 0.7810457516339869 0.4117647058823529 0.7810457516339869 0.4117647058823529 0.7908496732026143 0.40441176470588236 0.795751633986928 0.4068627450980392 0.8022875816993464 0.4166666666666667 0.7990196078431373 0.41421568627450983 0.7973856209150327 0.4166666666666667 0.7892156862745098 0.4215686274509804 0.7990196078431373 0.43137254901960786 0.803921568627451 0.4338235294117647 0.8088235294117647 0.44362745098039214 0.7990196078431373 0.4411764705882353 0.7973856209150327 0.44362745098039214 0.7892156862745098 0.45098039215686275 0.7875816993464052 0.4534313725490196 0.7892156862745098 0.45098039215686275 0.7908496732026143 0.4534313725490196 0.795751633986928 0.46078431372549017 0.795751633986928 0.4632352941176471 0.8006535947712419 0.4730392156862745 0.8022875816993464 0.47549019607843135 0.8055555555555556 0.48284313725490197 0.8088235294117647 0.4877450980392157 0.8088235294117647 0.4852941176470588 0.8137254901960784 0.49019607843137253 0.8169934640522876 0.49019607843137253 0.8202614379084967 0.4852941176470588 0.8251633986928104 0.4730392156862745 0.826797385620915 0.46078431372549017 0.8333333333333334 0.45098039215686275 0.8333333333333334 0.4485294117647059 0.8316993464052288 0.44607843137254904 0.8349673202614379 0.4362745098039216 0.8333333333333334 0.43137254901960786 0.8284313725490197 0.42401960784313725 0.8333333333333334 0.42401960784313725 0.8366013071895425 0.4264705882352941 0.8382352941176471 0.4362745098039216 0.8366013071895425 0.4411764705882353 0.8415032679738562 0.43137254901960786 0.8480392156862745 0.42401960784313725 0.8382352941176471 0.41421568627450983 0.8349673202614379 0.4117647058823529 0.8366013071895425 0.39950980392156865 0.8366013071895425 0.3946078431372549 0.8447712418300654 0.3897058823529412 0.8464052287581699 0.38480392156862747 0.8447712418300654 0.38480392156862747 0.8431372549019608 0.39215686274509803 0.8415032679738562 0.3897058823529412 0.8349673202614379 0.38480392156862747 0.8316993464052288 0.3799019607843137 0.8316993464052288 0.37745098039215685 0.8333333333333334 0.3799019607843137 0.8382352941176471 0.375 0.8415032679738562 0.3799019607843137 0.8447712418300654 0.37745098039215685 0.8480392156862745 0.3872549019607843 0.8545751633986928 0.3897058823529412 0.8513071895424836 0.39950980392156865 0.8529411764705882 0.4019607843137255 0.8513071895424836 0.41421568627450983 0.8529411764705882 0.4166666666666667 0.8496732026143791 0.4215686274509804 0.8513071895424836 0.4215686274509804 0.8660130718954249 0.4117647058823529 0.8594771241830066 0.40441176470588236 0.8627450980392157 0.40441176470588236 0.869281045751634 0.40931372549019607 0.8725490196078431 0.4166666666666667 0.8709150326797386 0.4215686274509804 0.8774509803921569 0.4264705882352941 0.8758169934640523 0.42401960784313725 0.8725490196078431 0.4264705882352941 0.869281045751634 0.43137254901960786 0.8709150326797386 0.4338235294117647 0.8660130718954249 0.4411764705882353 0.8676470588235294 0.45098039215686275 0.8627450980392157 0.45098039215686275 0.8578431372549019 0.45588235294117646 0.8562091503267973 0.4583333333333333 0.8578431372549019 0.4534313725490196 0.8611111111111112 0.4534313725490196 0.8676470588235294 0.44607843137254904 0.869281045751634 0.44362745098039214 0.8758169934640523 0.4485294117647059 0.8790849673202614 0.44607843137254904 0.8872549019607843 0.45098039215686275 0.8921568627450981 0.45098039215686275 0.8954248366013072 0.45588235294117646 0.8970588235294118 0.4583333333333333 0.8937908496732027 0.4632352941176471 0.8937908496732027 0.46078431372549017 0.8970588235294118 0.46568627450980393 0.9003267973856209 0.4632352941176471 0.9019607843137255 0.46568627450980393 0.9101307189542484 0.47058823529411764 0.9133986928104575 0.4730392156862745 0.9117647058823529 0.47794117647058826 0.9133986928104575 0.48284313725490197 0.9101307189542484 0.47794117647058826 0.9068627450980392 0.4852941176470588 0.9052287581699346 0.49264705882352944 0.9117647058823529 0.49754901960784315 0.9117647058823529 0.5073529411764706 0.9166666666666666 0.5147058823529411 0.9150326797385621 0.5245098039215687 0.9215686274509803 0.5294117647058824 0.9215686274509803 0.5245098039215687 0.9215686274509803 0.5220588235294118 0.9248366013071896 0.5269607843137255 0.9264705882352942 0.5294117647058824 0.934640522875817 0.5343137254901961 0.9379084967320261 0.5416666666666666 0.9379084967320261 0.5441176470588235 0.9411764705882353 0.5392156862745098 0.9444444444444444 0.5196078431372549 0.9395424836601307 0.49754901960784315 0.9395424836601307 0.48284313725490197 0.9330065359477124 0.47549019607843135 0.934640522875817 0.47058823529411764 0.9313725490196079 0.46078431372549017 0.9313725490196079 0.4583333333333333 0.9330065359477124 0.4583333333333333 0.9444444444444444 0.4534313725490196 0.9444444444444444 0.4485294117647059 0.9395424836601307 0.4485294117647059 0.9313725490196079 0.45098039215686275 0.9297385620915033 0.4485294117647059 0.9215686274509803 0.4411764705882353 0.9166666666666666 0.4362745098039216 0.9199346405228758 0.4411764705882353 0.9281045751633987 0.4362745098039216 0.9313725490196079 0.4362745098039216 0.9362745098039216 0.4338235294117647 0.9362745098039216 0.42892156862745096 0.9281045751633987 0.42401960784313725 0.9281045751633987 0.41911764705882354 0.9313725490196079 0.4166666666666667 0.9166666666666666 0.40931372549019607 0.9150326797385621 0.39215686274509803 0.9003267973856209 0.3700980392156863 0.8888888888888888 0.36519607843137253 0.8823529411764706 0.3627450980392157 0.8839869281045751 0.3627450980392157 0.8905228758169934 0.35784313725490197 0.8872549019607843 0.3553921568627451 0.8905228758169934 0.35784313725490197 0.8872549019607843 0.35784313725490197 0.8790849673202614 0.3553921568627451 0.8774509803921569 0.35049019607843135 0.8774509803921569 0.3382352941176471 0.8839869281045751 0.33578431372549017 0.8905228758169934 0.3382352941176471 0.8921568627450981 0.33088235294117646 0.8905228758169934 0.3284313725490196 0.8921568627450981 0.3137254901960784 0.8921568627450981 0.30637254901960786 0.8954248366013072 0.30392156862745096 0.8937908496732027 0.29411764705882354 0.8954248366013072 0.27941176470588236 0.8921568627450981 0.27205882352941174 0.8954248366013072 0.25735294117647056 0.8839869281045751 0.25 0.8823529411764706 0.24509803921568626 0.8725490196078431 0.24019607843137256 0.8709150326797386 0.23774509803921567 0.8643790849673203 0.23774509803921567 0.8447712418300654 0.23529411764705882 0.8431372549019608 0.23284313725490197 0.8284313725490197 0.24754901960784315 0.8202614379084967 0.24754901960784315 0.803921568627451 0.25245098039215685 0.8006535947712419 0.25245098039215685 0.795751633986928 0.2818627450980392 0.7761437908496732 0.28431372549019607 0.7761437908496732 0.28431372549019607 0.7794117647058824 0.28921568627450983 0.7826797385620915 0.2965686274509804 0.7826797385620915 0.3014705882352941 0.7712418300653595 0.30637254901960786 0.7712418300653595 0.3112745098039216 0.7679738562091504 0.31862745098039214 0.7696078431372549 0.33088235294117646 0.761437908496732 0.3333333333333333 0.7630718954248366 0.3382352941176471 0.7598039215686274
2 0.11519607843137254 0.6699346405228758 0.11764705882352941 0.6715686274509803 0.15196078431372548 0.673202614379085 0.15441176470588236 0.6813725490196079 0.14215686274509803 0.6862745098039216 0.11029411764705882 0.6862745098039216 0.1053921568627451 0.684640522875817 0.10294117647058823 0.6813725490196079 0.11029411764705882 0.6748366013071896 0.10784313725490197 0.6715686274509803 0.11274509803921569 0.6699346405228758
2 0.39950980392156865 0.6094771241830066 0.40441176470588236 0.6078431372549019 0.43137254901960786 0.6078431372549019 0.4338235294117647 0.6094771241830066 0.44607843137254904 0.6094771241830066 0.45588235294117646 0.6143790849673203 0.4534313725490196 0.619281045751634 0.42401960784313725 0.619281045751634 0.4215686274509804 0.6176470588235294 0.39950980392156865 0.6160130718954249 0.39950980392156865 0.6111111111111112
2 0.4803921568627451 0.6748366013071896 0.5024509803921569 0.6813725490196079 0.5024509803921569 0.684640522875817 0.49264705882352944 0.6895424836601307 0.4583333333333333 0.6911764705882353 0.45588235294117646 0.6928104575163399 0.43137254901960786 0.6928104575163399 0.41911764705882354 0.696078431372549 0.39215686274509803 0.696078431372549 0.3872549019607843 0.6993464052287581 0.3872549019607843 0.7058823529411765 0.38235294117647056 0.7107843137254902 0.38235294117647056 0.7140522875816994 0.37745098039215685 0.7173202614379085 0.3627450980392157 0.7189542483660131 0.35784313725490197 0.7222222222222222 0.35294117647058826 0.7303921568627451 0.35294117647058826 0.738562091503268 0.3553921568627451 0.7401960784313726 0.35294117647058826 0.7434640522875817 0.3382352941176471 0.7483660130718954 0.3333333333333333 0.7467320261437909 0.3137254901960784 0.7467320261437909 0.2549019607843137 0.7336601307189542 0.24019607843137256 0.7238562091503268 0.24019607843137256 0.7189542483660131 0.25 0.7107843137254902 0.2647058823529412 0.7075163398692811 0.33578431372549017 0.7091503267973857 0.3431372549019608 0.7058823529411765 0.34558823529411764 0.6993464052287581 0.3553921568627451 0.6944444444444444 0.3799019607843137 0.6895424836601307 0.39705882352941174 0.6895424836601307 0.41421568627450983 0.6797385620915033 0.4387254901960784 0.6781045751633987 0.44607843137254904 0.6748366013071896 0.47794117647058826 0.6748366013071896
2 0.3161764705882353 0.5866013071895425 0.32107843137254904 0.5882352941176471 0.3235294117647059 0.5866013071895425 0.3431372549019608 0.5866013071895425 0.34558823529411764 0.5849673202614379 0.36764705882352944 0.5849673202614379 0.3700980392156863 0.5866013071895425 0.4117647058823529 0.5882352941176471 0.4362745098039216 0.5980392156862745 0.4485294117647059 0.5980392156862745 0.4583333333333333 0.6062091503267973 0.45588235294117646 0.6160130718954249 0.45098039215686275 0.619281045751634 0.42401960784313725 0.619281045751634 0.4215686274509804 0.6176470588235294 0.39950980392156865 0.6176470588235294 0.39705882352941174 0.6160130718954249 0.3897058823529412 0.6176470588235294 0.37254901960784315 0.6143790849673203 0.36764705882352944 0.6160130718954249 0.35049019607843135 0.6143790849673203 0.3431372549019608 0.6078431372549019 0.33088235294117646 0.6045751633986928 0.32598039215686275 0.5996732026143791 0.31862745098039214 0.5996732026143791 0.3112745098039216 0.5964052287581699 0.30637254901960786 0.5980392156862745 0.2965686274509804 0.5947712418300654 0.29901960784313725 0.5915032679738562 0.3137254901960784 0.5882352941176471
2 0.5196078431372549 0.6225490196078431 0.5465686274509803 0.6290849673202614 0.5465686274509803 0.6339869281045751 0.5392156862745098 0.6372549019607843 0.5269607843137255 0.6372549019607843 0.5245098039215687 0.6388888888888888 0.49019607843137253 0.6372549019607843 0.4877450980392157 0.6405228758169934 0.4803921568627451 0.6405228758169934 0.47549019607843135 0.6454248366013072 0.4803921568627451 0.6486928104575164 0.49019607843137253 0.6503267973856209 0.49019607843137253 0.6535947712418301 0.47549019607843135 0.6568627450980392 0.4730392156862745 0.6601307189542484 0.46568627450980393 0.6601307189542484 0.4681372549019608 0.6535947712418301 0.4730392156862745 0.6503267973856209 0.47058823529411764 0.6470588235294118 0.46568627450980393 0.6470588235294118 0.46078431372549017 0.6503267973856209 0.4632352941176471 0.6519607843137255 0.46078431372549017 0.6601307189542484 0.45588235294117646 0.6584967320261438 0.4534313725490196 0.6601307189542484 0.44362745098039214 0.6601307189542484 0.4387254901960784 0.6568627450980392 0.42401960784313725 0.6568627450980392 0.41421568627450983 0.6535947712418301 0.44607843137254904 0.6388888888888888 0.45588235294117646 0.6437908496732027 0.4583333333333333 0.6421568627450981 0.47058823529411764 0.6437908496732027 0.4730392156862745 0.6421568627450981 0.47058823529411764 0.6372549019607843 0.4730392156862745 0.630718954248366 0.4852941176470588 0.6290849673202614 0.5 0.6241830065359477 0.5171568627450981 0.6225490196078431
2 0.5 0.6781045751633987 0.5098039215686274 0.6813725490196079 0.49754901960784315 0.6895424836601307 0.47058823529411764 0.6911764705882353 0.4681372549019608 0.6928104575163399 0.4485294117647059 0.6928104575163399 0.44607843137254904 0.6944444444444444 0.42892156862745096 0.6944444444444444 0.4264705882352941 0.696078431372549 0.3897058823529412 0.696078431372549 0.38480392156862747 0.6928104575163399 0.39705882352941174 0.6895424836601307 0.4068627450980392 0.6830065359477124 0.4166666666666667 0.6797385620915033 0.42401960784313725 0.6797385620915033 0.4534313725490196 0.673202614379085 0.4877450980392157 0.6748366013071896 0.49754901960784315 0.6781045751633987
2 0.5759803921568627 0.5604575163398693 0.5882352941176471 0.5669934640522876 0.5882352941176471 0.5702614379084967 0.5735294117647058 0.5735294117647058 0.5784313725490197 0.576797385620915 0.571078431372549 0.576797385620915 0.5661764705882353 0.5800653594771242 0.5686274509803921 0.5849673202614379 0.5588235294117647 0.5882352941176471 0.5367647058823529 0.5898692810457516 0.5318627450980392 0.5947712418300654 0.5196078431372549 0.5980392156862745 0.5073529411764706 0.5980392156862745 0.4950980392156863 0.6062091503267973 0.4632352941176471 0.6062091503267973 0.45098039215686275 0.5980392156862745 0.46568627450980393 0.5931372549019608 0.5122549019607843 0.5931372549019608 0.5147058823529411 0.5947712418300654 0.5220588235294118 0.5931372549019608 0.5294117647058824 0.5882352941176471 0.5318627450980392 0.5833333333333334 0.5392156862745098 0.5800653594771242 0.5514705882352942 0.5784313725490197 0.5588235294117647 0.5735294117647058 0.5514705882352942 0.5686274509803921 0.553921568627451 0.565359477124183 0.5588235294117647 0.565359477124183 0.5661764705882353 0.5604575163398693 0.5735294117647058 0.5604575163398693
2 0.4803921568627451 0.5277777777777778 0.49019607843137253 0.5359477124183006 0.4852941176470588 0.5375816993464052 0.47549019607843135 0.5359477124183006 0.4730392156862745 0.5294117647058824 0.47794117647058826 0.5277777777777778
2 0.5294117647058824 0.5898692810457516 0.5367647058823529 0.5947712418300654 0.5269607843137255 0.5980392156862745 0.5073529411764706 0.5996732026143791 0.5 0.6045751633986928 0.49019607843137253 0.6045751633986928 0.4877450980392157 0.6062091503267973 0.46568627450980393 0.6062091503267973 0.4583333333333333 0.6045751633986928 0.45098039215686275 0.5980392156862745 0.4583333333333333 0.5947712418300654 0.47549019607843135 0.5915032679738562 0.5220588235294118 0.5915032679738562 0.5269607843137255 0.5898692810457516
2 0.49019607843137253 0.5359477124183006 0.49754901960784315 0.5375816993464052 0.5024509803921569 0.5441176470588235 0.5 0.545751633986928 0.49754901960784315 0.5441176470588235 0.4950980392156863 0.545751633986928 0.4852941176470588 0.5441176470588235 0.4852941176470588 0.5375816993464052 0.4877450980392157 0.5375816993464052
2 0.5686274509803921 0.5571895424836601 0.5759803921568627 0.5604575163398693 0.5661764705882353 0.5637254901960784 0.5514705882352942 0.5604575163398693 0.553921568627451 0.5571895424836601 0.5661764705882353 0.5571895424836601
2 0.47058823529411764 0.6748366013071896 0.5 0.6813725490196079 0.5 0.684640522875817 0.4950980392156863 0.6879084967320261 0.47549019607843135 0.6911764705882353 0.42892156862745096 0.6928104575163399 0.41421568627450983 0.696078431372549 0.3897058823529412 0.696078431372549 0.38480392156862747 0.6993464052287581 0.38480392156862747 0.7091503267973857 0.38235294117647056 0.7124183006535948 0.37745098039215685 0.7156862745098039 0.3627450980392157 0.7173202614379085 0.3553921568627451 0.7222222222222222 0.35294117647058826 0.7287581699346405 0.3480392156862745 0.7303921568627451 0.35294117647058826 0.7434640522875817 0.3431372549019608 0.7467320261437909 0.3161764705882353 0.7467320261437909 0.25735294117647056 0.7336601307189542 0.2426470588235294 0.7254901960784313 0.2426470588235294 0.7173202614379085 0.24754901960784315 0.7124183006535948 0.25980392156862747 0.7091503267973857 0.27941176470588236 0.7091503267973857 0.2818627450980392 0.7075163398692811 0.28431372549019607 0.7091503267973857 0.2867647058823529 0.7075163398692811 0.30392156862745096 0.7075163398692811 0.30637254901960786 0.7091503267973857 0.33578431372549017 0.7091503267973857 0.3431372549019608 0.7107843137254902 0.34558823529411764 0.7091503267973857 0.3431372549019608 0.7058823529411765 0.3480392156862745 0.6993464052287581 0.36519607843137253 0.6928104575163399 0.39950980392156865 0.6911764705882353 0.4117647058823529 0.6813725490196079 0.42892156862745096 0.6781045751633987 0.44362745098039214 0.6781045751633987 0.45588235294117646 0.6748366013071896 0.4681372549019608 0.6748366013071896
2 0.36519607843137253 0.5849673202614379 0.36764705882352944 0.5866013071895425 0.38480392156862747 0.5866013071895425 0.3872549019607843 0.5882352941176471 0.40931372549019607 0.5882352941176471 0.4338235294117647 0.5964052287581699 0.4387254901960784 0.5947712418300654 0.4411764705882353 0.5964052287581699 0.4583333333333333 0.5947712418300654 0.4681372549019608 0.5915032679738562 0.5245098039215687 0.5915032679738562 0.5269607843137255 0.5898692810457516 0.5343137254901961 0.5947712418300654 0.5245098039215687 0.5980392156862745 0.5049019607843137 0.5996732026143791 0.5 0.6045751633986928 0.4681372549019608 0.6062091503267973 0.46568627450980393 0.6078431372549019 0.4632352941176471 0.6062091503267973 0.4534313725490196 0.6111111111111112 0.4534313725490196 0.6160130718954249 0.44362745098039214 0.619281045751634 0.4264705882352941 0.619281045751634 0.42401960784313725 0.6176470588235294 0.3897058823529412 0.6143790849673203 0.3872549019607843 0.6127450980392157 0.3897058823529412 0.6045751633986928 0.375 0.5996732026143791 0.3553921568627451 0.5996732026143791 0.3431372549019608 0.5964052287581699 0.27941176470588236 0.5947712418300654 0.2867647058823529 0.5915032679738562 0.2965686274509804 0.5915032679738562 0.3088235294117647 0.5866013071895425 0.3627450980392157 0.5849673202614379
2 0.4485294117647059 0.5947712418300654 0.46078431372549017 0.6045751633986928 0.46078431372549017 0.6094771241830066 0.45588235294117646 0.6127450980392157 0.4583333333333333 0.6160130718954249 0.45098039215686275 0.619281045751634 0.4166666666666667 0.619281045751634 0.41421568627450983 0.6176470588235294 0.4019607843137255 0.6176470588235294 0.3872549019607843 0.6127450980392157 0.3872549019607843 0.6094771241830066 0.39215686274509803 0.6045751633986928 0.41911764705882354 0.5947712418300654 0.43137254901960786 0.5947712418300654 0.4338235294117647 0.5964052287581699 0.44607843137254904 0.5947712418300654
2 0.49019607843137253 0.6781045751633987 0.5 0.684640522875817 0.4950980392156863 0.6879084967320261 0.4852941176470588 0.6895424836601307 0.44362745098039214 0.6911764705882353 0.4411764705882353 0.6928104575163399 0.43137254901960786 0.6911764705882353 0.42401960784313725 0.6944444444444444 0.41421568627450983 0.6944444444444444 0.4117647058823529 0.696078431372549 0.3897058823529412 0.6944444444444444 0.38480392156862747 0.6977124183006536 0.38480392156862747 0.7075163398692811 0.38235294117647056 0.7107843137254902 0.375 0.7156862745098039 0.3627450980392157 0.7173202614379085 0.35784313725490197 0.7205882352941176 0.35294117647058826 0.7287581699346405 0.3480392156862745 0.7320261437908496 0.35294117647058826 0.738562091503268 0.35294117647058826 0.7434640522875817 0.3431372549019608 0.7467320261437909 0.3161764705882353 0.7467320261437909 0.25735294117647056 0.7336601307189542 0.24019607843137256 0.7222222222222222 0.24754901960784315 0.7124183006535948 0.26715686274509803 0.7075163398692811 0.3088235294117647 0.7075163398692811 0.3112745098039216 0.7091503267973857 0.3382352941176471 0.7091503267973857 0.3431372549019608 0.7107843137254902 0.3480392156862745 0.7009803921568627 0.3553921568627451 0.696078431372549 0.3799019607843137 0.6911764705882353 0.3897058823529412 0.6928104575163399 0.39950980392156865 0.6911764705882353 0.41421568627450983 0.6813725490196079 0.42401960784313725 0.6813725490196079 0.42892156862745096 0.6781045751633987 0.4485294117647059 0.6781045751633987 0.46078431372549017 0.6748366013071896 0.4877450980392157 0.6781045751633987
2 0.4534313725490196 0.7696078431372549 0.45588235294117646 0.7712418300653595 0.46078431372549017 0.7696078431372549 0.4803921568627451 0.7696078431372549 0.48284313725490197 0.7712418300653595 0.49019607843137253 0.7696078431372549 0.49264705882352944 0.7794117647058824 0.4950980392156863 0.7810457516339869 0.5049019607843137 0.7810457516339869 0.5171568627450981 0.7892156862745098 0.5220588235294118 0.7892156862745098 0.5294117647058824 0.7924836601307189 0.5294117647058824 0.7973856209150327 0.5 0.8120915032679739 0.4877450980392157 0.8218954248366013 0.4803921568627451 0.8251633986928104 0.47058823529411764 0.8251633986928104 0.46568627450980393 0.8284313725490197 0.46568627450980393 0.8333333333333334 0.4632352941176471 0.8316993464052288 0.4338235294117647 0.8333333333333334 0.43137254901960786 0.8349673202614379 0.43137254901960786 0.8480392156862745 0.42892156862745096 0.8447712418300654 0.42401960784313725 0.8447712418300654 0.4215686274509804 0.8382352941176471 0.41421568627450983 0.8415032679738562 0.41421568627450983 0.8447712418300654 0.4019607843137255 0.8447712418300654 0.3897058823529412 0.8480392156862745 0.3872549019607843 0.8464052287581699 0.38235294117647056 0.8480392156862745 0.3799019607843137 0.8464052287581699 0.37745098039215685 0.8480392156862745 0.3627450980392157 0.8464052287581699 0.35784313725490197 0.8431372549019608 0.3602941176470588 0.8333333333333334 0.3700980392156863 0.826797385620915 0.37745098039215685 0.8251633986928104 0.38235294117647056 0.8202614379084967 0.36764705882352944 0.803921568627451 0.36519607843137253 0.7892156862745098 0.37254901960784315 0.7794117647058824 0.3897058823529412 0.7712418300653595 0.39215686274509803 0.7728758169934641 0.4068627450980392 0.7728758169934641 0.41911764705882354 0.7696078431372549 0.45098039215686275 0.7696078431372549
2 0.33088235294117646 0.7091503267973857 0.3333333333333333 0.7107843137254902 0.35294117647058826 0.7124183006535948 0.35784313725490197 0.7156862745098039 0.35784313725490197 0.7222222222222222 0.35294117647058826 0.7287581699346405 0.3431372549019608 0.7336601307189542 0.35294117647058826 0.738562091503268 0.35294117647058826 0.7434640522875817 0.3431372549019608 0.7467320261437909 0.3161764705882353 0.7467320261437909 0.28921568627450983 0.7401960784313726 0.2818627450980392 0.7401960784313726 0.27450980392156865 0.7369281045751634 0.25735294117647056 0.7336601307189542 0.24019607843137256 0.7222222222222222 0.2426470588235294 0.7156862745098039 0.25735294117647056 0.7091503267973857 0.3284313725490196 0.7091503267973857
2 0.39705882352941174 0.7712418300653595 0.39950980392156865 0.7777777777777778 0.40931372549019607 0.7712418300653595 0.41911764705882354 0.7696078431372549 0.4264705882352941 0.7712418300653595 0.4166666666666667 0.7761437908496732 0.42401960784313725 0.7826797385620915 0.41911764705882354 0.7826797385620915 0.4117647058823529 0.7875816993464052 0.4117647058823529 0.7924836601307189 0.43137254901960786 0.795751633986928 0.42892156862745096 0.8006535947712419 0.4338235294117647 0.8055555555555556 0.44362745098039214 0.803921568627451 0.4411764705882353 0.7973856209150327 0.44362745098039214 0.7892156862745098 0.4485294117647059 0.7924836601307189 0.44607843137254904 0.795751633986928 0.4485294117647059 0.7973856209150327 0.45588235294117646 0.795751633986928 0.4632352941176471 0.8022875816993464 0.46568627450980393 0.8088235294117647 0.4730392156862745 0.8055555555555556 0.47549019607843135 0.8071895424836601 0.4877450980392157 0.8071895424836601 0.49264705882352944 0.8104575163398693 0.5 0.8055555555555556 0.49754901960784315 0.7990196078431373 0.49019607843137253 0.7973856209150327 0.4852941176470588 0.7990196078431373 0.4803921568627451 0.7892156862745098 0.48284313725490197 0.7859477124183006 0.47549019607843135 0.7810457516339869 0.4485294117647059 0.7777777777777778 0.44607843137254904 0.7794117647058824 0.45098039215686275 0.7826797385620915 0.44362745098039214 0.7826797385620915 0.43137254901960786 0.7728758169934641 0.43137254901960786 0.7712418300653595 0.44362745098039214 0.7679738562091504 0.45588235294117646 0.7728758169934641 0.4583333333333333 0.7712418300653595 0.4632352941176471 0.7712418300653595 0.47058823529411764 0.7745098039215687 0.4730392156862745 0.7728758169934641 0.47549019607843135 0.7745098039215687 0.4877450980392157 0.7728758169934641 0.49754901960784315 0.7794117647058824 0.5 0.7745098039215687 0.5049019607843137 0.7794117647058824 0.5073529411764706 0.7908496732026143 0.5147058823529411 0.7924836601307189 0.5220588235294118 0.7990196078431373 0.5269607843137255 0.7973856209150327 0.5367647058823529 0.7990196078431373 0.5416666666666666 0.7941176470588235 0.5588235294117647 0.795751633986928 0.5490196078431373 0.7973856209150327 0.553921568627451 0.8022875816993464 0.5612745098039216 0.8022875816993464 0.5563725490196079 0.8088235294117647 0.5490196078431373 0.8120915032679739 0.5465686274509803 0.8088235294117647 0.5343137254901961 0.8071895424836601 0.5318627450980392 0.8088235294117647 0.5318627450980392 0.8235294117647058 0.5245098039215687 0.8251633986928104 0.5147058823529411 0.8169934640522876 0.5049019607843137 0.8218954248366013 0.49264705882352944 0.8366013071895425 0.4877450980392157 0.8349673202614379 0.47794117647058826 0.8366013071895425 0.47058823529411764 0.8349673202614379 0.44607843137254904 0.8366013071895425 0.44362745098039214 0.8398692810457516 0.4338235294117647 0.8415032679738562 0.43137254901960786 0.8464052287581699 0.42401960784313725 0.8464052287581699 0.4117647058823529 0.8578431372549019 0.40931372549019607 0.8529411764705882 0.39950980392156865 0.8496732026143791 0.39950980392156865 0.8464052287581699 0.40931372549019607 0.8464052287581699 0.41911764705882354 0.8398692810457516 0.4166666666666667 0.8382352941176471 0.4166666666666667 0.8316993464052288 0.40441176470588236 0.8235294117647058 0.3897058823529412 0.8251633986928104 0.3799019607843137 0.815359477124183 0.3799019607843137 0.8120915032679739 0.3872549019607843 0.815359477124183 0.3897058823529412 0.8137254901960784 0.3872549019607843 0.8104575163398693 0.3897058823529412 0.8088235294117647 0.39215686274509803 0.8120915032679739 0.3946078431372549 0.8104575163398693 0.39215686274509803 0.8022875816993464 0.3872549019607843 0.7973856209150327 0.3872549019607843 0.7908496732026143 0.39215686274509803 0.7859477124183006 0.39215686274509803 0.7826797385620915 0.38480392156862747 0.7761437908496732 0.3872549019607843 0.7728758169934641 0.39215686274509803 0.7745098039215687 0.3946078431372549 0.7728758169934641
2 0.38480392156862747 0.5866013071895425 0.3872549019607843 0.5882352941176471 0.40441176470588236 0.5882352941176471 0.4166666666666667 0.5915032679738562 0.4166666666666667 0.5947712418300654 0.39950980392156865 0.5996732026143791 0.35294117647058826 0.5980392156862745 0.3333333333333333 0.5931372549019608 0.3284313725490196 0.5882352941176471 0.3431372549019608 0.5849673202614379 0.38235294117647056 0.5866013071895425
2 0.49754901960784315 0.6781045751633987 0.5024509803921569 0.6813725490196079 0.5122549019607843 0.6813725490196079 0.4950980392156863 0.6895424836601307 0.47058823529411764 0.6911764705882353 0.4681372549019608 0.6928104575163399 0.4411764705882353 0.6928104575163399 0.4387254901960784 0.6944444444444444 0.4068627450980392 0.696078431372549 0.40441176470588236 0.6977124183006536 0.39215686274509803 0.696078431372549 0.3872549019607843 0.6993464052287581 0.3872549019607843 0.7058823529411765 0.38235294117647056 0.7107843137254902 0.38235294117647056 0.7140522875816994 0.37745098039215685 0.7173202614379085 0.3627450980392157 0.7189542483660131 0.35784313725490197 0.7222222222222222 0.35294117647058826 0.7352941176470589 0.3553921568627451 0.7418300653594772 0.3431372549019608 0.7483660130718954 0.32107843137254904 0.7483660130718954 0.2549019607843137 0.7336601307189542 0.24019607843137256 0.7238562091503268 0.24019607843137256 0.7189542483660131 0.25 0.7107843137254902 0.2647058823529412 0.7075163398692811 0.33578431372549017 0.7091503267973857 0.3431372549019608 0.7058823529411765 0.34558823529411764 0.7009803921568627 0.3553921568627451 0.6944444444444444 0.3799019607843137 0.6895424836601307 0.39705882352941174 0.6895424836601307 0.41421568627450983 0.6797385620915033 0.4338235294117647 0.6781045751633987 0.44362745098039214 0.6748366013071896 0.4852941176470588 0.6748366013071896 0.4950980392156863 0.6781045751633987
2 0.5 0.545751633986928 0.5122549019607843 0.5522875816993464 0.5098039215686274 0.553921568627451 0.4950980392156863 0.553921568627451 0.49019607843137253 0.5506535947712419 0.49019607843137253 0.5473856209150327 0.49754901960784315 0.545751633986928
2 0.4852941176470588 0.5294117647058824 0.5024509803921569 0.5392156862745098 0.49754901960784315 0.5424836601307189 0.4852941176470588 0.5424836601307189 0.47794117647058826 0.5375816993464052 0.47549019607843135 0.5294117647058824 0.47794117647058826 0.5277777777777778 0.48284313725490197 0.5294117647058824
2 0.3872549019607843 0.5866013071895425 0.4166666666666667 0.5915032679738562 0.4166666666666667 0.5947712418300654 0.4019607843137255 0.5996732026143791 0.36764705882352944 0.5996732026143791 0.36519607843137253 0.5980392156862745 0.34068627450980393 0.5980392156862745 0.3382352941176471 0.5964052287581699 0.29901960784313725 0.5980392156862745 0.2965686274509804 0.5964052287581699 0.27450980392156865 0.5947712418300654 0.27941176470588236 0.5915032679738562 0.2867647058823529 0.5915032679738562 0.29411764705882354 0.5882352941176471 0.3137254901960784 0.5866013071895425 0.3161764705882353 0.5849673202614379 0.37254901960784315 0.5849673202614379 0.375 0.5866013071895425 0.38480392156862747 0.5866013071895425
2 0.43137254901960786 0.6797385620915033 0.4362745098039216 0.684640522875817 0.4338235294117647 0.6911764705882353 0.4166666666666667 0.6944444444444444 0.39950980392156865 0.6944444444444444 0.39705882352941174 0.696078431372549 0.3897058823529412 0.6944444444444444 0.3872549019607843 0.696078431372549 0.38235294117647056 0.7124183006535948 0.375 0.7173202614379085 0.3627450980392157 0.7189542483660131 0.35784313725490197 0.7222222222222222 0.35294117647058826 0.7303921568627451 0.3553921568627451 0.7336601307189542 0.35294117647058826 0.7352941176470589 0.35294117647058826 0.7434640522875817 0.3382352941176471 0.7483660130718954 0.33578431372549017 0.7467320261437909 0.30637254901960786 0.7450980392156863 0.25245098039215685 0.7320261437908496 0.24019607843137256 0.7238562091503268 0.2426470588235294 0.7156862745098039 0.25 0.7107843137254902 0.2647058823529412 0.7075163398692811 0.3161764705882353 0.7075163398692811 0.31862745098039214 0.7091503267973857 0.3235294117647059 0.7075163398692811 0.3382352941176471 0.7075163398692811 0.34558823529411764 0.7026143790849673 0.3480392156862745 0.6977124183006536 0.3553921568627451 0.6944444444444444 0.38235294117647056 0.6895424836601307 0.38480392156862747 0.6911764705882353 0.39950980392156865 0.6911764705882353 0.41421568627450983 0.6813725490196079 0.4215686274509804 0.6862745098039216 0.42892156862745096 0.6813725490196079
2 0.5980392156862745 0.8545751633986928 0.6004901960784313 0.8594771241830066 0.6151960784313726 0.8725490196078431 0.6274509803921569 0.8774509803921569 0.6323529411764706 0.8774509803921569 0.6691176470588235 0.8986928104575164 0.678921568627451 0.9019607843137255 0.6911764705882353 0.9003267973856209 0.696078431372549 0.9035947712418301 0.7009803921568627 0.9133986928104575 0.7156862745098039 0.9264705882352942 0.7132352941176471 0.9362745098039216 0.678921568627451 0.9330065359477124 0.6691176470588235 0.9379084967320261 0.6740196078431373 0.9411764705882353 0.6740196078431373 0.9771241830065359 0.6715686274509803 0.9787581699346405 0.6642156862745098 0.9771241830065359 0.6593137254901961 0.9787581699346405 0.6544117647058824 0.9771241830065359 0.6544117647058824 0.9738562091503268 0.6495098039215687 0.9705882352941176 0.6446078431372549 0.9428104575163399 0.6421568627450981 0.9362745098039216 0.6323529411764706 0.9264705882352942 0.6299019607843137 0.9166666666666666 0.6176470588235294 0.9052287581699346 0.6176470588235294 0.8986928104575164 0.6102941176470589 0.8888888888888888 0.5833333333333334 0.8660130718954249 0.5833333333333334 0.8594771241830066 0.5882352941176471 0.8562091503267973 0.5955882352941176 0.8562091503267973
2 0.3382352941176471 0.7549019607843137 0.3431372549019608 0.7565359477124183 0.3480392156862745 0.7549019607843137 0.3480392156862745 0.761437908496732 0.35294117647058826 0.7647058823529411 0.35784313725490197 0.7630718954248366 0.36764705882352944 0.7663398692810458 0.38480392156862747 0.7647058823529411 0.39705882352941174 0.7712418300653595 0.41421568627450983 0.7712418300653595 0.41911764705882354 0.7679738562091504 0.42892156862745096 0.7679738562091504 0.43137254901960786 0.7663398692810458 0.4338235294117647 0.7679738562091504 0.4583333333333333 0.7696078431372549 0.48284313725490197 0.7630718954248366 0.4852941176470588 0.7647058823529411 0.49019607843137253 0.7630718954248366 0.49264705882352944 0.7647058823529411 0.5122549019607843 0.7630718954248366 0.5220588235294118 0.7679738562091504 0.5245098039215687 0.7777777777777778 0.5343137254901961 0.7843137254901961 0.5392156862745098 0.7859477124183006 0.5906862745098039 0.7843137254901961 0.6078431372549019 0.7892156862745098 0.6151960784313726 0.7892156862745098 0.6299019607843137 0.795751633986928 0.6397058823529411 0.8022875816993464 0.6421568627450981 0.8071895424836601 0.6421568627450981 0.8137254901960784 0.6323529411764706 0.8349673202614379 0.6225490196078431 0.8398692810457516 0.6078431372549019 0.8415032679738562 0.5882352941176471 0.8529411764705882 0.5367647058823529 0.8627450980392157 0.5220588235294118 0.8627450980392157 0.5147058823529411 0.8660130718954249 0.5049019607843137 0.8660130718954249 0.5 0.869281045751634 0.46568627450980393 0.869281045751634 0.46078431372549017 0.8660130718954249 0.46078431372549017 0.8529411764705882 0.48284313725490197 0.8480392156862745 0.4852941176470588 0.8366013071895425 0.48284313725490197 0.8349673202614379 0.47549019607843135 0.8366013071895425 0.47549019607843135 0.8333333333333334 0.49019607843137253 0.826797385620915 0.4852941176470588 0.8235294117647058 0.48284313725490197 0.8251633986928104 0.47549019607843135 0.8235294117647058 0.45588235294117646 0.8251633986928104 0.44607843137254904 0.8300653594771242 0.4362745098039216 0.8300653594771242 0.4338235294117647 0.8284313725490197 0.42401960784313725 0.8349673202614379 0.4166666666666667 0.8349673202614379 0.41421568627450983 0.8316993464052288 0.4068627450980392 0.8398692810457516 0.39950980392156865 0.8316993464052288 0.39705882352941174 0.8333333333333334 0.39950980392156865 0.8415032679738562 0.3946078431372549 0.8447712418300654 0.3627450980392157 0.8447712418300654 0.35784313725490197 0.8415032679738562 0.35784313725490197 0.8300653594771242 0.3627450980392157 0.8316993464052288 0.36764705882352944 0.8251633986928104 0.37254901960784315 0.8284313725490197 0.38235294117647056 0.8218954248366013 0.38235294117647056 0.8169934640522876 0.36519607843137253 0.8022875816993464 0.35784313725490197 0.8055555555555556 0.35294117647058826 0.8006535947712419 0.34558823529411764 0.803921568627451 0.33088235294117646 0.8006535947712419 0.3284313725490196 0.7892156862745098 0.3333333333333333 0.7810457516339869 0.33088235294117646 0.7794117647058824 0.33088235294117646 0.7712418300653595 0.32598039215686275 0.7679738562091504 0.32598039215686275 0.7647058823529411 0.33578431372549017 0.7630718954248366 0.3382352941176471 0.7565359477124183
2 0.5833333333333334 0.5637254901960784 0.5931372549019608 0.5702614379084967 0.6004901960784313 0.5718954248366013 0.6004901960784313 0.576797385620915 0.5808823529411765 0.5800653594771242 0.5686274509803921 0.5849673202614379 0.5514705882352942 0.5882352941176471 0.5490196078431373 0.5866013071895425 0.5416666666666666 0.5882352941176471 0.5318627450980392 0.5866013071895425 0.5318627450980392 0.5833333333333334 0.5490196078431373 0.5784313725490197 0.553921568627451 0.5751633986928104 0.5441176470588235 0.5669934640522876 0.5490196078431373 0.5604575163398693 0.5514705882352942 0.5588235294117647 0.5686274509803921 0.5588235294117647 0.5808823529411765 0.5637254901960784
2 0.5490196078431373 0.5669934640522876 0.5686274509803921 0.5686274509803921 0.5735294117647058 0.5718954248366013 0.5735294117647058 0.576797385620915 0.5612745098039216 0.5784313725490197 0.5563725490196079 0.576797385620915 0.5563725490196079 0.5718954248366013 0.5514705882352942 0.5686274509803921 0.5490196078431373 0.5702614379084967 0.5490196078431373 0.5686274509803921
2 0.5049019607843137 0.5408496732026143 0.5171568627450981 0.545751633986928 0.5245098039215687 0.545751633986928 0.5294117647058824 0.5522875816993464 0.5269607843137255 0.553921568627451 0.5049019607843137 0.553921568627451 0.4877450980392157 0.5490196078431373 0.4852941176470588 0.545751633986928 0.4877450980392157 0.5424836601307189 0.49264705882352944 0.5424836601307189 0.49754901960784315 0.5392156862745098 0.5024509803921569 0.5408496732026143
2 0.5269607843137255 0.5490196078431373 0.5294117647058824 0.5522875816993464 0.5269607843137255 0.5555555555555556 0.5098039215686274 0.553921568627451 0.5122549019607843 0.5490196078431373 0.5245098039215687 0.5490196078431373
2 0.5502450980392157 0.5849673202614379 0.041666666666666664 0.00980392156862745
2 0.6102941176470589 0.8790849673202614 0.6225490196078431 0.8790849673202614 0.6299019607843137 0.8823529411764706 0.6348039215686274 0.8823529411764706 0.6446078431372549 0.8888888888888888 0.6691176470588235 0.8986928104575164 0.6764705882352942 0.9035947712418301 0.6911764705882353 0.9052287581699346 0.7132352941176471 0.9264705882352942 0.7132352941176471 0.9313725490196079 0.6666666666666666 0.9313725490196079 0.6593137254901961 0.9297385620915033 0.6495098039215687 0.923202614379085 0.6397058823529411 0.9248366013071896 0.6323529411764706 0.9183006535947712 0.6323529411764706 0.9133986928104575 0.6225490196078431 0.9003267973856209 0.6225490196078431 0.8921568627450981 0.6102941176470589 0.880718954248366
2 0.5073529411764706 0.5424836601307189 0.5269607843137255 0.545751633986928 0.5269607843137255 0.5522875816993464 0.5245098039215687 0.5522875816993464 0.5220588235294118 0.5506535947712419 0.5098039215686274 0.5506535947712419 0.5073529411764706 0.5441176470588235
2 0.47058823529411764 0.5294117647058824 0.4803921568627451 0.5294117647058824 0.4877450980392157 0.5343137254901961 0.4877450980392157 0.5375816993464052 0.4803921568627451 0.5408496732026143 0.4730392156862745 0.5392156862745098 0.47058823529411764 0.5310457516339869
2 0.5563725490196079 0.5800653594771242 0.5661764705882353 0.5833333333333334 0.5612745098039216 0.5833333333333334 0.553921568627451 0.5866013071895425 0.5318627450980392 0.5882352941176471 0.5294117647058824 0.5898692810457516 0.5343137254901961 0.5947712418300654 0.5245098039215687 0.5980392156862745 0.5049019607843137 0.5996732026143791 0.5 0.6045751633986928 0.49019607843137253 0.6062091503267973 0.46078431372549017 0.6062091503267973 0.4534313725490196 0.6111111111111112 0.4534313725490196 0.6160130718954249 0.44607843137254904 0.619281045751634 0.4264705882352941 0.619281045751634 0.42401960784313725 0.6176470588235294 0.3897058823529412 0.6143790849673203 0.3872549019607843 0.6127450980392157 0.3897058823529412 0.6045751633986928 0.37254901960784315 0.5996732026143791 0.34558823529411764 0.5996732026143791 0.3382352941176471 0.5964052287581699 0.3333333333333333 0.5980392156862745 0.3235294117647059 0.5964052287581699 0.31862745098039214 0.5980392156862745 0.3112745098039216 0.5964052287581699 0.3088235294117647 0.5980392156862745 0.29901960784313725 0.5980392156862745 0.2965686274509804 0.5964052287581699 0.27450980392156865 0.5947712418300654 0.2769607843137255 0.5931372549019608 0.2916666666666667 0.5915032679738562 0.30637254901960786 0.5866013071895425 0.3700980392156863 0.5849673202614379 0.3872549019607843 0.5882352941176471 0.4166666666666667 0.5898692810457516 0.42401960784313725 0.5947712418300654 0.42892156862745096 0.5947712418300654 0.4362745098039216 0.5980392156862745 0.4387254901960784 0.5964052287581699 0.4534313725490196 0.5964052287581699 0.47058823529411764 0.5915032679738562 0.5220588235294118 0.5915032679738562 0.5343137254901961 0.5833333333333334 0.553921568627451 0.5800653594771242
2 0.25 0.7679738562091504 0.25980392156862747 0.7745098039215687 0.2647058823529412 0.7745098039215687 0.26715686274509803 0.7810457516339869 0.27450980392156865 0.7826797385620915 0.2818627450980392 0.7810457516339869 0.2867647058823529 0.7843137254901961 0.29411764705882354 0.7810457516339869 0.29411764705882354 0.7875816993464052 0.2965686274509804 0.7892156862745098 0.2916666666666667 0.795751633986928 0.2965686274509804 0.8006535947712419 0.29411764705882354 0.8055555555555556 0.29411764705882354 0.815359477124183 0.2965686274509804 0.8169934640522876 0.29411764705882354 0.8202614379084967 0.29901960784313725 0.8235294117647058 0.29901960784313725 0.826797385620915 0.3014705882352941 0.8284313725490197 0.32107843137254904 0.8284313725490197 0.3235294117647059 0.8300653594771242 0.32598039215686275 0.8284313725490197 0.3284313725490196 0.8300653594771242 0.32598039215686275 0.8349673202614379 0.3333333333333333 0.8382352941176471 0.3431372549019608 0.8545751633986928 0.35294117647058826 0.8578431372549019 0.35049019607843135 0.8627450980392157 0.36764705882352944 0.8725490196078431 0.36764705882352944 0.8758169934640523 0.375 0.880718954248366 0.37745098039215685 0.8905228758169934 0.39215686274509803 0.8937908496732027 0.4019607843137255 0.8921568627450981 0.41421568627450983 0.9003267973856209 0.4117647058823529 0.9101307189542484 0.41421568627450983 0.9117647058823529 0.4166666666666667 0.9084967320261438 0.4215686274509804 0.9084967320261438 0.4215686274509804 0.9150326797385621 0.41911764705882354 0.9166666666666666 0.4215686274509804 0.9199346405228758 0.4215686274509804 0.9362745098039216 0.4264705882352941 0.9379084967320261 0.42401960784313725 0.9575163398692811 0.4387254901960784 0.9656862745098039 0.4362745098039216 0.9836601307189542 0.4534313725490196 0.9934640522875817 0.46078431372549017 0.9918300653594772 0.45588235294117646 0.9983660130718954 0.41911764705882354 0.9983660130718954 0.4166666666666667 0.9967320261437909 0.4117647058823529 0.9983660130718954 0.39705882352941174 0.9950980392156863 0.33088235294117646 0.9950980392156863 0.31862745098039214 0.9983660130718954 0.3112745098039216 0.9967320261437909 0.30637254901960786 0.9983660130718954 0.2916666666666667 0.9967320261437909 0.28921568627450983 0.9983660130718954 0.2818627450980392 0.9950980392156863 0.2769607843137255 0.9967320261437909 0.2622549019607843 0.9967320261437909 0.25980392156862747 0.9983660130718954 0.23039215686274508 0.9983660130718954 0.22794117647058823 0.9967320261437909 0.22058823529411764 0.9983660130718954 0.19607843137254902 0.9983660130718954 0.18872549019607843 0.9950980392156863 0.18382352941176472 0.9950980392156863 0.18137254901960784 0.9918300653594772 0.17892156862745098 0.9950980392156863 0.16911764705882354 0.9950980392156863 0.16666666666666666 0.9934640522875817 0.1642156862745098 0.9950980392156863 0.0784313725490196 0.9950980392156863 0.07107843137254902 0.9983660130718954 0.061274509803921566 0.9983660130718954 0.056372549019607844 0.9950980392156863 0.05392156862745098 0.9967320261437909 0.04411764705882353 0.9934640522875817 0.041666666666666664 0.9869281045751634 0.04656862745098039 0.9820261437908496 0.04656862745098039 0.9771241830065359 0.051470588235294115 0.9738562091503268 0.05392156862745098 0.9640522875816994 0.061274509803921566 0.9558823529411765 0.07352941176470588 0.9509803921568627 0.0857843137254902 0.9411764705882353 0.09313725490196079 0.9395424836601307 0.10049019607843138 0.9330065359477124 0.10049019607843138 0.9297385620915033 0.10784313725490197 0.9248366013071896 0.125 0.9150326797385621 0.1323529411764706 0.9150326797385621 0.13725490196078433 0.9117647058823529 0.14215686274509803 0.9052287581699346 0.14215686274509803 0.9003267973856209 0.18137254901960784 0.8741830065359477 0.18872549019607843 0.8545751633986928 0.19852941176470587 0.8513071895424836 0.20588235294117646 0.8513071895424836 0.2034313725490196 0.8545751633986928 0.20833333333333334 0.8578431372549019 0.2107843137254902 0.8562091503267973 0.21323529411764705 0.8415032679738562 0.2181372549019608 0.8366013071895425 0.2181372549019608 0.8284313725490197 0.22058823529411764 0.826797385620915 0.2181372549019608 0.8235294117647058 0.22303921568627452 0.8251633986928104 0.22794117647058823 0.8169934640522876 0.22549019607843138 0.8120915032679739 0.2181372549019608 0.8088235294117647 0.2181372549019608 0.7990196078431373 0.22794117647058823 0.7924836601307189 0.23039215686274508 0.7924836601307189 0.23284313725490197 0.7973856209150327 0.24019607843137256 0.7892156862745098 0.24019607843137256 0.7826797385620915 0.24754901960784315 0.7859477124183006 0.25735294117647056 0.7794117647058824 0.25735294117647056 0.7745098039215687 0.25 0.7696078431372549
2 0.5906862745098039 0.5702614379084967 0.6004901960784313 0.5735294117647058 0.6004901960784313 0.576797385620915 0.5955882352941176 0.5784313725490197 0.5784313725490197 0.5784313725490197 0.571078431372549 0.5751633986928104 0.5735294117647058 0.5718954248366013 0.5882352941176471 0.5702614379084967
2 0.44607843137254904 0.7728758169934641 0.4485294117647059 0.7745098039215687 0.45098039215686275 0.7728758169934641 0.4534313725490196 0.7745098039215687 0.4632352941176471 0.7728758169934641 0.47794117647058826 0.7761437908496732 0.4877450980392157 0.7745098039215687 0.5024509803921569 0.7843137254901961 0.5098039215686274 0.7990196078431373 0.5171568627450981 0.7973856209150327 0.5245098039215687 0.8022875816993464 0.5269607843137255 0.8006535947712419 0.5392156862745098 0.8006535947712419 0.5416666666666666 0.803921568627451 0.5490196078431373 0.8022875816993464 0.5514705882352942 0.803921568627451 0.5490196078431373 0.8055555555555556 0.5514705882352942 0.8104575163398693 0.5490196078431373 0.8120915032679739 0.5441176470588235 0.8071895424836601 0.5343137254901961 0.8055555555555556 0.5245098039215687 0.8137254901960784 0.5171568627450981 0.8120915032679739 0.49754901960784315 0.8251633986928104 0.49264705882352944 0.8333333333333334 0.4877450980392157 0.8300653594771242 0.47549019607843135 0.8349673202614379 0.47058823529411764 0.8316993464052288 0.4632352941176471 0.8349673202614379 0.4583333333333333 0.8316993464052288 0.45098039215686275 0.8349673202614379 0.4362745098039216 0.8333333333333334 0.4338235294117647 0.8382352941176471 0.41421568627450983 0.8513071895424836 0.4117647058823529 0.8464052287581699 0.4215686274509804 0.8415032679738562 0.4166666666666667 0.8333333333333334 0.4166666666666667 0.826797385620915 0.41421568627450983 0.8251633986928104 0.4117647058823529 0.8316993464052288 0.40931372549019607 0.8316993464052288 0.40931372549019607 0.826797385620915 0.4019607843137255 0.8218954248366013 0.39705882352941174 0.8218954248366013 0.3897058823529412 0.8251633986928104 0.3799019607843137 0.8137254901960784 0.38235294117647056 0.8120915032679739 0.3872549019607843 0.815359477124183 0.3897058823529412 0.8137254901960784 0.3872549019607843 0.8088235294117647 0.39215686274509803 0.8120915032679739 0.39705882352941174 0.8088235294117647 0.39705882352941174 0.8055555555555556 0.3897058823529412 0.7990196078431373 0.3872549019607843 0.7924836601307189 0.3946078431372549 0.7875816993464052 0.4019607843137255 0.7875816993464052 0.40441176470588236 0.7810457516339869 0.4068627450980392 0.7826797385620915 0.4117647058823529 0.7794117647058824 0.4166666666666667 0.7794117647058824 0.4068627450980392 0.7859477124183006 0.4068627450980392 0.7908496732026143 0.39705882352941174 0.8006535947712419 0.39705882352941174 0.8071895424836601 0.40441176470588236 0.8088235294117647 0.4068627450980392 0.8120915032679739 0.40931372549019607 0.8104575163398693 0.41421568627450983 0.8120915032679739 0.4166666666666667 0.815359477124183 0.4215686274509804 0.8120915032679739 0.43137254901960786 0.8104575163398693 0.4411764705882353 0.8120915032679739 0.44607843137254904 0.803921568627451 0.45098039215686275 0.803921568627451 0.4534313725490196 0.8088235294117647 0.45588235294117646 0.8104575163398693 0.4583333333333333 0.8088235294117647 0.46568627450980393 0.8137254901960784 0.4730392156862745 0.8104575163398693 0.4852941176470588 0.815359477124183 0.5024509803921569 0.8055555555555556 0.5024509803921569 0.795751633986928 0.49754901960784315 0.7859477124183006 0.4852941176470588 0.7843137254901961 0.4730392156862745 0.7794117647058824 0.4632352941176471 0.7794117647058824 0.45588235294117646 0.7761437908496732 0.44607843137254904 0.7761437908496732 0.44362745098039214 0.7745098039215687
2 0.45588235294117646 0.5163398692810458 0.46078431372549017 0.5196078431372549 0.4632352941176471 0.5261437908496732 0.44362745098039214 0.5212418300653595 0.44362745098039214 0.5179738562091504 0.4534313725490196 0.5163398692810458
2 0.5220588235294118 0.6225490196078431 0.5490196078431373 0.6290849673202614 0.553921568627451 0.6339869281045751 0.5318627450980392 0.6388888888888888 0.5245098039215687 0.6437908496732027 0.5171568627450981 0.6437908496732027 0.5098039215686274 0.6470588235294118 0.5098039215686274 0.6437908496732027 0.5024509803921569 0.6405228758169934 0.49264705882352944 0.6421568627450981 0.49019607843137253 0.6470588235294118 0.49754901960784315 0.6519607843137255 0.5073529411764706 0.6519607843137255 0.5049019607843137 0.6552287581699346 0.49264705882352944 0.6535947712418301 0.4877450980392157 0.6470588235294118 0.4632352941176471 0.6454248366013072 0.4534313725490196 0.6421568627450981 0.4730392156862745 0.6274509803921569 0.47794117647058826 0.6290849673202614 0.4950980392156863 0.6241830065359477 0.5196078431372549 0.6225490196078431
2 0.5294117647058824 0.5898692810457516 0.5367647058823529 0.5947712418300654 0.5147058823529411 0.5996732026143791 0.5049019607843137 0.5980392156862745 0.5049019607843137 0.5947712418300654 0.5098039215686274 0.5915032679738562 0.5269607843137255 0.5898692810457516
2 0.5196078431372549 0.7647058823529411 0.5220588235294118 0.7712418300653595 0.5294117647058824 0.7777777777777778 0.5294117647058824 0.7810457516339869 0.5367647058823529 0.7859477124183006 0.5612745098039216 0.7875816993464052 0.5637254901960784 0.7892156862745098 0.5808823529411765 0.7859477124183006 0.5955882352941176 0.7892156862745098 0.6078431372549019 0.7892156862745098 0.6200980392156863 0.795751633986928 0.6274509803921569 0.795751633986928 0.6397058823529411 0.803921568627451 0.6397058823529411 0.8169934640522876 0.6348039215686274 0.8235294117647058 0.6372549019607843 0.826797385620915 0.6348039215686274 0.8316993464052288 0.625 0.8382352941176471 0.6176470588235294 0.8415032679738562 0.6102941176470589 0.8415032679738562 0.5857843137254902 0.8562091503267973 0.5661764705882353 0.8594771241830066 0.5588235294117647 0.8643790849673203 0.5465686274509803 0.8643790849673203 0.5441176470588235 0.8660130718954249 0.5392156862745098 0.8643790849673203 0.5367647058823529 0.8660130718954249 0.5392156862745098 0.8725490196078431 0.5465686274509803 0.8758169934640523 0.5465686274509803 0.8905228758169934 0.5392156862745098 0.8970588235294118 0.5416666666666666 0.9035947712418301 0.5465686274509803 0.9068627450980392 0.5441176470588235 0.9166666666666666 0.5490196078431373 0.923202614379085 0.5490196078431373 0.934640522875817 0.5514705882352942 0.9362745098039216 0.5563725490196079 0.934640522875817 0.5588235294117647 0.946078431372549 0.5514705882352942 0.9428104575163399 0.5416666666666666 0.946078431372549 0.5245098039215687 0.9444444444444444 0.5171568627450981 0.9395424836601307 0.5 0.9395424836601307 0.49754901960784315 0.9411764705882353 0.49019607843137253 0.9362745098039216 0.4852941176470588 0.9379084967320261 0.48284313725490197 0.9330065359477124 0.47549019607843135 0.934640522875817 0.4632352941176471 0.9281045751633987 0.4583333333333333 0.9330065359477124 0.4583333333333333 0.9428104575163399 0.4534313725490196 0.9444444444444444 0.4485294117647059 0.9395424836601307 0.4485294117647059 0.9362745098039216 0.4583333333333333 0.934640522875817 0.45098039215686275 0.9264705882352942 0.4534313725490196 0.9215686274509803 0.4387254901960784 0.9150326797385621 0.4264705882352941 0.9052287581699346 0.41911764705882354 0.9084967320261438 0.41911764705882354 0.9003267973856209 0.4068627450980392 0.8937908496732027 0.4019607843137255 0.8970588235294118 0.39950980392156865 0.8921568627450981 0.39705882352941174 0.8970588235294118 0.39215686274509803 0.8986928104575164 0.3897058823529412 0.8970588235294118 0.3946078431372549 0.8937908496732027 0.39215686274509803 0.8921568627450981 0.39215686274509803 0.8856209150326797 0.38480392156862747 0.8839869281045751 0.37745098039215685 0.8790849673202614 0.37745098039215685 0.8725490196078431 0.37254901960784315 0.869281045751634 0.3553921568627451 0.869281045751634 0.3480392156862745 0.8594771241830066 0.3382352941176471 0.8578431372549019 0.3235294117647059 0.8480392156862745 0.3235294117647059 0.8431372549019608 0.3137254901960784 0.8415032679738562 0.3088235294117647 0.8382352941176471 0.3088235294117647 0.8349673202614379 0.30392156862745096 0.8300653594771242 0.30637254901960786 0.8235294117647058 0.2965686274509804 0.8169934640522876 0.29901960784313725 0.8120915032679739 0.30392156862745096 0.8137254901960784 0.3088235294117647 0.8104575163398693 0.31862745098039214 0.8104575163398693 0.32107843137254904 0.8120915032679739 0.32107843137254904 0.8202614379084967 0.3161764705882353 0.8235294117647058 0.32107843137254904 0.8251633986928104 0.3284313725490196 0.8202614379084967 0.33088235294117646 0.8169934640522876 0.3284313725490196 0.8120915032679739 0.3382352941176471 0.8055555555555556 0.33578431372549017 0.795751633986928 0.33088235294117646 0.7908496732026143 0.3333333333333333 0.7859477124183006 0.33088235294117646 0.7728758169934641 0.33578431372549017 0.7745098039215687 0.33578431372549017 0.7777777777777778 0.3431372549019608 0.7843137254901961 0.34068627450980393 0.7875816993464052 0.34068627450980393 0.7973856209150327 0.3480392156862745 0.8006535947712419 0.3553921568627451 0.7892156862745098 0.35049019607843135 0.7843137254901961 0.35049019607843135 0.7777777777777778 0.3553921568627451 0.7745098039215687 0.3602941176470588 0.7761437908496732 0.375 0.7745098039215687 0.38235294117647056 0.7679738562091504 0.39215686274509803 0.7696078431372549 0.4215686274509804 0.7679738562091504 0.4387254901960784 0.7630718954248366 0.4485294117647059 0.7679738562091504 0.45588235294117646 0.7679738562091504 0.47549019607843135 0.7647058823529411 0.48284313725490197 0.761437908496732 0.4877450980392157 0.7630718954248366 0.5122549019607843 0.761437908496732 0.5171568627450981 0.7647058823529411
2 0.40931372549019607 0.6764705882352942 0.41421568627450983 0.6781045751633987 0.44362745098039214 0.673202614379085 0.4852941176470588 0.673202614379085 0.4950980392156863 0.6764705882352942 0.5049019607843137 0.6764705882352942 0.5122549019607843 0.6797385620915033 0.5196078431372549 0.6797385620915033 0.5245098039215687 0.6813725490196079 0.5269607843137255 0.6862745098039216 0.5147058823529411 0.6862745098039216 0.47549019607843135 0.6928104575163399 0.4338235294117647 0.6944444444444444 0.41911764705882354 0.6977124183006536 0.39215686274509803 0.6977124183006536 0.3872549019607843 0.7026143790849673 0.3872549019607843 0.7075163398692811 0.38235294117647056 0.7140522875816994 0.375 0.7156862745098039 0.3431372549019608 0.7091503267973857 0.34068627450980393 0.7058823529411765 0.3431372549019608 0.7026143790849673 0.3553921568627451 0.6944444444444444 0.3602941176470588 0.6944444444444444 0.3799019607843137 0.6879084967320261 0.3872549019607843 0.6879084967320261 0.39950980392156865 0.6781045751633987 0.4068627450980392 0.6781045751633987
2 0.4583333333333333 0.5245098039215687 0.4730392156862745 0.5245098039215687 0.47794117647058826 0.5261437908496732 0.49019607843137253 0.5359477124183006 0.4803921568627451 0.5392156862745098 0.4730392156862745 0.5375816993464052 0.4583333333333333 0.5261437908496732
2 0.5196078431372549 0.8006535947712419 0.5220588235294118 0.8022875816993464 0.5318627450980392 0.8022875816993464 0.5367647058823529 0.8055555555555556 0.5318627450980392 0.8088235294117647 0.5318627450980392 0.8235294117647058 0.5245098039215687 0.8251633986928104 0.5269607843137255 0.8186274509803921 0.5245098039215687 0.8169934640522876 0.5220588235294118 0.8186274509803921 0.5122549019607843 0.8169934640522876 0.5049019607843137 0.8251633986928104 0.49754901960784315 0.8284313725490197 0.4950980392156863 0.8349673202614379 0.4877450980392157 0.8349673202614379 0.48284313725490197 0.8382352941176471 0.47549019607843135 0.8366013071895425 0.4632352941176471 0.8415032679738562 0.4583333333333333 0.8349673202614379 0.4411764705882353 0.8447712418300654 0.45588235294117646 0.8513071895424836 0.4632352941176471 0.8496732026143791 0.46568627450980393 0.8545751633986928 0.4681372549019608 0.8513071895424836 0.4730392156862745 0.8513071895424836 0.47549019607843135 0.869281045751634 0.4681372549019608 0.869281045751634 0.46568627450980393 0.8660130718954249 0.4632352941176471 0.8676470588235294 0.4583333333333333 0.8643790849673203 0.45588235294117646 0.8660130718954249 0.4485294117647059 0.8529411764705882 0.4411764705882353 0.8562091503267973 0.43137254901960786 0.8545751633986928 0.4264705882352941 0.8562091503267973 0.42401960784313725 0.8496732026143791 0.4166666666666667 0.8562091503267973 0.4215686274509804 0.8660130718954249 0.4166666666666667 0.8741830065359477 0.4068627450980392 0.8758169934640523 0.40441176470588236 0.8709150326797386 0.39950980392156865 0.869281045751634 0.39950980392156865 0.8660130718954249 0.4068627450980392 0.8594771241830066 0.40441176470588236 0.8529411764705882 0.3946078431372549 0.8545751633986928 0.39215686274509803 0.8594771241830066 0.3946078431372549 0.8676470588235294 0.3872549019607843 0.8643790849673203 0.3897058823529412 0.8594771241830066 0.3872549019607843 0.8545751633986928 0.37745098039215685 0.8611111111111112 0.3799019607843137 0.8594771241830066 0.37745098039215685 0.8562091503267973 0.3799019607843137 0.8496732026143791 0.37254901960784315 0.8480392156862745 0.3700980392156863 0.8447712418300654 0.37254901960784315 0.8431372549019608 0.375 0.8464052287581699 0.37745098039215685 0.8447712418300654 0.37254901960784315 0.8349673202614379 0.3799019607843137 0.826797385620915 0.3872549019607843 0.8235294117647058 0.38235294117647056 0.815359477124183 0.3897058823529412 0.8202614379084967 0.3946078431372549 0.8169934640522876 0.39950980392156865 0.8186274509803921 0.4117647058823529 0.8169934640522876 0.4215686274509804 0.8235294117647058 0.42892156862745096 0.8235294117647058 0.4362745098039216 0.8202614379084967 0.4387254901960784 0.8137254901960784 0.4411764705882353 0.8169934640522876 0.4485294117647059 0.8137254901960784 0.4534313725490196 0.8137254901960784 0.4583333333333333 0.815359477124183 0.4583333333333333 0.8202614379084967 0.46568627450980393 0.8218954248366013 0.4730392156862745 0.8169934640522876 0.48284313725490197 0.8186274509803921 0.5049019607843137 0.803921568627451 0.5147058823529411 0.803921568627451 0.5171568627450981 0.8022875816993464
2 0.33088235294117646 0.7630718954248366 0.3333333333333333 0.7647058823529411 0.34558823529411764 0.761437908496732 0.3602941176470588 0.7728758169934641 0.36519607843137253 0.7712418300653595 0.3627450980392157 0.7679738562091504 0.37254901960784315 0.7679738562091504 0.375 0.7663398692810458 0.38235294117647056 0.7663398692810458 0.39705882352941174 0.7712418300653595 0.4117647058823529 0.7712418300653595 0.4215686274509804 0.7679738562091504 0.4583333333333333 0.7696078431372549 0.47549019607843135 0.7647058823529411 0.4950980392156863 0.7647058823529411 0.49754901960784315 0.7663398692810458 0.5 0.7647058823529411 0.5049019607843137 0.7663398692810458 0.5147058823529411 0.7647058823529411 0.5196078431372549 0.7679738562091504 0.5196078431372549 0.7728758169934641 0.5245098039215687 0.7794117647058824 0.5416666666666666 0.7875816993464052 0.5857843137254902 0.7843137254901961 0.5882352941176471 0.7859477124183006 0.5980392156862745 0.7859477124183006 0.6053921568627451 0.7892156862745098 0.6127450980392157 0.7892156862745098 0.6299019607843137 0.795751633986928 0.6397058823529411 0.8022875816993464 0.6421568627450981 0.8071895424836601 0.6421568627450981 0.8137254901960784 0.6323529411764706 0.8349673202614379 0.6151960784313726 0.8415032679738562 0.6078431372549019 0.8415032679738562 0.5955882352941176 0.8496732026143791 0.5833333333333334 0.8545751633986928 0.5759803921568627 0.8545751633986928 0.5490196078431373 0.8611111111111112 0.5220588235294118 0.8627450980392157 0.5171568627450981 0.8660130718954249 0.5073529411764706 0.8660130718954249 0.5024509803921569 0.869281045751634 0.47549019607843135 0.869281045751634 0.4681372549019608 0.8709150326797386 0.4583333333333333 0.8676470588235294 0.46078431372549017 0.8578431372549019 0.45588235294117646 0.8545751633986928 0.4632352941176471 0.8496732026143791 0.4730392156862745 0.8480392156862745 0.46568627450980393 0.8447712418300654 0.4632352941176471 0.8349673202614379 0.4583333333333333 0.8316993464052288 0.4485294117647059 0.8349673202614379 0.4411764705882353 0.8333333333333334 0.4338235294117647 0.8366013071895425 0.4338235294117647 0.8513071895424836 0.42401960784313725 0.8447712418300654 0.4215686274509804 0.8398692810457516 0.4166666666666667 0.8415032679738562 0.41911764705882354 0.8480392156862745 0.4166666666666667 0.8627450980392157 0.41911764705882354 0.8660130718954249 0.4166666666666667 0.8676470588235294 0.41421568627450983 0.8611111111111112 0.40931372549019607 0.8643790849673203 0.4117647058823529 0.869281045751634 0.4068627450980392 0.869281045751634 0.40441176470588236 0.8627450980392157 0.40931372549019607 0.8578431372549019 0.40441176470588236 0.8464052287581699 0.3799019607843137 0.8464052287581699 0.37745098039215685 0.8480392156862745 0.3602941176470588 0.8464052287581699 0.34558823529411764 0.8333333333333334 0.3382352941176471 0.8316993464052288 0.33088235294117646 0.8333333333333334 0.3284313725490196 0.8316993464052288 0.3382352941176471 0.8218954248366013 0.34068627450980393 0.8251633986928104 0.3553921568627451 0.8186274509803921 0.35294117647058826 0.8022875816993464 0.35049019607843135 0.8006535947712419 0.3480392156862745 0.8055555555555556 0.34068627450980393 0.8055555555555556 0.33088235294117646 0.8006535947712419 0.3284313725490196 0.7892156862745098 0.3333333333333333 0.7826797385620915 0.3284313725490196 0.7794117647058824 0.32107843137254904 0.7843137254901961 0.32107843137254904 0.7973856209150327 0.31862745098039214 0.7990196078431373 0.3088235294117647 0.7990196078431373 0.3088235294117647 0.7843137254901961 0.3161764705882353 0.7794117647058824 0.3137254901960784 0.7728758169934641 0.3161764705882353 0.7761437908496732 0.31862745098039214 0.7728758169934641 0.32598039215686275 0.7794117647058824 0.33088235294117646 0.7745098039215687 0.3284313725490196 0.7647058823529411
2 0.35049019607843135 0.696078431372549 0.36764705882352944 0.6911764705882353 0.3799019607843137 0.6911764705882353 0.3872549019607843 0.6993464052287581 0.3872549019607843 0.7058823529411765 0.38235294117647056 0.7140522875816994 0.37254901960784315 0.7173202614379085 0.3480392156862745 0.7091503267973857 0.3431372549019608 0.7091503267973857 0.3431372549019608 0.7026143790849673 0.35049019607843135 0.6977124183006536
2 0.5245098039215687 0.6241830065359477 0.5318627450980392 0.6274509803921569 0.5441176470588235 0.6290849673202614 0.5465686274509803 0.6339869281045751 0.5269607843137255 0.6388888888888888 0.49019607843137253 0.6388888888888888 0.4877450980392157 0.6437908496732027 0.4950980392156863 0.6519607843137255 0.49754901960784315 0.6535947712418301 0.5073529411764706 0.6535947712418301 0.4950980392156863 0.6535947712418301 0.4730392156862745 0.6633986928104575 0.4387254901960784 0.6617647058823529 0.42892156862745096 0.6584967320261438 0.4215686274509804 0.6584967320261438 0.4117647058823529 0.6535947712418301 0.4117647058823529 0.6503267973856209 0.44362745098039214 0.6388888888888888 0.46078431372549017 0.6405228758169934 0.4730392156862745 0.630718954248366 0.4877450980392157 0.6290849673202614 0.49264705882352944 0.6258169934640523 0.5220588235294118 0.6241830065359477
2 0.49264705882352944 0.5947712418300654 0.4950980392156863 0.5964052287581699 0.5049019607843137 0.5947712418300654 0.5073529411764706 0.5980392156862745 0.5024509803921569 0.5996732026143791 0.5 0.6045751633986928 0.49019607843137253 0.6045751633986928 0.4877450980392157 0.6062091503267973 0.46568627450980393 0.6062091503267973 0.4534313725490196 0.5980392156862745 0.47058823529411764 0.5931372549019608 0.49019607843137253 0.5947712418300654
2 0.44607843137254904 0.5179738562091504 0.4583333333333333 0.5196078431372549 0.4730392156862745 0.5261437908496732 0.47549019607843135 0.5294117647058824 0.4681372549019608 0.5326797385620915 0.4534313725490196 0.5261437908496732 0.44607843137254904 0.5196078431372549
2 0.4534313725490196 0.7728758169934641 0.47794117647058826 0.7777777777777778 0.5 0.7875816993464052 0.5122549019607843 0.7990196078431373 0.5073529411764706 0.8055555555555556 0.48284313725490197 0.8202614379084967 0.4534313725490196 0.8251633986928104 0.44607843137254904 0.8235294117647058 0.42401960784313725 0.8251633986928104 0.41911764705882354 0.8218954248366013 0.4068627450980392 0.8186274509803921 0.39215686274509803 0.8186274509803921 0.3897058823529412 0.8202614379084967 0.3700980392156863 0.8006535947712419 0.3700980392156863 0.7908496732026143 0.375 0.7810457516339869 0.38235294117647056 0.7810457516339869 0.3897058823529412 0.7777777777777778 0.39950980392156865 0.7777777777777778 0.40441176470588236 0.7745098039215687 0.40931372549019607 0.7745098039215687 0.4166666666666667 0.7712418300653595 0.45098039215686275 0.7728758169934641
2 0.43137254901960786 0.7647058823529411 0.4338235294117647 0.7663398692810458 0.4387254901960784 0.7647058823529411 0.4411764705882353 0.7679738562091504 0.44362745098039214 0.7663398692810458 0.4485294117647059 0.7696078431372549 0.4583333333333333 0.7696078431372549 0.46078431372549017 0.7679738562091504 0.4950980392156863 0.7679738562091504 0.49754901960784315 0.7696078431372549 0.5024509803921569 0.7679738562091504 0.5098039215686274 0.7728758169934641 0.5147058823529411 0.7728758169934641 0.5318627450980392 0.7875816993464052 0.5931372549019608 0.7859477124183006 0.6004901960784313 0.7892156862745098 0.6127450980392157 0.7892156862745098 0.6348039215686274 0.7990196078431373 0.6421568627450981 0.8088235294117647 0.6323529411764706 0.8349673202614379 0.6176470588235294 0.8415032679738562 0.6102941176470589 0.8415032679738562 0.6029411764705882 0.8447712418300654 0.5857843137254902 0.8562091503267973 0.571078431372549 0.8594771241830066 0.5612745098039216 0.8594771241830066 0.553921568627451 0.8627450980392157 0.5392156862745098 0.8627450980392157 0.5294117647058824 0.8709150326797386 0.5367647058823529 0.8758169934640523 0.5343137254901961 0.880718954248366 0.5196078431372549 0.8790849673202614 0.5171568627450981 0.8839869281045751 0.5147058823529411 0.8823529411764706 0.5171568627450981 0.8790849673202614 0.5098039215686274 0.8758169934640523 0.5049019607843137 0.880718954248366 0.5049019607843137 0.8839869281045751 0.5024509803921569 0.8774509803921569 0.49754901960784315 0.8758169934640523 0.49264705882352944 0.8790849673202614 0.4950980392156863 0.8823529411764706 0.4877450980392157 0.8856209150326797 0.4877450980392157 0.8970588235294118 0.4852941176470588 0.8986928104575164 0.4877450980392157 0.9052287581699346 0.4950980392156863 0.9101307189542484 0.5024509803921569 0.9084967320261438 0.5073529411764706 0.9133986928104575 0.5196078431372549 0.9150326797385621 0.5343137254901961 0.9248366013071896 0.5367647058823529 0.923202614379085 0.5416666666666666 0.9248366013071896 0.5392156862745098 0.9264705882352942 0.5416666666666666 0.9313725490196079 0.5392156862745098 0.9297385620915033 0.5294117647058824 0.9330065359477124 0.5343137254901961 0.9379084967320261 0.5416666666666666 0.9362745098039216 0.5416666666666666 0.9428104575163399 0.5392156862745098 0.9444444444444444 0.5294117647058824 0.9395424836601307 0.5196078431372549 0.9395424836601307 0.5098039215686274 0.9362745098039216 0.5 0.9362745098039216 0.49264705882352944 0.9330065359477124 0.47549019607843135 0.9313725490196079 0.4681372549019608 0.9248366013071896 0.4583333333333333 0.9248366013071896 0.4583333333333333 0.9215686274509803 0.45098039215686275 0.9166666666666666 0.4411764705882353 0.9150326797385621 0.42892156862745096 0.9035947712418301 0.42401960784313725 0.9019607843137255 0.4215686274509804 0.9035947712418301 0.4215686274509804 0.9003267973856209 0.4117647058823529 0.8970588235294118 0.40931372549019607 0.8905228758169934 0.4019607843137255 0.8921568627450981 0.39705882352941174 0.8888888888888888 0.39215686274509803 0.8839869281045751 0.39215686274509803 0.8790849673202614 0.37745098039215685 0.869281045751634 0.37745098039215685 0.8643790849673203 0.37254901960784315 0.8627450980392157 0.37745098039215685 0.8594771241830066 0.37745098039215685 0.8513071895424836 0.375 0.8496732026143791 0.36519607843137253 0.8496732026143791 0.35784313725490197 0.8545751633986928 0.3602941176470588 0.8513071895424836 0.3553921568627451 0.8480392156862745 0.3480392156862745 0.8496732026143791 0.3431372549019608 0.8464052287581699 0.34068627450980393 0.8480392156862745 0.34068627450980393 0.8545751633986928 0.33578431372549017 0.8578431372549019 0.31862745098039214 0.8480392156862745 0.31862745098039214 0.8447712418300654 0.3112745098039216 0.8398692810457516 0.3235294117647059 0.8333333333333334 0.32598039215686275 0.8251633986928104 0.33578431372549017 0.8202614379084967 0.33578431372549017 0.8169934640522876 0.33088235294117646 0.8137254901960784 0.34068627450980393 0.803921568627451 0.33578431372549017 0.8006535947712419 0.33088235294117646 0.8006535947712419 0.33088235294117646 0.7941176470588235 0.3333333333333333 0.7924836601307189 0.33088235294117646 0.7892156862745098 0.3382352941176471 0.7908496732026143 0.34068627450980393 0.7892156862745098 0.3382352941176471 0.7908496732026143 0.3382352941176471 0.7973856209150327 0.3431372549019608 0.8022875816993464 0.3382352941176471 0.8071895424836601 0.3382352941176471 0.815359477124183 0.33578431372549017 0.8169934640522876 0.3382352941176471 0.8186274509803921 0.3382352941176471 0.826797385620915 0.3431372549019608 0.8300653594771242 0.3382352941176471 0.8382352941176471 0.34558823529411764 0.8447712418300654 0.35049019607843135 0.8447712418300654 0.35784313725490197 0.8316993464052288 0.3799019607843137 0.8202614379084967 0.375 0.8104575163398693 0.36519607843137253 0.803921568627451 0.3602941176470588 0.8071895424836601 0.3602941176470588 0.8169934640522876 0.35784313725490197 0.8202614379084967 0.35784313725490197 0.8088235294117647 0.35294117647058826 0.7990196078431373 0.35784313725490197 0.7908496732026143 0.35784313725490197 0.7826797385620915 0.36519607843137253 0.7810457516339869 0.36519607843137253 0.7777777777777778 0.3700980392156863 0.7761437908496732 0.3700980392156863 0.7712418300653595 0.37254901960784315 0.7728758169934641 0.375 0.7679738562091504 0.3799019607843137 0.7696078431372549 0.3872549019607843 0.7663398692810458 0.3897058823529412 0.7696078431372549 0.40931372549019607 0.7712418300653595 0.43137254901960786 0.7663398692810458
2 0.5392156862745098 0.6274509803921569 0.5465686274509803 0.630718954248366 0.5465686274509803 0.6339869281045751 0.5392156862745098 0.6372549019607843 0.4950980392156863 0.6388888888888888 0.4877450980392157 0.6421568627450981 0.49019607843137253 0.6470588235294118 0.49754901960784315 0.6519607843137255 0.5147058823529411 0.6535947712418301 0.4877450980392157 0.6552287581699346 0.4730392156862745 0.6617647058823529 0.44362745098039214 0.6617647058823529 0.4338235294117647 0.6584967320261438 0.4166666666666667 0.6568627450980392 0.4117647058823529 0.6519607843137255 0.41911764705882354 0.6470588235294118 0.42892156862745096 0.6454248366013072 0.44362745098039214 0.6388888888888888 0.4583333333333333 0.6405228758169934 0.4730392156862745 0.6290849673202614 0.48284313725490197 0.6290849673202614 0.5073529411764706 0.6225490196078431 0.5196078431372549 0.6225490196078431 0.5367647058823529 0.6274509803921569
2 0.4877450980392157 0.5408496732026143 0.5049019607843137 0.5392156862745098 0.5122549019607843 0.5441176470588235 0.5245098039215687 0.545751633986928 0.5269607843137255 0.5490196078431373 0.5269607843137255 0.5522875816993464 0.5122549019607843 0.5522875816993464 0.5073529411764706 0.553921568627451 0.4950980392156863 0.5506535947712419 0.4877450980392157 0.545751633986928 0.4877450980392157 0.5424836601307189
2 0.4950980392156863 0.7679738562091504 0.49754901960784315 0.7696078431372549 0.5049019607843137 0.7679738562091504 0.5318627450980392 0.7843137254901961 0.5441176470588235 0.7875816993464052 0.5588235294117647 0.7843137254901961 0.5882352941176471 0.7843137254901961 0.6078431372549019 0.7892156862745098 0.6151960784313726 0.7892156862745098 0.6274509803921569 0.7941176470588235 0.6397058823529411 0.8022875816993464 0.6446078431372549 0.8104575163398693 0.6372549019607843 0.8218954248366013 0.6348039215686274 0.8333333333333334 0.6225490196078431 0.8398692810457516 0.6102941176470589 0.8415032679738562 0.5833333333333334 0.8562091503267973 0.5735294117647058 0.8562091503267973 0.5637254901960784 0.8594771241830066 0.5196078431372549 0.8643790849673203 0.5024509803921569 0.869281045751634 0.4877450980392157 0.869281045751634 0.4852941176470588 0.8709150326797386 0.4803921568627451 0.869281045751634 0.4730392156862745 0.8709150326797386 0.4583333333333333 0.869281045751634 0.45588235294117646 0.8660130718954249 0.46078431372549017 0.8627450980392157 0.4583333333333333 0.8529411764705882 0.46568627450980393 0.8464052287581699 0.4632352941176471 0.8382352941176471 0.4583333333333333 0.8349673202614379 0.4485294117647059 0.8366013071895425 0.4411764705882353 0.8349673202614379 0.4338235294117647 0.8398692810457516 0.4387254901960784 0.8627450980392157 0.4338235294117647 0.8643790849673203 0.4264705882352941 0.8594771241830066 0.4264705882352941 0.8529411764705882 0.4215686274509804 0.8513071895424836 0.4166666666666667 0.8545751633986928 0.4166666666666667 0.8627450980392157 0.41911764705882354 0.8643790849673203 0.4166666666666667 0.869281045751634 0.4068627450980392 0.869281045751634 0.40441176470588236 0.8643790849673203 0.40931372549019607 0.8545751633986928 0.39950980392156865 0.8480392156862745 0.3897058823529412 0.8480392156862745 0.3872549019607843 0.8464052287581699 0.38235294117647056 0.8480392156862745 0.3799019607843137 0.8464052287581699 0.3602941176470588 0.8447712418300654 0.35784313725490197 0.8366013071895425 0.38235294117647056 0.8202614379084967 0.36764705882352944 0.8022875816993464 0.36764705882352944 0.7859477124183006 0.38235294117647056 0.7728758169934641 0.3872549019607843 0.7712418300653595 0.39215686274509803 0.7728758169934641 0.4068627450980392 0.7728758169934641 0.4215686274509804 0.7696078431372549 0.4534313725490196 0.7696078431372549 0.4583333333333333 0.7712418300653595 0.47058823529411764 0.7679738562091504 0.49264705882352944 0.7679738562091504
2 0.44607843137254904 0.5212418300653595 0.45588235294117646 0.5196078431372549 0.46078431372549017 0.5228758169934641 0.48284313725490197 0.5294117647058824 0.5098039215686274 0.5424836601307189 0.5245098039215687 0.545751633986928 0.5294117647058824 0.5522875816993464 0.5220588235294118 0.5555555555555556 0.5196078431372549 0.553921568627451 0.49754901960784315 0.5522875816993464 0.4730392156862745 0.5392156862745098 0.4485294117647059 0.5228758169934641
2 0.5245098039215687 0.6241830065359477 0.5465686274509803 0.6290849673202614 0.5490196078431373 0.6323529411764706 0.5441176470588235 0.6356209150326797 0.5392156862745098 0.6372549019607843 0.49019607843137253 0.6372549019607843 0.4877450980392157 0.6388888888888888 0.48284313725490197 0.6388888888888888 0.4803921568627451 0.6339869281045751 0.4852941176470588 0.6290849673202614 0.5049019607843137 0.6241830065359477 0.5220588235294118 0.6241830065359477
2 0.49754901960784315 0.5392156862745098 0.5122549019607843 0.545751633986928 0.5220588235294118 0.545751633986928 0.5269607843137255 0.5490196078431373 0.5269607843137255 0.5522875816993464 0.5196078431372549 0.553921568627451 0.4950980392156863 0.5522875816993464 0.4877450980392157 0.545751633986928 0.4877450980392157 0.5424836601307189 0.4950980392156863 0.5408496732026143
2 0.5857843137254902 0.5669934640522876 0.5882352941176471 0.5669934640522876 0.5857843137254902 0.5702614379084967 0.571078431372549 0.5702614379084967 0.5686274509803921 0.5718954248366013 0.5490196078431373 0.5686274509803921 0.5465686274509803 0.5669934640522876 0.5490196078431373 0.5637254901960784 0.5808823529411765 0.5637254901960784 0.5833333333333334 0.565359477124183
2 0.3799019607843137 0.5849673202614379 0.38235294117647056 0.5866013071895425 0.39950980392156865 0.5866013071895425 0.4166666666666667 0.5898692810457516 0.4215686274509804 0.5947712418300654 0.4264705882352941 0.5947712418300654 0.4362745098039216 0.6013071895424836 0.4411764705882353 0.5980392156862745 0.4534313725490196 0.5980392156862745 0.4583333333333333 0.5947712418300654 0.47794117647058826 0.5915032679738562 0.48284313725490197 0.5931372549019608 0.5318627450980392 0.5915032679738562 0.5318627450980392 0.5947712418300654 0.5220588235294118 0.5980392156862745 0.5098039215686274 0.5980392156862745 0.5 0.6045751633986928 0.49264705882352944 0.6062091503267973 0.47549019607843135 0.6062091503267973 0.4730392156862745 0.6078431372549019 0.46078431372549017 0.6062091503267973 0.4583333333333333 0.6078431372549019 0.4534313725490196 0.6045751633986928 0.4485294117647059 0.6078431372549019 0.45588235294117646 0.6160130718954249 0.45098039215686275 0.619281045751634 0.4411764705882353 0.6209150326797386 0.4387254901960784 0.619281045751634 0.4068627450980392 0.6176470588235294 0.39705882352941174 0.6143790849673203 0.3897058823529412 0.6143790849673203 0.3946078431372549 0.6062091503267973 0.38480392156862747 0.6013071895424836 0.34068627450980393 0.5980392156862745 0.3382352941176471 0.5964052287581699 0.3014705882352941 0.5964052287581699 0.2916666666666667 0.5931372549019608 0.28921568627450983 0.5947712418300654 0.2916666666666667 0.5915032679738562 0.30392156862745096 0.5866013071895425 0.3553921568627451 0.5849673202614379 0.35784313725490197 0.5833333333333334 0.3627450980392157 0.5849673202614379 0.37745098039215685 0.5849673202614379
2 0.42401960784313725 0.5931372549019608 0.43137254901960786 0.5964052287581699 0.45588235294117646 0.5964052287581699 0.4681372549019608 0.5931372549019608 0.5269607843137255 0.5931372549019608 0.5294117647058824 0.5947712418300654 0.5220588235294118 0.5980392156862745 0.5073529411764706 0.5980392156862745 0.49754901960784315 0.6045751633986928 0.46078431372549017 0.6078431372549019 0.45588235294117646 0.6111111111111112 0.45588235294117646 0.6160130718954249 0.45098039215686275 0.619281045751634 0.42401960784313725 0.619281045751634 0.4215686274509804 0.6176470588235294 0.3872549019607843 0.6160130718954249 0.38480392156862747 0.6143790849673203 0.38480392156862747 0.6062091503267973 0.3799019607843137 0.6029411764705882 0.36519607843137253 0.5996732026143791 0.35784313725490197 0.6013071895424836 0.3431372549019608 0.5980392156862745 0.3137254901960784 0.5980392156862745 0.3112745098039216 0.5964052287581699 0.3088235294117647 0.5980392156862745 0.29901960784313725 0.5980392156862745 0.2965686274509804 0.5964052287581699 0.27450980392156865 0.5947712418300654 0.30637254901960786 0.5866013071895425 0.34068627450980393 0.5866013071895425 0.3431372549019608 0.5849673202614379 0.3700980392156863 0.5849673202614379 0.3897058823529412 0.5882352941176471 0.40931372549019607 0.5882352941176471 0.4215686274509804 0.5931372549019608
2 0.47181372549019607 0.5285947712418301 0.022058823529411766 0.011437908496732025
2 0.35784313725490197 0.8921568627450981 0.38480392156862747 0.9003267973856209 0.4068627450980392 0.9166666666666666 0.4166666666666667 0.9313725490196079 0.41911764705882354 0.9575163398692811 0.43137254901960786 0.9820261437908496 0.45098039215686275 0.9934640522875817 0.4534313725490196 0.9983660130718954 0.4215686274509804 0.9983660130718954 0.4166666666666667 0.9950980392156863 0.41421568627450983 0.9967320261437909 0.40931372549019607 0.9950980392156863 0.39950980392156865 0.9967320261437909 0.39705882352941174 0.9950980392156863 0.32107843137254904 0.9950980392156863 0.31862745098039214 0.9967320261437909 0.3014705882352941 0.9967320261437909 0.29901960784313725 0.9950980392156863 0.22794117647058823 0.9967320261437909 0.22058823529411764 0.9950980392156863 0.21568627450980393 0.9983660130718954 0.19852941176470587 0.9983660130718954 0.18627450980392157 0.9934640522875817 0.18627450980392157 0.9901960784313726 0.1642156862745098 0.9754901960784313 0.1568627450980392 0.9640522875816994 0.15931372549019607 0.946078431372549 0.17647058823529413 0.9330065359477124 0.22549019607843138 0.9052287581699346 0.23529411764705882 0.9019607843137255 0.24509803921568626 0.9019607843137255 0.2622549019607843 0.8970588235294118 0.27450980392156865 0.8970588235294118 0.2769607843137255 0.8954248366013072 0.2965686274509804 0.8970588235294118 0.3112745098039216 0.8937908496732027 0.34558823529411764 0.8937908496732027 0.3480392156862745 0.8954248366013072 0.3553921568627451 0.8937908496732027
2 0.5931372549019608 0.5702614379084967 0.6004901960784313 0.5735294117647058 0.5955882352941176 0.5784313725490197 0.5686274509803921 0.5784313725490197 0.5588235294117647 0.5718954248366013 0.5612745098039216 0.5686274509803921 0.5882352941176471 0.5686274509803921 0.5906862745098039 0.5702614379084967
2 0.49019607843137253 0.6748366013071896 0.5 0.6781045751633987 0.5073529411764706 0.6781045751633987 0.5147058823529411 0.6813725490196079 0.5220588235294118 0.6813725490196079 0.5245098039215687 0.684640522875817 0.5220588235294118 0.6862745098039216 0.5147058823529411 0.684640522875817 0.5 0.6895424836601307 0.47794117647058826 0.6911764705882353 0.47549019607843135 0.6928104575163399 0.45098039215686275 0.6928104575163399 0.4485294117647059 0.6944444444444444 0.4338235294117647 0.6944444444444444 0.41421568627450983 0.6977124183006536 0.39215686274509803 0.6977124183006536 0.3872549019607843 0.7009803921568627 0.38480392156862747 0.7107843137254902 0.37745098039215685 0.7156862745098039 0.35049019607843135 0.7107843137254902 0.3431372549019608 0.7075163398692811 0.3431372549019608 0.704248366013072 0.35294117647058826 0.696078431372549 0.38235294117647056 0.6879084967320261 0.3946078431372549 0.6879084967320261 0.40931372549019607 0.6797385620915033 0.42892156862745096 0.6781045751633987 0.4485294117647059 0.673202614379085 0.4877450980392157 0.6748366013071896
2 0.4485294117647059 0.5196078431372549 0.4632352941176471 0.5212418300653595 0.48284313725490197 0.5310457516339869 0.4803921568627451 0.5343137254901961 0.4730392156862745 0.5343137254901961 0.4632352941176471 0.5310457516339869 0.4485294117647059 0.5212418300653595