2 0.5032679738562091 0.7156862745098039 0.5179738562091504 0.7254901960784313 0.5179738562091504 0.7401960784313726 0.5212418300653595 0.7450980392156863 0.5212418300653595 0.7549019607843137 0.5163398692810458 0.7622549019607843 0.5098039215686274 0.7647058823529411 0.5 0.7647058823529411 0.4918300653594771 0.7598039215686274 0.48856209150326796 0.7549019607843137 0.48856209150326796 0.7450980392156863 0.48366013071895425 0.7377450980392157 0.47875816993464054 0.7352941176470589 0.477124183006536 0.7303921568627451 0.477124183006536 0.7230392156862745 0.48366013071895425 0.7156862745098039 0.5016339869281046 0.7156862745098039
2 0.24836601307189543 0.4534313725490196 0.2565359477124183 0.46078431372549017 0.2565359477124183 0.46568627450980393 0.25326797385620914 0.4681372549019608 0.24019607843137256 0.46568627450980393 0.23366013071895425 0.46078431372549017 0.23366013071895425 0.45588235294117646 0.24673202614379086 0.4534313725490196
2 0.3022875816993464 0.37745098039215685 0.3055555555555556 0.37254901960784315 0.31209150326797386 0.3700980392156863 0.3235294117647059 0.3700980392156863 0.32189542483660133 0.3799019607843137 0.315359477124183 0.3799019607843137 0.3137254901960784 0.38235294117647056 0.30392156862745096 0.3799019607843137
2 0.38235294117647056 0.6078431372549019 0.39052287581699346 0.6200980392156863 0.39052287581699346 0.6348039215686274 0.3839869281045752 0.6421568627450981 0.3709150326797386 0.6421568627450981 0.36764705882352944 0.6397058823529411 0.3627450980392157 0.625 0.35784313725490197 0.6176470588235294 0.35947712418300654 0.6127450980392157 0.3660130718954248 0.6078431372549019 0.380718954248366 0.6078431372549019
2 0.5261437908496732 0.31862745098039214 0.5326797385620915 0.3235294117647059 0.5294117647058824 0.3284313725490196 0.511437908496732 0.3284313725490196 0.5081699346405228 0.32598039215686275 0.5130718954248366 0.31862745098039214 0.5245098039215687 0.31862745098039214
2 0.25163398692810457 0.5147058823529411 0.25326797385620914 0.5171568627450981 0.25980392156862747 0.5171568627450981 0.26143790849673204 0.5220588235294118 0.2581699346405229 0.5294117647058824 0.24509803921568626 0.5294117647058824 0.23366013071895425 0.5220588235294118 0.23529411764705882 0.5147058823529411 0.24183006535947713 0.5147058823529411 0.2434640522875817 0.5122549019607843 0.25 0.5147058823529411
2 0.28594771241830064 0.39215686274509803 0.2957516339869281 0.3872549019607843 0.3104575163398693 0.3872549019607843 0.3055555555555556 0.3946078431372549 0.29901960784313725 0.3946078431372549 0.2973856209150327 0.39705882352941174 0.28594771241830064 0.39705882352941174 0.28594771241830064 0.3946078431372549
2 0.38235294117647056 0.35049019607843135 0.39052287581699346 0.34558823529411764 0.40522875816993464 0.34558823529411764 0.4035947712418301 0.35049019607843135 0.39705882352941174 0.35049019607843135 0.3888888888888889 0.3553921568627451 0.38235294117647056 0.35294117647058826
2 0.3202614379084967 0.5784313725490197 0.32516339869281047 0.5857843137254902 0.3333333333333333 0.5882352941176471 0.3382352941176471 0.5931372549019608 0.3349673202614379 0.5980392156862745 0.3284313725490196 0.5980392156862745 0.32679738562091504 0.6004901960784313 0.3202614379084967 0.6004901960784313 0.3137254901960784 0.5955882352941176 0.3022875816993464 0.5955882352941176 0.2957516339869281 0.5906862745098039 0.29411764705882354 0.5857843137254902 0.2957516339869281 0.5808823529411765 0.3006535947712418 0.5784313725490197 0.31862745098039214 0.5784313725490197
2 0.4852941176470588 0.32598039215686275 0.49019607843137253 0.3284313725490196 0.49019607843137253 0.3333333333333333 0.4673202614379085 0.3333333333333333 0.4722222222222222 0.32598039215686275 0.48366013071895425 0.32598039215686275
2 0.2777777777777778 0.42401960784313725 0.2826797385620915 0.43137254901960786 0.27124183006535946 0.4411764705882353 0.26143790849673204 0.4411764705882353 0.26143790849673204 0.43137254901960786 0.2679738562091503 0.4264705882352941 0.2761437908496732 0.4264705882352941
2 0.5506535947712419 0.8651960784313726 0.5571895424836601 0.8700980392156863 0.5571895424836601 0.8872549019607843 0.553921568627451 0.8970588235294118 0.5359477124183006 0.9215686274509803 0.5343137254901961 0.9313725490196079 0.5294117647058824 0.9387254901960784 0.5212418300653595 0.946078431372549 0.5098039215686274 0.9509803921568627 0.5 0.9509803921568627 0.4950980392156863 0.946078431372549 0.4918300653594771 0.946078431372549 0.48366013071895425 0.9338235294117647 0.4673202614379085 0.9240196078431373 0.4673202614379085 0.9166666666666666 0.4852941176470588 0.8995098039215687 0.5 0.8946078431372549 0.5147058823529411 0.8725490196078431 0.5212418300653595 0.8676470588235294 0.5277777777777778 0.8651960784313726 0.5490196078431373 0.8651960784313726
2 0.4542483660130719 0.3382352941176471 0.4591503267973856 0.3431372549019608 0.4526143790849673 0.3480392156862745 0.43137254901960786 0.34558823529411764 0.43137254901960786 0.34068627450980393 0.43790849673202614 0.3382352941176471 0.4526143790849673 0.3382352941176471
2 0.28594771241830064 0.5367647058823529 0.2908496732026144 0.5392156862745098 0.2957516339869281 0.5490196078431373 0.2957516339869281 0.5588235294117647 0.2908496732026144 0.5637254901960784 0.27941176470588236 0.5637254901960784 0.27450980392156865 0.5588235294117647 0.27124183006535946 0.5490196078431373 0.27124183006535946 0.5416666666666666 0.2761437908496732 0.5367647058823529 0.28104575163398693 0.5343137254901961 0.28431372549019607 0.5367647058823529
2 0.37254901960784315 0.3602941176470588 0.3790849673202614 0.36519607843137253 0.3741830065359477 0.3700980392156863 0.35294117647058826 0.3700980392156863 0.34477124183006536 0.36519607843137253 0.35784313725490197 0.35784313725490197 0.369281045751634 0.35784313725490197 0.3709150326797386 0.3602941176470588
2 0.272875816993464 0.47549019607843135 0.2761437908496732 0.4803921568627451 0.27450980392156865 0.4852941176470588 0.27124183006535946 0.49019607843137253 0.2630718954248366 0.4950980392156863 0.2549019607843137 0.49264705882352944 0.25326797385620914 0.4852941176470588 0.2581699346405229 0.47794117647058826 0.27124183006535946 0.47549019607843135
2 0.4199346405228758 0.6691176470588235 0.4264705882352941 0.6813725490196079 0.434640522875817 0.6838235294117647 0.4395424836601307 0.6911764705882353 0.43790849673202614 0.7009803921568627 0.434640522875817 0.7034313725490197 0.4166666666666667 0.7034313725490197 0.3954248366013072 0.6911764705882353 0.38562091503267976 0.6813725490196079 0.38562091503267976 0.6740196078431373 0.39052287581699346 0.6691176470588235 0.41830065359477125 0.6691176470588235
2 0.27124183006535946 0.40441176470588236 0.27450980392156865 0.40931372549019607 0.27450980392156865 0.41421568627450983 0.2679738562091503 0.41911764705882354 0.26143790849673204 0.4166666666666667 0.2581699346405229 0.4117647058823529 0.26143790849673204 0.4068627450980392 0.2696078431372549 0.40441176470588236
2 0.4820261437908497 0.821078431372549 0.4852941176470588 0.8259803921568627 0.4950980392156863 0.8284313725490197 0.49673202614379086 0.8333333333333334 0.4918300653594771 0.8455882352941176 0.4934640522875817 0.8700980392156863 0.49019607843137253 0.875 0.4820261437908497 0.8799019607843137 0.4624183006535948 0.8823529411764706 0.46078431372549017 0.8848039215686274 0.44607843137254904 0.8848039215686274 0.434640522875817 0.8774509803921569 0.434640522875817 0.8651960784313726 0.44281045751633985 0.8529411764705882 0.43790849673202614 0.8431372549019608 0.43790849673202614 0.8259803921568627 0.44281045751633985 0.8186274509803921 0.45588235294117646 0.8112745098039216 0.4673202614379085 0.8112745098039216 0.477124183006536 0.8161764705882353 0.4803921568627451 0.821078431372549