2 0.2679738562091503 0.5780487804878048 0.2696078431372549 0.5804878048780487 0.29248366013071897 0.5829268292682926 0.29901960784313725 0.5878048780487805 0.3006535947712418 0.5902439024390244 0.3006535947712418 0.6024390243902439 0.30392156862745096 0.6073170731707317 0.315359477124183 0.6146341463414634 0.315359477124183 0.624390243902439 0.3104575163398693 0.6292682926829268 0.3055555555555556 0.6292682926829268 0.29248366013071897 0.6365853658536585 0.2826797385620915 0.6365853658536585 0.28104575163398693 0.6390243902439025 0.272875816993464 0.6390243902439025 0.26143790849673204 0.6317073170731707 0.26143790849673204 0.6219512195121951 0.25163398692810457 0.6097560975609756 0.24673202614379086 0.5926829268292683 0.2434640522875817 0.5878048780487805 0.2434640522875817 0.5829268292682926 0.24836601307189543 0.5780487804878048 0.26633986928104575 0.5780487804878048
2 0.27450980392156865 0.5390243902439025 0.28104575163398693 0.5414634146341464 0.28921568627450983 0.5536585365853659 0.29901960784313725 0.5536585365853659 0.30718954248366015 0.5585365853658537 0.3104575163398693 0.5634146341463414 0.3104575163398693 0.5682926829268292 0.30718954248366015 0.573170731707317 0.29248366013071897 0.5756097560975609 0.2875816993464052 0.5804878048780487 0.29901960784313725 0.5878048780487805 0.3006535947712418 0.5902439024390244 0.3006535947712418 0.6024390243902439 0.30392156862745096 0.6073170731707317 0.3137254901960784 0.6121951219512195 0.31699346405228757 0.6195121951219512 0.3104575163398693 0.6292682926829268 0.29901960784313725 0.6317073170731707 0.29248366013071897 0.6365853658536585 0.2826797385620915 0.6365853658536585 0.28104575163398693 0.6390243902439025 0.2647058823529412 0.6365853658536585 0.26143790849673204 0.6317073170731707 0.26143790849673204 0.6219512195121951 0.24836601307189543 0.6048780487804878 0.2434640522875817 0.5902439024390244 0.2369281045751634 0.5853658536585366 0.2369281045751634 0.5658536585365853 0.23529411764705882 0.5634146341463414 0.2369281045751634 0.5560975609756098 0.24183006535947713 0.5487804878048781 0.25326797385620914 0.5414634146341464 0.272875816993464 0.5390243902439025
2 0.3137254901960784 0.5146341463414634 0.32679738562091504 0.5195121951219512 0.3349673202614379 0.526829268292683 0.3480392156862745 0.526829268292683 0.34967320261437906 0.5292682926829269 0.3627450980392157 0.5317073170731708 0.36437908496732024 0.5341463414634147 0.3627450980392157 0.5390243902439025 0.35784313725490197 0.5414634146341464 0.3431372549019608 0.5414634146341464 0.3415032679738562 0.5439024390243903 0.3349673202614379 0.5439024390243903 0.31699346405228757 0.5365853658536586 0.3006535947712418 0.5365853658536586 0.29248366013071897 0.5317073170731708 0.28431372549019607 0.5219512195121951 0.28594771241830064 0.5146341463414634 0.29248366013071897 0.5121951219512195 0.30718954248366015 0.5121951219512195 0.31209150326797386 0.5146341463414634
2 0.3611111111111111 0.4560975609756098 0.36764705882352944 0.4682926829268293 0.3758169934640523 0.47560975609756095 0.3741830065359477 0.48048780487804876 0.3660130718954248 0.4853658536585366 0.35130718954248363 0.4853658536585366 0.3464052287581699 0.48292682926829267 0.3415032679738562 0.47073170731707314 0.33169934640522875 0.4609756097560976 0.3333333333333333 0.45365853658536587 0.3431372549019608 0.44878048780487806 0.35294117647058826 0.45121951219512196 0.35947712418300654 0.4560975609756098
2 0.18790849673202614 0.35121951219512193 0.1895424836601307 0.348780487804878 0.22058823529411764 0.35121951219512193 0.22712418300653595 0.35609756097560974 0.22549019607843138 0.36097560975609755 0.22058823529411764 0.36341463414634145 0.20588235294117646 0.35609756097560974 0.19607843137254902 0.35609756097560974 0.1895424836601307 0.35121951219512193
2 0.07679738562091504 0.32439024390243903 0.0784313725490196 0.32682926829268294 0.08986928104575163 0.32682926829268294 0.0915032679738562 0.32926829268292684 0.10457516339869281 0.32926829268292684 0.10947712418300654 0.33414634146341465 0.10784313725490197 0.33658536585365856 0.07352941176470588 0.33414634146341465 0.06372549019607843 0.32682926829268294 0.07516339869281045 0.32439024390243903
2 0.4215686274509804 0.6439024390243903 0.4264705882352941 0.6463414634146342 0.43137254901960786 0.6536585365853659 0.4264705882352941 0.6682926829268293 0.42810457516339867 0.6804878048780488 0.42320261437908496 0.6951219512195121 0.4117647058823529 0.7121951219512195 0.4133986928104575 0.7195121951219512 0.4068627450980392 0.7365853658536585 0.40032679738562094 0.7463414634146341 0.38562091503267976 0.7536585365853659 0.36437908496732024 0.7536585365853659 0.3545751633986928 0.7390243902439024 0.3545751633986928 0.7317073170731707 0.35784313725490197 0.7268292682926829 0.3790849673202614 0.7121951219512195 0.36764705882352944 0.6951219512195121 0.36764705882352944 0.6829268292682927 0.380718954248366 0.6658536585365854 0.38235294117647056 0.6560975609756098 0.3872549019607843 0.651219512195122 0.4019607843137255 0.6439024390243903 0.4199346405228758 0.6439024390243903
2 0.2238562091503268 0.7682926829268293 0.23039215686274508 0.7780487804878049 0.23366013071895425 0.7902439024390244 0.23366013071895425 0.8219512195121951 0.23529411764705882 0.8268292682926829 0.23202614379084968 0.8365853658536585 0.22712418300653595 0.8414634146341463 0.21895424836601307 0.8585365853658536 0.20261437908496732 0.8804878048780488 0.20261437908496732 0.8853658536585366 0.20915032679738563 0.8902439024390244 0.21405228758169934 0.9 0.21241830065359477 0.9243902439024391 0.20588235294117646 0.9365853658536586 0.19607843137254902 0.9463414634146341 0.17483660130718953 0.9585365853658536 0.13562091503267973 0.9585365853658536 0.13071895424836602 0.9536585365853658 0.1323529411764706 0.9463414634146341 0.13071895424836602 0.9243902439024391 0.13398692810457516 0.9146341463414634 0.14705882352941177 0.8951219512195122 0.14705882352941177 0.8804878048780488 0.14052287581699346 0.8707317073170732 0.14052287581699346 0.8634146341463415 0.1650326797385621 0.8268292682926829 0.1650326797385621 0.8121951219512196 0.16013071895424835 0.7951219512195122 0.16013071895424835 0.7902439024390244 0.16339869281045752 0.7853658536585366 0.17483660130718953 0.775609756097561 0.19444444444444445 0.7682926829268293 0.2042483660130719 0.7682926829268293 0.20588235294117646 0.7658536585365854 0.2222222222222222 0.7682926829268293
2 0.2647058823529412 0.4219512195121951 0.2777777777777778 0.4219512195121951 0.29901960784313725 0.4317073170731707 0.3088235294117647 0.4317073170731707 0.315359477124183 0.43658536585365854 0.3137254901960784 0.44146341463414634 0.29901960784313725 0.44390243902439025 0.2973856209150327 0.44146341463414634 0.2908496732026144 0.44146341463414634 0.2777777777777778 0.4317073170731707 0.27124183006535946 0.4317073170731707 0.2647058823529412 0.4268292682926829 0.2647058823529412 0.424390243902439
2 0.40522875816993464 0.5219512195121951 0.4068627450980392 0.5292682926829269 0.4166666666666667 0.5390243902439025 0.4150326797385621 0.551219512195122 0.4199346405228758 0.5634146341463414 0.4199346405228758 0.5707317073170731 0.4117647058823529 0.5780487804878048 0.3937908496732026 0.5780487804878048 0.3839869281045752 0.573170731707317 0.38235294117647056 0.5707317073170731 0.3839869281045752 0.5585365853658537 0.37745098039215685 0.5463414634146342 0.3758169934640523 0.526829268292683 0.3790849673202614 0.5219512195121951 0.3888888888888889 0.5170731707317073 0.39705882352941174 0.5170731707317073 0.4035947712418301 0.5219512195121951
2 0.10130718954248366 0.3439024390243902 0.14052287581699346 0.3439024390243902 0.14215686274509803 0.3463414634146341 0.15359477124183007 0.3463414634146341 0.15359477124183007 0.35121951219512193 0.10947712418300654 0.35121951219512193 0.10130718954248366 0.3463414634146341
2 0.3055555555555556 0.3902439024390244 0.31862745098039214 0.4 0.31862745098039214 0.40487804878048783 0.3137254901960784 0.4073170731707317 0.30392156862745096 0.4073170731707317 0.28921568627450983 0.3951219512195122 0.2908496732026144 0.3878048780487805 0.30392156862745096 0.3902439024390244
2 0.20751633986928106 0.37073170731707317 0.23202614379084968 0.37073170731707317 0.23366013071895425 0.37317073170731707 0.24673202614379086 0.37317073170731707 0.25980392156862747 0.3780487804878049 0.2565359477124183 0.3829268292682927 0.2369281045751634 0.3829268292682927 0.23529411764705882 0.3804878048780488 0.2173202614379085 0.3804878048780488 0.2107843137254902 0.3780487804878049 0.20751633986928106 0.37317073170731707