2 0.2238562091503268 0.973170731707317 0.22549019607843138 0.975609756097561 0.23202614379084968 0.975609756097561 0.23529411764705882 0.9804878048780488 0.2369281045751634 0.9902439024390244 0.23366013071895425 0.9951219512195122 0.2238562091503268 0.9951219512195122 0.2222222222222222 0.9975609756097561 0.2107843137254902 0.9975609756097561 0.20915032679738563 0.9951219512195122 0.20915032679738563 0.9878048780487805 0.21241830065359477 0.9804878048780488 0.2173202614379085 0.973170731707317 0.2222222222222222 0.973170731707317
2 0.35784313725490197 0.8414634146341463 0.35947712418300654 0.8463414634146341 0.35784313725490197 0.8512195121951219 0.34477124183006536 0.8585365853658536 0.3349673202614379 0.8560975609756097 0.33169934640522875 0.8512195121951219 0.33169934640522875 0.8463414634146341 0.3366013071895425 0.8390243902439024 0.3415032679738562 0.8365853658536585 0.34967320261437906 0.8365853658536585 0.3562091503267974 0.8414634146341463
2 0.26143790849673204 0.8048780487804879 0.2630718954248366 0.8097560975609757 0.25980392156862747 0.8146341463414634 0.2434640522875817 0.8219512195121951 0.2369281045751634 0.8195121951219512 0.2369281045751634 0.8146341463414634 0.24019607843137256 0.8073170731707318 0.24509803921568626 0.8048780487804879 0.25980392156862747 0.8048780487804879
2 0.11274509803921569 0.7414634146341463 0.02287581699346405 0.01951219512195122
2 0.014705882352941176 0.7170731707317073 0.0196078431372549 0.7219512195121951 0.0196078431372549 0.7268292682926829 0.008169934640522876 0.7341463414634146 0 0.7341463414634146 0 0.724390243902439 0.008169934640522876 0.7170731707317073 0.013071895424836602 0.7170731707317073
2 0.545751633986928 0.7780487804878049 0.5473856209150327 0.7780487804878049 0.5375816993464052 0.7975609756097561 0.5326797385620915 0.8 0.5277777777777778 0.7975609756097561 0.5212418300653595 0.7853658536585366 0.5261437908496732 0.7780487804878049 0.5441176470588235 0.775609756097561
2 0.07679738562091504 0.7682926829268293 0.08333333333333333 0.775609756097561 0.08333333333333333 0.7804878048780488 0.07352941176470588 0.7853658536585366 0.06372549019607843 0.7829268292682927 0.06209150326797386 0.7780487804878049 0.06862745098039216 0.7682926829268293 0.0718954248366013 0.7658536585365854 0.07516339869281045 0.7682926829268293
2 0.28104575163398693 0.7731707317073171 0.2875816993464052 0.7634146341463415 0.29901960784313725 0.7634146341463415 0.3022875816993464 0.7707317073170732 0.3006535947712418 0.775609756097561 0.28921568627450983 0.7804878048780488 0.28594771241830064 0.7804878048780488 0.2826797385620915 0.775609756097561
2 0.22712418300653595 0.7878048780487805 0.22875816993464052 0.7926829268292683 0.22712418300653595 0.7975609756097561 0.21895424836601307 0.8073170731707318 0.21405228758169934 0.8097560975609757 0.20915032679738563 0.8097560975609757 0.20098039215686275 0.7975609756097561 0.20098039215686275 0.7926829268292683 0.20915032679738563 0.7853658536585366 0.2238562091503268 0.7853658536585366 0.22549019607843138 0.7878048780487805
2 0.7238562091503268 0.9073170731707317 0.7418300653594772 0.9170731707317074 0.75 0.9243902439024391 0.7565359477124183 0.9365853658536586 0.7565359477124183 0.9414634146341463 0.7516339869281046 0.9463414634146341 0.7369281045751634 0.9439024390243902 0.7271241830065359 0.9365853658536586 0.7205882352941176 0.9390243902439024 0.7091503267973857 0.9365853658536586 0.7058823529411765 0.9292682926829269 0.7058823529411765 0.9195121951219513 0.704248366013072 0.9170731707317074 0.7058823529411765 0.9121951219512195 0.7124183006535948 0.9048780487804878 0.7222222222222222 0.9073170731707317
2 0.03431372549019608 0.8609756097560975 0.03758169934640523 0.8634146341463415 0.03758169934640523 0.8707317073170732 0.032679738562091505 0.8780487804878049 0.029411764705882353 0.8780487804878049 0.024509803921568627 0.8829268292682927 0.006535947712418301 0.8829268292682927 0.0032679738562091504 0.8804878048780488 0.0032679738562091504 0.875609756097561 0.013071895424836602 0.8682926829268293 0.032679738562091505 0.8609756097560975
2 0.21241830065359477 0.7658536585365854 0.21405228758169934 0.7609756097560976 0.22875816993464052 0.751219512195122 0.24183006535947713 0.7536585365853659 0.238562091503268 0.7609756097560976 0.22712418300653595 0.7682926829268293 0.21568627450980393 0.7682926829268293 0.21405228758169934 0.7658536585365854
2 0.8235294117647058 0.9243902439024391 0.8251633986928104 0.926829268292683 0.8333333333333334 0.926829268292683 0.8366013071895425 0.9317073170731708 0.8366013071895425 0.9390243902439024 0.8316993464052288 0.9439024390243902 0.8186274509803921 0.9414634146341463 0.8055555555555556 0.9292682926829269 0.8071895424836601 0.9243902439024391 0.8218954248366013 0.9243902439024391
2 0.26633986928104575 0.9195121951219513 0.272875816993464 0.926829268292683 0.27124183006535946 0.9414634146341463 0.2679738562091503 0.9463414634146341 0.25326797385620914 0.9560975609756097 0.24509803921568626 0.948780487804878 0.24509803921568626 0.9414634146341463 0.25326797385620914 0.9219512195121952 0.2647058823529412 0.9195121951219513
2 0.434640522875817 0.8365853658536585 0.4411764705882353 0.8439024390243902 0.45751633986928103 0.848780487804878 0.46405228758169936 0.8609756097560975 0.46405228758169936 0.8658536585365854 0.45751633986928103 0.8707317073170732 0.4493464052287582 0.8707317073170732 0.4477124183006536 0.8682926829268293 0.4444444444444444 0.8707317073170732 0.434640522875817 0.8707317073170732 0.42483660130718953 0.8658536585365854 0.4199346405228758 0.8536585365853658 0.4199346405228758 0.8463414634146341 0.42320261437908496 0.8414634146341463 0.43300653594771243 0.8365853658536585
2 0.48366013071895425 0.8975609756097561 0.49019607843137253 0.9073170731707317 0.49019607843137253 0.9219512195121952 0.48366013071895425 0.9317073170731708 0.46568627450980393 0.9463414634146341 0.4591503267973856 0.9463414634146341 0.4526143790849673 0.9414634146341463 0.45751633986928103 0.9292682926829269 0.45588235294117646 0.9219512195121952 0.4526143790849673 0.9243902439024391 0.4526143790849673 0.9097560975609756 0.4542483660130719 0.9170731707317074 0.45751633986928103 0.9195121951219513 0.4591503267973856 0.9170731707317074 0.45751633986928103 0.9146341463414634 0.46078431372549017 0.9073170731707317 0.46405228758169936 0.9073170731707317 0.4738562091503268 0.8975609756097561 0.4820261437908497 0.8975609756097561
2 0.5800653594771242 0.8853658536585366 0.5849673202614379 0.8951219512195122 0.5849673202614379 0.9073170731707317 0.5816993464052288 0.9121951219512195 0.576797385620915 0.9121951219512195 0.5637254901960784 0.9243902439024391 0.5571895424836601 0.9243902439024391 0.5522875816993464 0.9170731707317074 0.5490196078431373 0.9073170731707317 0.5506535947712419 0.9 0.565359477124183 0.8829268292682927 0.576797385620915 0.8829268292682927 0.5784313725490197 0.8853658536585366
2 0.15522875816993464 0.9365853658536586 0.15849673202614378 0.9414634146341463 0.1568627450980392 0.9512195121951219 0.1388888888888889 0.9658536585365853 0.13562091503267973 0.9658536585365853 0.1323529411764706 0.9609756097560975 0.1323529411764706 0.9512195121951219 0.1454248366013072 0.9365853658536586 0.15359477124183007 0.9365853658536586
2 0.27941176470588236 0.848780487804878 0.2826797385620915 0.8463414634146341 0.30392156862745096 0.8463414634146341 0.30392156862745096 0.8512195121951219 0.2957516339869281 0.8658536585365854 0.28594771241830064 0.8707317073170732 0.2777777777777778 0.8707317073170732 0.2761437908496732 0.8682926829268293 0.27941176470588236 0.8512195121951219
2 0.23366013071895425 0.8585365853658536 0.23529411764705882 0.8634146341463415 0.23366013071895425 0.875609756097561 0.22549019607843138 0.8804878048780488 0.20915032679738563 0.8804878048780488 0.20751633986928106 0.8780487804878049 0.21568627450980393 0.8634146341463415 0.2238562091503268 0.8585365853658536 0.23202614379084968 0.8585365853658536
2 0.619281045751634 0.9634146341463414 0.6225490196078431 0.9609756097560975 0.6372549019607843 0.9609756097560975 0.6470588235294118 0.9658536585365853 0.6568627450980392 0.975609756097561 0.6617647058823529 0.9853658536585366 0.6617647058823529 0.9951219512195122 0.6601307189542484 0.9975609756097561 0.630718954248366 0.9975609756097561 0.6274509803921569 0.9926829268292683 0.6290849673202614 0.9902439024390244 0.6274509803921569 0.9853658536585366 0.6209150326797386 0.975609756097561 0.619281045751634 0.9658536585365853
2 0.3415032679738562 0.7902439024390244 0.3480392156862745 0.7975609756097561 0.3480392156862745 0.8048780487804879 0.34477124183006536 0.8097560975609757 0.3366013071895425 0.8146341463414634 0.32679738562091504 0.8121951219512196 0.31699346405228757 0.8048780487804879 0.31209150326797386 0.7975609756097561 0.31209150326797386 0.7926829268292683 0.31699346405228757 0.7878048780487805 0.3349673202614379 0.7878048780487805 0.33986928104575165 0.7902439024390244
2 0.6699346405228758 0.7902439024390244 0.6781045751633987 0.7951219512195122 0.6781045751633987 0.802439024390244 0.6699346405228758 0.8073170731707318 0.6584967320261438 0.802439024390244 0.6486928104575164 0.7926829268292683 0.6503267973856209 0.7853658536585366 0.6617647058823529 0.7853658536585366 0.6683006535947712 0.7902439024390244
2 0.33986928104575165 0.7585365853658537 0.34477124183006536 0.748780487804878 0.35947712418300654 0.7536585365853659 0.3611111111111111 0.7585365853658537 0.35947712418300654 0.7634146341463415 0.35130718954248363 0.7707317073170732 0.34477124183006536 0.7707317073170732 0.3415032679738562 0.7658536585365854 0.3415032679738562 0.7609756097560976
2 0.2647058823529412 0.7219512195121951 0.2696078431372549 0.7268292682926829 0.272875816993464 0.7268292682926829 0.272875816993464 0.7341463414634146 0.2647058823529412 0.7390243902439024 0.26143790849673204 0.7390243902439024 0.2565359477124183 0.7341463414634146 0.2581699346405229 0.7268292682926829 0.2630718954248366 0.7219512195121951
2 0.2908496732026144 0.9243902439024391 0.29901960784313725 0.9170731707317074 0.31699346405228757 0.9170731707317074 0.3202614379084967 0.9219512195121952 0.3202614379084967 0.926829268292683 0.31699346405228757 0.9365853658536586 0.3104575163398693 0.9414634146341463 0.2973856209150327 0.9390243902439024 0.29248366013071897 0.9317073170731708 0.29248366013071897 0.926829268292683
2 0.47549019607843135 0.7926829268292683 0.4803921568627451 0.8 0.47875816993464054 0.8048780487804879 0.4624183006535948 0.8170731707317073 0.4542483660130719 0.8170731707317073 0.4526143790849673 0.8121951219512196 0.46568627450980393 0.7951219512195122 0.4738562091503268 0.7926829268292683
2 0.4150326797385621 0.8048780487804879 0.4166666666666667 0.8073170731707318 0.4264705882352941 0.8073170731707318 0.42810457516339867 0.8097560975609757 0.4264705882352941 0.8219512195121951 0.42320261437908496 0.8268292682926829 0.41013071895424835 0.8317073170731707 0.39869281045751637 0.8292682926829268 0.39705882352941174 0.8219512195121951 0.4035947712418301 0.8121951219512196 0.4133986928104575 0.8073170731707318
2 0.7630718954248366 0.8268292682926829 0.7647058823529411 0.824390243902439 0.7794117647058824 0.824390243902439 0.7941176470588235 0.8341463414634146 0.795751633986928 0.8365853658536585 0.7941176470588235 0.8439024390243902 0.7777777777777778 0.8439024390243902 0.7712418300653595 0.8390243902439024 0.7647058823529411 0.8292682926829268
2 0.5849673202614379 0.8170731707317073 0.5980392156862745 0.8292682926829268 0.5980392156862745 0.8365853658536585 0.5931372549019608 0.8414634146341463 0.5816993464052288 0.8414634146341463 0.5620915032679739 0.8219512195121951 0.565359477124183 0.8170731707317073 0.5833333333333334 0.8170731707317073
2 0.17483660130718953 0.8390243902439024 0.17647058823529413 0.8414634146341463 0.17483660130718953 0.8439024390243902 0.16666666666666666 0.848780487804878 0.16013071895424835 0.8585365853658536 0.15359477124183007 0.8634146341463415 0.14215686274509803 0.8609756097560975 0.14052287581699346 0.8585365853658536 0.14215686274509803 0.8512195121951219 0.16176470588235295 0.8390243902439024 0.17320261437908496 0.8390243902439024
2 0.44281045751633985 0.7609756097560976 0.4493464052287582 0.7731707317073171 0.4493464052287582 0.7829268292682927 0.4477124183006536 0.7853658536585366 0.43790849673202614 0.7853658536585366 0.42810457516339867 0.7731707317073171 0.42810457516339867 0.7682926829268293 0.43300653594771243 0.7609756097560976 0.4411764705882353 0.7609756097560976
2 0.43790849673202614 0.8390243902439024 0.4411764705882353 0.8439024390243902 0.4411764705882353 0.8536585365853658 0.44607843137254904 0.8658536585365854 0.44281045751633985 0.8707317073170732 0.42810457516339867 0.8682926829268293 0.4199346405228758 0.8560975609756097 0.4199346405228758 0.8463414634146341 0.4215686274509804 0.8439024390243902 0.42810457516339867 0.8390243902439024 0.4362745098039216 0.8390243902439024
2 0.6650326797385621 0.8414634146341463 0.6699346405228758 0.848780487804878 0.6699346405228758 0.8585365853658536 0.6666666666666666 0.8634146341463415 0.6519607843137255 0.8609756097560975 0.6454248366013072 0.8560975609756097 0.6437908496732027 0.8512195121951219 0.6454248366013072 0.8439024390243902 0.6486928104575164 0.8414634146341463 0.6535947712418301 0.8390243902439024 0.6617647058823529 0.8390243902439024 0.6633986928104575 0.8414634146341463
2 0.12745098039215685 0.9024390243902439 0.13562091503267973 0.9073170731707317 0.1388888888888889 0.9121951219512195 0.1388888888888889 0.9219512195121952 0.13562091503267973 0.9317073170731708 0.12418300653594772 0.9390243902439024 0.10620915032679738 0.9365853658536586 0.10294117647058823 0.9292682926829269 0.10294117647058823 0.9170731707317074 0.10620915032679738 0.9073170731707317 0.10947712418300654 0.9048780487804878 0.12581699346405228 0.9024390243902439
2 0.619281045751634 0.7439024390243902 0.6258169934640523 0.748780487804878 0.6258169934640523 0.7585365853658537 0.6225490196078431 0.7634146341463415 0.6094771241830066 0.7609756097560976 0.6062091503267973 0.7536585365853659 0.6094771241830066 0.7439024390243902 0.6176470588235294 0.7439024390243902
2 0.2957516339869281 0.875609756097561 0.29901960784313725 0.8804878048780488 0.29901960784313725 0.8902439024390244 0.29411764705882354 0.8951219512195122 0.2908496732026144 0.8951219512195122 0.27941176470588236 0.9097560975609756 0.2647058823529412 0.9073170731707317 0.2630718954248366 0.9024390243902439 0.2647058823529412 0.8926829268292683 0.28594771241830064 0.875609756097561 0.2908496732026144 0.8731707317073171 0.29411764705882354 0.875609756097561