2 0.3458660130718954 0.9587469287469287 0.09619281045751633 0.06041769041769042
2 0.20604575163398692 0.941990171990172 0.08527777777777777 0.0542014742014742
2 0.15338235294117647 0.9371498771498772 0.04532679738562091 0.039041769041769044
2 0.07622549019607842 0.8733415233415233 0.05437908496732027 0.04250614250614251
2 0.11145424836601306 0.7646191646191646 0.026830065359477125 0.021621621621621623
2 0.07712418300653595 0.7420393120393121 0.052565359477124186 0.041965601965601965
2 0.04205882352941176 0.6516953316953317 0.036879084967320265 0.06874692874692875
2 0.11691176470588235 0.6524324324324324 0.052238562091503266 0.1467076167076167
2 0.04468954248366013 0.7796560196560196 0.03490196078431373 0.046216216216216216
2 0.158921568627451 0.9386240786240786 0.030964052287581697 0.031105651105651107
2 0.14580065359477123 0.8295331695331696 0.03740196078431372 0.02587223587223587