2 0.2957516339869281 0.47794117647058826 0.29901960784313725 0.48284313725490197 0.2973856209150327 0.49019607843137253 0.28594771241830064 0.49019607843137253 0.2777777777777778 0.4852941176470588 0.28431372549019607 0.47549019607843135 0.29248366013071897 0.47549019607843135 0.29411764705882354 0.47794117647058826
2 0.30392156862745096 0.5024509803921569 0.30718954248366015 0.5073529411764706 0.3104575163398693 0.5073529411764706 0.315359477124183 0.5122549019607843 0.3137254901960784 0.5196078431372549 0.29248366013071897 0.5122549019607843 0.2875816993464052 0.5049019607843137 0.2908496732026144 0.49754901960784315 0.2957516339869281 0.49754901960784315 0.3022875816993464 0.5024509803921569
2 0.3104575163398693 0.41421568627450983 0.31699346405228757 0.4166666666666667 0.315359477124183 0.42401960784313725 0.3055555555555556 0.42401960784313725 0.3022875816993464 0.4215686274509804 0.3006535947712418 0.4166666666666667 0.3088235294117647 0.41421568627450983
2 0.315359477124183 0.5318627450980392 0.31862745098039214 0.5367647058823529 0.31699346405228757 0.5465686274509803 0.29901960784313725 0.5441176470588235 0.2908496732026144 0.5392156862745098 0.28921568627450983 0.5343137254901961 0.2957516339869281 0.5269607843137255 0.30718954248366015 0.5269607843137255 0.3137254901960784 0.5318627450980392
2 0.2973856209150327 0.6127450980392157 0.3006535947712418 0.6078431372549019 0.31209150326797386 0.6004901960784313 0.3284313725490196 0.6029411764705882 0.33169934640522875 0.6078431372549019 0.33169934640522875 0.6151960784313726 0.32516339869281047 0.625 0.31209150326797386 0.6225490196078431 0.29901960784313725 0.6151960784313726
2 0.2973856209150327 0.4387254901960784 0.3088235294117647 0.44362745098039214 0.3104575163398693 0.4485294117647059 0.30392156862745096 0.45588235294117646 0.28921568627450983 0.4485294117647059 0.28921568627450983 0.44362745098039214 0.2957516339869281 0.4387254901960784
2 0.32516339869281047 0.6446078431372549 0.33169934640522875 0.6519607843137255 0.3366013071895425 0.6666666666666666 0.3349673202614379 0.6764705882352942 0.33169934640522875 0.678921568627451 0.3202614379084967 0.6764705882352942 0.3104575163398693 0.6666666666666666 0.3088235294117647 0.6495098039215687 0.315359477124183 0.6446078431372549 0.3235294117647059 0.6446078431372549
2 0.3235294117647059 0.43137254901960786 0.3300653594771242 0.4362745098039216 0.3300653594771242 0.4411764705882353 0.32679738562091504 0.44362745098039214 0.315359477124183 0.4411764705882353 0.30718954248366015 0.4338235294117647 0.3088235294117647 0.42892156862745096 0.32189542483660133 0.43137254901960786
2 0.29901960784313725 0.6936274509803921 0.30392156862745096 0.696078431372549 0.3088235294117647 0.7034313725490197 0.30718954248366015 0.7132352941176471 0.3022875816993464 0.7205882352941176 0.29248366013071897 0.7254901960784313 0.2826797385620915 0.7254901960784313 0.272875816993464 0.7205882352941176 0.26633986928104575 0.7132352941176471 0.26633986928104575 0.7083333333333334 0.2777777777777778 0.7009803921568627 0.28594771241830064 0.6887254901960784 0.2973856209150327 0.6936274509803921
2 0.315359477124183 0.4632352941176471 0.3202614379084967 0.4681372549019608 0.3202614379084967 0.47549019607843135 0.31699346405228757 0.47794117647058826 0.30718954248366015 0.47549019607843135 0.29901960784313725 0.4681372549019608 0.3006535947712418 0.4632352941176471 0.30718954248366015 0.46078431372549017 0.3137254901960784 0.4632352941176471
2 0.3202614379084967 0.5563725490196079 0.3235294117647059 0.5612745098039216 0.3382352941176471 0.571078431372549 0.3415032679738562 0.5784313725490197 0.3415032679738562 0.5833333333333334 0.33986928104575165 0.5857843137254902 0.3300653594771242 0.5857843137254902 0.3202614379084967 0.5808823529411765 0.31699346405228757 0.5735294117647058 0.31699346405228757 0.5612745098039216 0.31862745098039214 0.5588235294117647
2 0.3055555555555556 0.7524509803921569 0.3137254901960784 0.7573529411764706 0.3284313725490196 0.7794117647058824 0.3333333333333333 0.7818627450980392 0.3382352941176471 0.7892156862745098 0.3382352941176471 0.7990196078431373 0.3333333333333333 0.8063725490196079 0.32189542483660133 0.8063725490196079 0.3055555555555556 0.7818627450980392 0.3006535947712418 0.7794117647058824 0.2908496732026144 0.7647058823529411 0.29248366013071897 0.7549019607843137 0.30392156862745096 0.7524509803921569
2 0.3333333333333333 0.9632352941176471 0.3480392156862745 0.9803921568627451 0.35130718954248363 0.9877450980392157 0.34967320261437906 0.9975490196078431 0.3235294117647059 0.9975490196078431 0.31862745098039214 0.9926470588235294 0.31209150326797386 0.9730392156862745 0.32189542483660133 0.9607843137254902 0.3300653594771242 0.9607843137254902 0.33169934640522875 0.9632352941176471
2 0.3088235294117647 0.8431372549019608 0.31699346405228757 0.8529411764705882 0.31699346405228757 0.8602941176470589 0.3104575163398693 0.8676470588235294 0.31209150326797386 0.875 0.30718954248366015 0.8921568627450981 0.3006535947712418 0.9019607843137255 0.29248366013071897 0.9068627450980392 0.28594771241830064 0.9068627450980392 0.26633986928104575 0.8946078431372549 0.25980392156862747 0.8872549019607843 0.2581699346405229 0.875 0.28104575163398693 0.8578431372549019 0.2957516339869281 0.8431372549019608 0.30718954248366015 0.8431372549019608