2 0.7598039215686274 0.4166666666666667 0.7573529411764706 0.4264705882352941 0.7720588235294118 0.4362745098039216 0.8455882352941176 0.45588235294117646 0.8897058823529411 0.434640522875817 0.9093137254901961 0.39869281045751637 0.8995098039215687 0.39052287581699346 0.8235294117647058 0.3758169934640523 0.803921568627451 0.38235294117647056 0.7916666666666666 0.4019607843137255
0 0.6200980392156863 0.5849673202614379 0.6176470588235294 0.5964052287581699 0.6372549019607843 0.6176470588235294 0.6691176470588235 0.6486928104575164 0.6911764705882353 0.6552287581699346 0.75 0.6454248366013072 0.7818627450980392 0.6225490196078431 0.7941176470588235 0.5947712418300654 0.7598039215686274 0.5947712418300654 0.7083333333333334 0.565359477124183 0.6446078431372549 0.5718954248366013
0 0.7598039215686274 0.4166666666666667 0.7573529411764706 0.4264705882352941 0.7671568627450981 0.43300653594771243 0.8063725490196079 0.4493464052287582 0.8455882352941176 0.45588235294117646 0.8848039215686274 0.43790849673202614 0.9093137254901961 0.40032679738562094 0.8921568627450981 0.3888888888888889 0.8235294117647058 0.3758169934640523 0.8014705882352942 0.3839869281045752 0.7916666666666666 0.4019607843137255
0 0.08333333333333333 0.5784313725490197 0.08823529411764706 0.6045751633986928 0.12990196078431374 0.6356209150326797 0.17401960784313725 0.6290849673202614 0.2107843137254902 0.6029411764705882 0.2107843137254902 0.5947712418300654 0.18627450980392157 0.5882352941176471 0.1642156862745098 0.5637254901960784 0.13725490196078433 0.5637254901960784
0 0.09558823529411764 0.7712418300653595 0.09313725490196079 0.7794117647058824 0.12745098039215685 0.8055555555555556 0.15931372549019607 0.8169934640522876 0.18137254901960784 0.8104575163398693 0.2107843137254902 0.7875816993464052 0.23039215686274508 0.7532679738562091 0.18382352941176472 0.7303921568627451 0.14950980392156862 0.7369281045751634
0 0.2549019607843137 0.8545751633986928 0.2549019607843137 0.8643790849673203 0.3112745098039216 0.8513071895424836 0.3480392156862745 0.8660130718954249 0.37254901960784315 0.8643790849673203 0.4215686274509804 0.8415032679738562 0.4411764705882353 0.8137254901960784 0.4166666666666667 0.8104575163398693 0.39215686274509803 0.7859477124183006 0.3602941176470588 0.7826797385620915 0.33578431372549017 0.7908496732026143 0.3235294117647059 0.8071895424836601 0.28921568627450983 0.8186274509803921 0.2867647058823529 0.8398692810457516
0 0.6887254901960784 0.8660130718954249 0.6862745098039216 0.8774509803921569 0.6985294117647058 0.8872549019607843 0.75 0.9084967320261438 0.7892156862745098 0.9166666666666666 0.8235294117647058 0.9019607843137255 0.8480392156862745 0.8660130718954249 0.8529411764705882 0.8415032679738562 0.8480392156862745 0.8349673202614379 0.7671568627450981 0.8137254901960784 0.7475490196078431 0.815359477124183
0 0.29936274509803923 0.448186274509804 0.0035049019607843136 0.0046732026143790845
0 0.23284313725490197 0.44281045751633985 0.23039215686274508 0.45098039215686275 0.2426470588235294 0.4624183006535948 0.29901960784313725 0.48366013071895425 0.3553921568627451 0.45588235294117646 0.3602941176470588 0.4395424836601307 0.3284313725490196 0.42320261437908496 0.29411764705882354 0.4166666666666667 0.26715686274509803 0.42320261437908496
0 0.23284313725490197 0.2761437908496732 0.22794117647058823 0.2875816993464052 0.2426470588235294 0.3104575163398693 0.27450980392156865 0.3284313725490196 0.31862745098039214 0.3235294117647059 0.3480392156862745 0.3022875816993464 0.31862745098039214 0.29248366013071897 0.3112745098039216 0.272875816993464
0 0.01715686274509804 0.09967320261437909 0.03431372549019608 0.10784313725490197 0.10294117647058823 0.11274509803921569 0.12745098039215685 0.1323529411764706 0.1715686274509804 0.14052287581699346 0.20098039215686275 0.1568627450980392 0.25 0.13071895424836602 0.22058823529411764 0.10294117647058823 0.18872549019607843 0.09477124183006536 0.12990196078431374 0.10457516339869281 0.05392156862745098 0.09967320261437909 0.022058823529411766 0.10457516339869281
0 0.2965686274509804 0.08496732026143791 0.3014705882352941 0.09803921568627451 0.35784313725490197 0.119281045751634 0.38235294117647056 0.11601307189542484 0.4068627450980392 0.08823529411764706 0.4019607843137255 0.0784313725490196 0.37254901960784315 0.07679738562091504 0.34068627450980393 0.06535947712418301 0.3235294117647059 0.0784313725490196
0 0.37254901960784315 0.17483660130718953 0.36764705882352944 0.184640522875817 0.4117647058823529 0.21241830065359477 0.4534313725490196 0.2107843137254902 0.49754901960784315 0.19444444444444445 0.47794117647058826 0.16013071895424835 0.4632352941176471 0.1503267973856209 0.41421568627450983 0.15196078431372548
0 0.6593137254901961 0.13725490196078433 0.6127450980392157 0.1568627450980392 0.6446078431372549 0.1650326797385621 0.6593137254901961 0.1781045751633987 0.7156862745098039 0.17483660130718953 0.7549019607843137 0.16339869281045752 0.7573529411764706 0.1568627450980392 0.7352941176470589 0.14705882352941177
0 0.7181372549019608 0.22549019607843138 0.7156862745098039 0.24019607843137256 0.7671568627450981 0.2761437908496732 0.8088235294117647 0.272875816993464 0.8406862745098039 0.25326797385620914 0.8382352941176471 0.2434640522875817 0.7916666666666666 0.21241830065359477
0 0.8553921568627451 0.09313725490196079 0.8529411764705882 0.09967320261437909 0.8774509803921569 0.11274509803921569 0.9313725490196079 0.12745098039215685 0.9901960784313726 0.10784313725490197 0.9975490196078431 0.0915032679738562 0.9901960784313726 0.0784313725490196 0.9754901960784313 0.07352941176470588 0.9044117647058824 0.06699346405228758
0 0.7794117647058824 0.17973856209150327 0.7696078431372549 0.184640522875817 0.9117647058823529 0.19934640522875818 0.9509803921568627 0.21895424836601307 0.9975490196078431 0.20915032679738563 0.9975490196078431 0.18137254901960784 0.9828431372549019 0.17320261437908496 0.9093137254901961 0.1781045751633987 0.8995098039215687 0.184640522875817
0 0.6887254901960784 0.8660130718954249 0.6862745098039216 0.8774509803921569 0.6985294117647058 0.8872549019607843 0.7328431372549019 0.9035947712418301 0.7892156862745098 0.9166666666666666 0.8137254901960784 0.9084967320261438 0.8333333333333334 0.8905228758169934 0.8529411764705882 0.8415032679738562 0.8455882352941176 0.8349673202614379 0.7867647058823529 0.8251633986928104 0.7647058823529411 0.8120915032679739 0.7401960784313726 0.8202614379084967 0.7230392156862745 0.8431372549019608
0 0.6827696078431372 0.6827777777777778 0.15406862745098038 0.07236928104575163