2 0.7336601307189542 0.6642156862745098 0.7369281045751634 0.6642156862745098 0.7369281045751634 0.6691176470588235 0.7401960784313726 0.6740196078431373 0.7434640522875817 0.6740196078431373 0.7434640522875817 0.6813725490196079 0.7483660130718954 0.6936274509803921 0.7483660130718954 0.6985294117647058 0.738562091503268 0.7083333333333334 0.7401960784313726 0.7107843137254902 0.7467320261437909 0.7107843137254902 0.7549019607843137 0.7181372549019608 0.761437908496732 0.7279411764705882 0.761437908496732 0.7352941176470589 0.7581699346405228 0.7401960784313726 0.7418300653594772 0.75 0.7287581699346405 0.7647058823529411 0.7189542483660131 0.7696078431372549 0.6911764705882353 0.7696078431372549 0.6830065359477124 0.7647058823529411 0.6813725490196079 0.7573529411764706 0.6911764705882353 0.7401960784313726 0.6944444444444444 0.7303921568627451 0.6928104575163399 0.7279411764705882 0.6862745098039216 0.7279411764705882 0.6764705882352942 0.7328431372549019 0.6633986928104575 0.7328431372549019 0.6617647058823529 0.7352941176470589 0.6519607843137255 0.7352941176470589 0.6437908496732027 0.7303921568627451 0.6470588235294118 0.7107843137254902 0.6552287581699346 0.6985294117647058 0.6650326797385621 0.6911764705882353 0.6764705882352942 0.6911764705882353 0.6993464052287581 0.6764705882352942 0.7124183006535948 0.6715686274509803 0.7287581699346405 0.6715686274509803 0.7336601307189542 0.6666666666666666
2 0.6781045751633987 0.5049019607843137 0.6911764705882353 0.5220588235294118 0.6895424836601307 0.5245098039215687 0.673202614379085 0.5245098039215687 0.6715686274509803 0.5269607843137255 0.6601307189542484 0.5269607843137255 0.6584967320261438 0.5294117647058824 0.6470588235294118 0.5294117647058824 0.6454248366013072 0.5245098039215687 0.6503267973856209 0.5171568627450981 0.6568627450980392 0.5098039215686274 0.6666666666666666 0.5098039215686274 0.6764705882352942 0.5049019607843137
2 0.6421568627450981 0.4632352941176471 0.6519607843137255 0.4632352941176471 0.6503267973856209 0.46568627450980393 0.6519607843137255 0.4681372549019608 0.6552287581699346 0.46568627450980393 0.6650326797385621 0.46568627450980393 0.6715686274509803 0.4730392156862745 0.6748366013071896 0.4877450980392157 0.6437908496732027 0.4852941176470588 0.6405228758169934 0.4803921568627451 0.6339869281045751 0.47794117647058826 0.6290849673202614 0.46568627450980393 0.630718954248366 0.4632352941176471 0.6405228758169934 0.46568627450980393
2 0.7369281045751634 0.6617647058823529 0.7434640522875817 0.6666666666666666 0.7450980392156863 0.678921568627451 0.75 0.6887254901960784 0.7516339869281046 0.7107843137254902 0.7630718954248366 0.7279411764705882 0.7630718954248366 0.7352941176470589 0.7598039215686274 0.7401960784313726 0.7418300653594772 0.7524509803921569 0.7336601307189542 0.7622549019607843 0.7173202614379085 0.7720588235294118 0.6928104575163399 0.7720588235294118 0.6813725490196079 0.7647058823529411 0.6813725490196079 0.7524509803921569 0.6911764705882353 0.7352941176470589 0.6895424836601307 0.7303921568627451 0.6699346405228758 0.7352941176470589 0.6683006535947712 0.7377450980392157 0.6535947712418301 0.7377450980392157 0.6519607843137255 0.7352941176470589 0.6454248366013072 0.7352941176470589 0.6421568627450981 0.7279411764705882 0.6470588235294118 0.7083333333333334 0.6535947712418301 0.6985294117647058 0.6633986928104575 0.6911764705882353 0.6781045751633987 0.6887254901960784 0.7026143790849673 0.6740196078431373 0.7352941176470589 0.6617647058823529
2 0.6813725490196079 0.5245098039215687 0.6944444444444444 0.5465686274509803 0.684640522875817 0.5563725490196079 0.6748366013071896 0.5612745098039216 0.6666666666666666 0.5612745098039216 0.6650326797385621 0.5588235294117647 0.6323529411764706 0.5588235294117647 0.6323529411764706 0.5563725490196079 0.6437908496732027 0.5441176470588235 0.6519607843137255 0.5416666666666666 0.6650326797385621 0.5294117647058824 0.6797385620915033 0.5245098039215687
2 0.7696078431372549 0.803921568627451 0.7777777777777778 0.8161764705882353 0.7826797385620915 0.8333333333333334 0.795751633986928 0.8480392156862745 0.795751633986928 0.8651960784313726 0.7924836601307189 0.8700980392156863 0.7843137254901961 0.875 0.75 0.875 0.7450980392156863 0.8725490196078431 0.738562091503268 0.8602941176470589 0.7287581699346405 0.8553921568627451 0.7222222222222222 0.8455882352941176 0.7189542483660131 0.8357843137254902 0.7205882352941176 0.8161764705882353 0.7303921568627451 0.8014705882352942 0.7369281045751634 0.7990196078431373 0.761437908496732 0.7990196078431373 0.7679738562091504 0.803921568627451
2 0.6928104575163399 0.5882352941176471 0.7091503267973857 0.5857843137254902 0.7271241830065359 0.6004901960784313 0.7352941176470589 0.6151960784313726 0.7516339869281046 0.6323529411764706 0.7728758169934641 0.6617647058823529 0.7777777777777778 0.6642156862745098 0.7777777777777778 0.6691176470588235 0.7647058823529411 0.6642156862745098 0.7532679738562091 0.6666666666666666 0.7401960784313726 0.6593137254901961 0.7254901960784313 0.6593137254901961 0.7238562091503268 0.6617647058823529 0.704248366013072 0.6593137254901961 0.6993464052287581 0.6568627450980392 0.6944444444444444 0.6495098039215687 0.6944444444444444 0.6446078431372549 0.7009803921568627 0.6299019607843137 0.6993464052287581 0.6274509803921569 0.6944444444444444 0.625 0.684640522875817 0.6299019607843137 0.6666666666666666 0.6299019607843137 0.6568627450980392 0.6225490196078431 0.6535947712418301 0.6151960784313726 0.6552287581699346 0.6102941176470589 0.6683006535947712 0.6004901960784313 0.6879084967320261 0.5955882352941176 0.6944444444444444 0.5906862745098039
2 0.6715686274509803 0.49264705882352944 0.6748366013071896 0.49264705882352944 0.6748366013071896 0.5 0.6911764705882353 0.5220588235294118 0.6862745098039216 0.5318627450980392 0.6944444444444444 0.5441176470588235 0.6944444444444444 0.5490196078431373 0.6911764705882353 0.5490196078431373 0.684640522875817 0.5563725490196079 0.6764705882352942 0.5588235294117647 0.6666666666666666 0.5686274509803921 0.6650326797385621 0.5588235294117647 0.6323529411764706 0.5588235294117647 0.6339869281045751 0.553921568627451 0.6519607843137255 0.5343137254901961 0.6454248366013072 0.5269607843137255 0.6470588235294118 0.5196078431372549 0.6519607843137255 0.5122549019607843 0.6437908496732027 0.5049019607843137 0.6372549019607843 0.5049019607843137 0.6339869281045751 0.5 0.6519607843137255 0.49019607843137253 0.6568627450980392 0.4950980392156863 0.6617647058823529 0.49264705882352944 0.6666666666666666 0.5 0.6699346405228758 0.5 0.6715686274509803 0.4950980392156863
2 0.6535947712418301 0.4362745098039216 0.6601307189542484 0.45098039215686275 0.6584967320261438 0.4485294117647059 0.6470588235294118 0.4485294117647059 0.6437908496732027 0.4534313725490196 0.6372549019607843 0.4534313725490196 0.6339869281045751 0.4485294117647059 0.6356209150326797 0.44362745098039214 0.6486928104575164 0.4338235294117647 0.6519607843137255 0.4362745098039216
2 0.6503267973856209 0.43137254901960786 0.6568627450980392 0.4411764705882353 0.6568627450980392 0.44607843137254904 0.6437908496732027 0.45098039215686275 0.6405228758169934 0.4485294117647059 0.6372549019607843 0.4583333333333333 0.630718954248366 0.45588235294117646 0.6339869281045751 0.45098039215686275 0.630718954248366 0.44607843137254904 0.6160130718954249 0.4411764705882353 0.6160130718954249 0.4338235294117647 0.6274509803921569 0.4264705882352941 0.6470588235294118 0.42892156862745096 0.6486928104575164 0.43137254901960786
2 0.6241830065359477 0.4411764705882353 0.6258169934640523 0.4387254901960784 0.6535947712418301 0.4411764705882353 0.6568627450980392 0.44607843137254904 0.6552287581699346 0.45588235294117646 0.6568627450980392 0.4583333333333333 0.6454248366013072 0.46078431372549017 0.6405228758169934 0.46568627450980393 0.619281045751634 0.4632352941176471 0.6176470588235294 0.45588235294117646 0.6225490196078431 0.4534313725490196 0.6258169934640523 0.4485294117647059 0.6258169934640523 0.44362745098039214
2 0.7058823529411765 0.5563725490196079 0.7303921568627451 0.5882352941176471 0.7271241830065359 0.5931372549019608 0.7205882352941176 0.5931372549019608 0.7091503267973857 0.5833333333333334 0.6797385620915033 0.5808823529411765 0.6715686274509803 0.571078431372549 0.6781045751633987 0.5612745098039216 0.6813725490196079 0.5612745098039216 0.6944444444444444 0.5490196078431373 0.6993464052287581 0.5490196078431373 0.704248366013072 0.5563725490196079
2 0.7189542483660131 0.5955882352941176 0.7287581699346405 0.6053921568627451 0.7189542483660131 0.6127450980392157 0.7124183006535948 0.6225490196078431 0.6911764705882353 0.625 0.6797385620915033 0.6299019607843137 0.6666666666666666 0.6299019607843137 0.6568627450980392 0.6225490196078431 0.6535947712418301 0.6176470588235294 0.6535947712418301 0.6127450980392157 0.6601307189542484 0.6053921568627451 0.6715686274509803 0.5980392156862745 0.6944444444444444 0.5931372549019608 0.7026143790849673 0.5857843137254902 0.7124183006535948 0.5882352941176471 0.7173202614379085 0.5955882352941176
2 0.6290849673202614 0.4068627450980392 0.6339869281045751 0.40931372549019607 0.6339869281045751 0.4166666666666667 0.6372549019607843 0.4215686274509804 0.6372549019607843 0.4264705882352941 0.6339869281045751 0.42892156862745096 0.6356209150326797 0.4338235294117647 0.6421568627450981 0.42401960784313725 0.6470588235294118 0.43137254901960786 0.6503267973856209 0.42892156862745096 0.6486928104575164 0.43137254901960786 0.6503267973856209 0.4338235294117647 0.6535947712418301 0.43137254901960786 0.6552287581699346 0.44362745098039214 0.6650326797385621 0.45588235294117646 0.6764705882352942 0.48284313725490197 0.6797385620915033 0.49264705882352944 0.6797385620915033 0.5049019607843137 0.6911764705882353 0.5196078431372549 0.6911764705882353 0.5343137254901961 0.696078431372549 0.5441176470588235 0.7336601307189542 0.5906862745098039 0.7336601307189542 0.5955882352941176 0.7303921568627451 0.6004901960784313 0.7320261437908496 0.6102941176470589 0.7679738562091504 0.6568627450980392 0.7663398692810458 0.6642156862745098 0.7483660130718954 0.6666666666666666 0.7450980392156863 0.6715686274509803 0.7483660130718954 0.6838235294117647 0.7516339869281046 0.6887254901960784 0.7516339869281046 0.6985294117647058 0.7549019607843137 0.7058823529411765 0.7549019607843137 0.7132352941176471 0.7647058823529411 0.7303921568627451 0.7630718954248366 0.7401960784313726 0.7450980392156863 0.75 0.7320261437908496 0.7647058823529411 0.7173202614379085 0.7720588235294118 0.6928104575163399 0.7720588235294118 0.6830065359477124 0.7671568627450981 0.6797385620915033 0.7622549019607843 0.6830065359477124 0.7475490196078431 0.6895424836601307 0.7352941176470589 0.6879084967320261 0.7303921568627451 0.6862745098039216 0.7328431372549019 0.6666666666666666 0.7352941176470589 0.6650326797385621 0.7377450980392157 0.6535947712418301 0.7377450980392157 0.6437908496732027 0.7328431372549019 0.6421568627450981 0.7279411764705882 0.6437908496732027 0.7181372549019608 0.6486928104575164 0.7034313725490197 0.6535947712418301 0.6985294117647058 0.6683006535947712 0.6887254901960784 0.6830065359477124 0.6862745098039216 0.6944444444444444 0.6764705882352942 0.7156862745098039 0.6691176470588235 0.7189542483660131 0.6642156862745098 0.7173202614379085 0.6617647058823529 0.7075163398692811 0.6617647058823529 0.696078431372549 0.6568627450980392 0.6911764705882353 0.6495098039215687 0.6895424836601307 0.6397058823529411 0.6911764705882353 0.6348039215686274 0.6879084967320261 0.6299019607843137 0.6813725490196079 0.6323529411764706 0.6666666666666666 0.6299019607843137 0.6535947712418301 0.6151960784313726 0.6584967320261438 0.6078431372549019 0.6699346405228758 0.6004901960784313 0.673202614379085 0.5955882352941176 0.684640522875817 0.5931372549019608 0.6862745098039216 0.5906862745098039 0.684640522875817 0.5882352941176471 0.6715686274509803 0.5735294117647058 0.6683006535947712 0.5735294117647058 0.6601307189542484 0.5588235294117647 0.6323529411764706 0.5588235294117647 0.6339869281045751 0.553921568627451 0.6454248366013072 0.5441176470588235 0.6503267973856209 0.5367647058823529 0.6503267973856209 0.5318627450980392 0.6454248366013072 0.5269607843137255 0.6454248366013072 0.5220588235294118 0.6486928104575164 0.5171568627450981 0.6470588235294118 0.5098039215686274 0.6437908496732027 0.5122549019607843 0.6290849673202614 0.5098039215686274 0.6290849673202614 0.5049019607843137 0.6437908496732027 0.4877450980392157 0.6339869281045751 0.4730392156862745 0.6339869281045751 0.4681372549019608 0.630718954248366 0.4632352941176471 0.6241830065359477 0.46078431372549017 0.6241830065359477 0.45588235294117646 0.6274509803921569 0.4534313725490196 0.6274509803921569 0.4485294117647059 0.619281045751634 0.4387254901960784 0.6258169934640523 0.4338235294117647 0.6241830065359477 0.42892156862745096 0.6258169934640523 0.4215686274509804 0.6323529411764706 0.4166666666666667 0.6290849673202614 0.40931372549019607
2 0.684640522875817 0.5318627450980392 0.6895424836601307 0.5343137254901961 0.704248366013072 0.5563725490196079 0.7205882352941176 0.5735294117647058 0.7303921568627451 0.5882352941176471 0.7303921568627451 0.5931372549019608 0.7189542483660131 0.5931372549019608 0.7058823529411765 0.5833333333333334 0.6977124183006536 0.5857843137254902 0.696078431372549 0.5833333333333334 0.6781045751633987 0.5808823529411765 0.6699346405228758 0.571078431372549 0.6683006535947712 0.5686274509803921 0.6699346405228758 0.5490196078431373 0.673202614379085 0.5465686274509803 0.6764705882352942 0.553921568627451 0.6813725490196079 0.553921568627451 0.684640522875817 0.5490196078431373 0.6830065359477124 0.5465686274509803 0.6895424836601307 0.5416666666666666 0.6862745098039216 0.5318627450980392
2 0.7205882352941176 0.7132352941176471 0.7303921568627451 0.7132352941176471 0.738562091503268 0.7083333333333334 0.7467320261437909 0.7083333333333334 0.7630718954248366 0.7279411764705882 0.761437908496732 0.7377450980392157 0.75 0.7475490196078431 0.7434640522875817 0.75 0.738562091503268 0.7573529411764706 0.7271241830065359 0.7671568627450981 0.7173202614379085 0.7720588235294118 0.6911764705882353 0.7720588235294118 0.6813725490196079 0.7647058823529411 0.6830065359477124 0.75 0.696078431372549 0.7279411764705882 0.7205882352941176 0.7156862745098039
2 0.7401960784313726 0.6642156862745098 0.7450980392156863 0.6740196078431373 0.7483660130718954 0.6887254901960784 0.7483660130718954 0.6985294117647058 0.7450980392156863 0.7034313725490197 0.7352941176470589 0.7083333333333334 0.7271241830065359 0.7230392156862745 0.7222222222222222 0.7181372549019608 0.7107843137254902 0.7181372549019608 0.6928104575163399 0.7279411764705882 0.6862745098039216 0.7279411764705882 0.6813725490196079 0.7328431372549019 0.6633986928104575 0.7352941176470589 0.6617647058823529 0.7377450980392157 0.6535947712418301 0.7377450980392157 0.6421568627450981 0.7303921568627451 0.6470588235294118 0.7083333333333334 0.6535947712418301 0.6985294117647058 0.6617647058823529 0.6911764705882353 0.6781045751633987 0.6887254901960784 0.7009803921568627 0.6740196078431373 0.7075163398692811 0.6740196078431373 0.7303921568627451 0.6642156862745098 0.738562091503268 0.6642156862745098
2 0.6503267973856209 0.4877450980392157 0.6519607843137255 0.49019607843137253 0.6748366013071896 0.49019607843137253 0.6781045751633987 0.49264705882352944 0.6764705882352942 0.5049019607843137 0.6699346405228758 0.5122549019607843 0.6715686274509803 0.5147058823529411 0.6797385620915033 0.5147058823529411 0.6568627450980392 0.5122549019607843 0.6535947712418301 0.5171568627450981 0.6503267973856209 0.5171568627450981 0.6470588235294118 0.5220588235294118 0.6470588235294118 0.5269607843137255 0.6421568627450981 0.5147058823529411 0.6290849673202614 0.5122549019607843 0.6241830065359477 0.5098039215686274 0.6241830065359477 0.5073529411764706 0.6339869281045751 0.4950980392156863 0.6486928104575164 0.4877450980392157
2 0.6617647058823529 0.45588235294117646 0.6715686274509803 0.4730392156862745 0.6633986928104575 0.47058823529411764 0.6552287581699346 0.47549019607843135 0.6405228758169934 0.4730392156862745 0.6372549019607843 0.46568627450980393 0.6405228758169934 0.46078431372549017 0.6454248366013072 0.46078431372549017 0.6503267973856209 0.45588235294117646 0.6535947712418301 0.4583333333333333 0.6601307189542484 0.45588235294117646
2 0.7303921568627451 0.6078431372549019 0.7581699346405228 0.6421568627450981 0.7679738562091504 0.6568627450980392 0.7663398692810458 0.6617647058823529 0.7075163398692811 0.6593137254901961 0.7009803921568627 0.6568627450980392 0.696078431372549 0.6495098039215687 0.696078431372549 0.6421568627450981 0.7091503267973857 0.6225490196078431 0.7124183006535948 0.6225490196078431 0.7205882352941176 0.6102941176470589 0.7287581699346405 0.6078431372549019