2 0.30392156862745096 0.6949891067538126 0.3088235294117647 0.7015250544662309 0.30718954248366015 0.7080610021786492 0.28594771241830064 0.7058823529411765 0.27941176470588236 0.7015250544662309 0.2875816993464052 0.6949891067538126 0.29411764705882354 0.6949891067538126 0.2957516339869281 0.6928104575163399 0.3022875816993464 0.6949891067538126
2 0.03594771241830065 0.7810457516339869 0.0392156862745098 0.023965141612200435
2 0.2581699346405229 0.7581699346405228 0.26143790849673204 0.7625272331154684 0.2565359477124183 0.7712418300653595 0.25980392156862747 0.775599128540305 0.26143790849673204 0.7843137254901961 0.2581699346405229 0.7908496732026143 0.25163398692810457 0.7952069716775599 0.24509803921568626 0.7952069716775599 0.24183006535947713 0.7908496732026143 0.24019607843137256 0.7799564270152506 0.23529411764705882 0.7734204793028322 0.23529411764705882 0.7690631808278867 0.24836601307189543 0.7603485838779956 0.2565359477124183 0.7581699346405228
2 0.119281045751634 0.7298474945533769 0.12091503267973856 0.7189542483660131 0.12581699346405228 0.7124183006535948 0.13562091503267973 0.7058823529411765 0.1503267973856209 0.7058823529411765 0.15196078431372548 0.7080610021786492 0.1503267973856209 0.7124183006535948 0.14215686274509803 0.7167755991285403 0.1323529411764706 0.7298474945533769 0.12091503267973856 0.7298474945533769
2 0.17647058823529413 0.8257080610021786 0.20098039215686275 0.8126361655773421 0.2238562091503268 0.8082788671023965 0.2222222222222222 0.8148148148148148 0.21568627450980393 0.8169934640522876 0.2107843137254902 0.8235294117647058 0.19117647058823528 0.8344226579520697 0.17647058823529413 0.8344226579520697 0.17483660130718953 0.8300653594771242 0.17647058823529413 0.8278867102396514
2 0.10620915032679738 0.7363834422657952 0.10620915032679738 0.7429193899782135 0.0915032679738562 0.7516339869281046 0.08333333333333333 0.7516339869281046 0.08169934640522876 0.7494553376906318 0.08333333333333333 0.7429193899782135 0.09313725490196079 0.7363834422657952 0.09967320261437909 0.7363834422657952 0.10130718954248366 0.7342047930283224 0.10457516339869281 0.7363834422657952
2 0.17973856209150327 0.8540305010893247 0.1895424836601307 0.8474945533769063 0.2107843137254902 0.8453159041394336 0.2107843137254902 0.8496732026143791 0.20588235294117646 0.8562091503267973 0.2042483660130719 0.8627450980392157 0.1895424836601307 0.8736383442265795 0.17973856209150327 0.8736383442265795 0.1781045751633987 0.8758169934640523 0.17483660130718953 0.8736383442265795 0.17973856209150327 0.8562091503267973
2 0.2973856209150327 0.7320261437908496 0.3006535947712418 0.7363834422657952 0.3006535947712418 0.7407407407407407 0.29411764705882354 0.7450980392156863 0.2875816993464052 0.7450980392156863 0.28431372549019607 0.7429193899782135 0.28431372549019607 0.738562091503268 0.2908496732026144 0.7320261437908496 0.2957516339869281 0.7320261437908496
2 0.28104575163398693 0.7211328976034859 0.28431372549019607 0.7233115468409586 0.2826797385620915 0.7298474945533769 0.2679738562091503 0.738562091503268 0.24509803921568626 0.7363834422657952 0.26143790849673204 0.7233115468409586 0.27941176470588236 0.7211328976034859
2 0.2581699346405229 0.775599128540305 0.26143790849673204 0.7799564270152506 0.25980392156862747 0.7886710239651417 0.25163398692810457 0.7952069716775599 0.24509803921568626 0.7952069716775599 0.24183006535947713 0.7908496732026143 0.24183006535947713 0.7843137254901961 0.24509803921568626 0.7799564270152506 0.2565359477124183 0.7777777777777778
2 0.4395424836601307 0.7494553376906318 0.4411764705882353 0.7581699346405228 0.43300653594771243 0.7647058823529411 0.4150326797385621 0.7647058823529411 0.4084967320261438 0.7603485838779956 0.4084967320261438 0.7538126361655774 0.4133986928104575 0.7472766884531591 0.4199346405228758 0.7450980392156863 0.43137254901960786 0.7450980392156863 0.43790849673202614 0.7494553376906318
2 0.16013071895424835 0.8954248366013072 0.16176470588235295 0.8997821350762527 0.1503267973856209 0.9084967320261438 0.1454248366013072 0.9193899782135077 0.13725490196078433 0.9302832244008714 0.12091503267973856 0.9389978213507625 0.11274509803921569 0.9389978213507625 0.10947712418300654 0.934640522875817 0.11437908496732026 0.9237472766884531 0.1323529411764706 0.9128540305010894 0.1503267973856209 0.8954248366013072 0.15849673202614378 0.8954248366013072
2 0.14869281045751634 0.9934640522875817 0.1503267973856209 0.9912854030501089 0.1503267973856209 0.9803921568627451 0.15522875816993464 0.9694989106753813 0.15522875816993464 0.9629629629629629 0.16013071895424835 0.9564270152505446 0.16830065359477125 0.954248366013072 0.1781045751633987 0.9433551198257081 0.1830065359477124 0.9411764705882353 0.18627450980392157 0.9455337690631809 0.18790849673202614 0.9629629629629629 0.18137254901960784 0.9782135076252724 0.17483660130718953 0.9869281045751634 0.16830065359477125 0.9912854030501089 0.15196078431372548 0.9934640522875817 0.1503267973856209 0.9956427015250545