2 0.14509803921568626 0.5350762527233115 0.18395424836601307 0.11089324618736383
2 0.38825163398692814 0.6138126361655774 0.061617647058823534 0.0722875816993464
2 0.4411764705882353 0.6309150326797385 0.04491830065359477 0.06289760348583878
2 0.5071895424836601 0.6680392156862744 0.05032679738562092 0.08270152505446624
2 0.03431372549019608 0.6908278867102396 0.056356209150326804 0.05200435729847495
2 0.08454248366013072 0.7018518518518518 0.030179738562091503 0.07949891067538127
2 0.1349673202614379 0.7218954248366014 0.03705882352941176 0.05424836601307189
2 0.18650326797385622 0.7334204793028322 0.03800653594771242 0.060936819172113285
2 0.24480392156862743 0.7402178649237473 0.040245098039215686 0.0473202614379085
2 0.29642156862745095 0.7514814814814815 0.03728758169934641 0.06440087145969499
2 0.3488888888888889 0.7631372549019607 0.04008169934640523 0.0659041394335512
2 0.41648692810457516 0.7633769063180827 0.02003267973856209 0.05549019607843137
2 0.4676470588235294 0.7893681917211329 0.03656862745098039 0.05302832244008714
2 0.5115686274509804 0.7881263616557734 0.030457516339869282 0.05054466230936819
2 0.5695915032679738 0.7920915032679738 0.04439542483660131 0.04758169934640523
2 0.6197222222222222 0.7935729847494554 0.0221078431372549 0.03965141612200435
2 0.6612418300653595 0.8132679738562092 0.03568627450980392 0.03
2 0.7119281045751634 0.8126579520697168 0.030866013071895425 0.056013071895424836
2 0.8668954248366012 0.31224400871459695 0.05893790849673203 0.10093681917211329
2 0.8898366013071896 0.4455773420479303 0.07620915032679738 0.11161220043572984
2 0.9488888888888889 0.5524183006535948 0.047254901960784315 0.0910893246187364
2 0.9549183006535947 0.35198257080610024 0.07975490196078432 0.12050108932461874
2 0.7291993464052288 0.7384967320261439 0.0817483660130719 0.06564270152505447
2 0.8336601307189543 0.765119825708061 0.10683006535947712 0.0916557734204793
2 0.9029248366013073 0.9418954248366013 0.057450980392156854 0.07485838779956427