2 0.7336601307189542 0.2107843137254902 0.7467320261437909 0.21568627450980393 0.7516339869281046 0.21323529411764705 0.7565359477124183 0.2181372549019608 0.761437908496732 0.2181372549019608 0.7777777777777778 0.22794117647058823 0.7794117647058824 0.23774509803921567 0.7761437908496732 0.25 0.7712418300653595 0.2549019607843137 0.7712418300653595 0.25980392156862747 0.7647058823529411 0.2696078431372549 0.7565359477124183 0.27450980392156865 0.7532679738562091 0.27941176470588236 0.7516339869281046 0.2916666666666667 0.7418300653594772 0.30637254901960786 0.7287581699346405 0.3161764705882353 0.7173202614379085 0.33088235294117646 0.7009803921568627 0.3382352941176471 0.6977124183006536 0.34558823529411764 0.6830065359477124 0.35784313725490197 0.6813725490196079 0.36764705882352944 0.6748366013071896 0.375 0.6764705882352942 0.38235294117647056 0.6748366013071896 0.3897058823529412 0.6813725490196079 0.40441176470588236 0.684640522875817 0.4068627450980392 0.6830065359477124 0.4117647058823529 0.6748366013071896 0.40931372549019607 0.6699346405228758 0.40441176470588236 0.6617647058823529 0.40441176470588236 0.6584967320261438 0.40931372549019607 0.6584967320261438 0.41421568627450983 0.6633986928104575 0.42401960784313725 0.6584967320261438 0.4215686274509804 0.6535947712418301 0.42401960784313725 0.6552287581699346 0.4215686274509804 0.6535947712418301 0.4166666666666667 0.6486928104575164 0.4166666666666667 0.6454248366013072 0.4215686274509804 0.6535947712418301 0.4338235294117647 0.6535947712418301 0.4411764705882353 0.6405228758169934 0.4485294117647059 0.6258169934640523 0.4632352941176471 0.6290849673202614 0.47058823529411764 0.6274509803921569 0.4730392156862745 0.6290849673202614 0.47794117647058826 0.6323529411764706 0.47794117647058826 0.6372549019607843 0.47058823529411764 0.6405228758169934 0.47058823529411764 0.6421568627450981 0.4803921568627451 0.6274509803921569 0.4877450980392157 0.6258169934640523 0.49264705882352944 0.6176470588235294 0.49019607843137253 0.6127450980392157 0.49754901960784315 0.6078431372549019 0.49754901960784315 0.6078431372549019 0.49264705882352944 0.6045751633986928 0.4877450980392157 0.6013071895424836 0.4877450980392157 0.5996732026143791 0.49019607843137253 0.6013071895424836 0.49754901960784315 0.5996732026143791 0.5024509803921569 0.5915032679738562 0.5 0.5898692810457516 0.5024509803921569 0.5915032679738562 0.5073529411764706 0.5866013071895425 0.5049019607843137 0.576797385620915 0.5122549019607843 0.5637254901960784 0.5098039215686274 0.5604575163398693 0.5 0.5522875816993464 0.5049019607843137 0.5522875816993464 0.5098039215686274 0.5571895424836601 0.5147058823529411 0.5571895424836601 0.5196078431372549 0.565359477124183 0.5269607843137255 0.576797385620915 0.5220588235294118 0.5816993464052288 0.5245098039215687 0.5947712418300654 0.5196078431372549 0.6143790849673203 0.5245098039215687 0.6078431372549019 0.5269607843137255 0.6045751633986928 0.5220588235294118 0.5964052287581699 0.5318627450980392 0.5980392156862745 0.5343137254901961 0.5947712418300654 0.5343137254901961 0.5882352941176471 0.5416666666666666 0.5833333333333334 0.5441176470588235 0.5669934640522876 0.5441176470588235 0.5637254901960784 0.5490196078431373 0.5555555555555556 0.5490196078431373 0.545751633986928 0.5416666666666666 0.5326797385620915 0.5367647058823529 0.5245098039215687 0.5367647058823529 0.511437908496732 0.5416666666666666 0.5081699346405228 0.5514705882352942 0.49836601307189543 0.5514705882352942 0.4934640522875817 0.5563725490196079 0.47549019607843135 0.5588235294117647 0.4738562091503268 0.5612745098039216 0.47549019607843135 0.5661764705882353 0.47875816993464054 0.5637254901960784 0.4852941176470588 0.5686274509803921 0.4934640522875817 0.5661764705882353 0.4918300653594771 0.5686274509803921 0.4934640522875817 0.5735294117647058 0.49836601307189543 0.571078431372549 0.5049019607843137 0.5735294117647058 0.4934640522875817 0.5735294117647058 0.48366013071895425 0.5784313725490197 0.4803921568627451 0.5833333333333334 0.46895424836601307 0.5857843137254902 0.4624183006535948 0.5906862745098039 0.4542483660130719 0.5906862745098039 0.4526143790849673 0.5980392156862745 0.46078431372549017 0.6053921568627451 0.46078431372549017 0.6151960784313726 0.46405228758169936 0.6176470588235294 0.46568627450980393 0.6078431372549019 0.46895424836601307 0.6078431372549019 0.4673202614379085 0.6102941176470589 0.47058823529411764 0.6151960784313726 0.477124183006536 0.6151960784313726 0.47875816993464054 0.6127450980392157 0.4852941176470588 0.6151960784313726 0.4869281045751634 0.6127450980392157 0.49019607843137253 0.6176470588235294 0.49673202614379086 0.6151960784313726 0.5081699346405228 0.6151960784313726 0.5081699346405228 0.6176470588235294 0.4869281045751634 0.6299019607843137 0.477124183006536 0.6323529411764706 0.4722222222222222 0.6372549019607843 0.46568627450980393 0.6372549019607843 0.46078431372549017 0.6421568627450981 0.4526143790849673 0.6421568627450981 0.4444444444444444 0.6470588235294118 0.42483660130718953 0.6495098039215687 0.4133986928104575 0.6544117647058824 0.4117647058823529 0.6519607843137255 0.4019607843137255 0.6519607843137255 0.3954248366013072 0.6421568627450981 0.4019607843137255 0.6323529411764706 0.40522875816993464 0.6323529411764706 0.4362745098039216 0.6102941176470589 0.4493464052287582 0.6053921568627451 0.45098039215686275 0.6029411764705882 0.4493464052287582 0.5955882352941176 0.44607843137254904 0.5980392156862745 0.4444444444444444 0.5955882352941176 0.43790849673202614 0.5955882352941176 0.434640522875817 0.6004901960784313 0.4297385620915033 0.5980392156862745 0.4133986928104575 0.6004901960784313 0.4019607843137255 0.6078431372549019 0.39215686274509803 0.6078431372549019 0.39052287581699346 0.6102941176470589 0.3741830065359477 0.6102941176470589 0.37254901960784315 0.6078431372549019 0.369281045751634 0.6127450980392157 0.37254901960784315 0.6151960784313726 0.35294117647058826 0.6200980392156863 0.3545751633986928 0.6151960784313726 0.35947712418300654 0.6127450980392157 0.3660130718954248 0.6151960784313726 0.369281045751634 0.6102941176470589 0.36764705882352944 0.6078431372549019 0.3758169934640523 0.5980392156862745 0.3839869281045752 0.5955882352941176 0.39869281045751637 0.5808823529411765 0.4068627450980392 0.5784313725490197 0.4084967320261438 0.5735294117647058 0.4133986928104575 0.5735294117647058 0.41830065359477125 0.5686274509803921 0.4215686274509804 0.5735294117647058 0.42320261437908496 0.5661764705882353 0.43137254901960786 0.5588235294117647 0.434640522875817 0.5637254901960784 0.4411764705882353 0.5588235294117647 0.4444444444444444 0.5637254901960784 0.45098039215686275 0.5637254901960784 0.4526143790849673 0.5612745098039216 0.4542483660130719 0.5661764705882353 0.4673202614379085 0.5661764705882353 0.4722222222222222 0.5563725490196079 0.46568627450980393 0.553921568627451 0.46568627450980393 0.5490196078431373 0.4738562091503268 0.5392156862745098 0.47058823529411764 0.5343137254901961 0.4624183006535948 0.5343137254901961 0.4624183006535948 0.5318627450980392 0.477124183006536 0.5220588235294118 0.49019607843137253 0.5073529411764706 0.5016339869281046 0.5049019607843137 0.5147058823529411 0.49754901960784315 0.5359477124183006 0.4950980392156863 0.5424836601307189 0.4877450980392157 0.545751633986928 0.49264705882352944 0.5490196078431373 0.4877450980392157 0.5522875816993464 0.49754901960784315 0.5620915032679739 0.49754901960784315 0.5637254901960784 0.49264705882352944 0.576797385620915 0.49019607843137253 0.5784313725490197 0.4877450980392157 0.5735294117647058 0.48284313725490197 0.5702614379084967 0.4852941176470588 0.553921568627451 0.47549019607843135 0.5506535947712419 0.47794117647058826 0.5326797385620915 0.47549019607843135 0.5326797385620915 0.4730392156862745 0.5441176470588235 0.4632352941176471 0.5490196078431373 0.45588235294117646 0.5490196078431373 0.45098039215686275 0.5310457516339869 0.44362745098039214 0.5408496732026143 0.43137254901960786 0.5751633986928104 0.4117647058823529 0.5866013071895425 0.39705882352941174 0.5980392156862745 0.39215686274509803 0.6013071895424836 0.38480392156862747 0.6143790849673203 0.37745098039215685 0.6274509803921569 0.36519607843137253 0.6405228758169934 0.35784313725490197 0.6519607843137255 0.3553921568627451 0.6535947712418301 0.35049019607843135 0.6699346405228758 0.34068627450980393 0.6830065359477124 0.3235294117647059 0.6977124183006536 0.3137254901960784 0.7058823529411765 0.3014705882352941 0.7173202614379085 0.29411764705882354 0.7238562091503268 0.28431372549019607 0.7254901960784313 0.27450980392156865 0.7418300653594772 0.2622549019607843 0.75 0.25 0.75 0.24509803921568626 0.7532679738562091 0.24019607843137256 0.7516339869281046 0.23039215686274508 0.7450980392156863 0.22058823529411764 0.738562091503268 0.22058823529411764 0.7336601307189542 0.21323529411764705
2 0.619281045751634 0.42401960784313725 0.6225490196078431 0.43137254901960786 0.6470588235294118 0.42892156862745096 0.6535947712418301 0.4338235294117647 0.6552287581699346 0.4387254901960784 0.6519607843137255 0.44362745098039214 0.6437908496732027 0.44607843137254904 0.630718954248366 0.4583333333333333 0.6225490196078431 0.46078431372549017 0.619281045751634 0.46568627450980393 0.6241830065359477 0.4681372549019608 0.6209150326797386 0.4681372549019608 0.6160130718954249 0.4730392156862745 0.6111111111111112 0.46568627450980393 0.6062091503267973 0.46568627450980393 0.6078431372549019 0.4632352941176471 0.5980392156862745 0.4534313725490196 0.5816993464052288 0.4534313725490196 0.5686274509803921 0.46568627450980393 0.565359477124183 0.46568627450980393 0.5620915032679739 0.4730392156862745 0.5392156862745098 0.4730392156862745 0.5375816993464052 0.47549019607843135 0.5310457516339869 0.47549019607843135 0.5359477124183006 0.4681372549019608 0.5620915032679739 0.44607843137254904 0.5718954248366013 0.44362745098039214 0.5784313725490197 0.4387254901960784 0.5915032679738562 0.4387254901960784 0.5947712418300654 0.4338235294117647 0.6078431372549019 0.4264705882352941 0.6111111111111112 0.42892156862745096 0.6176470588235294 0.42892156862745096 0.619281045751634 0.4264705882352941
2 0.7516339869281046 0.26715686274509803 0.7581699346405228 0.27205882352941174 0.7598039215686274 0.2769607843137255 0.7532679738562091 0.2818627450980392 0.7532679738562091 0.28921568627450983 0.7401960784313726 0.3088235294117647 0.7287581699346405 0.3161764705882353 0.7189542483660131 0.33088235294117646 0.7009803921568627 0.3382352941176471 0.696078431372549 0.3480392156862745 0.6862745098039216 0.3553921568627451 0.6813725490196079 0.36764705882352944 0.6748366013071896 0.375 0.6764705882352942 0.38235294117647056 0.6748366013071896 0.3897058823529412 0.6781045751633987 0.39215686274509803 0.684640522875817 0.4068627450980392 0.684640522875817 0.41421568627450983 0.6601307189542484 0.4019607843137255 0.6568627450980392 0.4117647058823529 0.6601307189542484 0.41911764705882354 0.6568627450980392 0.41911764705882354 0.6535947712418301 0.4117647058823529 0.6486928104575164 0.4166666666666667 0.6470588235294118 0.4166666666666667 0.6486928104575164 0.41421568627450983 0.6470588235294118 0.4117647058823529 0.6356209150326797 0.41421568627450983 0.6290849673202614 0.41911764705882354 0.6225490196078431 0.4166666666666667 0.619281045751634 0.4264705882352941 0.6225490196078431 0.43137254901960786 0.6274509803921569 0.4264705882352941 0.6258169934640523 0.42401960784313725 0.6290849673202614 0.42401960784313725 0.6339869281045751 0.4338235294117647 0.6045751633986928 0.4387254901960784 0.5996732026143791 0.44362745098039214 0.6013071895424836 0.4485294117647059 0.5980392156862745 0.4534313725490196 0.5947712418300654 0.45098039215686275 0.5915032679738562 0.4534313725490196 0.5898692810457516 0.45098039215686275 0.5784313725490197 0.4534313725490196 0.5718954248366013 0.4583333333333333 0.5669934640522876 0.4583333333333333 0.5637254901960784 0.46568627450980393 0.5604575163398693 0.46568627450980393 0.5571895424836601 0.47058823529411764 0.5506535947712419 0.47058823529411764 0.5490196078431373 0.4730392156862745 0.5392156862745098 0.4730392156862745 0.5375816993464052 0.47058823529411764 0.5473856209150327 0.45588235294117646 0.545751633986928 0.4485294117647059 0.5326797385620915 0.44362745098039214 0.5392156862745098 0.4338235294117647 0.545751633986928 0.43137254901960786 0.5571895424836601 0.4215686274509804 0.5669934640522876 0.41911764705882354 0.5702614379084967 0.41421568627450983 0.576797385620915 0.4117647058823529 0.5882352941176471 0.39705882352941174 0.5964052287581699 0.39705882352941174 0.5980392156862745 0.39950980392156865 0.6029411764705882 0.39705882352941174 0.6062091503267973 0.39215686274509803 0.6045751633986928 0.3872549019607843 0.6078431372549019 0.3872549019607843 0.6127450980392157 0.38235294117647056 0.6160130718954249 0.3872549019607843 0.6290849673202614 0.38480392156862747 0.6323529411764706 0.3799019607843137 0.6290849673202614 0.37745098039215685 0.6290849673202614 0.36764705882352944 0.630718954248366 0.36519607843137253 0.6421568627450981 0.36519607843137253 0.6437908496732027 0.3700980392156863 0.6503267973856209 0.3602941176470588 0.6568627450980392 0.35784313725490197 0.6601307189542484 0.35294117647058826 0.6715686274509803 0.35049019607843135 0.6781045751633987 0.3431372549019608 0.6781045751633987 0.33578431372549017 0.6813725490196079 0.33578431372549017 0.6862745098039216 0.33088235294117646 0.6895424836601307 0.3235294117647059 0.7026143790849673 0.3161764705882353 0.7058823529411765 0.3088235294117647 0.7091503267973857 0.3088235294117647 0.7205882352941176 0.29411764705882354 0.7369281045751634 0.28921568627450983 0.7401960784313726 0.2818627450980392 0.738562091503268 0.27941176470588236 0.7336601307189542 0.2818627450980392 0.7303921568627451 0.27450980392156865 0.75 0.26715686274509803
2 0.7303921568627451 0.8799019607843137 0.7320261437908496 0.8823529411764706 0.7516339869281046 0.8823529411764706 0.7532679738562091 0.8848039215686274 0.7630718954248366 0.8848039215686274 0.7647058823529411 0.8823529411764706 0.7826797385620915 0.8823529411764706 0.7859477124183006 0.8848039215686274 0.8202614379084967 0.946078431372549 0.8202614379084967 0.9509803921568627 0.8300653594771242 0.9730392156862745 0.8333333333333334 0.9754901960784313 0.8366013071895425 0.9901960784313726 0.8284313725490197 0.9975490196078431 0.7990196078431373 0.9975490196078431 0.7973856209150327 0.9950980392156863 0.7712418300653595 0.9950980392156863 0.7696078431372549 0.9975490196078431 0.7450980392156863 0.9975490196078431 0.7434640522875817 0.9950980392156863 0.7303921568627451 0.9950980392156863 0.7287581699346405 0.9975490196078431 0.6764705882352942 0.9975490196078431 0.6666666666666666 0.9926470588235294 0.6486928104575164 0.9926470588235294 0.6388888888888888 0.9975490196078431 0.6225490196078431 0.9975490196078431 0.6209150326797386 0.9926470588235294 0.6388888888888888 0.9485294117647058 0.6568627450980392 0.9240196078431373 0.6699346405228758 0.9142156862745098 0.6813725490196079 0.8970588235294118 0.6928104575163399 0.8872549019607843 0.7058823529411765 0.8848039215686274 0.7075163398692811 0.8823529411764706 0.7254901960784313 0.8823529411764706 0.7287581699346405 0.8799019607843137
2 0.5294117647058824 0.7843137254901961 0.5310457516339869 0.7867647058823529 0.5392156862745098 0.7867647058823529 0.5408496732026143 0.7843137254901961 0.5686274509803921 0.7867647058823529 0.5735294117647058 0.7916666666666666 0.576797385620915 0.7916666666666666 0.5931372549019608 0.8112745098039216 0.6094771241830066 0.8235294117647058 0.6127450980392157 0.8235294117647058 0.6258169934640523 0.8406862745098039 0.6290849673202614 0.8504901960784313 0.6290849673202614 0.8676470588235294 0.6258169934640523 0.8799019607843137 0.6111111111111112 0.8995098039215687 0.6013071895424836 0.9044117647058824 0.5915032679738562 0.9191176470588235 0.5882352941176471 0.9191176470588235 0.5849673202614379 0.9240196078431373 0.5784313725490197 0.9240196078431373 0.5702614379084967 0.9338235294117647 0.5604575163398693 0.9387254901960784 0.5490196078431373 0.9509803921568627 0.5277777777777778 0.9558823529411765 0.5081699346405228 0.9730392156862745 0.5049019607843137 0.9730392156862745 0.5016339869281046 0.9779411764705882 0.4918300653594771 0.9779411764705882 0.46568627450980393 0.9926470588235294 0.4493464052287582 0.9926470588235294 0.4477124183006536 0.9950980392156863 0.38562091503267976 0.9950980392156863 0.3839869281045752 0.9926470588235294 0.369281045751634 0.9926470588235294 0.3709150326797386 0.9901960784313726 0.3627450980392157 0.9852941176470589 0.3611111111111111 0.9803921568627451 0.35947712418300654 0.9828431372549019 0.3545751633986928 0.9803921568627451 0.3545751633986928 0.9754901960784313 0.34967320261437906 0.9656862745098039 0.3464052287581699 0.9632352941176471 0.33169934640522875 0.9632352941176471 0.32679738562091504 0.9534313725490197 0.31862745098039214 0.946078431372549 0.3137254901960784 0.9240196078431373 0.3137254901960784 0.9117647058823529 0.3104575163398693 0.9044117647058824 0.31209150326797386 0.8872549019607843 0.31862745098039214 0.8774509803921569 0.3382352941176471 0.8651960784313726 0.3872549019607843 0.8578431372549019 0.4068627450980392 0.8455882352941176 0.4199346405228758 0.8308823529411765 0.42483660130718953 0.8284313725490197 0.44281045751633985 0.8284313725490197 0.4477124183006536 0.8235294117647058 0.4624183006535948 0.8186274509803921 0.4722222222222222 0.8088235294117647 0.5 0.803921568627451 0.5049019607843137 0.7965686274509803 0.5081699346405228 0.7990196078431373 0.5147058823529411 0.7916666666666666 0.5277777777777778 0.7867647058823529
2 0.545751633986928 0.49019607843137253 0.5816993464052288 0.4877450980392157 0.6323529411764706 0.4681372549019608 0.6503267973856209 0.4681372549019608 0.6535947712418301 0.4730392156862745 0.6209150326797386 0.49754901960784315 0.5784313725490197 0.5147058823529411 0.5669934640522876 0.5147058823529411 0.5588235294117647 0.5073529411764706 0.5490196078431373 0.5073529411764706 0.5408496732026143 0.49754901960784315 0.5277777777777778 0.5 0.5179738562091504 0.5073529411764706 0.5130718954248366 0.5073529411764706 0.5081699346405228 0.5171568627450981 0.5 0.5245098039215687 0.4803921568627451 0.5343137254901961 0.46568627450980393 0.5343137254901961 0.46405228758169936 0.5367647058823529 0.4591503267973856 0.5367647058823529 0.4591503267973856 0.5343137254901961 0.49019607843137253 0.5073529411764706 0.5098039215686274 0.5073529411764706 0.5163398692810458 0.5024509803921569 0.5277777777777778 0.5 0.5343137254901961 0.49264705882352944 0.5424836601307189 0.5 0.545751633986928 0.49264705882352944
2 0.6209150326797386 0.5490196078431373 0.6225490196078431 0.553921568627451 0.6160130718954249 0.5637254901960784 0.5882352941176471 0.5833333333333334 0.5604575163398693 0.5955882352941176 0.5441176470588235 0.5980392156862745 0.5375816993464052 0.6078431372549019 0.5147058823529411 0.6151960784313726 0.46568627450980393 0.6397058823529411 0.4526143790849673 0.6421568627450981 0.4362745098039216 0.6495098039215687 0.42483660130718953 0.6495098039215687 0.4150326797385621 0.6544117647058824 0.4035947712418301 0.6544117647058824 0.40032679738562094 0.6519607843137255 0.3937908496732026 0.6421568627450981 0.39705882352941174 0.6348039215686274 0.40522875816993464 0.6323529411764706 0.43137254901960786 0.6127450980392157 0.4493464052287582 0.6078431372549019 0.4542483660130719 0.6004901960784313 0.4526143790849673 0.5980392156862745 0.4591503267973856 0.5955882352941176 0.46568627450980393 0.5980392156862745 0.4803921568627451 0.5833333333333334 0.5130718954248366 0.5759803921568627 0.5212418300653595 0.571078431372549 0.5359477124183006 0.5686274509803921 0.5473856209150327 0.5612745098039216 0.553921568627451 0.5612745098039216 0.5718954248366013 0.553921568627451 0.5800653594771242 0.553921568627451 0.5816993464052288 0.5514705882352942 0.5898692810457516 0.5514705882352942 0.5915032679738562 0.5490196078431373 0.619281045751634 0.5490196078431373
2 0.4869281045751634 0.6838235294117647 0.5 0.696078431372549 0.5081699346405228 0.6985294117647058 0.511437908496732 0.7034313725490197 0.5228758169934641 0.7107843137254902 0.5196078431372549 0.7181372549019608 0.49673202614379086 0.7303921568627451 0.48856209150326796 0.7377450980392157 0.4803921568627451 0.7401960784313726 0.46895424836601307 0.75 0.4542483660130719 0.7524509803921569 0.4395424836601307 0.7622549019607843 0.40522875816993464 0.7696078431372549 0.3937908496732026 0.7745098039215687 0.3888888888888889 0.7794117647058824 0.36437908496732024 0.7843137254901961 0.3627450980392157 0.7867647058823529 0.3382352941176471 0.7843137254901961 0.3366013071895425 0.7745098039215687 0.3464052287581699 0.7598039215686274 0.3562091503267974 0.7549019607843137 0.3741830065359477 0.7352941176470589 0.4117647058823529 0.7107843137254902 0.4199346405228758 0.6985294117647058 0.4297385620915033 0.696078431372549 0.44607843137254904 0.6838235294117647 0.46405228758169936 0.6838235294117647 0.46568627450980393 0.6813725490196079 0.4852941176470588 0.6838235294117647
2 0.553921568627451 0.6225490196078431 0.5931372549019608 0.6372549019607843 0.6029411764705882 0.6372549019607843 0.6045751633986928 0.6397058823529411 0.6160130718954249 0.6372549019607843 0.6176470588235294 0.6397058823529411 0.6372549019607843 0.6421568627450981 0.6437908496732027 0.6446078431372549 0.6486928104575164 0.6519607843137255 0.6486928104575164 0.6568627450980392 0.6454248366013072 0.6617647058823529 0.619281045751634 0.678921568627451 0.6094771241830066 0.6813725490196079 0.6045751633986928 0.6862745098039216 0.5947712418300654 0.6887254901960784 0.5849673202614379 0.696078431372549 0.5702614379084967 0.6985294117647058 0.5637254901960784 0.7034313725490197 0.5555555555555556 0.7034313725490197 0.553921568627451 0.7058823529411765 0.5343137254901961 0.7058823529411765 0.5212418300653595 0.696078431372549 0.5130718954248366 0.696078431372549 0.5081699346405228 0.6887254901960784 0.5032679738562091 0.6887254901960784 0.5 0.6838235294117647 0.4934640522875817 0.6813725490196079 0.48856209150326796 0.6740196078431373 0.4934640522875817 0.6642156862745098 0.49019607843137253 0.6593137254901961 0.48366013071895425 0.6568627450980392 0.48856209150326796 0.6495098039215687 0.4950980392156863 0.6495098039215687 0.5130718954248366 0.6421568627450981 0.5294117647058824 0.6274509803921569 0.5522875816993464 0.6225490196078431
2 0.5424836601307189 0.5073529411764706 0.5441176470588235 0.5098039215686274 0.553921568627451 0.5098039215686274 0.5702614379084967 0.5196078431372549 0.5882352941176471 0.5196078431372549 0.5980392156862745 0.5147058823529411 0.6209150326797386 0.5147058823529411 0.619281045751634 0.5220588235294118 0.6143790849673203 0.5269607843137255 0.5915032679738562 0.5416666666666666 0.5866013071895425 0.5416666666666666 0.5800653594771242 0.5465686274509803 0.5718954248366013 0.5465686274509803 0.5702614379084967 0.5490196078431373 0.5555555555555556 0.5514705882352942 0.5392156862745098 0.5392156862745098 0.5294117647058824 0.5367647058823529 0.5277777777777778 0.5392156862745098 0.5098039215686274 0.5416666666666666 0.4918300653594771 0.553921568627451 0.47058823529411764 0.553921568627451 0.4673202614379085 0.5514705882352942 0.4673202614379085 0.5465686274509803 0.47549019607843135 0.5367647058823529 0.4852941176470588 0.5343137254901961 0.5163398692810458 0.5122549019607843 0.5408496732026143 0.5073529411764706
2 0.7450980392156863 0.22058823529411764 0.7532679738562091 0.2181372549019608 0.7663398692810458 0.23284313725490197 0.7647058823529411 0.2426470588235294 0.7663398692810458 0.24754901960784315 0.7647058823529411 0.25735294117647056 0.7663398692810458 0.25980392156862747 0.7630718954248366 0.2647058823529412 0.7647058823529411 0.27450980392156865 0.761437908496732 0.27941176470588236 0.7565359477124183 0.27941176470588236 0.7549019607843137 0.2867647058823529 0.7418300653594772 0.30637254901960786 0.7287581699346405 0.3161764705882353 0.7189542483660131 0.33088235294117646 0.704248366013072 0.3382352941176471 0.6993464052287581 0.3480392156862745 0.696078431372549 0.3480392156862745 0.684640522875817 0.35784313725490197 0.6813725490196079 0.3700980392156863 0.6748366013071896 0.37745098039215685 0.6764705882352942 0.38480392156862747 0.6748366013071896 0.3897058823529412 0.6781045751633987 0.39215686274509803 0.6781045751633987 0.39950980392156865 0.6813725490196079 0.4019607843137255 0.6797385620915033 0.4068627450980392 0.6813725490196079 0.41421568627450983 0.6797385620915033 0.4117647058823529 0.6715686274509803 0.4117647058823529 0.6650326797385621 0.40441176470588236 0.6633986928104575 0.4068627450980392 0.6650326797385621 0.40931372549019607 0.6633986928104575 0.4166666666666667 0.6650326797385621 0.42401960784313725 0.6617647058823529 0.42892156862745096 0.6470588235294118 0.42892156862745096 0.6421568627450981 0.43137254901960786 0.6405228758169934 0.4362745098039216 0.6209150326797386 0.4387254901960784 0.6143790849673203 0.44362745098039214 0.6094771241830066 0.44362745098039214 0.6078431372549019 0.44607843137254904 0.6094771241830066 0.4485294117647059 0.6127450980392157 0.4485294117647059 0.6160130718954249 0.4534313725490196 0.6258169934640523 0.4583333333333333 0.619281045751634 0.46078431372549017 0.6111111111111112 0.45588235294117646 0.5947712418300654 0.45588235294117646 0.5931372549019608 0.4583333333333333 0.5964052287581699 0.4632352941176471 0.6094771241830066 0.46568627450980393 0.6111111111111112 0.4681372549019608 0.6176470588235294 0.4681372549019608 0.619281045751634 0.46568627450980393 0.6241830065359477 0.4681372549019608 0.6339869281045751 0.4632352941176471 0.6405228758169934 0.4632352941176471 0.6388888888888888 0.46568627450980393 0.6405228758169934 0.4681372549019608 0.6535947712418301 0.4681372549019608 0.6552287581699346 0.46568627450980393 0.6535947712418301 0.4632352941176471 0.6584967320261438 0.46568627450980393 0.6535947712418301 0.4681372549019608 0.6535947712418301 0.4803921568627451 0.6486928104575164 0.4803921568627451 0.6470588235294118 0.4877450980392157 0.6405228758169934 0.4852941176470588 0.6388888888888888 0.4877450980392157 0.6421568627450981 0.49264705882352944 0.6372549019607843 0.5 0.6339869281045751 0.5 0.6290849673202614 0.5049019607843137 0.6258169934640523 0.5245098039215687 0.6209150326797386 0.5294117647058824 0.619281045751634 0.5367647058823529 0.6209150326797386 0.5416666666666666 0.6274509803921569 0.5441176470588235 0.6274509803921569 0.5514705882352942 0.630718954248366 0.5563725490196079 0.6290849673202614 0.5661764705882353 0.6356209150326797 0.5735294117647058 0.6552287581699346 0.5735294117647058 0.6568627450980392 0.5759803921568627 0.6715686274509803 0.5735294117647058 0.673202614379085 0.5784313725490197 0.6781045751633987 0.5735294117647058 0.6813725490196079 0.5735294117647058 0.6830065359477124 0.5808823529411765 0.6715686274509803 0.5857843137254902 0.673202614379085 0.5906862745098039 0.6781045751633987 0.5882352941176471 0.684640522875817 0.5980392156862745 0.6813725490196079 0.6078431372549019 0.6813725490196079 0.6176470588235294 0.6699346405228758 0.6176470588235294 0.6601307189542484 0.6127450980392157 0.6552287581699346 0.6200980392156863 0.6486928104575164 0.6200980392156863 0.6421568627450981 0.6299019607843137 0.6437908496732027 0.6323529411764706 0.6503267973856209 0.6323529411764706 0.6535947712418301 0.6274509803921569 0.6552287581699346 0.6323529411764706 0.6584967320261438 0.6323529411764706 0.6519607843137255 0.6397058823529411 0.6584967320261438 0.6495098039215687 0.6552287581699346 0.6617647058823529 0.6568627450980392 0.6666666666666666 0.6535947712418301 0.6715686274509803 0.6601307189542484 0.6764705882352942 0.6633986928104575 0.6838235294117647 0.6683006535947712 0.6862745098039216 0.6797385620915033 0.6862745098039216 0.6813725490196079 0.6838235294117647 0.7205882352941176 0.6838235294117647 0.7271241830065359 0.6887254901960784 0.7287581699346405 0.6936274509803921 0.7336601307189542 0.6936274509803921 0.7369281045751634 0.6985294117647058 0.738562091503268 0.7083333333333334 0.7369281045751634 0.7328431372549019 0.7336601307189542 0.7303921568627451 0.7320261437908496 0.7377450980392157 0.7189542483660131 0.7377450980392157 0.7091503267973857 0.75 0.673202614379085 0.7573529411764706 0.6683006535947712 0.7622549019607843 0.6683006535947712 0.7671568627450981 0.6584967320261438 0.7720588235294118 0.6552287581699346 0.7794117647058824 0.6503267973856209 0.7794117647058824 0.6470588235294118 0.7745098039215687 0.6405228758169934 0.7720588235294118 0.6356209150326797 0.7745098039215687 0.619281045751634 0.7647058823529411 0.6127450980392157 0.7549019607843137 0.6062091503267973 0.75 0.6029411764705882 0.7401960784313726 0.5964052287581699 0.7303921568627451 0.5947712418300654 0.7230392156862745 0.5833333333333334 0.7107843137254902 0.5784313725490197 0.7132352941176471 0.5816993464052288 0.7156862745098039 0.5751633986928104 0.7156862745098039 0.5702614379084967 0.7230392156862745 0.5669934640522876 0.7205882352941176 0.5637254901960784 0.7254901960784313 0.5571895424836601 0.7254901960784313 0.5555555555555556 0.7181372549019608 0.5506535947712419 0.7132352941176471 0.5473856209150327 0.7132352941176471 0.5392156862745098 0.7230392156862745 0.5408496732026143 0.7279411764705882 0.5392156862745098 0.7303921568627451 0.5343137254901961 0.7230392156862745 0.5277777777777778 0.7254901960784313 0.5212418300653595 0.7230392156862745 0.5049019607843137 0.7303921568627451 0.5032679738562091 0.7328431372549019 0.5049019607843137 0.7352941176470589 0.4950980392156863 0.7377450980392157 0.48856209150326796 0.7475490196078431 0.49019607843137253 0.75 0.4820261437908497 0.7598039215686274 0.4820261437908497 0.7647058823529411 0.49019607843137253 0.7696078431372549 0.5016339869281046 0.7916666666666666 0.5065359477124183 0.7916666666666666 0.511437908496732 0.7965686274509803 0.5179738562091504 0.7941176470588235 0.5294117647058824 0.7843137254901961 0.5326797385620915 0.7867647058823529 0.5392156862745098 0.7794117647058824 0.5473856209150327 0.7843137254901961 0.5490196078431373 0.7818627450980392 0.5506535947712419 0.7843137254901961 0.5637254901960784 0.7843137254901961 0.5702614379084967 0.7745098039215687 0.5686274509803921 0.7720588235294118 0.5718954248366013 0.7769607843137255 0.5751633986928104 0.7769607843137255 0.5816993464052288 0.7671568627450981 0.5849673202614379 0.7671568627450981 0.5849673202614379 0.7720588235294118 0.5915032679738562 0.7818627450980392 0.5996732026143791 0.7818627450980392 0.6045751633986928 0.7892156862745098 0.6290849673202614 0.7916666666666666 0.6339869281045751 0.7818627450980392 0.6405228758169934 0.7818627450980392 0.6421568627450981 0.7916666666666666 0.6143790849673203 0.7916666666666666 0.6111111111111112 0.7965686274509803 0.6127450980392157 0.7990196078431373 0.5996732026143791 0.7990196078431373 0.5980392156862745 0.8014705882352942 0.6013071895424836 0.8088235294117647 0.6127450980392157 0.8088235294117647 0.6078431372549019 0.8112745098039216 0.6062091503267973 0.8186274509803921 0.6143790849673203 0.8235294117647058 0.6160130718954249 0.8284313725490197 0.6225490196078431 0.8259803921568627 0.6258169934640523 0.8308823529411765 0.6274509803921569 0.8406862745098039 0.6356209150326797 0.8480392156862745 0.630718954248366 0.8553921568627451 0.6339869281045751 0.8651960784313726 0.630718954248366 0.875 0.6225490196078431 0.8823529411764706 0.6111111111111112 0.9044117647058824 0.6013071895424836 0.9044117647058824 0.5947712418300654 0.9142156862745098 0.5964052287581699 0.9215686274509803 0.5996732026143791 0.9215686274509803 0.6013071895424836 0.9166666666666666 0.6029411764705882 0.9240196078431373 0.6094771241830066 0.9215686274509803 0.6143790849673203 0.9240196078431373 0.6078431372549019 0.9264705882352942 0.6045751633986928 0.9240196078431373 0.6029411764705882 0.9264705882352942 0.6045751633986928 0.9338235294117647 0.6062091503267973 0.9313725490196079 0.6111111111111112 0.9313725490196079 0.6143790849673203 0.9362745098039216 0.6241830065359477 0.9362745098039216 0.6258169934640523 0.9338235294117647 0.6388888888888888 0.9411764705882353 0.6372549019607843 0.9436274509803921 0.6405228758169934 0.9485294117647058 0.6372549019607843 0.9534313725490197 0.6372549019607843 0.9632352941176471 0.6388888888888888 0.9656862745098039 0.6372549019607843 0.9779411764705882 0.6356209150326797 0.9803921568627451 0.6290849673202614 0.9779411764705882 0.6274509803921569 0.9803921568627451 0.6143790849673203 0.9803921568627451 0.6094771241830066 0.9730392156862745 0.6160130718954249 0.9632352941176471 0.6160130718954249 0.9583333333333334 0.619281045751634 0.9558823529411765 0.6160130718954249 0.9509803921568627 0.6078431372549019 0.9534313725490197 0.6094771241830066 0.9485294117647058 0.6143790849673203 0.946078431372549 0.6143790849673203 0.9387254901960784 0.6127450980392157 0.9362745098039216 0.6062091503267973 0.9411764705882353 0.6029411764705882 0.9387254901960784 0.5898692810457516 0.9387254901960784 0.5898692810457516 0.9362745098039216 0.5964052287581699 0.9362745098039216 0.5980392156862745 0.9338235294117647 0.5964052287581699 0.9313725490196079 0.5898692810457516 0.9313725490196079 0.5915032679738562 0.928921568627451 0.5898692810457516 0.9264705882352942 0.5866013071895425 0.9264705882352942 0.5833333333333334 0.9313725490196079 0.5751633986928104 0.9313725490196079 0.565359477124183 0.9387254901960784 0.5522875816993464 0.9607843137254902 0.545751633986928 0.9607843137254902 0.5408496732026143 0.9656862745098039 0.5179738562091504 0.9607843137254902 0.5147058823529411 0.9705882352941176 0.5081699346405228 0.9730392156862745 0.5049019607843137 0.9779411764705882 0.49019607843137253 0.9803921568627451 0.4852941176470588 0.9877450980392157 0.46895424836601307 0.9877450980392157 0.45588235294117646 0.9926470588235294 0.36764705882352944 0.9926470588235294 0.3660130718954248 0.9901960784313726 0.3627450980392157 0.9926470588235294 0.3431372549019608 0.9926470588235294 0.3382352941176471 0.9852941176470589 0.3349673202614379 0.9730392156862745 0.33169934640522875 0.9730392156862745 0.3300653594771242 0.9803921568627451 0.32679738562091504 0.9803921568627451 0.32516339869281047 0.9730392156862745 0.32189542483660133 0.9730392156862745 0.3202614379084967 0.9779411764705882 0.31699346405228757 0.9779411764705882 0.32189542483660133 0.9705882352941176 0.3202614379084967 0.9558823529411765 0.31699346405228757 0.9509803921568627 0.3137254901960784 0.9509803921568627 0.31209150326797386 0.9411764705882353 0.30718954248366015 0.9338235294117647 0.3088235294117647 0.9313725490196079 0.3055555555555556 0.9264705882352942 0.29901960784313725 0.9264705882352942 0.2973856209150327 0.9240196078431373 0.2908496732026144 0.9264705882352942 0.28921568627450983 0.9313725490196079 0.2875816993464052 0.9166666666666666 0.29248366013071897 0.9191176470588235 0.2973856209150327 0.9142156862745098 0.2973856209150327 0.9093137254901961 0.3055555555555556 0.9093137254901961 0.30718954248366015 0.8995098039215687 0.30392156862745096 0.8921568627450981 0.31862745098039214 0.8725490196078431 0.3382352941176471 0.8627450980392157 0.3611111111111111 0.8651960784313726 0.3758169934640523 0.8578431372549019 0.38235294117647056 0.8578431372549019 0.3937908496732026 0.8455882352941176 0.4035947712418301 0.8406862745098039 0.4150326797385621 0.8259803921568627 0.4215686274509804 0.8235294117647058 0.42483660130718953 0.8161764705882353 0.43137254901960786 0.8112745098039216 0.4444444444444444 0.821078431372549 0.44607843137254904 0.8186274509803921 0.4591503267973856 0.8161764705882353 0.4738562091503268 0.803921568627451 0.4803921568627451 0.803921568627451 0.4820261437908497 0.8014705882352942 0.48856209150326796 0.8014705882352942 0.49019607843137253 0.803921568627451 0.4950980392156863 0.7990196078431373 0.4918300653594771 0.7941176470588235 0.48366013071895425 0.7965686274509803 0.4820261437908497 0.7941176470588235 0.4820261437908497 0.7843137254901961 0.47058823529411764 0.7696078431372549 0.4673202614379085 0.7598039215686274 0.46078431372549017 0.7622549019607843 0.4624183006535948 0.7720588235294118 0.4591503267973856 0.7720588235294118 0.45588235294117646 0.7769607843137255 0.44607843137254904 0.7818627450980392 0.4444444444444444 0.7843137254901961 0.44607843137254904 0.7867647058823529 0.4444444444444444 0.7941176470588235 0.4411764705882353 0.7941176470588235 0.4395424836601307 0.7843137254901961 0.4362745098039216 0.7818627450980392 0.43790849673202614 0.7794117647058824 0.4444444444444444 0.7794117647058824 0.44607843137254904 0.7745098039215687 0.43790849673202614 0.7696078431372549 0.43137254901960786 0.7720588235294118 0.4297385620915033 0.7745098039215687 0.43137254901960786 0.7794117647058824 0.42320261437908496 0.7794117647058824 0.4199346405228758 0.7720588235294118 0.4150326797385621 0.7720588235294118 0.4019607843137255 0.7916666666666666 0.39705882352941174 0.7867647058823529 0.38562091503267976 0.7867647058823529 0.3839869281045752 0.7843137254901961 0.3741830065359477 0.7916666666666666 0.35130718954248363 0.7916666666666666 0.34967320261437906 0.7867647058823529 0.3415032679738562 0.7867647058823529 0.3382352941176471 0.7818627450980392 0.34477124183006536 0.7598039215686274 0.35130718954248363 0.7573529411764706 0.3562091503267974 0.7475490196078431 0.3660130718954248 0.7450980392156863 0.37254901960784315 0.7352941176470589 0.38562091503267976 0.7279411764705882 0.3888888888888889 0.7205882352941176 0.3954248366013072 0.7205882352941176 0.40032679738562094 0.7181372549019608 0.40522875816993464 0.7107843137254902 0.41013071895424835 0.7107843137254902 0.41830065359477125 0.696078431372549 0.4166666666666667 0.6936274509803921 0.4199346405228758 0.6887254901960784 0.41830065359477125 0.6838235294117647 0.42320261437908496 0.678921568627451 0.4215686274509804 0.6691176470588235 0.41013071895424835 0.6568627450980392 0.40522875816993464 0.6593137254901961 0.40522875816993464 0.6568627450980392 0.41013071895424835 0.6544117647058824 0.4035947712418301 0.6421568627450981 0.4084967320261438 0.6372549019607843 0.4068627450980392 0.6348039215686274 0.39869281045751637 0.6348039215686274 0.39705882352941174 0.6372549019607843 0.39705882352941174 0.6323529411764706 0.4035947712418301 0.6225490196078431 0.41013071895424835 0.6176470588235294 0.4133986928104575 0.6200980392156863 0.4199346405228758 0.6176470588235294 0.42810457516339867 0.6053921568627451 0.4264705882352941 0.6029411764705882 0.4199346405228758 0.6029411764705882 0.40032679738562094 0.6127450980392157 0.3839869281045752 0.6127450980392157 0.3741830065359477 0.6176470588235294 0.3660130718954248 0.6176470588235294 0.3611111111111111 0.6225490196078431 0.35130718954248363 0.6225490196078431 0.35130718954248363 0.6176470588235294 0.3545751633986928 0.6127450980392157 0.35784313725490197 0.6127450980392157 0.3709150326797386 0.6004901960784313 0.380718954248366 0.5955882352941176 0.39052287581699346 0.5857843137254902 0.4133986928104575 0.571078431372549 0.4166666666666667 0.5661764705882353 0.42320261437908496 0.5637254901960784 0.4297385620915033 0.5563725490196079 0.4624183006535948 0.5465686274509803 0.4673202614379085 0.5294117647058824 0.47058823529411764 0.5245098039215687 0.477124183006536 0.5220588235294118 0.4950980392156863 0.5024509803921569 0.5228758169934641 0.4950980392156863 0.5261437908496732 0.4877450980392157 0.5261437908496732 0.48284313725490197 0.5392156862745098 0.47549019607843135 0.5441176470588235 0.4681372549019608 0.5490196078431373 0.4681372549019608 0.553921568627451 0.46078431372549017 0.5522875816993464 0.4583333333333333 0.5424836601307189 0.46078431372549017 0.5408496732026143 0.4583333333333333 0.5424836601307189 0.4534313725490196 0.5473856209150327 0.4485294117647059 0.5441176470588235 0.44362745098039214 0.5408496732026143 0.44362745098039214 0.5490196078431373 0.4338235294117647 0.553921568627451 0.4338235294117647 0.5604575163398693 0.42401960784313725 0.5588235294117647 0.4215686274509804 0.5669934640522876 0.41911764705882354 0.5702614379084967 0.41421568627450983 0.5800653594771242 0.40931372549019607 0.5849673202614379 0.39950980392156865 0.5980392156862745 0.39215686274509803 0.6127450980392157 0.37745098039215685 0.619281045751634 0.37745098039215685 0.6225490196078431 0.37254901960784315 0.6258169934640523 0.37254901960784315 0.6290849673202614 0.36519607843137253 0.6568627450980392 0.35294117647058826 0.6584967320261438 0.3480392156862745 0.6617647058823529 0.3480392156862745 0.6666666666666666 0.34068627450980393 0.673202614379085 0.3382352941176471 0.6764705882352942 0.33088235294117646 0.684640522875817 0.3284313725490196 0.6944444444444444 0.3161764705882353 0.6993464052287581 0.3161764705882353 0.704248366013072 0.3088235294117647 0.7091503267973857 0.30637254901960786 0.7107843137254902 0.3014705882352941 0.7140522875816994 0.3014705882352941 0.7156862745098039 0.2965686274509804 0.7287581699346405 0.2867647058823529 0.7320261437908496 0.27941176470588236 0.7303921568627451 0.27450980392156865 0.7401960784313726 0.27205882352941174 0.7467320261437909 0.25980392156862747 0.7516339869281046 0.25735294117647056 0.7483660130718954 0.2549019607843137 0.7565359477124183 0.2426470588235294 0.75 0.23284313725490197 0.7516339869281046 0.23039215686274508 0.7467320261437909 0.22303921568627452
2 0.6421568627450981 0.6862745098039216 0.6437908496732027 0.6887254901960784 0.7271241830065359 0.6862745098039216 0.7320261437908496 0.6887254901960784 0.738562091503268 0.6985294117647058 0.7401960784313726 0.7083333333333334 0.7222222222222222 0.7230392156862745 0.7156862745098039 0.7254901960784313 0.7075163398692811 0.7352941176470589 0.7009803921568627 0.7377450980392157 0.6895424836601307 0.75 0.6748366013071896 0.7573529411764706 0.6683006535947712 0.7647058823529411 0.6584967320261438 0.7671568627450981 0.6535947712418301 0.7745098039215687 0.6339869281045751 0.7818627450980392 0.6274509803921569 0.7818627450980392 0.6258169934640523 0.7843137254901961 0.6029411764705882 0.7818627450980392 0.5816993464052288 0.7671568627450981 0.576797385620915 0.7598039215686274 0.5751633986928104 0.75 0.5637254901960784 0.7377450980392157 0.5637254901960784 0.7303921568627451 0.576797385620915 0.7156862745098039 0.5947712418300654 0.7132352941176471 0.6013071895424836 0.7034313725490197 0.6111111111111112 0.696078431372549 0.6405228758169934 0.6862745098039216