3 0.03758169934640523 0.06753812636165578 0.0392156862745098 0.06971677559912855 0.06699346405228758 0.06971677559912855 0.06862745098039216 0.0718954248366013 0.08823529411764706 0.0718954248366013 0.08986928104575163 0.07407407407407407 0.1568627450980392 0.0784313725490196 0.15849673202614378 0.08061002178649238 0.16993464052287582 0.08061002178649238 0.1830065359477124 0.08496732026143791 0.2107843137254902 0.08278867102396514 0.21241830065359477 0.08496732026143791 0.24836601307189543 0.08714596949891068 0.2581699346405229 0.0915032679738562 0.32679738562091504 0.09586056644880174 0.3382352941176471 0.10021786492374728 0.35130718954248363 0.10021786492374728 0.35294117647058826 0.09803921568627451 0.3562091503267974 0.10021786492374728 0.3888888888888889 0.10021786492374728 0.40032679738562094 0.10457516339869281 0.4199346405228758 0.10457516339869281 0.4264705882352941 0.10893246187363835 0.4542483660130719 0.10893246187363835 0.45588235294117646 0.1111111111111111 0.47058823529411764 0.1111111111111111 0.4722222222222222 0.11328976034858387 0.5 0.11328976034858387 0.5016339869281046 0.11546840958605664 0.5179738562091504 0.11546840958605664 0.5196078431372549 0.11764705882352941 0.5686274509803921 0.11764705882352941 0.5702614379084967 0.11982570806100218 0.5833333333333334 0.11982570806100218 0.5849673202614379 0.12200435729847495 0.6372549019607843 0.12418300653594772 0.6388888888888888 0.12636165577342048 0.6748366013071896 0.12636165577342048 0.6911764705882353 0.1328976034858388 0.7222222222222222 0.1328976034858388 0.7238562091503268 0.13507625272331156 0.8235294117647058 0.14161220043572983 0.8251633986928104 0.1437908496732026 0.8611111111111112 0.14596949891067537 0.8627450980392157 0.14814814814814814 0.8660130718954249 0.14596949891067537 0.8774509803921569 0.14596949891067537 0.8790849673202614 0.14814814814814814 0.9052287581699346 0.14814814814814814 0.9068627450980392 0.1503267973856209 0.9264705882352942 0.1503267973856209 0.9281045751633987 0.15250544662309368 0.946078431372549 0.15250544662309368 0.9477124183006536 0.15468409586056645 0.9754901960784313 0.15468409586056645 0.9771241830065359 0.1568627450980392 0.9950980392156863 0.1568627450980392 0.9983660130718954 0.15904139433551198 0.9983660130718954 0.1721132897603486 0.9591503267973857 0.1721132897603486 0.9575163398692811 0.16993464052287582 0.9248366013071896 0.1721132897603486 0.923202614379085 0.16993464052287582 0.9068627450980392 0.16993464052287582 0.8937908496732027 0.1655773420479303 0.8643790849673203 0.16339869281045752 0.8545751633986928 0.15904139433551198 0.8382352941176471 0.15904139433551198 0.8366013071895425 0.1568627450980392 0.8088235294117647 0.1568627450980392 0.8071895424836601 0.15468409586056645 0.795751633986928 0.1568627450980392 0.7941176470588235 0.15468409586056645 0.7794117647058824 0.15468409586056645 0.7777777777777778 0.15250544662309368 0.7189542483660131 0.1503267973856209 0.7173202614379085 0.14814814814814814 0.6993464052287581 0.14596949891067537 0.6944444444444444 0.14161220043572983 0.6895424836601307 0.14161220043572983 0.6764705882352942 0.14814814814814814 0.673202614379085 0.1437908496732026 0.6633986928104575 0.1394335511982571 0.6013071895424836 0.13725490196078433 0.5866013071895425 0.1328976034858388 0.5637254901960784 0.1328976034858388 0.553921568627451 0.12854030501089325 0.5147058823529411 0.12854030501089325 0.5081699346405228 0.12418300653594772 0.4722222222222222 0.12418300653594772 0.47058823529411764 0.12200435729847495 0.4542483660130719 0.12200435729847495 0.44281045751633985 0.11764705882352941 0.39215686274509803 0.11546840958605664 0.38235294117647056 0.1111111111111111 0.35947712418300654 0.11328976034858387 0.35784313725490197 0.1111111111111111 0.3464052287581699 0.1111111111111111 0.34477124183006536 0.10893246187363835 0.32189542483660133 0.10675381263616558 0.3202614379084967 0.10457516339869281 0.3006535947712418 0.10675381263616558 0.29901960784313725 0.10457516339869281 0.2777777777777778 0.10457516339869281 0.2761437908496732 0.10239651416122005 0.25980392156862747 0.10239651416122005 0.2581699346405229 0.10021786492374728 0.23529411764705882 0.10021786492374728 0.22058823529411764 0.09368191721132897 0.20261437908496732 0.09368191721132897 0.1977124183006536 0.09586056644880174 0.19607843137254902 0.09368191721132897 0.18137254901960784 0.09368191721132897 0.17973856209150327 0.0915032679738562 0.15849673202614378 0.0915032679738562 0.14705882352941177 0.08714596949891068 0.09803921568627451 0.08278867102396514 0.09640522875816994 0.08061002178649238 0.06699346405228758 0.0784313725490196 0.06535947712418301 0.07625272331154684 0 0.07407407407407407 0 0.0718954248366013 0.016339869281045753 0.0718954248366013 0.021241830065359478 0.06753812636165578 0.03594771241830065 0.06753812636165578
3 0 0.46187363834422657 0.004901960784313725 0.46187363834422657 0.014705882352941176 0.4684095860566449 0.029411764705882353 0.47276688453159044 0.042483660130718956 0.48366013071895425 0.05718954248366013 0.49019607843137253 0.06862745098039216 0.4989106753812636 0.0784313725490196 0.5010893246187363 0.09477124183006536 0.5098039215686274 0.11437908496732026 0.5250544662309368 0.1323529411764706 0.5337690631808278 0.13725490196078433 0.5337690631808278 0.15522875816993464 0.5446623093681917 0.16176470588235295 0.5446623093681917 0.16993464052287582 0.5533769063180828 0.18790849673202614 0.5599128540305011 0.19444444444444445 0.5664488017429193 0.2173202614379085 0.5773420479302832 0.22875816993464052 0.5860566448801743 0.26143790849673204 0.599128540305011 0.2679738562091503 0.6056644880174292 0.28594771241830064 0.6143790849673203 0.2973856209150327 0.6252723311546841 0.3055555555555556 0.6296296296296297 0.3088235294117647 0.6405228758169934 0.3202614379084967 0.6535947712418301 0.3431372549019608 0.6492374727668845 0.4019607843137255 0.6710239651416122 0.4362745098039216 0.6971677559912854 0.4526143790849673 0.7037037037037037 0.45588235294117646 0.7080610021786492 0.47549019607843135 0.7167755991285403 0.49019607843137253 0.7276688453159041 0.5147058823529411 0.7363834422657952 0.5326797385620915 0.7472766884531591 0.5375816993464052 0.7472766884531591 0.576797385620915 0.7734204793028322 0.5915032679738562 0.7777777777777778 0.6029411764705882 0.7864923747276689 0.6323529411764706 0.7973856209150327 0.6519607843137255 0.8104575163398693 0.684640522875817 0.8213507625272332 0.7222222222222222 0.8474945533769063 0.7467320261437909 0.8583877995642701 0.7581699346405228 0.869281045751634 0.7728758169934641 0.8758169934640523 0.7843137254901961 0.8867102396514162 0.7908496732026143 0.8888888888888888 0.8120915032679739 0.9041394335511983 0.8218954248366013 0.906318082788671 0.8398692810457516 0.9193899782135077 0.8480392156862745 0.9215686274509803 0.8513071895424836 0.9259259259259259 0.8774509803921569 0.9389978213507625 0.9003267973856209 0.954248366013072 0.9150326797385621 0.9586056644880174 0.9330065359477124 0.9694989106753813 0.946078431372549 0.971677559912854 0.9575163398692811 0.9825708061002179 0.9705882352941176 0.9869281045751634 0.9754901960784313 0.9934640522875817 0.9689542483660131 0.9934640522875817 0.9673202614379085 0.9956427015250545 0.9624183006535948 0.9934640522875817 0.9558823529411765 0.9956427015250545 0.8839869281045751 0.9956427015250545 0.8823529411764706 0.9934640522875817 0.8741830065359477 0.9934640522875817 0.8725490196078431 0.9956427015250545 0.8529411764705882 0.9956427015250545 0.8513071895424836 0.9978213507625272 0.8382352941176471 0.9978213507625272 0.8366013071895425 0.9956427015250545 0.8235294117647058 0.9978213507625272 0.8137254901960784 0.9934640522875817 0.738562091503268 0.9934640522875817 0.7369281045751634 0.9956427015250545 0.7254901960784313 0.9956427015250545 0.7238562091503268 0.9934640522875817 0.7205882352941176 0.9956427015250545 0.7173202614379085 0.9934640522875817 0.6356209150326797 0.9956427015250545 0.6339869281045751 0.9934640522875817 0.6258169934640523 0.9934640522875817 0.6225490196078431 0.9891067538126361 0.619281045751634 0.9891067538126361 0.5866013071895425 0.9673202614379085 0.565359477124183 0.9498910675381264 0.5490196078431373 0.9389978213507625 0.545751633986928 0.9389978213507625 0.4869281045751634 0.8976034858387799 0.46078431372549017 0.8845315904139434 0.4493464052287582 0.8736383442265795 0.4395424836601307 0.869281045751634 0.4297385620915033 0.8605664488017429 0.4150326797385621 0.8540305010893247 0.4068627450980392 0.8453159041394336 0.3790849673202614 0.8257080610021786 0.3709150326797386 0.8235294117647058 0.3627450980392157 0.8148148148148148 0.35294117647058826 0.8126361655773421 0.3333333333333333 0.7995642701525054 0.3235294117647059 0.7973856209150327 0.2957516339869281 0.7734204793028322 0.2679738562091503 0.7581699346405228 0.22712418300653595 0.7298474945533769 0.2107843137254902 0.7145969498910676 0.20098039215686275 0.710239651416122 0.1977124183006536 0.7058823529411765 0.1895424836601307 0.7037037037037037 0.1781045751633987 0.6928104575163399 0.1454248366013072 0.673202614379085 0.14215686274509803 0.6601307189542484 0.13562091503267973 0.6514161220043573 0.12254901960784313 0.6405228758169934 0.11764705882352941 0.6405228758169934 0.10947712418300654 0.6339869281045751 0.10620915032679738 0.6339869281045751 0.09477124183006536 0.6209150326797386 0.08496732026143791 0.616557734204793 0.0784313725490196 0.616557734204793 0.07352941176470588 0.6122004357298475 0.06699346405228758 0.6122004357298475 0.05718954248366013 0.6056644880174292 0.049019607843137254 0.6034858387799564 0.03758169934640523 0.5947712418300654 0.02287581699346405 0.5882352941176471 0.0032679738562091504 0.5729847494553377 0 0.5686274509803921 0 0.46405228758169936
3 0 0.10675381263616558 0.0196078431372549 0.1111111111111111 0.027777777777777776 0.11546840958605664 0.05392156862745098 0.11982570806100218 0.05555555555555555 0.12200435729847495 0.08006535947712418 0.12200435729847495 0.09313725490196079 0.12854030501089325 0.13562091503267973 0.1328976034858388 0.13725490196078433 0.13507625272331156 0.17483660130718953 0.1394335511982571 0.18790849673202614 0.1437908496732026 0.21895424836601307 0.1437908496732026 0.238562091503268 0.1503267973856209 0.26633986928104575 0.1503267973856209 0.28431372549019607 0.1568627450980392 0.30392156862745096 0.15904139433551198 0.3055555555555556 0.16122004357298475 0.3202614379084967 0.16122004357298475 0.33986928104575165 0.16775599128540306 0.39705882352941174 0.16993464052287582 0.39869281045751637 0.1721132897603486 0.4264705882352941 0.17429193899782136 0.42810457516339867 0.17647058823529413 0.43790849673202614 0.17429193899782136 0.4395424836601307 0.17647058823529413 0.46078431372549017 0.1786492374727669 0.46895424836601307 0.1830065359477124 0.49019607843137253 0.18518518518518517 0.5 0.1895424836601307 0.5441176470588235 0.19172113289760348 0.545751633986928 0.19389978213507625 0.5604575163398693 0.19389978213507625 0.5816993464052288 0.20043572984749455 0.6388888888888888 0.2047930283224401 0.6405228758169934 0.20697167755991286 0.6519607843137255 0.20697167755991286 0.6633986928104575 0.2113289760348584 0.6813725490196079 0.2113289760348584 0.6830065359477124 0.21350762527233116 0.6911764705882353 0.21350762527233116 0.696078431372549 0.2178649237472767 0.7091503267973857 0.2178649237472767 0.7107843137254902 0.22004357298474944 0.7271241830065359 0.22004357298474944 0.7287581699346405 0.2222222222222222 0.7434640522875817 0.2222222222222222 0.7450980392156863 0.22440087145969498 0.7581699346405228 0.22440087145969498 0.7598039215686274 0.22657952069716775 0.7908496732026143 0.22657952069716775 0.7924836601307189 0.22875816993464052 0.8055555555555556 0.22875816993464052 0.8071895424836601 0.23093681917211328 0.8382352941176471 0.23093681917211328 0.8398692810457516 0.23311546840958605 0.8676470588235294 0.23529411764705882 0.8790849673202614 0.23965141612200436 0.8888888888888888 0.23965141612200436 0.9052287581699346 0.24618736383442266 0.9313725490196079 0.24618736383442266 0.9330065359477124 0.24836601307189543 0.9607843137254902 0.25054466230936817 0.9673202614379085 0.2549019607843137 0.9836601307189542 0.2570806100217865 0.9983660130718954 0.2636165577342048 0.9983660130718954 0.2766884531590414 0.9934640522875817 0.2788671023965142 0.9493464052287581 0.27450980392156865 0.9477124183006536 0.27233115468409586 0.9281045751633987 0.27233115468409586 0.9264705882352942 0.2701525054466231 0.9068627450980392 0.2679738562091503 0.9052287581699346 0.2657952069716776 0.8905228758169934 0.2657952069716776 0.8888888888888888 0.2636165577342048 0.8758169934640523 0.2636165577342048 0.8741830065359477 0.26143790849673204 0.8513071895424836 0.26143790849673204 0.8398692810457516 0.2570806100217865 0.8300653594771242 0.2570806100217865 0.8284313725490197 0.2549019607843137 0.8120915032679739 0.2549019607843137 0.7990196078431373 0.25054466230936817 0.7794117647058824 0.25054466230936817 0.7679738562091504 0.24618736383442266 0.7450980392156863 0.2440087145969499 0.7352941176470589 0.23965141612200436 0.6928104575163399 0.23529411764705882 0.6911764705882353 0.23311546840958605 0.6813725490196079 0.23311546840958605 0.6699346405228758 0.22657952069716775 0.6617647058823529 0.22657952069716775 0.6601307189542484 0.22875816993464052 0.6290849673202614 0.22657952069716775 0.6274509803921569 0.22440087145969498 0.6078431372549019 0.2222222222222222 0.6062091503267973 0.22004357298474944 0.5604575163398693 0.21568627450980393 0.5588235294117647 0.21350762527233116 0.5294117647058824 0.20915032679738563 0.5277777777777778 0.20697167755991286 0.49673202614379086 0.20697167755991286 0.48856209150326796 0.20261437908496732 0.4722222222222222 0.20261437908496732 0.45588235294117646 0.19607843137254902 0.4362745098039216 0.19607843137254902 0.4215686274509804 0.19172113289760348 0.40032679738562094 0.19172113289760348 0.39869281045751637 0.1895424836601307 0.38235294117647056 0.1895424836601307 0.380718954248366 0.18736383442265794 0.35784313725490197 0.18736383442265794 0.3562091503267974 0.18518518518518517 0.33986928104575165 0.1830065359477124 0.32189542483660133 0.1721132897603486 0.2973856209150327 0.17429193899782136 0.2826797385620915 0.16993464052287582 0.2581699346405229 0.16993464052287582 0.23366013071895425 0.16122004357298475 0.21895424836601307 0.16122004357298475 0.20915032679738563 0.1568627450980392 0.19281045751633988 0.1568627450980392 0.19117647058823528 0.15468409586056645 0.16339869281045752 0.1503267973856209 0.16176470588235295 0.14814814814814814 0.12908496732026145 0.14596949891067537 0.12745098039215685 0.1437908496732026 0.09477124183006536 0.1394335511982571 0.08496732026143791 0.13507625272331156 0.05392156862745098 0.1328976034858388 0.05228758169934641 0.13071895424836602 0.0196078431372549 0.12636165577342048 0.017973856209150325 0.12418300653594772 0 0.12200435729847495 0 0.10893246187363835
3 0 0.19825708061002179 0.008169934640522876 0.19825708061002179 0.032679738562091505 0.20697167755991286 0.042483660130718956 0.20697167755991286 0.05065359477124183 0.2113289760348584 0.0718954248366013 0.21568627450980393 0.07679738562091504 0.22004357298474944 0.08333333333333333 0.22004357298474944 0.08496732026143791 0.2222222222222222 0.11274509803921569 0.22440087145969498 0.1781045751633987 0.2440087145969499 0.19117647058823528 0.2440087145969499 0.19607843137254902 0.24836601307189543 0.20261437908496732 0.24836601307189543 0.20588235294117646 0.2549019607843137 0.21895424836601307 0.2549019607843137 0.2238562091503268 0.25925925925925924 0.27124183006535946 0.26143790849673204 0.28921568627450983 0.2679738562091503 0.29901960784313725 0.2679738562091503 0.3006535947712418 0.2701525054466231 0.33169934640522875 0.2766884531590414 0.3562091503267974 0.28540305010893247 0.3660130718954248 0.28540305010893247 0.3839869281045752 0.29411764705882354 0.4035947712418301 0.29411764705882354 0.40522875816993464 0.2962962962962963 0.4199346405228758 0.2984749455337691 0.4477124183006536 0.3093681917211329 0.48366013071895425 0.3115468409586057 0.5016339869281046 0.31808278867102396 0.5277777777777778 0.3202614379084967 0.5702614379084967 0.33769063180827885 0.5784313725490197 0.33769063180827885 0.5800653594771242 0.33986928104575165 0.6241830065359477 0.3485838779956427 0.6258169934640523 0.35076252723311546 0.6470588235294118 0.35294117647058826 0.6797385620915033 0.3638344226579521 0.7189542483660131 0.37037037037037035 0.7369281045751634 0.3769063180827887 0.7483660130718954 0.3769063180827887 0.7663398692810458 0.38344226579520696 0.7761437908496732 0.38344226579520696 0.7777777777777778 0.38562091503267976 0.8071895424836601 0.3899782135076253 0.8186274509803921 0.39433551198257083 0.8545751633986928 0.39869281045751637 0.8562091503267973 0.4008714596949891 0.8709150326797386 0.40305010893246185 0.8823529411764706 0.4095860566448802 0.9117647058823529 0.41612200435729846 0.9183006535947712 0.420479302832244 0.9477124183006536 0.42483660130718953 0.9493464052287581 0.42701525054466233 0.9820261437908496 0.42919389978213507 0.9983660130718954 0.43790849673202614 0.9983660130718954 0.4880174291938998 0.9901960784313726 0.4880174291938998 0.9689542483660131 0.4793028322440087 0.9526143790849673 0.4793028322440087 0.9477124183006536 0.477124183006536 0.9428104575163399 0.47276688453159044 0.9411764705882353 0.46405228758169936 0.9313725490196079 0.45098039215686275 0.9133986928104575 0.44880174291938996 0.9101307189542484 0.4531590413943355 0.9052287581699346 0.4531590413943355 0.8986928104575164 0.45751633986928103 0.8823529411764706 0.4596949891067538 0.8725490196078431 0.4553376906318083 0.8594771241830066 0.4553376906318083 0.8316993464052288 0.4466230936819172 0.8169934640522876 0.4466230936819172 0.795751633986928 0.43790849673202614 0.7728758169934641 0.4357298474945534 0.7532679738562091 0.42919389978213507 0.7320261437908496 0.42701525054466233 0.7140522875816994 0.41830065359477125 0.696078431372549 0.41612200435729846 0.6503267973856209 0.4008714596949891 0.6290849673202614 0.39869281045751637 0.6160130718954249 0.39215686274509803 0.6013071895424836 0.3899782135076253 0.5784313725490197 0.3812636165577342 0.5522875816993464 0.3769063180827887 0.5506535947712419 0.3747276688453159 0.5392156862745098 0.3747276688453159 0.5277777777777778 0.3681917211328976 0.5212418300653595 0.3681917211328976 0.5032679738562091 0.3616557734204793 0.48366013071895425 0.35947712418300654 0.45588235294117646 0.3485838779956427 0.44281045751633985 0.3464052287581699 0.41830065359477125 0.3355119825708061 0.4117647058823529 0.3355119825708061 0.41013071895424835 0.33769063180827885 0.4084967320261438 0.3355119825708061 0.4019607843137255 0.3355119825708061 0.38562091503267976 0.32679738562091504 0.3790849673202614 0.32679738562091504 0.35784313725490197 0.31808278867102396 0.34477124183006536 0.31808278867102396 0.3382352941176471 0.3137254901960784 0.32189542483660133 0.3115468409586057 0.3055555555555556 0.30501089324618735 0.272875816993464 0.3006535947712418 0.25326797385620914 0.29193899782135074 0.22875816993464052 0.2875816993464052 0.20915032679738563 0.2788671023965142 0.2042483660130719 0.2788671023965142 0.19444444444444445 0.27233115468409586 0.18627450980392157 0.27233115468409586 0.1830065359477124 0.2701525054466231 0.184640522875817 0.2679738562091503 0.18137254901960784 0.2636165577342048 0.16013071895424835 0.2636165577342048 0.15849673202614378 0.26143790849673204 0.1388888888888889 0.26143790849673204 0.12745098039215685 0.2570806100217865 0.11764705882352941 0.2570806100217865 0.09640522875816994 0.24836601307189543 0.06045751633986928 0.23965141612200436 0.04084967320261438 0.23093681917211328 0.029411764705882353 0.23093681917211328 0.011437908496732025 0.2222222222222222 0 0.22004357298474944 0 0.20043572984749455
3 0.5375816993464052 0.06753812636165578 0.5392156862745098 0.06971677559912855 0.545751633986928 0.06971677559912855 0.5473856209150327 0.06753812636165578 0.5620915032679739 0.06971677559912855 0.5686274509803921 0.06753812636165578 0.5702614379084967 0.06971677559912855 0.6143790849673203 0.0718954248366013 0.6160130718954249 0.07407407407407407 0.6388888888888888 0.07407407407407407 0.6405228758169934 0.0718954248366013 0.6715686274509803 0.07407407407407407 0.6748366013071896 0.0718954248366013 0.6764705882352942 0.07407407407407407 0.6928104575163399 0.07407407407407407 0.704248366013072 0.0784313725490196 0.7336601307189542 0.07625272331154684 0.7549019607843137 0.08278867102396514 0.7990196078431373 0.08496732026143791 0.8006535947712419 0.08714596949891068 0.815359477124183 0.08714596949891068 0.8169934640522876 0.08932461873638345 0.8366013071895425 0.08714596949891068 0.8382352941176471 0.08496732026143791 0.8398692810457516 0.08714596949891068 0.8643790849673203 0.08932461873638345 0.8660130718954249 0.0915032679738562 0.8676470588235294 0.08932461873638345 0.8921568627450981 0.08932461873638345 0.8937908496732027 0.08714596949891068 0.9003267973856209 0.0915032679738562 0.9084967320261438 0.08932461873638345 0.9101307189542484 0.0915032679738562 0.9395424836601307 0.0915032679738562 0.9411764705882353 0.09368191721132897 0.954248366013072 0.09368191721132897 0.9558823529411765 0.09586056644880174 0.9918300653594772 0.09586056644880174 0.9950980392156863 0.09803921568627451 0.9950980392156863 0.10239651416122005 0.9918300653594772 0.10457516339869281 0.9820261437908496 0.10457516339869281 0.9803921568627451 0.10239651416122005 0.9738562091503268 0.10457516339869281 0.9705882352941176 0.10239651416122005 0.9689542483660131 0.10457516339869281 0.954248366013072 0.10457516339869281 0.9526143790849673 0.10239651416122005 0.8921568627450981 0.10239651416122005 0.8905228758169934 0.10021786492374728 0.8366013071895425 0.10021786492374728 0.8333333333333334 0.10239651416122005 0.8218954248366013 0.09803921568627451 0.8120915032679739 0.09803921568627451 0.8104575163398693 0.10021786492374728 0.7973856209150327 0.09586056644880174 0.7941176470588235 0.09586056644880174 0.7859477124183006 0.10239651416122005 0.7777777777777778 0.10239651416122005 0.7761437908496732 0.10021786492374728 0.7532679738562091 0.09803921568627451 0.7516339869281046 0.09586056644880174 0.7450980392156863 0.09586056644880174 0.7434640522875817 0.09803921568627451 0.7091503267973857 0.09586056644880174 0.7075163398692811 0.09368191721132897 0.6764705882352942 0.0915032679738562 0.6748366013071896 0.08932461873638345 0.6617647058823529 0.08932461873638345 0.6470588235294118 0.08496732026143791 0.5866013071895425 0.08496732026143791 0.5784313725490197 0.08061002178649238 0.5049019607843137 0.0784313725490196 0.5 0.06971677559912855 0.49673202614379086 0.06971677559912855 0.5049019607843137 0.06535947712418301 0.5245098039215687 0.06753812636165578 0.5261437908496732 0.06971677559912855 0.5359477124183006 0.06753812636165578
2 0.3300653594771242 0.6274509803921569 0.3382352941176471 0.6383442265795207 0.3382352941176471 0.644880174291939 0.32679738562091504 0.6535947712418301 0.3202614379084967 0.6557734204793029 0.31699346405228757 0.6535947712418301 0.3055555555555556 0.6666666666666666 0.29411764705882354 0.6688453159041394 0.2761437908496732 0.681917211328976 0.24183006535947713 0.681917211328976 0.23529411764705882 0.6797385620915033 0.23039215686274508 0.673202614379085 0.238562091503268 0.6623093681917211 0.25326797385620914 0.6557734204793029 0.2777777777777778 0.6383442265795207 0.2908496732026144 0.6383442265795207 0.29248366013071897 0.6405228758169934 0.2973856209150327 0.6361655773420479 0.3022875816993464 0.6361655773420479 0.315359477124183 0.6252723311546841 0.32679738562091504 0.6252723311546841 0.3284313725490196 0.6274509803921569
2 0.6748366013071896 0.5294117647058824 0.6781045751633987 0.5359477124183006 0.6748366013071896 0.5424836601307189 0.6617647058823529 0.5468409586056645 0.6421568627450981 0.5620915032679739 0.6274509803921569 0.5642701525054467 0.6258169934640523 0.5664488017429193 0.6078431372549019 0.5664488017429193 0.5964052287581699 0.5620915032679739 0.5947712418300654 0.5555555555555556 0.6029411764705882 0.5446623093681917 0.6176470588235294 0.5359477124183006 0.6356209150326797 0.5337690631808278 0.6470588235294118 0.5272331154684096 0.6715686274509803 0.5272331154684096 0.673202614379085 0.5294117647058824
2 0.7826797385620915 0.46187363834422657 0.7843137254901961 0.46405228758169936 0.7941176470588235 0.46405228758169936 0.8088235294117647 0.4684095860566449 0.8218954248366013 0.477124183006536 0.8251633986928104 0.48366013071895425 0.8202614379084967 0.49019607843137253 0.8137254901960784 0.49019607843137253 0.8120915032679739 0.4923747276688453 0.7663398692810458 0.4923747276688453 0.7647058823529411 0.49455337690631807 0.7532679738562091 0.49455337690631807 0.7516339869281046 0.4923747276688453 0.7369281045751634 0.49019607843137253 0.7303921568627451 0.48366013071895425 0.7303921568627451 0.4793028322440087 0.7369281045751634 0.47058823529411764 0.7450980392156863 0.4662309368191721 0.7549019607843137 0.4662309368191721 0.7663398692810458 0.46187363834422657 0.7810457516339869 0.46187363834422657
2 0.24019607843137256 0.41830065359477125 0.24509803921568626 0.420479302832244 0.24673202614379086 0.43137254901960786 0.23039215686274508 0.44880174291938996 0.22058823529411764 0.44880174291938996 0.21895424836601307 0.45098039215686275 0.20588235294117646 0.44880174291938996 0.20261437908496732 0.43790849673202614 0.2042483660130719 0.43137254901960786 0.22058823529411764 0.420479302832244 0.238562091503268 0.41830065359477125
2 0.12745098039215685 0.47276688453159044 0.12908496732026145 0.477124183006536 0.12418300653594772 0.48366013071895425 0.11437908496732026 0.49019607843137253 0.10947712418300654 0.49019607843137253 0.10294117647058823 0.49455337690631807 0.0915032679738562 0.49455337690631807 0.08986928104575163 0.49673202614379086 0.07352941176470588 0.49673202614379086 0.0718954248366013 0.49455337690631807 0.07516339869281045 0.49019607843137253 0.11437908496732026 0.47276688453159044 0.12581699346405228 0.47276688453159044
2 0.23529411764705882 0.49019607843137253 0.24019607843137256 0.49455337690631807 0.24019607843137256 0.5119825708061002 0.24183006535947713 0.514161220043573 0.24019607843137256 0.5272331154684096 0.22549019607843138 0.5468409586056645 0.20751633986928106 0.5533769063180828 0.18790849673202614 0.55119825708061 0.18627450980392157 0.5468409586056645 0.18790849673202614 0.5359477124183006 0.19607843137254902 0.5228758169934641 0.19934640522875818 0.5119825708061002 0.20751633986928106 0.5010893246187363 0.2222222222222222 0.49019607843137253 0.23366013071895425 0.49019607843137253
2 0.21405228758169934 0.2222222222222222 0.21241830065359477 0.22875816993464052 0.19444444444444445 0.23965141612200436 0.18790849673202614 0.23965141612200436 0.18627450980392157 0.2374727668845316 0.18627450980392157 0.23311546840958605 0.1895424836601307 0.22875816993464052 0.1977124183006536 0.2222222222222222 0.21241830065359477 0.2222222222222222
2 0.06045751633986928 0.29411764705882354 0.07516339869281045 0.2984749455337691 0.0784313725490196 0.3028322440087146 0.0784313725490196 0.30718954248366015 0.07026143790849673 0.3137254901960784 0.06045751633986928 0.3137254901960784 0.0457516339869281 0.3202614379084967 0.021241830065359478 0.3202614379084967 0.00980392156862745 0.3159041394335512 0.016339869281045753 0.3093681917211329 0.04738562091503268 0.2962962962962963 0.058823529411764705 0.29411764705882354
2 0.08986928104575163 0.6078431372549019 0.09967320261437909 0.616557734204793 0.09967320261437909 0.6296296296296297 0.10294117647058823 0.6339869281045751 0.11274509803921569 0.6427015250544662 0.12581699346405228 0.6492374727668845 0.13071895424836602 0.6557734204793029 0.13071895424836602 0.6601307189542484 0.10457516339869281 0.6775599128540305 0.08333333333333333 0.6775599128540305 0.0718954248366013 0.6710239651416122 0.06699346405228758 0.6710239651416122 0.06045751633986928 0.6753812636165577 0.05065359477124183 0.6884531590413944 0.0457516339869281 0.690631808278867 0.032679738562091505 0.6884531590413944 0.02287581699346405 0.6753812636165577 0.006535947712418301 0.6775599128540305 0 0.673202614379085 0 0.6514161220043573 0.027777777777777776 0.6318082788671024 0.049019607843137254 0.6274509803921569 0.06699346405228758 0.6122004357298475 0.08823529411764706 0.6078431372549019
2 0.25326797385620914 0.22440087145969498 0.2679738562091503 0.22875816993464052 0.2679738562091503 0.23311546840958605 0.2647058823529412 0.2374727668845316 0.2581699346405229 0.23965141612200436 0.24673202614379086 0.23965141612200436 0.24019607843137256 0.23529411764705882 0.24183006535947713 0.22875816993464052 0.25163398692810457 0.22440087145969498
2 0.09967320261437909 0.3159041394335512 0.1111111111111111 0.3093681917211329 0.11601307189542484 0.3093681917211329 0.12745098039215685 0.3006535947712418 0.13725490196078433 0.3028322440087146 0.13725490196078433 0.30718954248366015 0.12908496732026145 0.31808278867102396 0.119281045751634 0.3224400871459695 0.10130718954248366 0.32461873638344224 0.09803921568627451 0.3224400871459695 0.09967320261437909 0.31808278867102396
2 0.08986928104575163 0.2788671023965142 0.09313725490196079 0.27450980392156865 0.11437908496732026 0.2636165577342048 0.1388888888888889 0.2679738562091503 0.1388888888888889 0.27233115468409586 0.13398692810457516 0.2788671023965142 0.11764705882352941 0.2766884531590414 0.10620915032679738 0.28104575163398693 0.0915032679738562 0.28104575163398693
2 0.07679738562091504 0.3616557734204793 0.08006535947712418 0.3681917211328976 0.07516339869281045 0.3790849673202614 0.05228758169934641 0.3899782135076253 0.032679738562091505 0.3899782135076253 0.03104575163398693 0.38562091503267976 0.032679738562091505 0.3790849673202614 0.06209150326797386 0.35947712418300654 0.07516339869281045 0.3616557734204793
2 0.5163398692810458 0.5577342047930284 0.5212418300653595 0.5642701525054467 0.5212418300653595 0.5708061002178649 0.511437908496732 0.579520697167756 0.47058823529411764 0.5773420479302832 0.4526143790849673 0.5838779956427015 0.44281045751633985 0.5838779956427015 0.43300653594771243 0.5773420479302832 0.43137254901960786 0.5708061002178649 0.43300653594771243 0.5664488017429193 0.4444444444444444 0.5555555555555556 0.4852941176470588 0.5555555555555556 0.4869281045751634 0.5577342047930284 0.48856209150326796 0.5555555555555556 0.5130718954248366 0.5555555555555556 0.5147058823529411 0.5577342047930284
2 0.3349673202614379 0.3464052287581699 0.3431372549019608 0.35076252723311546 0.35130718954248363 0.3681917211328976 0.3480392156862745 0.3769063180827887 0.3284313725490196 0.38344226579520696 0.31209150326797386 0.3812636165577342 0.3088235294117647 0.3790849673202614 0.3088235294117647 0.37254901960784315 0.32516339869281047 0.3485838779956427 0.3333333333333333 0.3464052287581699