2 0.41871895424836597 0.5236666666666667 0.3295751633986928 0.726735294117647 0.3015114379084967 0.7886470588235294 0.2982107843137255 0.8976102941176471 0.385702614379085 0.9941936274509803 0.5227205882352941 0.9842867647058824 0.7076111111111111 0.9975490196078431 0.8248186274509803 0.9099926470588235 0.5045620915032679 0.5657671568627451 0.5227205882352941 0.5162377450980392 0.5227205882352941 0.474139705882353 0.4385294117647059 0.48651960784313725 0.41541830065359475 0.5187156862745098
2 0.021176470588235297 0.8908823529411766 0.04232026143790849 0.03821078431372549
2 0.08826797385620916 0.8076960784313726 0.056699346405228765 0.04610294117647058
2 0.1494281045751634 0.7638725490196079 0.03013071895424837 0.03470588235294118
2 0.18491830065359477 0.7277205882352942 0.028496732026143792 0.027745098039215686
2 0.17080065359477126 0.6888480392156863 0.04021241830065359 0.026250000000000002
2 0.20580065359477126 0.653921568627451 0.023039215686274508 0.02178921568627451
2 0.23088235294117648 0.712107843137255 0.02238562091503268 0.029240196078431372
2 0.24986928104575162 0.6534313725490196 0.024052287581699347 0.04259803921568627
2 0.30367647058823527 0.6290441176470588 0.015473856209150328 0.03193627450980392
2 0.24805555555555556 0.5917892156862745 0.027679738562091504 0.01730392156862745
2 0.288578431372549 0.5920343137254902 0.03246732026143791 0.0069117647058823525