2 0.21568627450980393 0.4035947712418301 0.21323529411764705 0.39705882352941174 0.2181372549019608 0.39215686274509803 0.22549019607843138 0.39052287581699346 0.24754901960784315 0.39052287581699346 0.25735294117647056 0.39869281045751637 0.23529411764705882 0.40522875816993464 0.22058823529411764 0.40522875816993464 0.2181372549019608 0.4035947712418301
2 0.7279411764705882 0.7908496732026143 0.7598039215686274 0.8022875816993464 0.7769607843137255 0.815359477124183 0.7990196078431373 0.8431372549019608 0.8088235294117647 0.8496732026143791 0.8308823529411765 0.8709150326797386 0.8382352941176471 0.8839869281045751 0.8382352941176471 0.8970588235294118 0.8259803921568627 0.8986928104575164 0.8161764705882353 0.8921568627450981 0.803921568627451 0.8758169934640523 0.7965686274509803 0.8725490196078431 0.7916666666666666 0.8725490196078431 0.7818627450980392 0.8823529411764706 0.7622549019607843 0.8937908496732027 0.7549019607843137 0.9101307189542484 0.7549019607843137 0.9166666666666666 0.7475490196078431 0.9248366013071896 0.7352941176470589 0.9330065359477124 0.7083333333333334 0.9411764705882353 0.6985294117647058 0.946078431372549 0.6887254901960784 0.9477124183006536 0.6691176470588235 0.9477124183006536 0.6593137254901961 0.9444444444444444 0.6519607843137255 0.9444444444444444 0.6421568627450981 0.9477124183006536 0.6299019607843137 0.9477124183006536 0.6274509803921569 0.9493464052287581 0.625 0.9477124183006536 0.6225490196078431 0.9493464052287581 0.571078431372549 0.9493464052287581 0.5416666666666666 0.9444444444444444 0.5024509803921569 0.9183006535947712 0.4950980392156863 0.9101307189542484 0.4877450980392157 0.8905228758169934 0.4877450980392157 0.8758169934640523 0.49264705882352944 0.8643790849673203 0.5171568627450981 0.8366013071895425 0.5367647058823529 0.8235294117647058 0.5465686274509803 0.8202614379084967 0.5514705882352942 0.8202614379084967 0.5857843137254902 0.8088235294117647 0.6004901960784313 0.8088235294117647 0.6078431372549019 0.803921568627451 0.6225490196078431 0.7990196078431373 0.6421568627450981 0.795751633986928 0.6568627450980392 0.7892156862745098 0.7009803921568627 0.7875816993464052 0.7034313725490197 0.7892156862745098 0.7230392156862745 0.7892156862745098 0.7254901960784313 0.7908496732026143
2 0.24754901960784315 0.4264705882352941 0.2549019607843137 0.42810457516339867 0.25735294117647056 0.43137254901960786 0.25245098039215685 0.4411764705882353 0.24754901960784315 0.44281045751633985 0.23039215686274508 0.44281045751633985 0.2181372549019608 0.4477124183006536 0.19607843137254902 0.4526143790849673 0.1715686274509804 0.4526143790849673 0.1642156862745098 0.4493464052287582 0.1642156862745098 0.44281045751633985 0.16666666666666666 0.4411764705882353 0.19117647058823528 0.43137254901960786 0.21323529411764705 0.4297385620915033 0.2181372549019608 0.4264705882352941 0.24509803921568626 0.4264705882352941
2 0.21568627450980393 0.41013071895424835 0.22303921568627452 0.4166666666666667 0.22303921568627452 0.42320261437908496 0.22058823529411764 0.42483660130718953 0.16666666666666666 0.434640522875817 0.1323529411764706 0.43137254901960786 0.12990196078431374 0.4264705882352941 0.13480392156862744 0.42320261437908496 0.21323529411764705 0.41013071895424835
2 0.13725490196078433 0.37745098039215685 0.15196078431372548 0.3741830065359477 0.1642156862745098 0.3741830065359477 0.1715686274509804 0.3709150326797386 0.19852941176470587 0.369281045751634 0.20098039215686275 0.36764705882352944 0.20833333333333334 0.3709150326797386 0.20833333333333334 0.3741830065359477 0.2034313725490196 0.37745098039215685 0.17401960784313725 0.38235294117647056 0.16666666666666666 0.38562091503267976 0.14215686274509803 0.38562091503267976 0.13725490196078433 0.38235294117647056 0.13725490196078433 0.3790849673202614
2 0.12254901960784313 0.4820261437908497 0.12254901960784313 0.477124183006536 0.1323529411764706 0.47058823529411764 0.14215686274509803 0.4673202614379085 0.2181372549019608 0.4542483660130719 0.23529411764705882 0.4542483660130719 0.2426470588235294 0.4591503267973856 0.24509803921568626 0.46568627450980393 0.20588235294117646 0.4820261437908497 0.19852941176470587 0.4820261437908497 0.18382352941176472 0.4869281045751634 0.1642156862745098 0.4869281045751634 0.14950980392156862 0.48366013071895425 0.125 0.4820261437908497
2 0.5294117647058824 0.6160130718954249 0.5563725490196079 0.6209150326797386 0.571078431372549 0.6290849673202614 0.5759803921568627 0.6372549019607843 0.5759803921568627 0.6503267973856209 0.5784313725490197 0.6519607843137255 0.5759803921568627 0.6617647058823529 0.5686274509803921 0.6683006535947712 0.5588235294117647 0.6715686274509803 0.5416666666666666 0.6830065359477124 0.5367647058823529 0.6830065359477124 0.5294117647058824 0.6862745098039216 0.5049019607843137 0.6862745098039216 0.4803921568627451 0.6928104575163399 0.46568627450980393 0.6895424836601307 0.4632352941176471 0.6911764705882353 0.4534313725490196 0.6879084967320261 0.4411764705882353 0.6879084967320261 0.42401960784313725 0.6813725490196079 0.40931372549019607 0.6699346405228758 0.40931372549019607 0.6601307189542484 0.42401960784313725 0.6470588235294118 0.4387254901960784 0.6405228758169934 0.4534313725490196 0.6388888888888888 0.48284313725490197 0.6225490196078431 0.49264705882352944 0.619281045751634 0.5269607843137255 0.6160130718954249
2 0.10784313725490197 0.40522875816993464 0.10784313725490197 0.4019607843137255 0.11519607843137254 0.39705882352941174 0.14460784313725492 0.3888888888888889 0.15931372549019607 0.3888888888888889 0.16176470588235295 0.3872549019607843 0.18382352941176472 0.3872549019607843 0.19117647058823528 0.39215686274509803 0.18872549019607843 0.39705882352941174 0.18382352941176472 0.39705882352941174 0.17647058823529413 0.40032679738562094 0.1642156862745098 0.40032679738562094 0.13725490196078433 0.40522875816993464 0.11029411764705882 0.40522875816993464
2 0.24509803921568626 0.5669934640522876 0.24754901960784315 0.5620915032679739 0.27205882352941174 0.545751633986928 0.2818627450980392 0.5441176470588235 0.2916666666666667 0.5392156862745098 0.3112745098039216 0.5392156862745098 0.32598039215686275 0.5326797385620915 0.3480392156862745 0.5277777777777778 0.38480392156862747 0.5277777777777778 0.39215686274509803 0.5294117647058824 0.4019607843137255 0.5359477124183006 0.40441176470588236 0.5555555555555556 0.39705882352941174 0.5588235294117647 0.3872549019607843 0.5588235294117647 0.375 0.5620915032679739 0.35784313725490197 0.5735294117647058 0.33578431372549017 0.5784313725490197 0.32598039215686275 0.5784313725490197 0.3235294117647059 0.576797385620915 0.3014705882352941 0.5784313725490197 0.29901960784313725 0.576797385620915 0.28921568627450983 0.576797385620915 0.28431372549019607 0.5735294117647058 0.27205882352941174 0.5702614379084967 0.25 0.5702614379084967 0.24754901960784315 0.5686274509803921
2 0.2916666666666667 0.4673202614379085 0.3088235294117647 0.47058823529411764 0.3088235294117647 0.48366013071895425 0.30637254901960786 0.4869281045751634 0.2769607843137255 0.4918300653594771 0.2647058823529412 0.49836601307189543 0.24509803921568626 0.5 0.2426470588235294 0.5016339869281046 0.23774509803921567 0.5 0.22058823529411764 0.5 0.2181372549019608 0.49836601307189543 0.20098039215686275 0.49836601307189543 0.19117647058823528 0.49019607843137253 0.20588235294117646 0.48366013071895425 0.21568627450980393 0.48366013071895425 0.22794117647058823 0.47875816993464054 0.23529411764705882 0.47875816993464054 0.25735294117647056 0.46895424836601307 0.28921568627450983 0.4673202614379085
2 0.3480392156862745 0.5849673202614379 0.35049019607843135 0.5866013071895425 0.37254901960784315 0.5866013071895425 0.3872549019607843 0.5898692810457516 0.39950980392156865 0.5964052287581699 0.42401960784313725 0.6029411764705882 0.42892156862745096 0.6078431372549019 0.4264705882352941 0.6160130718954249 0.41911764705882354 0.6209150326797386 0.4019607843137255 0.6258169934640523 0.3946078431372549 0.630718954248366 0.3897058823529412 0.6421568627450981 0.36764705882352944 0.6535947712418301 0.3431372549019608 0.6535947712418301 0.3284313725490196 0.6568627450980392 0.3161764705882353 0.6568627450980392 0.3014705882352941 0.6617647058823529 0.21323529411764705 0.6584967320261438 0.20588235294117646 0.6568627450980392 0.19607843137254902 0.6503267973856209 0.19362745098039216 0.6470588235294118 0.19607843137254902 0.6388888888888888 0.20833333333333334 0.6290849673202614 0.22303921568627452 0.6225490196078431 0.23529411764705882 0.619281045751634 0.25980392156862747 0.6078431372549019 0.30392156862745096 0.5980392156862745 0.32598039215686275 0.5866013071895425 0.34558823529411764 0.5866013071895425
2 0.4583333333333333 0.7009803921568627 0.46078431372549017 0.7026143790849673 0.4852941176470588 0.704248366013072 0.5049019607843137 0.7107843137254902 0.5220588235294118 0.7140522875816994 0.5490196078431373 0.7303921568627451 0.5686274509803921 0.7369281045751634 0.5857843137254902 0.7467320261437909 0.5906862745098039 0.7549019607843137 0.5906862745098039 0.761437908496732 0.5833333333333334 0.7745098039215687 0.5735294117647058 0.7810457516339869 0.5759803921568627 0.795751633986928 0.5857843137254902 0.803921568627451 0.5735294117647058 0.803921568627451 0.5588235294117647 0.8137254901960784 0.5514705882352942 0.8137254901960784 0.5392156862745098 0.8055555555555556 0.5416666666666666 0.7990196078431373 0.5343137254901961 0.7973856209150327 0.49264705882352944 0.8169934640522876 0.46568627450980393 0.8251633986928104 0.4534313725490196 0.8251633986928104 0.45098039215686275 0.826797385620915 0.4338235294117647 0.8251633986928104 0.43137254901960786 0.8218954248366013 0.43137254901960786 0.8071895424836601 0.4338235294117647 0.8022875816993464 0.4264705882352941 0.7875816993464052 0.41421568627450983 0.7826797385620915 0.4117647058823529 0.7843137254901961 0.39215686274509803 0.7826797385620915 0.3872549019607843 0.7859477124183006 0.375 0.7794117647058824 0.36519607843137253 0.7826797385620915 0.35784313725490197 0.7777777777777778 0.35049019607843135 0.7794117647058824 0.34068627450980393 0.7777777777777778 0.33578431372549017 0.7745098039215687 0.33088235294117646 0.7745098039215687 0.33088235294117646 0.7679738562091504 0.3235294117647059 0.7647058823529411 0.3235294117647059 0.7532679738562091 0.33578431372549017 0.7401960784313726 0.35784313725490197 0.7303921568627451 0.3627450980392157 0.7303921568627451 0.375 0.7254901960784313 0.4117647058823529 0.7222222222222222 0.42401960784313725 0.7173202614379085 0.42892156862745096 0.7173202614379085 0.4411764705882353 0.704248366013072 0.4485294117647059 0.7009803921568627 0.45588235294117646 0.7009803921568627
2 0.25735294117647056 0.5098039215686274 0.28921568627450983 0.5212418300653595 0.2867647058823529 0.5294117647058824 0.2647058823529412 0.5375816993464052 0.24754901960784315 0.5408496732026143 0.23284313725490197 0.5506535947712419 0.22303921568627452 0.553921568627451 0.16666666666666666 0.565359477124183 0.13970588235294118 0.5620915032679739 0.12254901960784313 0.5522875816993464 0.12009803921568628 0.5473856209150327 0.125 0.5408496732026143 0.13970588235294118 0.5310457516339869 0.1642156862745098 0.5245098039215687 0.20588235294117646 0.5179738562091504 0.23284313725490197 0.5098039215686274 0.2549019607843137 0.5098039215686274