2 0.6348039215686274 0.5408496732026143 0.6397058823529411 0.5424836601307189 0.6372549019607843 0.5490196078431373 0.6225490196078431 0.5490196078431373 0.6176470588235294 0.545751633986928 0.6200980392156863 0.5408496732026143 0.6323529411764706 0.5408496732026143
2 0.6348039215686274 0.6486928104575164 0.6470588235294118 0.6470588235294118 0.6642156862745098 0.6519607843137255 0.6617647058823529 0.6617647058823529 0.6397058823529411 0.6617647058823529 0.6323529411764706 0.6568627450980392 0.6348039215686274 0.6503267973856209
2 0.5600490196078431 0.5547385620915033 0.03676470588235294 0.017973856209150325
2 0.8259803921568627 0.9477124183006536 0.8578431372549019 0.9624183006535948 0.8725490196078431 0.9738562091503268 0.8799019607843137 0.9820261437908496 0.8848039215686274 0.9934640522875817 0.8799019607843137 0.9983660130718954 0.8161764705882353 0.9983660130718954 0.8063725490196079 0.9869281045751634 0.803921568627451 0.954248366013072 0.8112745098039216 0.9477124183006536 0.8235294117647058 0.9477124183006536
2 0.49019607843137253 0.47058823529411764 0.5024509803921569 0.47058823529411764 0.5073529411764706 0.4738562091503268 0.5073529411764706 0.48366013071895425 0.5024509803921569 0.4852941176470588 0.49264705882352944 0.48366013071895425 0.4877450980392157 0.4803921568627451 0.49019607843137253 0.4722222222222222
2 0.803921568627451 0.8088235294117647 0.8161764705882353 0.8186274509803921 0.8333333333333334 0.8251633986928104 0.8431372549019608 0.8398692810457516 0.8578431372549019 0.8529411764705882 0.8627450980392157 0.8594771241830066 0.8627450980392157 0.8709150326797386 0.8578431372549019 0.8741830065359477 0.8308823529411765 0.8725490196078431 0.821078431372549 0.8676470588235294 0.8112745098039216 0.8545751633986928 0.7745098039215687 0.8349673202614379 0.7671568627450981 0.8284313725490197 0.7647058823529411 0.8251633986928104 0.7647058823529411 0.8104575163398693 0.7671568627450981 0.8088235294117647 0.7720588235294118 0.8071895424836601 0.7990196078431373 0.8071895424836601 0.8014705882352942 0.8088235294117647
2 0.5441176470588235 0.4852941176470588 0.5490196078431373 0.4869281045751634 0.5490196078431373 0.49019607843137253 0.5416666666666666 0.4934640522875817 0.5318627450980392 0.4918300653594771 0.5318627450980392 0.4869281045751634 0.5416666666666666 0.4852941176470588
2 0.5269607843137255 0.6454248366013072 0.5392156862745098 0.6535947712418301 0.5441176470588235 0.6617647058823529 0.5490196078431373 0.6650326797385621 0.5514705882352942 0.6699346405228758 0.5490196078431373 0.6715686274509803 0.5171568627450981 0.6699346405228758 0.5073529411764706 0.6666666666666666 0.49754901960784315 0.6601307189542484 0.4950980392156863 0.6535947712418301 0.5024509803921569 0.6454248366013072 0.5098039215686274 0.6437908496732027 0.5220588235294118 0.6437908496732027 0.5245098039215687 0.6454248366013072
2 0.6568627450980392 0.6486928104575164 0.6691176470588235 0.6535947712418301 0.6691176470588235 0.6748366013071896 0.6862745098039216 0.684640522875817 0.6862745098039216 0.6895424836601307 0.6911764705882353 0.6928104575163399 0.696078431372549 0.6928104575163399 0.7132352941176471 0.7075163398692811 0.7156862745098039 0.7124183006535948 0.7083333333333334 0.7156862745098039 0.6985294117647058 0.7140522875816994 0.696078431372549 0.7107843137254902 0.6740196078431373 0.7091503267973857 0.6666666666666666 0.7026143790849673 0.6642156862745098 0.7058823529411765 0.6568627450980392 0.7009803921568627 0.6446078431372549 0.6993464052287581 0.6397058823529411 0.696078431372549 0.6225490196078431 0.6911764705882353 0.6127450980392157 0.684640522875817 0.6127450980392157 0.6813725490196079 0.6176470588235294 0.6830065359477124 0.6200980392156863 0.6781045751633987 0.6299019607843137 0.6748366013071896 0.6299019607843137 0.6699346405228758 0.6348039215686274 0.6633986928104575 0.6323529411764706 0.6503267973856209 0.6397058823529411 0.6470588235294118 0.6519607843137255 0.6470588235294118 0.6544117647058824 0.6486928104575164
2 0.6495098039215687 0.6470588235294118 0.6666666666666666 0.6535947712418301 0.6666666666666666 0.6748366013071896 0.6838235294117647 0.684640522875817 0.6838235294117647 0.6895424836601307 0.7107843137254902 0.7075163398692811 0.7083333333333334 0.7140522875816994 0.7058823529411765 0.7107843137254902 0.7009803921568627 0.7124183006535948 0.6936274509803921 0.7091503267973857 0.6715686274509803 0.7091503267973857 0.6642156862745098 0.7075163398692811 0.6225490196078431 0.6944444444444444 0.6127450980392157 0.6879084967320261 0.6102941176470589 0.6797385620915033 0.6274509803921569 0.6748366013071896 0.6348039215686274 0.6650326797385621 0.6323529411764706 0.6503267973856209 0.6397058823529411 0.6470588235294118 0.6470588235294118 0.6470588235294118
2 0.5318627450980392 0.5245098039215687 0.5441176470588235 0.5245098039215687 0.5490196078431373 0.5277777777777778 0.5465686274509803 0.5326797385620915 0.5318627450980392 0.5326797385620915 0.5294117647058824 0.5310457516339869 0.5318627450980392 0.5261437908496732
2 0.6372549019607843 0.6781045751633987 0.6470588235294118 0.6830065359477124 0.6691176470588235 0.6862745098039216 0.6740196078431373 0.6895424836601307 0.6715686274509803 0.696078431372549 0.6568627450980392 0.6911764705882353 0.6495098039215687 0.6928104575163399 0.6397058823529411 0.6895424836601307 0.6323529411764706 0.6911764705882353 0.6151960784313726 0.6895424836601307 0.6102941176470589 0.684640522875817 0.6127450980392157 0.6781045751633987 0.6348039215686274 0.6781045751633987
2 0.6397058823529411 0.6781045751633987 0.6470588235294118 0.6813725490196079 0.6691176470588235 0.6830065359477124 0.6887254901960784 0.6977124183006536 0.696078431372549 0.6993464052287581 0.7009803921568627 0.7058823529411765 0.696078431372549 0.7091503267973857 0.6764705882352942 0.7107843137254902 0.6740196078431373 0.7140522875816994 0.6642156862745098 0.7091503267973857 0.6470588235294118 0.7058823529411765 0.6421568627450981 0.7026143790849673 0.6225490196078431 0.6977124183006536 0.6127450980392157 0.6895424836601307 0.6102941176470589 0.6862745098039216 0.6102941176470589 0.6797385620915033 0.6127450980392157 0.6781045751633987 0.6176470588235294 0.6764705882352942 0.6348039215686274 0.6764705882352942 0.6372549019607843 0.6781045751633987
2 0.5318627450980392 0.4869281045751634 0.5392156862745098 0.4852941176470588 0.5490196078431373 0.48856209150326796 0.5490196078431373 0.49673202614379086 0.5441176470588235 0.5049019607843137 0.5392156862745098 0.5049019607843137 0.5269607843137255 0.5 0.5318627450980392 0.48856209150326796
2 0.5343137254901961 0.6127450980392157 0.5416666666666666 0.6045751633986928 0.5514705882352942 0.6013071895424836 0.5637254901960784 0.6013071895424836 0.5686274509803921 0.6062091503267973 0.5686274509803921 0.6143790849673203 0.5612745098039216 0.6225490196078431 0.5465686274509803 0.6225490196078431 0.5367647058823529 0.6176470588235294 0.5367647058823529 0.6143790849673203
2 0.5882352941176471 0.5098039215686274 0.5906862745098039 0.511437908496732 0.5882352941176471 0.5179738562091504 0.571078431372549 0.5179738562091504 0.5686274509803921 0.5163398692810458 0.571078431372549 0.5098039215686274 0.5759803921568627 0.5081699346405228 0.5857843137254902 0.5098039215686274
2 0.6127450980392157 0.7287581699346405 0.6151960784313726 0.7303921568627451 0.6348039215686274 0.7303921568627451 0.6372549019607843 0.7287581699346405 0.6397058823529411 0.7303921568627451 0.6544117647058824 0.7303921568627451 0.6642156862745098 0.7336601307189542 0.6666666666666666 0.7369281045751634 0.6666666666666666 0.7532679738562091 0.6838235294117647 0.7679738562091504 0.6862745098039216 0.7794117647058824 0.6838235294117647 0.7810457516339869 0.6617647058823529 0.7810457516339869 0.6593137254901961 0.7826797385620915 0.6421568627450981 0.7810457516339869 0.6372549019607843 0.7777777777777778 0.6323529411764706 0.7777777777777778 0.625 0.7745098039215687 0.6176470588235294 0.7745098039215687 0.6078431372549019 0.7696078431372549 0.6053921568627451 0.7712418300653595 0.5906862745098039 0.761437908496732 0.5882352941176471 0.75 0.5955882352941176 0.7434640522875817 0.5955882352941176 0.7336601307189542 0.5980392156862745 0.7303921568627451 0.6102941176470589 0.7287581699346405
2 0.7083333333333334 0.7238562091503268 0.7156862745098039 0.7271241830065359 0.7181372549019608 0.7336601307189542 0.7156862745098039 0.7369281045751634 0.7058823529411765 0.738562091503268 0.7009803921568627 0.7418300653594772 0.6862745098039216 0.7418300653594772 0.678921568627451 0.7369281045751634 0.6740196078431373 0.7287581699346405 0.6813725490196079 0.7222222222222222 0.7058823529411765 0.7238562091503268
2 0.5073529411764706 0.5702614379084967 0.5147058823529411 0.576797385620915 0.5098039215686274 0.5898692810457516 0.4877450980392157 0.5915032679738562 0.47794117647058826 0.5882352941176471 0.47794117647058826 0.5816993464052288 0.4852941176470588 0.576797385620915 0.49264705882352944 0.5735294117647058 0.5049019607843137 0.5718954248366013