2 0.47058823529411764 0.42320261437908496 0.48284313725490197 0.4264705882352941 0.5 0.43790849673202614 0.5147058823529411 0.4411764705882353 0.5171568627450981 0.4444444444444444 0.5073529411764706 0.4493464052287582 0.47058823529411764 0.4526143790849673 0.4632352941176471 0.45588235294117646 0.4534313725490196 0.45588235294117646 0.4362745098039216 0.46078431372549017 0.41911764705882354 0.46078431372549017 0.41421568627450983 0.4591503267973856 0.39950980392156865 0.4477124183006536 0.39950980392156865 0.4395424836601307 0.40441176470588236 0.4362745098039216 0.41421568627450983 0.434640522875817 0.4387254901960784 0.42483660130718953 0.44607843137254904 0.42320261437908496 0.4681372549019608 0.42320261437908496
2 0.8333333333333334 0.8366013071895425 0.8529411764705882 0.8415032679738562 0.8995098039215687 0.8447712418300654 0.9044117647058824 0.8480392156862745 0.9093137254901961 0.8480392156862745 0.9166666666666666 0.8513071895424836 0.9240196078431373 0.8496732026143791 0.9338235294117647 0.8513071895424836 0.9387254901960784 0.8496732026143791 0.9436274509803921 0.8529411764705882 0.9485294117647058 0.8529411764705882 0.9583333333333334 0.8594771241830066 0.9583333333333334 0.8627450980392157 0.9656862745098039 0.8676470588235294 0.9730392156862745 0.8774509803921569 0.9877450980392157 0.880718954248366 0.9926470588235294 0.9035947712418301 0.9975490196078431 0.9084967320261438 0.9975490196078431 0.9428104575163399 0.9950980392156863 0.9444444444444444 0.9975490196078431 0.9477124183006536 0.9975490196078431 0.9820261437908496 0.9877450980392157 0.988562091503268 0.9901960784313726 0.9934640522875817 0.9779411764705882 0.9950980392156863 0.9754901960784313 0.9983660130718954 0.9534313725490197 0.9983660130718954 0.9509803921568627 0.9967320261437909 0.9485294117647058 0.9983660130718954 0.946078431372549 0.9950980392156863 0.9362745098039216 0.9983660130718954 0.8921568627450981 0.9983660130718954 0.8872549019607843 0.9950980392156863 0.8774509803921569 0.9950980392156863 0.875 0.9934640522875817 0.8725490196078431 0.9950980392156863 0.8700980392156863 0.9934640522875817 0.8651960784313726 0.9950980392156863 0.8627450980392157 0.9934640522875817 0.8455882352941176 0.9934640522875817 0.8308823529411765 0.9983660130718954 0.8235294117647058 0.9983660130718954 0.8137254901960784 0.9950980392156863 0.8112745098039216 0.9967320261437909 0.8088235294117647 0.9950980392156863 0.7941176470588235 0.9950980392156863 0.7892156862745098 0.9983660130718954 0.7549019607843137 0.9983660130718954 0.7475490196078431 0.9934640522875817 0.7671568627450981 0.9771241830065359 0.7720588235294118 0.9771241830065359 0.7916666666666666 0.9673202614379085 0.7941176470588235 0.9607843137254902 0.7892156862745098 0.9493464052287581 0.7549019607843137 0.9281045751633987 0.7328431372549019 0.9019607843137255 0.7303921568627451 0.8888888888888888 0.7279411764705882 0.8872549019607843 0.7328431372549019 0.8676470588235294 0.7401960784313726 0.8578431372549019 0.7647058823529411 0.8447712418300654 0.7867647058823529 0.8398692810457516 0.8063725490196079 0.8398692810457516 0.8088235294117647 0.8382352941176471 0.8259803921568627 0.8382352941176471 0.8308823529411765 0.8366013071895425
2 0.27941176470588236 0.35947712418300654 0.28921568627450983 0.3627450980392157 0.3333333333333333 0.3627450980392157 0.3382352941176471 0.36437908496732024 0.3382352941176471 0.36764705882352944 0.32107843137254904 0.37745098039215685 0.2916666666666667 0.3839869281045752 0.2867647058823529 0.3872549019607843 0.2622549019607843 0.3888888888888889 0.25735294117647056 0.39215686274509803 0.24754901960784315 0.39215686274509803 0.2426470588235294 0.39705882352941174 0.20588235294117646 0.39705882352941174 0.2034313725490196 0.3954248366013072 0.20588235294117646 0.3839869281045752 0.22303921568627452 0.3709150326797386 0.2622549019607843 0.3611111111111111 0.2769607843137255 0.3611111111111111
2 0.47058823529411764 0.5081699346405228 0.47794117647058826 0.5147058823529411 0.47794117647058826 0.5261437908496732 0.4632352941176471 0.5522875816993464 0.45588235294117646 0.5588235294117647 0.4387254901960784 0.5637254901960784 0.4264705882352941 0.5718954248366013 0.41421568627450983 0.5718954248366013 0.40441176470588236 0.5784313725490197 0.39215686274509803 0.5800653594771242 0.35049019607843135 0.5915032679738562 0.34558823529411764 0.5947712418300654 0.3235294117647059 0.6013071895424836 0.3014705882352941 0.6127450980392157 0.2916666666666667 0.6127450980392157 0.2818627450980392 0.6160130718954249 0.27205882352941174 0.6160130718954249 0.25735294117647056 0.619281045751634 0.24019607843137256 0.619281045751634 0.23774509803921567 0.6209150326797386 0.22794117647058823 0.619281045751634 0.21568627450980393 0.619281045751634 0.21323529411764705 0.6209150326797386 0.19117647058823528 0.619281045751634 0.17892156862745098 0.6160130718954249 0.17401960784313725 0.6094771241830066 0.17892156862745098 0.5996732026143791 0.18627450980392157 0.5947712418300654 0.19117647058823528 0.5898692810457516 0.19117647058823528 0.5866013071895425 0.20098039215686275 0.5784313725490197 0.22794117647058823 0.5588235294117647 0.25735294117647056 0.5424836601307189 0.28921568627450983 0.5310457516339869 0.2916666666666667 0.5326797385620915 0.2965686274509804 0.5310457516339869 0.3088235294117647 0.5326797385620915 0.3112745098039216 0.5310457516339869 0.3235294117647059 0.5310457516339869 0.3333333333333333 0.5277777777777778 0.34068627450980393 0.5228758169934641 0.3431372549019608 0.511437908496732 0.3553921568627451 0.5179738562091504 0.36519607843137253 0.5179738562091504 0.3946078431372549 0.5098039215686274 0.4068627450980392 0.5098039215686274 0.42401960784313725 0.5065359477124183 0.42892156862745096 0.5081699346405228 0.4338235294117647 0.5065359477124183 0.46568627450980393 0.5065359477124183 0.4681372549019608 0.5081699346405228
2 0.3700980392156863 0.3872549019607843 0.37254901960784315 0.3937908496732026 0.36519607843137253 0.4019607843137255 0.3333333333333333 0.41830065359477125 0.3235294117647059 0.4199346405228758 0.3161764705882353 0.42483660130718953 0.3112745098039216 0.42320261437908496 0.29901960784313725 0.43137254901960786 0.28921568627450983 0.43300653594771243 0.2818627450980392 0.43790849673202614 0.25980392156862747 0.44607843137254904 0.24754901960784315 0.4477124183006536 0.23529411764705882 0.4526143790849673 0.23039215686274508 0.4526143790849673 0.22549019607843138 0.45588235294117646 0.2181372549019608 0.45588235294117646 0.20098039215686275 0.46078431372549017 0.16666666666666666 0.46078431372549017 0.1568627450980392 0.4591503267973856 0.15441176470588236 0.45588235294117646 0.15441176470588236 0.4493464052287582 0.15931372549019607 0.44281045751633985 0.18137254901960784 0.42810457516339867 0.19852941176470587 0.42483660130718953 0.2034313725490196 0.4215686274509804 0.23284313725490197 0.4133986928104575 0.2426470588235294 0.4133986928104575 0.25245098039215685 0.4084967320261438 0.2622549019607843 0.4068627450980392 0.2647058823529412 0.4035947712418301 0.27941176470588236 0.4035947712418301 0.28431372549019607 0.40032679738562094 0.29901960784313725 0.3954248366013072 0.30637254901960786 0.3954248366013072 0.3161764705882353 0.39052287581699346 0.32107843137254904 0.39215686274509803 0.33578431372549017 0.3872549019607843 0.35049019607843135 0.3872549019607843 0.35294117647058826 0.38562091503267976 0.36519607843137253 0.38562091503267976 0.36764705882352944 0.3872549019607843
2 0.28431372549019607 0.7647058823529411 0.2965686274509804 0.7745098039215687 0.3088235294117647 0.7728758169934641 0.31862745098039214 0.7679738562091504 0.3333333333333333 0.7647058823529411 0.34558823529411764 0.7679738562091504 0.3602941176470588 0.7679738562091504 0.3627450980392157 0.7728758169934641 0.3700980392156863 0.7761437908496732 0.3700980392156863 0.7810457516339869 0.3799019607843137 0.7826797385620915 0.38235294117647056 0.7859477124183006 0.3897058823529412 0.7810457516339869 0.39705882352941174 0.7810457516339869 0.39950980392156865 0.7843137254901961 0.4117647058823529 0.7826797385620915 0.41421568627450983 0.7892156862745098 0.40931372549019607 0.7924836601307189 0.40931372549019607 0.8006535947712419 0.41421568627450983 0.8022875816993464 0.4117647058823529 0.8071895424836601 0.41421568627450983 0.8088235294117647 0.41911764705882354 0.8071895424836601 0.41911764705882354 0.803921568627451 0.42401960784313725 0.7990196078431373 0.4215686274509804 0.7973856209150327 0.4264705882352941 0.7892156862745098 0.42401960784313725 0.7859477124183006 0.42892156862745096 0.7859477124183006 0.4362745098039216 0.7794117647058824 0.4338235294117647 0.7647058823529411 0.44607843137254904 0.7581699346405228 0.4534313725490196 0.7565359477124183 0.4730392156862745 0.7581699346405228 0.48284313725490197 0.7679738562091504 0.5147058823529411 0.7728758169934641 0.5220588235294118 0.7794117647058824 0.5196078431372549 0.7826797385620915 0.5245098039215687 0.7875816993464052 0.5343137254901961 0.7810457516339869 0.5563725490196079 0.7810457516339869 0.5588235294117647 0.7794117647058824 0.5612745098039216 0.7810457516339869 0.5759803921568627 0.7810457516339869 0.5808823529411765 0.7843137254901961 0.5833333333333334 0.7826797385620915 0.5857843137254902 0.7843137254901961 0.6053921568627451 0.7826797385620915 0.6078431372549019 0.7843137254901961 0.6274509803921569 0.7843137254901961 0.6348039215686274 0.7875816993464052 0.6544117647058824 0.7892156862745098 0.6544117647058824 0.7924836601307189 0.6470588235294118 0.795751633986928 0.6397058823529411 0.8055555555555556 0.6200980392156863 0.8088235294117647 0.6127450980392157 0.8137254901960784 0.6053921568627451 0.815359477124183 0.5955882352941176 0.815359477124183 0.5931372549019608 0.8169934640522876 0.5882352941176471 0.815359477124183 0.5833333333333334 0.8186274509803921 0.5686274509803921 0.8218954248366013 0.553921568627451 0.8316993464052288 0.5392156862745098 0.8349673202614379 0.5122549019607843 0.8496732026143791 0.4803921568627451 0.8611111111111112 0.4730392156862745 0.8627450980392157 0.44362745098039214 0.8627450980392157 0.4362745098039216 0.8660130718954249 0.42892156862745096 0.8660130718954249 0.4166666666666667 0.8709150326797386 0.40931372549019607 0.8709150326797386 0.39950980392156865 0.8741830065359477 0.3602941176470588 0.8758169934640523 0.3382352941176471 0.880718954248366 0.3112745098039216 0.8774509803921569 0.2916666666666667 0.8660130718954249 0.27450980392156865 0.8431372549019608 0.25980392156862747 0.8333333333333334 0.25245098039215685 0.8218954248366013 0.2647058823529412 0.7696078431372549 0.27450980392156865 0.761437908496732 0.2818627450980392 0.7647058823529411
2 0.6151960784313726 0.6911764705882353 0.6323529411764706 0.6944444444444444 0.6446078431372549 0.6944444444444444 0.6544117647058824 0.6977124183006536 0.6617647058823529 0.7026143790849673 0.6715686274509803 0.7140522875816994 0.6715686274509803 0.7352941176470589 0.6666666666666666 0.7483660130718954 0.6666666666666666 0.7581699346405228 0.6715686274509803 0.7679738562091504 0.6666666666666666 0.7810457516339869 0.6593137254901961 0.7859477124183006 0.6519607843137255 0.7875816993464052 0.6225490196078431 0.7859477124183006 0.6078431372549019 0.7826797385620915 0.5833333333333334 0.7826797385620915 0.5735294117647058 0.7794117647058824 0.5637254901960784 0.7794117647058824 0.5612745098039216 0.7777777777777778 0.5514705882352942 0.7777777777777778 0.5220588235294118 0.7728758169934641 0.4877450980392157 0.7630718954248366 0.47549019607843135 0.7532679738562091 0.47549019607843135 0.738562091503268 0.47794117647058826 0.7352941176470589 0.5 0.7222222222222222 0.5098039215686274 0.7091503267973857 0.5294117647058824 0.7026143790849673 0.553921568627451 0.6993464052287581 0.5637254901960784 0.696078431372549 0.5735294117647058 0.696078431372549 0.6004901960784313 0.6911764705882353 0.6127450980392157 0.6911764705882353
2 0.3602941176470588 0.3839869281045752 0.37254901960784315 0.3872549019607843 0.3700980392156863 0.39705882352941174 0.34068627450980393 0.4150326797385621 0.33088235294117646 0.41830065359477125 0.3235294117647059 0.41830065359477125 0.3137254901960784 0.4215686274509804 0.3014705882352941 0.4215686274509804 0.29901960784313725 0.42320261437908496 0.2867647058823529 0.4199346405228758 0.2549019607843137 0.41830065359477125 0.24509803921568626 0.4117647058823529 0.2622549019607843 0.4035947712418301 0.2769607843137255 0.40032679738562094 0.3014705882352941 0.39052287581699346 0.32107843137254904 0.3888888888888889 0.3333333333333333 0.38562091503267976 0.35049019607843135 0.38562091503267976 0.35294117647058826 0.3839869281045752 0.35784313725490197 0.38562091503267976
2 0.6053921568627451 0.5702614379084967 0.6372549019607843 0.5800653594771242 0.6470588235294118 0.5866013071895425 0.6568627450980392 0.5882352941176471 0.6617647058823529 0.5915032679738562 0.7132352941176471 0.5980392156862745 0.7401960784313726 0.6078431372549019 0.7598039215686274 0.6111111111111112 0.7867647058823529 0.6225490196078431 0.803921568627451 0.6258169934640523 0.8333333333333334 0.6388888888888888 0.8897058823529411 0.673202614379085 0.8921568627450981 0.6764705882352942 0.8921568627450981 0.6895424836601307 0.8897058823529411 0.6928104575163399 0.8823529411764706 0.6944444444444444 0.8333333333333334 0.6928104575163399 0.8235294117647058 0.6895424836601307 0.8137254901960784 0.6895424836601307 0.7990196078431373 0.684640522875817 0.7818627450980392 0.684640522875817 0.7401960784313726 0.673202614379085 0.7377450980392157 0.6748366013071896 0.7230392156862745 0.673202614379085 0.7156862745098039 0.6797385620915033 0.7083333333333334 0.6715686274509803 0.7083333333333334 0.6666666666666666 0.7058823529411765 0.6650326797385621 0.7034313725490197 0.6666666666666666 0.696078431372549 0.6633986928104575 0.6936274509803921 0.6584967320261438 0.6764705882352942 0.6437908496732027 0.6568627450980392 0.6323529411764706 0.6544117647058824 0.6388888888888888 0.6519607843137255 0.6388888888888888 0.6470588235294118 0.630718954248366 0.6397058823529411 0.6323529411764706 0.6397058823529411 0.6388888888888888 0.6372549019607843 0.6388888888888888 0.6348039215686274 0.6372549019607843 0.6372549019607843 0.630718954248366 0.6323529411764706 0.6290849673202614 0.6299019607843137 0.6241830065359477 0.625 0.6241830065359477 0.6200980392156863 0.6290849673202614 0.6053921568627451 0.6290849673202614 0.5980392156862745 0.6323529411764706 0.5784313725490197 0.6323529411764706 0.5759803921568627 0.630718954248366 0.5661764705882353 0.6323529411764706 0.5588235294117647 0.6241830065359477 0.5367647058823529 0.6160130718954249 0.5245098039215687 0.6078431372549019 0.5245098039215687 0.6013071895424836 0.5294117647058824 0.5947712418300654 0.5416666666666666 0.5866013071895425 0.553921568627451 0.5816993464052288 0.5808823529411765 0.5735294117647058 0.6029411764705882 0.5702614379084967
2 0.5637254901960784 0.4477124183006536 0.5735294117647058 0.4526143790849673 0.5931372549019608 0.45751633986928103 0.6274509803921569 0.4722222222222222 0.6323529411764706 0.477124183006536 0.6323529411764706 0.4820261437908497 0.625 0.4852941176470588 0.5857843137254902 0.4852941176470588 0.571078431372549 0.4820261437908497 0.5294117647058824 0.4820261437908497 0.5245098039215687 0.4803921568627451 0.5073529411764706 0.46568627450980393 0.5073529411764706 0.45588235294117646 0.5196078431372549 0.45098039215686275 0.5416666666666666 0.44607843137254904 0.5588235294117647 0.44607843137254904 0.5612745098039216 0.4477124183006536
2 0.23039215686274508 0.31209150326797386 0.24019607843137256 0.31862745098039214 0.25 0.31862745098039214 0.28431372549019607 0.3088235294117647 0.3112745098039216 0.3088235294117647 0.31862745098039214 0.3104575163398693 0.32107843137254904 0.31862745098039214 0.30392156862745096 0.3300653594771242 0.2965686274509804 0.3300653594771242 0.25245098039215685 0.3464052287581699 0.19607843137254902 0.35947712418300654 0.1715686274509804 0.35947712418300654 0.1642156862745098 0.35784313725490197 0.1642156862745098 0.35130718954248363 0.16911764705882354 0.3480392156862745 0.16911764705882354 0.3415032679738562 0.1715686274509804 0.3382352941176471 0.17892156862745098 0.3382352941176471 0.18627450980392157 0.33169934640522875 0.18382352941176472 0.3300653594771242 0.15931372549019607 0.33169934640522875 0.15931372549019607 0.32679738562091504 0.1715686274509804 0.32189542483660133 0.17647058823529413 0.315359477124183 0.18382352941176472 0.3137254901960784 0.19362745098039216 0.30718954248366015 0.20098039215686275 0.30718954248366015 0.20588235294117646 0.31209150326797386 0.21568627450980393 0.31209150326797386 0.22058823529411764 0.315359477124183 0.22794117647058823 0.3137254901960784