2 0.5745588235294118 0.9310049019607843 0.04160130718954248 0.04218137254901961
2 0.643218954248366 0.8897794117647058 0.026437908496732027 0.03051470588235294
2 0.6504901960784314 0.9432598039215687 0.04821895424836602 0.01767156862745098
2 0.7495261437908496 0.8614215686274509 0.028431372549019604 0.031642156862745095
2 0.6744117647058824 0.8533823529411765 0.023464052287581697 0.033970588235294114
2 0.6818464052287582 0.8119117647058823 0.03833333333333334 0.03272058823529412
2 0.739281045751634 0.785906862745098 0.022483660130718956 0.03519607843137255
2 0.7478758169934641 0.758921568627451 0.025130718954248368 0.02480392156862745
2 0.7993790849673204 0.741593137254902 0.04099673202614379 0.0446078431372549
2 0.7901307189542484 0.8080637254901961 0.029771241830065357 0.03049019607843137
2 0.8271078431372549 0.7939460784313725 0.03834967320261438 0.024068627450980394
2 0.8774509803921569 0.7834313725490196 0.03011437908496732 0.030245098039215684
2 0.9147549019607844 0.7577941176470588 0.02483660130718954 0.017107843137254903
2 0.3114166666666667 0.6648259803921569 0.19090686274509802 0.7118774509803922 0.12322385620915031 0.7415955882352941 0 0.8158897058823529 0.0472859477124183 0.8852303921568627 0.09020751633986929 0.937235294117647 0.19090686274509802 0.9941936274509803 0.37909967320261434 0.9669509803921569 0.5243709150326797 0.8802769607843137 0.5441813725490195 0.8134117647058824 0.4170686274509804 0.7217843137254902