2 0.775 0.03125 0.775 0.01875 0.7666666666666667 0.0125 0.7666666666666667 0.00625 0.775 0 0.9833333333333333 0 0.9916666666666667 0.00625 0.9916666666666667 0.025 0.9833333333333333 0.03125 0.9833333333333333 0.0375 0.975 0.04375 0.9666666666666667 0.04375 0.95 0.05625 0.9416666666666667 0.05 0.9083333333333333 0.05 0.9 0.05625 0.8666666666666667 0.05625 0.8583333333333333 0.0625 0.825 0.0625 0.825 0.05625 0.8 0.0375 0.7916666666666666 0.0375 0.7833333333333333 0.03125
2 0 0.525 0.058333333333333334 0.525 0.075 0.5375 0.075 0.54375 0.06666666666666667 0.55 0.058333333333333334 0.55 0.05 0.55625 0.041666666666666664 0.55625 0.03333333333333333 0.5625 0 0.5625 0 0.53125
2 0.5833333333333334 0.18125 0.5916666666666667 0.1875 0.5833333333333334 0.19375 0.5416666666666666 0.19375 0.5333333333333333 0.2 0.5 0.2 0.49166666666666664 0.19375 0.5 0.1875 0.525 0.1875 0.5333333333333333 0.18125 0.575 0.18125
2 0.9916666666666667 0.25625 0.9916666666666667 0.525 0.9833333333333333 0.525 0.975 0.51875 0.9666666666666667 0.51875 0.9583333333333334 0.5125 0.95 0.5125 0.9416666666666667 0.50625 0.9416666666666667 0.5 0.9333333333333333 0.49375 0.9333333333333333 0.4875 0.925 0.48125 0.925 0.45 0.9166666666666666 0.44375 0.925 0.4375 0.925 0.3875 0.9333333333333333 0.38125 0.9333333333333333 0.3375 0.9166666666666666 0.325 0.9083333333333333 0.325 0.925 0.3125 0.925 0.30625 0.9333333333333333 0.3 0.9333333333333333 0.28125 0.9416666666666667 0.275 0.95 0.275 0.975 0.25625 0.9833333333333333 0.25625
2 0.425 0.39375 0.425 0.425 0.43333333333333335 0.43125 0.43333333333333335 0.45625 0.44166666666666665 0.4625 0.44166666666666665 0.46875 0.45 0.475 0.45 0.4875 0.4583333333333333 0.49375 0.4583333333333333 0.5125 0.4666666666666667 0.51875 0.4666666666666667 0.53125 0.4583333333333333 0.5375 0.4583333333333333 0.55625 0.45 0.5625 0.44166666666666665 0.55625 0.44166666666666665 0.53125 0.4083333333333333 0.50625 0.4083333333333333 0.475 0.4 0.46875 0.4 0.425 0.39166666666666666 0.41875 0.39166666666666666 0.4 0.4 0.4 0.4083333333333333 0.39375 0.4166666666666667 0.39375
2 0.45 0.28125 0.4583333333333333 0.2875 0.4583333333333333 0.3 0.45 0.30625 0.45 0.3125 0.43333333333333335 0.3125 0.425 0.31875 0.39166666666666666 0.31875 0.38333333333333336 0.3125 0.39166666666666666 0.30625 0.39166666666666666 0.3 0.4 0.3 0.4166666666666667 0.2875 0.425 0.2875 0.43333333333333335 0.28125 0.44166666666666665 0.28125
2 0.39166666666666666 0.275 0.39166666666666666 0.28125 0.38333333333333336 0.28125 0.375 0.2875 0.375 0.29375 0.38333333333333336 0.3 0.39166666666666666 0.29375 0.4083333333333333 0.29375 0.425 0.28125 0.45 0.28125 0.4583333333333333 0.2875 0.4583333333333333 0.30625 0.4666666666666667 0.3125 0.4666666666666667 0.3375 0.4583333333333333 0.34375 0.4583333333333333 0.35625 0.4666666666666667 0.3625 0.4666666666666667 0.375 0.4583333333333333 0.375 0.43333333333333335 0.39375 0.43333333333333335 0.45625 0.45 0.46875 0.45 0.4875 0.4583333333333333 0.49375 0.4583333333333333 0.5125 0.4666666666666667 0.51875 0.4666666666666667 0.525 0.4583333333333333 0.53125 0.4583333333333333 0.55 0.45 0.55625 0.44166666666666665 0.55625 0.44166666666666665 0.55 0.43333333333333335 0.54375 0.43333333333333335 0.525 0.425 0.51875 0.4166666666666667 0.51875 0.4166666666666667 0.5125 0.4083333333333333 0.50625 0.4083333333333333 0.475 0.4 0.46875 0.4 0.43125 0.39166666666666666 0.425 0.39166666666666666 0.4 0.38333333333333336 0.39375 0.38333333333333336 0.3875 0.35 0.3625 0.3333333333333333 0.3625 0.325 0.35625 0.31666666666666665 0.35625 0.30833333333333335 0.35 0.325 0.3375 0.3416666666666667 0.3375 0.35833333333333334 0.325 0.35833333333333334 0.31875 0.375 0.30625 0.375 0.29375 0.36666666666666664 0.2875 0.35833333333333334 0.2875 0.35 0.29375 0.3333333333333333 0.29375 0.325 0.3 0.2916666666666667 0.3 0.2833333333333333 0.29375 0.275 0.29375 0.275 0.2875 0.2833333333333333 0.28125 0.3 0.28125 0.30833333333333335 0.275 0.325 0.275 0.3333333333333333 0.26875 0.375 0.26875 0.38333333333333336 0.275
2 0 0.64375 0.041666666666666664 0.64375 0.05 0.65 0.05 0.65625 0.041666666666666664 0.65625 0.03333333333333333 0.6625 0.025 0.6625 0.016666666666666666 0.66875 0 0.66875 0 0.65
2 0.35833333333333334 0.26875 0.36666666666666664 0.275 0.38333333333333336 0.275 0.38333333333333336 0.28125 0.36666666666666664 0.28125 0.35 0.29375 0.31666666666666665 0.29375 0.30833333333333335 0.3 0.3 0.3 0.2916666666666667 0.29375 0.275 0.29375 0.275 0.28125 0.3 0.28125 0.30833333333333335 0.275 0.3333333333333333 0.275 0.3416666666666667 0.26875 0.35 0.26875
2 0.16666666666666666 0.66875 0.175 0.6625 0.23333333333333334 0.6625 0.24166666666666667 0.66875 0.275 0.66875 0.2833333333333333 0.6625 0.2916666666666667 0.6625 0.3 0.66875 0.30833333333333335 0.66875 0.31666666666666665 0.675 0.31666666666666665 0.68125 0.325 0.6875 0.325 0.69375 0.31666666666666665 0.7 0.31666666666666665 0.725 0.30833333333333335 0.73125 0.30833333333333335 0.74375 0.2916666666666667 0.75625 0.2916666666666667 0.7625 0.275 0.775 0.275 0.78125 0.26666666666666666 0.78125 0.25833333333333336 0.7875 0.25833333333333336 0.79375 0.25 0.8 0.25 0.80625 0.24166666666666667 0.8125 0.24166666666666667 0.825 0.23333333333333334 0.83125 0.23333333333333334 0.85 0.20833333333333334 0.86875 0.20833333333333334 0.875 0.18333333333333332 0.89375 0.18333333333333332 0.90625 0.175 0.9125 0.175 0.91875 0.13333333333333333 0.95 0.13333333333333333 0.975 0.13333333333333333 0.95625 0.125 0.95 0.10833333333333334 0.95 0.1 0.95625 0.1 0.9625 0.10833333333333334 0.96875 0.1 0.975 0.1 0.9875 0.08333333333333333 0.9875 0.075 0.99375 0.041666666666666664 0.99375 0.03333333333333333 0.9875 0.041666666666666664 0.98125 0.041666666666666664 0.96875 0.05 0.9625 0.05 0.90625 0.058333333333333334 0.9 0.058333333333333334 0.89375 0.09166666666666666 0.86875 0.08333333333333333 0.8625 0.09166666666666666 0.85625 0.09166666666666666 0.84375 0.10833333333333334 0.83125 0.10833333333333334 0.825 0.125 0.8125 0.125 0.80625 0.14166666666666666 0.79375 0.14166666666666666 0.7625 0.13333333333333333 0.75625 0.14166666666666666 0.75 0.14166666666666666 0.7375 0.15 0.73125 0.15 0.71875 0.16666666666666666 0.70625 0.16666666666666666 0.7 0.175 0.69375 0.175 0.675
2 0.325 0.46875 0.3333333333333333 0.475 0.3416666666666667 0.475 0.35 0.48125 0.35 0.49375 0.3416666666666667 0.49375 0.3333333333333333 0.5 0.3333333333333333 0.525 0.31666666666666665 0.5375 0.31666666666666665 0.54375 0.25 0.54375 0.23333333333333334 0.53125 0.21666666666666667 0.53125 0.20833333333333334 0.525 0.16666666666666666 0.525 0.16666666666666666 0.51875 0.19166666666666668 0.51875 0.2 0.5125 0.20833333333333334 0.5125 0.21666666666666667 0.50625 0.21666666666666667 0.5 0.225 0.5 0.24166666666666667 0.4875 0.25 0.4875 0.275 0.46875 0.31666666666666665 0.46875
2 0.31666666666666665 0.34375 0.35833333333333334 0.34375 0.36666666666666664 0.35 0.43333333333333335 0.35 0.44166666666666665 0.35625 0.45 0.35625 0.4583333333333333 0.3625 0.4583333333333333 0.375 0.45 0.375 0.43333333333333335 0.3875 0.425 0.38125 0.375 0.38125 0.36666666666666664 0.375 0.36666666666666664 0.36875 0.35833333333333334 0.3625 0.35 0.3625 0.3416666666666667 0.35625 0.31666666666666665 0.35625 0.31666666666666665 0.35
2 0.675 0.0875 0.6833333333333333 0.09375 0.6916666666666667 0.09375 0.6916666666666667 0.10625 0.675 0.10625 0.6666666666666666 0.1125 0.6583333333333333 0.1125 0.65 0.11875 0.6083333333333333 0.11875 0.6 0.1125 0.5916666666666667 0.1125 0.5916666666666667 0.10625 0.6 0.1 0.6083333333333333 0.1 0.6166666666666667 0.09375 0.6333333333333333 0.09375 0.6416666666666667 0.0875 0.6666666666666666 0.0875
2 0.016666666666666666 0.51875 0.025 0.525 0.06666666666666667 0.525 0.075 0.53125 0.075 0.54375 0.058333333333333334 0.55625 0.05 0.55625 0.025 0.575 0.016666666666666666 0.56875 0 0.56875 0 0.525 0.008333333333333333 0.525
2 0.5916666666666667 0.65 0.6 0.65625 0.6083333333333333 0.65625 0.6166666666666667 0.6625 0.6166666666666667 0.66875 0.65 0.69375 0.6583333333333333 0.69375 0.6666666666666666 0.7 0.675 0.7 0.6833333333333333 0.70625 0.6916666666666667 0.70625 0.7 0.7125 0.7083333333333334 0.7125 0.7416666666666667 0.7375 0.7416666666666667 0.75625 0.7333333333333333 0.7625 0.7333333333333333 0.775 0.725 0.78125 0.7166666666666667 0.78125 0.7083333333333334 0.7875 0.6833333333333333 0.7875 0.6666666666666666 0.775 0.6583333333333333 0.775 0.65 0.76875 0.625 0.76875 0.5916666666666667 0.74375 0.5916666666666667 0.73125 0.5833333333333334 0.725 0.5833333333333334 0.71875 0.5666666666666667 0.70625 0.5583333333333333 0.70625 0.55 0.7 0.525 0.7 0.5166666666666667 0.69375 0.5 0.69375 0.49166666666666664 0.6875 0.49166666666666664 0.68125 0.5 0.675 0.5 0.66875 0.49166666666666664 0.6625 0.49166666666666664 0.65625 0.5 0.65625 0.5083333333333333 0.65 0.5833333333333334 0.65
2 0.625 0.925 0.6333333333333333 0.925 0.65 0.9375 0.6583333333333333 0.9375 0.675 0.95 0.675 0.9625 0.6833333333333333 0.96875 0.6833333333333333 0.98125 0.675 0.9875 0.675 0.99375 0.6583333333333333 0.99375 0.6583333333333333 0.975 0.6333333333333333 0.95625 0.6333333333333333 0.95 0.625 0.94375 0.625 0.93125
2 0.45 0.28125 0.4583333333333333 0.2875 0.4583333333333333 0.3125 0.4666666666666667 0.31875 0.4666666666666667 0.3375 0.4583333333333333 0.34375 0.4583333333333333 0.35625 0.4666666666666667 0.3625 0.4666666666666667 0.375 0.4583333333333333 0.375 0.43333333333333335 0.39375 0.43333333333333335 0.45625 0.44166666666666665 0.4625 0.44166666666666665 0.46875 0.45 0.475 0.45 0.4875 0.4583333333333333 0.49375 0.4583333333333333 0.5125 0.4666666666666667 0.51875 0.4666666666666667 0.525 0.4583333333333333 0.53125 0.4583333333333333 0.55 0.45 0.55625 0.44166666666666665 0.55625 0.44166666666666665 0.55 0.43333333333333335 0.54375 0.44166666666666665 0.5375 0.43333333333333335 0.53125 0.43333333333333335 0.525 0.4083333333333333 0.50625 0.4083333333333333 0.475 0.4 0.46875 0.4 0.43125 0.39166666666666666 0.425 0.39166666666666666 0.39375 0.35 0.3625 0.3416666666666667 0.3625 0.3333333333333333 0.35625 0.31666666666666665 0.35625 0.31666666666666665 0.34375 0.35833333333333334 0.34375 0.36666666666666664 0.3375 0.36666666666666664 0.33125 0.375 0.325 0.375 0.31875 0.38333333333333336 0.3125 0.38333333333333336 0.30625 0.39166666666666666 0.3 0.4 0.3 0.4166666666666667 0.2875 0.425 0.2875 0.43333333333333335 0.28125 0.44166666666666665 0.28125
2 0.475 0.2125 0.48333333333333334 0.21875 0.5166666666666667 0.21875 0.525 0.225 0.5416666666666666 0.225 0.5416666666666666 0.2375 0.5 0.2375 0.49166666666666664 0.24375 0.48333333333333334 0.24375 0.48333333333333334 0.2375 0.4666666666666667 0.225 0.4583333333333333 0.225 0.4583333333333333 0.21875 0.4666666666666667 0.21875
2 0.31666666666666665 0.35625 0.31666666666666665 0.34375 0.325 0.3375 0.3416666666666667 0.3375 0.35833333333333334 0.325 0.35833333333333334 0.31875 0.375 0.30625 0.38333333333333336 0.30625 0.39166666666666666 0.3 0.4 0.3 0.425 0.28125 0.45 0.28125 0.4583333333333333 0.2875 0.4583333333333333 0.30625 0.4666666666666667 0.3125 0.4666666666666667 0.3375 0.4583333333333333 0.34375 0.4583333333333333 0.35625 0.4666666666666667 0.3625 0.4666666666666667 0.375 0.4583333333333333 0.38125 0.45 0.38125 0.43333333333333335 0.39375 0.43333333333333335 0.45625 0.45 0.46875 0.45 0.4875 0.4583333333333333 0.49375 0.4583333333333333 0.5125 0.4666666666666667 0.51875 0.4666666666666667 0.53125 0.4583333333333333 0.5375 0.4583333333333333 0.55 0.45 0.55625 0.44166666666666665 0.55625 0.44166666666666665 0.55 0.43333333333333335 0.54375 0.44166666666666665 0.5375 0.43333333333333335 0.53125 0.43333333333333335 0.525 0.4083333333333333 0.50625 0.4083333333333333 0.475 0.4 0.46875 0.4 0.43125 0.39166666666666666 0.425 0.39166666666666666 0.4 0.38333333333333336 0.39375 0.38333333333333336 0.3875 0.35 0.3625 0.3333333333333333 0.3625 0.325 0.35625
2 0.6916666666666667 0.14375 0.7 0.14375 0.6916666666666667 0.14375 0.6833333333333333 0.15 0.6833333333333333 0.15625 0.6916666666666667 0.1625 0.6916666666666667 0.16875 0.65 0.16875 0.6416666666666667 0.1625 0.6333333333333333 0.1625 0.6333333333333333 0.15 0.65 0.15 0.6583333333333333 0.14375 0.6833333333333333 0.14375