1 0.5208333333333334 0.5556640625 0.5260416666666666 0.5615234375 0.5243055555555556 0.578125 0.5451388888888888 0.5888671875 0.5486111111111112 0.611328125 0.546875 0.615234375 0.5381944444444444 0.619140625 0.5364583333333334 0.6240234375 0.5364583333333334 0.6396484375 0.53125 0.6513671875 0.53125 0.666015625 0.5260416666666666 0.6806640625 0.5104166666666666 0.705078125 0.5017361111111112 0.712890625 0.4965277777777778 0.712890625 0.4930555555555556 0.7099609375 0.4930555555555556 0.6923828125 0.4756944444444444 0.658203125 0.4739583333333333 0.638671875 0.4774305555555556 0.6123046875 0.4739583333333333 0.6103515625 0.4618055555555556 0.6103515625 0.4600694444444444 0.5986328125 0.4652777777777778 0.587890625 0.4722222222222222 0.5810546875 0.4791666666666667 0.578125 0.484375 0.578125 0.4930555555555556 0.572265625 0.4930555555555556 0.5576171875 0.5052083333333334 0.5546875 0.5190972222222222 0.5556640625
2 0.5364583333333334 0.83984375 0.546875 0.84375 0.546875 0.8515625 0.5260416666666666 0.86328125 0.5052083333333334 0.8671875 0.4930555555555556 0.8662109375 0.4739583333333333 0.8583984375 0.4722222222222222 0.8427734375 0.4809027777777778 0.83984375 0.5034722222222222 0.841796875 0.5347222222222222 0.83984375
2 0.7690972222222222 0.814453125 0.7829861111111112 0.8173828125 0.7899305555555556 0.82421875 0.7916666666666666 0.8349609375 0.7829861111111112 0.8408203125 0.7743055555555556 0.83984375 0.7621527777777778 0.83203125 0.7465277777777778 0.828125 0.7413194444444444 0.82421875 0.7395833333333334 0.81640625 0.7447916666666666 0.8125 0.7604166666666666 0.8125 0.7673611111111112 0.814453125
2 0.5416666666666666 0.97265625 0.5520833333333334 0.9765625 0.5538194444444444 0.9853515625 0.5590277777777778 0.9921875 0.5572916666666666 0.9990234375 0.53125 0.9990234375 0.5295138888888888 0.9970703125 0.5138888888888888 0.9951171875 0.5104166666666666 0.9912109375 0.5138888888888888 0.9814453125 0.5260416666666666 0.974609375 0.5399305555555556 0.97265625
2 0.5121527777777778 0.72265625 0.53125 0.7275390625 0.53125 0.7314453125 0.5225694444444444 0.73828125 0.5104166666666666 0.7421875 0.4947916666666667 0.740234375 0.4861111111111111 0.7412109375 0.4739583333333333 0.734375 0.4739583333333333 0.7255859375 0.5104166666666666 0.7236328125
2 0.5138888888888888 0.7783203125 0.5399305555555556 0.7783203125 0.5555555555555556 0.7822265625 0.5538194444444444 0.7880859375 0.5416666666666666 0.794921875 0.5295138888888888 0.798828125 0.5034722222222222 0.7978515625 0.4947916666666667 0.791015625 0.4930555555555556 0.7802734375 0.4965277777777778 0.7783203125 0.5121527777777778 0.7783203125
2 0.5208333333333334 0.8095703125 0.5225694444444444 0.82421875 0.515625 0.826171875 0.4982638888888889 0.82421875 0.4930555555555556 0.8203125 0.4930555555555556 0.814453125 0.5034722222222222 0.80859375 0.5121527777777778 0.8076171875 0.5190972222222222 0.8095703125
2 0.5 0.75390625 0.5173611111111112 0.7578125 0.5208333333333334 0.7685546875 0.5138888888888888 0.771484375 0.4982638888888889 0.7724609375 0.4930555555555556 0.775390625 0.4739583333333333 0.775390625 0.4548611111111111 0.7724609375 0.4479166666666667 0.7646484375 0.4479166666666667 0.7607421875 0.4513888888888889 0.7578125 0.4583333333333333 0.7568359375 0.484375 0.7568359375 0.4982638888888889 0.75390625
2 0.8177083333333334 0.888671875 0.828125 0.8916015625 0.8385416666666666 0.90234375 0.8454861111111112 0.9140625 0.8454861111111112 0.9169921875 0.8385416666666666 0.921875 0.8229166666666666 0.9208984375 0.8142361111111112 0.9150390625 0.8003472222222222 0.912109375 0.7881944444444444 0.9033203125 0.7881944444444444 0.8984375 0.796875 0.890625 0.8038194444444444 0.888671875 0.8159722222222222 0.888671875
2 0.8559027777777778 0.9443359375 0.8715277777777778 0.9521484375 0.8836805555555556 0.962890625 0.8854166666666666 0.970703125 0.8767361111111112 0.9775390625 0.859375 0.9765625 0.8350694444444444 0.96484375 0.8263888888888888 0.9560546875 0.8246527777777778 0.9443359375 0.828125 0.9423828125 0.8454861111111112 0.94140625 0.8541666666666666 0.9443359375
2 0.7413194444444444 0.7744140625 0.7586805555555556 0.7783203125 0.7673611111111112 0.7822265625 0.7743055555555556 0.79296875 0.7673611111111112 0.7978515625 0.7534722222222222 0.796875 0.7239583333333334 0.783203125 0.7204861111111112 0.775390625 0.7256944444444444 0.7734375 0.7395833333333334 0.7744140625
2 0.6979166666666666 0.6669921875 0.7152777777777778 0.669921875 0.7239583333333334 0.673828125 0.7274305555555556 0.68359375 0.71875 0.6865234375 0.6979166666666666 0.6845703125 0.6927083333333334 0.681640625 0.6840277777777778 0.6728515625 0.6840277777777778 0.6689453125 0.6875 0.6669921875 0.6961805555555556 0.6669921875
2 0.8090277777777778 0.853515625 0.8211805555555556 0.8564453125 0.8385416666666666 0.8642578125 0.84375 0.869140625 0.8454861111111112 0.8759765625 0.8298611111111112 0.8818359375 0.8194444444444444 0.8798828125 0.8038194444444444 0.873046875 0.7864583333333334 0.8623046875 0.7829861111111112 0.85546875 0.7864583333333334 0.8525390625 0.796875 0.8515625 0.8072916666666666 0.853515625