1 0.5607638888888888 0.55078125 0.5677083333333334 0.556640625 0.5659722222222222 0.564453125 0.5815972222222222 0.572265625 0.5920138888888888 0.5869140625 0.6041666666666666 0.626953125 0.6006944444444444 0.6298828125 0.5972222222222222 0.6298828125 0.5868055555555556 0.615234375 0.5833333333333334 0.61328125 0.5815972222222222 0.6142578125 0.5815972222222222 0.626953125 0.5763888888888888 0.63671875 0.5711805555555556 0.6787109375 0.5607638888888888 0.68359375 0.5520833333333334 0.68359375 0.5451388888888888 0.693359375 0.5381944444444444 0.6923828125 0.5381944444444444 0.6806640625 0.5208333333333334 0.6337890625 0.5225694444444444 0.6025390625 0.5173611111111112 0.599609375 0.5086805555555556 0.5986328125 0.5069444444444444 0.5908203125 0.5138888888888888 0.5791015625 0.5364583333333334 0.5615234375 0.5381944444444444 0.5537109375 0.5451388888888888 0.5498046875 0.5590277777777778 0.55078125
2 0.7294097222222222 0.9209765625 0.06987847222222222 0.02982421875
2 0.9306597222222222 0.919423828125 0.12515625 0.04625
2 0.8882465277777778 0.960703125 0.08371527777777778 0.02140625
2 0.7700520833333333 0.887236328125 0.09907986111111111 0.030703125
2 0.7167881944444444 0.86048828125 0.07934027777777779 0.03091796875
2 0.6285763888888889 0.80720703125 0.050520833333333334 0.022021484375
2 0.646545138888889 0.8362890625 0.07776041666666667 0.021591796875
2 0.5622916666666666 0.784794921875 0.05682291666666666 0.03578125
2 0.5127604166666667 0.737509765625 0.05326388888888889 0.019345703125
2 0.5005381944444445 0.70154296875 0.046163194444444444 0.01578125