1 0.5538194444444444 0.552734375 0.5607638888888888 0.556640625 0.5642361111111112 0.5703125 0.5763888888888888 0.578125 0.5885416666666666 0.6005859375 0.5885416666666666 0.6103515625 0.5868055555555556 0.61328125 0.5763888888888888 0.6171875 0.5763888888888888 0.6640625 0.5659722222222222 0.673828125 0.5642361111111112 0.68359375 0.5538194444444444 0.6845703125 0.5486111111111112 0.6875 0.5347222222222222 0.685546875 0.53125 0.681640625 0.5208333333333334 0.63671875 0.5208333333333334 0.60546875 0.5086805555555556 0.603515625 0.5052083333333334 0.59765625 0.5138888888888888 0.5810546875 0.5347222222222222 0.5703125 0.5364583333333334 0.56640625 0.53125 0.5615234375 0.53125 0.5576171875 0.5434027777777778 0.552734375 0.5520833333333334 0.552734375
2 0.6041666666666666 0.744140625 0.609375 0.7470703125 0.609375 0.75390625 0.6024305555555556 0.7568359375 0.5954861111111112 0.755859375 0.5920138888888888 0.7529296875 0.5920138888888888 0.7470703125 0.5972222222222222 0.744140625 0.6024305555555556 0.744140625
2 0.5555555555555556 0.71875 0.5659722222222222 0.7236328125 0.5659722222222222 0.73046875 0.5590277777777778 0.73046875 0.5451388888888888 0.7265625 0.5451388888888888 0.7216796875 0.5538194444444444 0.7197265625
2 0.8211805555555556 0.7939453125 0.8298611111111112 0.7958984375 0.8333333333333334 0.802734375 0.8315972222222222 0.80859375 0.8211805555555556 0.8076171875 0.8211805555555556 0.794921875
2 0.9201388888888888 0.8896484375 0.9288194444444444 0.8916015625 0.9444444444444444 0.900390625 0.9479166666666666 0.9052734375 0.9427083333333334 0.9091796875 0.9357638888888888 0.9091796875 0.9305555555555556 0.90625 0.9236111111111112 0.8984375 0.9149305555555556 0.8935546875 0.9149305555555556 0.890625 0.9184027777777778 0.8896484375
2 0.6336805555555556 0.796875 0.640625 0.8017578125 0.6354166666666666 0.8115234375 0.6267361111111112 0.8115234375 0.6163194444444444 0.802734375 0.6180555555555556 0.798828125 0.6232638888888888 0.796875 0.6319444444444444 0.796875
2 0.8784722222222222 0.8544921875 0.8854166666666666 0.8564453125 0.8940972222222222 0.87109375 0.890625 0.873046875 0.8802083333333334 0.873046875 0.8767361111111112 0.87109375 0.8767361111111112 0.85546875
2 0.6614583333333334 0.8623046875 0.671875 0.8681640625 0.671875 0.876953125 0.6684027777777778 0.880859375 0.65625 0.880859375 0.6475694444444444 0.8759765625 0.6458333333333334 0.8681640625 0.6510416666666666 0.8642578125 0.6597222222222222 0.8623046875
2 0.7170138888888888 0.947265625 0.7274305555555556 0.9482421875 0.7361111111111112 0.9521484375 0.7395833333333334 0.962890625 0.7395833333333334 0.9677734375 0.7361111111111112 0.9697265625 0.7256944444444444 0.9697265625 0.7135416666666666 0.962890625 0.7013888888888888 0.9638671875 0.6944444444444444 0.9599609375 0.6944444444444444 0.9541015625 0.7048611111111112 0.9482421875 0.7152777777777778 0.947265625
2 0.9322916666666666 0.9501953125 0.9305555555555556 0.943359375 0.9236111111111112 0.935546875 0.9270833333333334 0.9306640625 0.9340277777777778 0.931640625 0.9357638888888888 0.9384765625 0.9409722222222222 0.943359375 0.9409722222222222 0.9501953125 0.9340277777777778 0.9501953125
2 0.6388888888888888 0.830078125 0.6510416666666666 0.83984375 0.6493055555555556 0.84375 0.6319444444444444 0.8427734375 0.6197916666666666 0.8349609375 0.6232638888888888 0.830078125 0.6371527777777778 0.830078125
2 0.609375 0.7685546875 0.6232638888888888 0.7783203125 0.6232638888888888 0.78125 0.6180555555555556 0.783203125 0.6111111111111112 0.783203125 0.5954861111111112 0.775390625 0.59375 0.7724609375 0.6024305555555556 0.7685546875 0.6076388888888888 0.7685546875
2 0.7899305555555556 0.740234375 0.7934027777777778 0.7412109375 0.7986111111111112 0.7490234375 0.7951388888888888 0.7548828125 0.7881944444444444 0.7548828125 0.78125 0.748046875 0.78125 0.744140625 0.7881944444444444 0.740234375
2 0.6857638888888888 0.91796875 0.6875 0.921875 0.6788194444444444 0.9248046875 0.6649305555555556 0.9208984375 0.640625 0.9189453125 0.6371527777777778 0.9111328125 0.65625 0.9033203125 0.6649305555555556 0.9033203125 0.6840277777777778 0.91796875