1 0.5590277777777778 0.5537109375 0.5677083333333334 0.5576171875 0.5677083333333334 0.5693359375 0.5815972222222222 0.5751953125 0.5920138888888888 0.5859375 0.5972222222222222 0.5947265625 0.5972222222222222 0.6025390625 0.5920138888888888 0.6123046875 0.5850694444444444 0.615234375 0.5798611111111112 0.615234375 0.5763888888888888 0.6181640625 0.578125 0.6259765625 0.5659722222222222 0.6474609375 0.5625 0.6748046875 0.5590277777777778 0.681640625 0.5486111111111112 0.6904296875 0.5295138888888888 0.689453125 0.5295138888888888 0.6826171875 0.5347222222222222 0.67578125 0.5381944444444444 0.662109375 0.5381944444444444 0.6494140625 0.5260416666666666 0.626953125 0.5243055555555556 0.6064453125 0.5121527777777778 0.6005859375 0.5104166666666666 0.595703125 0.5190972222222222 0.580078125 0.5399305555555556 0.568359375 0.5399305555555556 0.556640625 0.546875 0.552734375 0.5572916666666666 0.5537109375
2 0.5364583333333334 0.7890625 0.5381944444444444 0.794921875 0.5659722222222222 0.7939453125 0.5711805555555556 0.791015625 0.5868055555555556 0.794921875 0.5989583333333334 0.794921875 0.6059027777777778 0.7998046875 0.6059027777777778 0.8037109375 0.5850694444444444 0.8076171875 0.5607638888888888 0.8076171875 0.5520833333333334 0.8046875 0.5347222222222222 0.8037109375 0.5347222222222222 0.7978515625 0.5243055555555556 0.796875 0.5190972222222222 0.7939453125 0.5295138888888888 0.7890625 0.5347222222222222 0.7890625
2 0.6475694444444444 0.8291015625 0.6579861111111112 0.8310546875 0.6649305555555556 0.837890625 0.6579861111111112 0.845703125 0.6475694444444444 0.84765625 0.6267361111111112 0.84765625 0.6215277777777778 0.8447265625 0.6111111111111112 0.8310546875 0.6145833333333334 0.8291015625 0.6458333333333334 0.8291015625
2 0.6423611111111112 0.80859375 0.6545138888888888 0.8095703125 0.6597222222222222 0.8134765625 0.6597222222222222 0.8173828125 0.6527777777777778 0.822265625 0.6232638888888888 0.8173828125 0.6197916666666666 0.8134765625 0.6215277777777778 0.8095703125 0.640625 0.80859375
2 0.7690972222222222 0.8447265625 0.7743055555555556 0.849609375 0.7864583333333334 0.849609375 0.7986111111111112 0.8525390625 0.8020833333333334 0.8642578125 0.8090277777777778 0.8623046875 0.8090277777777778 0.8583984375 0.8055555555555556 0.857421875 0.8055555555555556 0.85546875 0.8090277777777778 0.85546875 0.8107638888888888 0.8671875 0.7986111111111112 0.8671875 0.7934027777777778 0.869140625 0.796875 0.87109375 0.8125 0.8720703125 0.8159722222222222 0.8701171875 0.8194444444444444 0.861328125 0.8263888888888888 0.8623046875 0.8559027777777778 0.873046875 0.8611111111111112 0.876953125 0.8611111111111112 0.8798828125 0.859375 0.87890625 0.8559027777777778 0.8818359375 0.8576388888888888 0.884765625 0.875 0.8818359375 0.8836805555555556 0.8837890625 0.9079861111111112 0.890625 0.9045138888888888 0.8935546875 0.90625 0.89453125 0.9097222222222222 0.8955078125 0.9166666666666666 0.8935546875 0.9305555555555556 0.9013671875 0.9305555555555556 0.9033203125 0.9097222222222222 0.90625 0.9045138888888888 0.9091796875 0.9027777777777778 0.9140625 0.8975694444444444 0.9169921875 0.8975694444444444 0.921875 0.9027777777777778 0.921875 0.90625 0.92578125 0.9131944444444444 0.9248046875 0.9201388888888888 0.927734375 0.9305555555555556 0.927734375 0.953125 0.9248046875 0.9565972222222222 0.9228515625 0.9618055555555556 0.92578125 0.9774305555555556 0.92578125 0.9809027777777778 0.921875 0.9774305555555556 0.91796875 0.9826388888888888 0.91796875 0.9861111111111112 0.9208984375 0.9930555555555556 0.9208984375 0.9947916666666666 0.9326171875 0.9930555555555556 0.935546875 0.9913194444444444 0.9345703125 0.9878472222222222 0.9365234375 0.9878472222222222 0.94140625 0.9930555555555556 0.943359375 0.9930555555555556 0.951171875 0.984375 0.951171875 0.9826388888888888 0.9638671875 0.9774305555555556 0.9677734375 0.9704861111111112 0.96484375 0.9652777777777778 0.96484375 0.953125 0.97265625 0.9496527777777778 0.970703125 0.9444444444444444 0.9736328125 0.9340277777777778 0.9736328125 0.9027777777777778 0.9658203125 0.8802083333333334 0.9541015625 0.8697916666666666 0.953125 0.8628472222222222 0.953125 0.859375 0.955078125 0.8506944444444444 0.9541015625 0.8472222222222222 0.958984375 0.8402777777777778 0.9599609375 0.8385416666666666 0.955078125 0.828125 0.9521484375 0.8177083333333334 0.9404296875 0.8055555555555556 0.9365234375 0.7916666666666666 0.935546875 0.7899305555555556 0.93359375 0.7673611111111112 0.927734375 0.7586805555555556 0.9208984375 0.7552083333333334 0.912109375 0.75 0.908203125 0.7482638888888888 0.8974609375 0.7395833333333334 0.8955078125 0.7361111111111112 0.8974609375 0.7378472222222222 0.9052734375 0.734375 0.9052734375 0.7326388888888888 0.89453125 0.6927083333333334 0.876953125 0.6927083333333334 0.873046875 0.7013888888888888 0.87109375 0.7100694444444444 0.8662109375 0.7222222222222222 0.8642578125 0.7256944444444444 0.865234375 0.7239583333333334 0.87109375 0.734375 0.87109375 0.7361111111111112 0.8623046875 0.7447916666666666 0.8603515625 0.7482638888888888 0.86328125 0.7517361111111112 0.859375 0.7517361111111112 0.8515625 0.765625 0.849609375 0.7673611111111112 0.845703125
2 0.5295138888888888 0.7783203125 0.5590277777777778 0.7763671875 0.5677083333333334 0.7861328125 0.5555555555555556 0.791015625 0.53125 0.7919921875 0.5243055555555556 0.7939453125 0.5225694444444444 0.79296875 0.5277777777777778 0.7890625 0.5295138888888888 0.779296875
2 0.5277777777777778 0.7177734375 0.53125 0.7197265625 0.5295138888888888 0.73046875 0.515625 0.732421875 0.4965277777777778 0.7314453125 0.4930555555555556 0.728515625 0.4930555555555556 0.7236328125 0.5260416666666666 0.7177734375
2 0.7222222222222222 0.861328125 0.7291666666666666 0.8642578125 0.7378472222222222 0.861328125 0.7534722222222222 0.8642578125 0.7586805555555556 0.86328125 0.765625 0.8662109375 0.7673611111111112 0.87109375 0.7708333333333334 0.8701171875 0.7708333333333334 0.8671875 0.8142361111111112 0.876953125 0.8142361111111112 0.8876953125 0.828125 0.88671875 0.8194444444444444 0.873046875 0.8333333333333334 0.8701171875 0.8402777777777778 0.876953125 0.8402777777777778 0.8837890625 0.8385416666666666 0.8818359375 0.8368055555555556 0.8828125 0.8368055555555556 0.88671875 0.8472222222222222 0.8876953125 0.8680555555555556 0.89453125 0.8715277777777778 0.8974609375 0.8871527777777778 0.90234375 0.8888888888888888 0.9072265625 0.8871527777777778 0.91015625 0.8784722222222222 0.9130859375 0.8576388888888888 0.9130859375 0.8524305555555556 0.91015625 0.8368055555555556 0.91015625 0.8315972222222222 0.912109375 0.828125 0.9091796875 0.8211805555555556 0.9111328125 0.8211805555555556 0.9150390625 0.828125 0.9228515625 0.8350694444444444 0.9228515625 0.8368055555555556 0.9248046875 0.8333333333333334 0.9423828125 0.8402777777777778 0.94921875 0.8350694444444444 0.94921875 0.8298611111111112 0.9443359375 0.8298611111111112 0.9375 0.8246527777777778 0.935546875 0.8211805555555556 0.931640625 0.8229166666666666 0.9287109375 0.8125 0.9189453125 0.8107638888888888 0.91015625 0.8055555555555556 0.90625 0.796875 0.90625 0.796875 0.9013671875 0.7934027777777778 0.8994140625 0.7864583333333334 0.9052734375 0.7795138888888888 0.8994140625 0.7760416666666666 0.900390625 0.7760416666666666 0.9033203125 0.7725694444444444 0.8994140625 0.7673611111111112 0.900390625 0.7638888888888888 0.90625 0.7569444444444444 0.91015625 0.75 0.904296875 0.7517361111111112 0.8994140625 0.7482638888888888 0.896484375 0.7395833333333334 0.8955078125 0.7361111111111112 0.8974609375 0.7361111111111112 0.904296875 0.7326388888888888 0.8935546875 0.6909722222222222 0.8779296875 0.6909722222222222 0.873046875 0.6961805555555556 0.8701171875 0.7083333333333334 0.8642578125 0.7222222222222222 0.8623046875
2 0.5850694444444444 0.77734375 0.5920138888888888 0.7822265625 0.5850694444444444 0.787109375 0.5694444444444444 0.7900390625 0.5590277777777778 0.7890625 0.5451388888888888 0.7919921875 0.5295138888888888 0.7900390625 0.53125 0.7783203125 0.5503472222222222 0.775390625 0.5833333333333334 0.77734375
2 0.984375 0.921875 0.9930555555555556 0.921875 0.9878472222222222 0.9228515625 0.9861111111111112 0.9267578125 0.9861111111111112 0.939453125 0.9930555555555556 0.943359375 0.9930555555555556 0.953125 0.9861111111111112 0.955078125 0.9791666666666666 0.96484375 0.9670138888888888 0.9638671875 0.9513888888888888 0.96875 0.9270833333333334 0.9697265625 0.9027777777777778 0.96484375 0.8871527777777778 0.955078125 0.8576388888888888 0.9521484375 0.8541666666666666 0.94921875 0.8559027777777778 0.9453125 0.8732638888888888 0.9365234375 0.8767361111111112 0.9326171875 0.8958333333333334 0.9248046875 0.90625 0.927734375 0.9461805555555556 0.92578125 0.9774305555555556 0.927734375 0.984375 0.9228515625
2 0.5329861111111112 0.6953125 0.546875 0.70703125 0.546875 0.7099609375 0.5434027777777778 0.7109375 0.5225694444444444 0.7109375 0.5052083333333334 0.705078125 0.5069444444444444 0.6982421875 0.53125 0.6953125
2 0.5538194444444444 0.75 0.5625 0.7548828125 0.5607638888888888 0.7568359375 0.5486111111111112 0.7607421875 0.5381944444444444 0.7607421875 0.5277777777777778 0.7646484375 0.515625 0.7607421875 0.5190972222222222 0.7548828125 0.5295138888888888 0.75 0.5520833333333334 0.75
2 0.96875 0.927734375 0.9791666666666666 0.9326171875 0.9826388888888888 0.939453125 0.9930555555555556 0.9462890625 0.9930555555555556 0.94921875 0.9878472222222222 0.94921875 0.9722222222222222 0.9560546875 0.953125 0.9560546875 0.9461805555555556 0.953125 0.9270833333333334 0.9501953125 0.9201388888888888 0.94140625 0.90625 0.935546875 0.90625 0.9306640625 0.9114583333333334 0.927734375 0.9670138888888888 0.927734375
2 0.8940972222222222 0.923828125 0.9027777777777778 0.92578125 0.9045138888888888 0.9345703125 0.9166666666666666 0.939453125 0.9201388888888888 0.943359375 0.9184027777777778 0.94921875 0.8871527777777778 0.9541015625 0.859375 0.9521484375 0.8524305555555556 0.94921875 0.8541666666666666 0.9443359375 0.8802083333333334 0.9287109375 0.8923611111111112 0.9248046875
2 0.6527777777777778 0.8525390625 0.6649305555555556 0.8603515625 0.6649305555555556 0.8662109375 0.6579861111111112 0.87109375 0.6284722222222222 0.87109375 0.6180555555555556 0.8681640625 0.6128472222222222 0.86328125 0.6145833333333334 0.8583984375 0.6197916666666666 0.85546875 0.6354166666666666 0.8525390625 0.6510416666666666 0.8525390625
2 0.6597222222222222 0.8427734375 0.6597222222222222 0.8486328125 0.671875 0.8525390625 0.6753472222222222 0.8642578125 0.6875 0.876953125 0.6944444444444444 0.880859375 0.6961805555555556 0.888671875 0.7013888888888888 0.8896484375 0.703125 0.89453125 0.6996527777777778 0.89453125 0.6927083333333334 0.888671875 0.6892361111111112 0.8896484375 0.6788194444444444 0.8876953125 0.6736111111111112 0.8896484375 0.6597222222222222 0.8818359375 0.6527777777777778 0.873046875 0.6302083333333334 0.8740234375 0.6041666666666666 0.8671875 0.6145833333333334 0.853515625 0.6215277777777778 0.853515625 0.6302083333333334 0.8505859375 0.6545138888888888 0.849609375 0.6597222222222222 0.84375
2 0.5364583333333334 0.7119140625 0.5451388888888888 0.7138671875 0.5434027777777778 0.71875 0.5364583333333334 0.7236328125 0.5034722222222222 0.7314453125 0.4965277777777778 0.7314453125 0.4913194444444444 0.728515625 0.4826388888888889 0.7197265625 0.4826388888888889 0.7158203125 0.4913194444444444 0.7158203125 0.4965277777777778 0.712890625 0.5104166666666666 0.7119140625 0.5173611111111112 0.7080078125 0.5295138888888888 0.7080078125 0.5347222222222222 0.7119140625
2 0.5711805555555556 0.7734375 0.5885416666666666 0.7744140625 0.5954861111111112 0.77734375 0.5972222222222222 0.783203125 0.5833333333333334 0.787109375 0.5711805555555556 0.787109375 0.5625 0.783203125 0.5590277777777778 0.7763671875 0.5694444444444444 0.7734375
2 0.9149305555555556 0.986328125 0.9427083333333334 0.9892578125 0.96875 0.984375 0.9774305555555556 0.984375 0.9930555555555556 0.9892578125 0.9965277777777778 0.9990234375 0.8854166666666666 0.9990234375 0.8854166666666666 0.994140625 0.890625 0.98828125 0.9131944444444444 0.986328125
2 0.7899305555555556 0.8505859375 0.7986111111111112 0.8525390625 0.8020833333333334 0.85546875 0.8090277777777778 0.85546875 0.8107638888888888 0.8583984375 0.8107638888888888 0.8671875 0.7951388888888888 0.8681640625 0.7934027777777778 0.869140625 0.796875 0.87109375 0.8072916666666666 0.87109375 0.8142361111111112 0.873046875 0.8177083333333334 0.87109375 0.8159722222222222 0.8662109375 0.8194444444444444 0.861328125 0.828125 0.8662109375 0.8368055555555556 0.8662109375 0.8402777777777778 0.87109375 0.8454861111111112 0.8701171875 0.8541666666666666 0.8740234375 0.8472222222222222 0.8798828125 0.8489583333333334 0.8837890625 0.8472222222222222 0.884765625 0.8454861111111112 0.880859375 0.8420138888888888 0.884765625 0.8576388888888888 0.8916015625 0.8715277777777778 0.8935546875 0.8767361111111112 0.892578125 0.8819444444444444 0.896484375 0.8854166666666666 0.892578125 0.890625 0.8935546875 0.8975694444444444 0.8896484375 0.9027777777777778 0.8896484375 0.90625 0.890625 0.9010416666666666 0.8935546875 0.9027777777777778 0.8955078125 0.9114583333333334 0.8984375 0.9166666666666666 0.896484375 0.921875 0.8974609375 0.9201388888888888 0.90234375 0.9045138888888888 0.900390625 0.8993055555555556 0.9052734375 0.8940972222222222 0.90234375 0.8940972222222222 0.908203125 0.890625 0.912109375 0.8854166666666666 0.9130859375 0.8819444444444444 0.91796875 0.8802083333333334 0.9169921875 0.8767361111111112 0.919921875 0.8663194444444444 0.919921875 0.8524305555555556 0.91015625 0.8385416666666666 0.9091796875 0.8333333333333334 0.9111328125 0.828125 0.908203125 0.8211805555555556 0.9091796875 0.8211805555555556 0.9189453125 0.828125 0.923828125 0.8350694444444444 0.9228515625 0.8385416666666666 0.9248046875 0.8541666666666666 0.9248046875 0.8489583333333334 0.9267578125 0.8489583333333334 0.9296875 0.8541666666666666 0.931640625 0.8472222222222222 0.939453125 0.8489583333333334 0.9423828125 0.8541666666666666 0.9423828125 0.8576388888888888 0.9462890625 0.8697916666666666 0.943359375 0.8715277777777778 0.9404296875 0.875 0.9423828125 0.8802083333333334 0.939453125 0.8819444444444444 0.9306640625 0.8854166666666666 0.931640625 0.8958333333333334 0.92578125 0.90625 0.9287109375 0.9479166666666666 0.92578125 0.9774305555555556 0.927734375 0.9826388888888888 0.9208984375 0.9947916666666666 0.921875 0.9947916666666666 0.9365234375 0.9878472222222222 0.9384765625 0.9878472222222222 0.94140625 0.9930555555555556 0.943359375 0.9930555555555556 0.94921875 0.9861111111111112 0.94921875 0.9826388888888888 0.951171875 0.9774305555555556 0.96484375 0.9722222222222222 0.9619140625 0.9652777777777778 0.9619140625 0.9600694444444444 0.9677734375 0.953125 0.9716796875 0.9479166666666666 0.970703125 0.9444444444444444 0.9736328125 0.9305555555555556 0.9736328125 0.9149305555555556 0.9697265625 0.9010416666666666 0.96484375 0.8767361111111112 0.9521484375 0.8645833333333334 0.951171875 0.859375 0.953125 0.8506944444444444 0.953125 0.8472222222222222 0.9580078125 0.8420138888888888 0.9599609375 0.8402777777777778 0.9560546875 0.8246527777777778 0.94921875 0.8229166666666666 0.943359375 0.8159722222222222 0.939453125 0.8090277777777778 0.939453125 0.8003472222222222 0.9365234375 0.7899305555555556 0.9365234375 0.7725694444444444 0.931640625 0.7604166666666666 0.9248046875 0.75 0.9111328125 0.7482638888888888 0.896484375 0.7361111111111112 0.892578125 0.7222222222222222 0.8916015625 0.7065972222222222 0.8818359375 0.6892361111111112 0.87890625 0.6892361111111112 0.875 0.703125 0.87109375 0.7118055555555556 0.87109375 0.7204861111111112 0.8662109375 0.7222222222222222 0.87109375 0.7274305555555556 0.8740234375 0.7482638888888888 0.873046875 0.7552083333333334 0.8779296875 0.7690972222222222 0.87890625 0.7743055555555556 0.8759765625 0.7743055555555556 0.87109375 0.7690972222222222 0.8662109375 0.7621527777777778 0.8681640625 0.7604166666666666 0.8671875 0.7569444444444444 0.8623046875 0.7586805555555556 0.857421875 0.7534722222222222 0.8515625 0.7690972222222222 0.8505859375 0.7760416666666666 0.853515625 0.7829861111111112 0.8505859375 0.7881944444444444 0.8505859375
2 0.8003472222222222 0.8515625 0.8194444444444444 0.859375 0.8211805555555556 0.8623046875 0.8125 0.8720703125 0.7864583333333334 0.87109375 0.7534722222222222 0.859375 0.7534722222222222 0.8564453125 0.7673611111111112 0.8515625 0.7986111111111112 0.8515625
2 0.6753472222222222 0.619140625 0.6805555555555556 0.62109375 0.6805555555555556 0.6240234375 0.6527777777777778 0.6318359375 0.6267361111111112 0.64453125 0.6197916666666666 0.6513671875 0.6128472222222222 0.6513671875 0.6111111111111112 0.646484375 0.6215277777777778 0.63671875 0.6371527777777778 0.62890625 0.6579861111111112 0.6220703125 0.6736111111111112 0.6201171875
2 0.6944444444444444 0.8291015625 0.703125 0.83203125 0.7118055555555556 0.83203125 0.7152777777777778 0.8349609375 0.7152777777777778 0.84375 0.7065972222222222 0.8466796875 0.6788194444444444 0.8427734375 0.6666666666666666 0.837890625 0.6701388888888888 0.8310546875 0.6927083333333334 0.8291015625
2 0.921875 0.9541015625 0.9461805555555556 0.9560546875 0.9565972222222222 0.9599609375 0.9583333333333334 0.96484375 0.9461805555555556 0.9697265625 0.9236111111111112 0.9697265625 0.8993055555555556 0.9619140625 0.8975694444444444 0.9560546875 0.9027777777777778 0.953125 0.9131944444444444 0.9521484375 0.9201388888888888 0.9541015625
2 0.9184027777777778 0.892578125 0.9253472222222222 0.896484375 0.9270833333333334 0.900390625 0.90625 0.90625 0.8923611111111112 0.9033203125 0.8888888888888888 0.896484375 0.9027777777777778 0.8896484375 0.9166666666666666 0.892578125
2 0.5295138888888888 0.6953125 0.5381944444444444 0.6982421875 0.5538194444444444 0.69921875 0.5555555555555556 0.701171875 0.5590277777777778 0.6982421875 0.5607638888888888 0.69921875 0.5572916666666666 0.7041015625 0.5572916666666666 0.7177734375 0.5625 0.7314453125 0.5711805555555556 0.7421875 0.5902777777777778 0.7578125 0.5989583333333334 0.76171875 0.6076388888888888 0.7705078125 0.6267361111111112 0.7802734375 0.6510416666666666 0.7978515625 0.6597222222222222 0.8017578125 0.6701388888888888 0.802734375 0.6909722222222222 0.814453125 0.7048611111111112 0.8173828125 0.7309027777777778 0.830078125 0.8177083333333334 0.8564453125 0.8420138888888888 0.869140625 0.8576388888888888 0.873046875 0.8697916666666666 0.8798828125 0.875 0.8798828125 0.8802083333333334 0.8828125 0.8975694444444444 0.8857421875 0.9114583333333334 0.890625 0.9357638888888888 0.900390625 0.9461805555555556 0.908203125 0.9548611111111112 0.9091796875 0.9583333333333334 0.916015625 0.9670138888888888 0.9208984375 0.9704861111111112 0.9140625 0.9756944444444444 0.91796875 0.9826388888888888 0.91796875 0.984375 0.9228515625 0.9809027777777778 0.923828125 0.9791666666666666 0.9189453125 0.9739583333333334 0.91796875 0.96875 0.921875 0.9670138888888888 0.9287109375 0.9513888888888888 0.9296875 0.9479166666666666 0.927734375 0.9461805555555556 0.9326171875 0.9427083333333334 0.9267578125 0.9392361111111112 0.931640625 0.9322916666666666 0.92578125 0.9201388888888888 0.92578125 0.90625 0.9287109375 0.90625 0.935546875 0.9253472222222222 0.9404296875 0.953125 0.9404296875 0.9635416666666666 0.9365234375 0.9670138888888888 0.9384765625 0.9670138888888888 0.943359375 0.9583333333333334 0.9453125 0.9635416666666666 0.94921875 0.9565972222222222 0.94921875 0.953125 0.9521484375 0.9565972222222222 0.9541015625 0.9670138888888888 0.9541015625 0.9704861111111112 0.94921875 0.9756944444444444 0.953125 0.984375 0.9521484375 0.9878472222222222 0.9560546875 0.984375 0.9658203125 0.9878472222222222 0.974609375 0.9809027777777778 0.98046875 0.96875 0.98046875 0.9583333333333334 0.984375 0.9618055555555556 0.9873046875 0.9565972222222222 0.9873046875 0.9496527777777778 0.990234375 0.9496527777777778 0.9990234375 0.9461805555555556 0.9921875 0.9409722222222222 0.9990234375 0.9340277777777778 0.9990234375 0.9322916666666666 0.9970703125 0.9288194444444444 0.9990234375 0.9201388888888888 0.9990234375 0.9201388888888888 0.9951171875 0.9131944444444444 0.9951171875 0.9201388888888888 0.9931640625 0.9201388888888888 0.9833984375 0.9114583333333334 0.984375 0.9079861111111112 0.9873046875 0.9045138888888888 0.9853515625 0.8888888888888888 0.986328125 0.8784722222222222 0.990234375 0.8854166666666666 0.994140625 0.8836805555555556 0.9990234375 0.8715277777777778 0.9990234375 0.8732638888888888 0.9775390625 0.8697916666666666 0.974609375 0.8645833333333334 0.9755859375 0.8628472222222222 0.9736328125 0.8715277777777778 0.9697265625 0.8628472222222222 0.9677734375 0.859375 0.9619140625 0.8524305555555556 0.9609375 0.8385416666666666 0.962890625 0.8333333333333334 0.958984375 0.8350694444444444 0.9560546875 0.8246527777777778 0.9521484375 0.8159722222222222 0.9541015625 0.8055555555555556 0.9501953125 0.8020833333333334 0.9521484375 0.7881944444444444 0.953125 0.7916666666666666 0.94921875 0.7777777777777778 0.9453125 0.7847222222222222 0.9423828125 0.7847222222222222 0.939453125 0.7760416666666666 0.9365234375 0.7725694444444444 0.939453125 0.7708333333333334 0.9384765625 0.7743055555555556 0.935546875 0.7673611111111112 0.935546875 0.7604166666666666 0.9326171875 0.7604166666666666 0.927734375 0.7552083333333334 0.923828125 0.7465277777777778 0.9228515625 0.7447916666666666 0.9248046875 0.7378472222222222 0.92578125 0.7256944444444444 0.9248046875 0.7309027777777778 0.9248046875 0.734375 0.921875 0.7309027777777778 0.9130859375 0.7274305555555556 0.9111328125 0.7170138888888888 0.912109375 0.7152777777777778 0.908203125 0.7013888888888888 0.8984375 0.6840277777777778 0.896484375 0.6701388888888888 0.8974609375 0.6666666666666666 0.8896484375 0.6597222222222222 0.888671875 0.6579861111111112 0.8857421875 0.640625 0.8916015625 0.6302083333333334 0.8916015625 0.6267361111111112 0.8896484375 0.6319444444444444 0.88671875 0.6284722222222222 0.884765625 0.609375 0.8837890625 0.6111111111111112 0.87890625 0.6006944444444444 0.876953125 0.5989583333333334 0.8740234375 0.59375 0.876953125 0.5885416666666666 0.8671875 0.5920138888888888 0.8583984375 0.5885416666666666 0.85546875 0.5815972222222222 0.857421875 0.5798611111111112 0.8564453125 0.5798611111111112 0.8544921875 0.5850694444444444 0.8525390625 0.5833333333333334 0.8466796875 0.5798611111111112 0.845703125 0.5746527777777778 0.849609375 0.5729166666666666 0.8466796875 0.5625 0.841796875 0.5590277777777778 0.84375 0.5538194444444444 0.8427734375 0.5555555555555556 0.8408203125 0.5625 0.8408203125 0.5659722222222222 0.8388671875 0.5642361111111112 0.830078125 0.5538194444444444 0.828125 0.5520833333333334 0.822265625 0.5486111111111112 0.8212890625 0.5503472222222222 0.8115234375 0.5555555555555556 0.806640625 0.546875 0.8037109375 0.5399305555555556 0.8046875 0.5347222222222222 0.8017578125 0.5243055555555556 0.8037109375 0.5208333333333334 0.7998046875 0.5243055555555556 0.7958984375 0.5225694444444444 0.77734375 0.5034722222222222 0.765625 0.4947916666666667 0.76171875 0.4895833333333333 0.76171875 0.4895833333333333 0.7548828125 0.4809027777777778 0.7509765625 0.4826388888888889 0.74609375 0.4930555555555556 0.744140625 0.4930555555555556 0.740234375 0.4861111111111111 0.73828125 0.4774305555555556 0.73046875 0.4809027777777778 0.7265625 0.4739583333333333 0.712890625 0.4809027777777778 0.7138671875 0.4878472222222222 0.7099609375 0.4913194444444444 0.69921875 0.4982638888888889 0.69921875 0.5017361111111112 0.7041015625 0.5034722222222222 0.697265625 0.5104166666666666 0.69921875 0.5173611111111112 0.6943359375 0.5277777777777778 0.6953125
2 0.6163194444444444 0.8095703125 0.6267361111111112 0.818359375 0.6302083333333334 0.8203125 0.6371527777777778 0.8203125 0.6388888888888888 0.822265625 0.6232638888888888 0.822265625 0.609375 0.8251953125 0.5625 0.8251953125 0.5572916666666666 0.8212890625 0.5815972222222222 0.8154296875 0.5885416666666666 0.8115234375 0.6041666666666666 0.80859375 0.6145833333333334 0.8095703125
2 0.59375 0.796875 0.5972222222222222 0.80078125 0.6041666666666666 0.798828125 0.6076388888888888 0.7998046875 0.6111111111111112 0.8076171875 0.6197916666666666 0.806640625 0.6579861111111112 0.810546875 0.6614583333333334 0.8212890625 0.6666666666666666 0.82421875 0.6684027777777778 0.8369140625 0.6649305555555556 0.8388671875 0.6579861111111112 0.8388671875 0.6388888888888888 0.8291015625 0.6302083333333334 0.8310546875 0.6232638888888888 0.8251953125 0.6145833333333334 0.826171875 0.6024305555555556 0.822265625 0.5920138888888888 0.82421875 0.5729166666666666 0.82421875 0.5694444444444444 0.822265625 0.5659722222222222 0.82421875 0.5659722222222222 0.8203125 0.5763888888888888 0.8193359375 0.5920138888888888 0.810546875 0.5902777777777778 0.802734375 0.59375 0.8017578125 0.5954861111111112 0.7978515625
2 0.7795138888888888 0.9091796875 0.7881944444444444 0.91015625 0.8159722222222222 0.9267578125 0.8159722222222222 0.9296875 0.8107638888888888 0.93359375 0.7986111111111112 0.935546875 0.7760416666666666 0.931640625 0.7638888888888888 0.92578125 0.7604166666666666 0.921875 0.7569444444444444 0.9169921875 0.7586805555555556 0.912109375 0.765625 0.9091796875 0.7777777777777778 0.9091796875
2 0.7204861111111112 0.8740234375 0.75 0.876953125 0.7916666666666666 0.88671875 0.7916666666666666 0.8916015625 0.7881944444444444 0.8935546875 0.7760416666666666 0.89453125 0.7690972222222222 0.892578125 0.734375 0.8916015625 0.71875 0.8876953125 0.7065972222222222 0.8818359375 0.6944444444444444 0.8798828125 0.6927083333333334 0.875 0.6979166666666666 0.873046875 0.71875 0.8740234375
2 0.5329861111111112 0.7197265625 0.5347222222222222 0.7265625 0.5381944444444444 0.728515625 0.546875 0.7275390625 0.5503472222222222 0.73046875 0.5416666666666666 0.736328125 0.5329861111111112 0.73828125 0.4982638888888889 0.732421875 0.4947916666666667 0.7294921875 0.4947916666666667 0.7255859375 0.5104166666666666 0.7236328125 0.5243055555555556 0.71875 0.53125 0.7197265625
2 0.9947916666666666 0.919921875 0.9965277777777778 0.9423828125 0.9930555555555556 0.9501953125 0.9809027777777778 0.9384765625 0.9774305555555556 0.931640625 0.9861111111111112 0.9208984375 0.9930555555555556 0.919921875
2 0.8263888888888888 0.890625 0.859375 0.892578125 0.8715277777777778 0.900390625 0.8854166666666666 0.9033203125 0.8871527777777778 0.9072265625 0.8836805555555556 0.91015625 0.8628472222222222 0.912109375 0.84375 0.90625 0.8298611111111112 0.9052734375 0.8125 0.900390625 0.8072916666666666 0.8974609375 0.8072916666666666 0.8935546875 0.8177083333333334 0.8896484375 0.8246527777777778 0.890625