2 0.6440972222222222 0.7880859375 0.6579861111111112 0.7958984375 0.6579861111111112 0.7998046875 0.6475694444444444 0.8017578125 0.6267361111111112 0.7998046875 0.6076388888888888 0.79296875 0.6076388888888888 0.7890625 0.6145833333333334 0.787109375 0.6423611111111112 0.7880859375
2 0.8628472222222222 0.96875 0.8767361111111112 0.9716796875 0.890625 0.98046875 0.8888888888888888 0.984375 0.8767361111111112 0.9921875 0.875 0.9990234375 0.8385416666666666 0.9990234375 0.8315972222222222 0.994140625 0.8333333333333334 0.9873046875 0.8229166666666666 0.9775390625 0.828125 0.97265625 0.8385416666666666 0.9697265625 0.8611111111111112 0.96875
2 0.6909722222222222 0.8974609375 0.6927083333333334 0.90234375 0.6875 0.916015625 0.6840277777777778 0.9189453125 0.6736111111111112 0.9208984375 0.6614583333333334 0.9208984375 0.6545138888888888 0.91796875 0.6545138888888888 0.904296875 0.6597222222222222 0.8984375 0.6649305555555556 0.896484375 0.6892361111111112 0.8974609375
2 0.765625 0.876953125 0.7829861111111112 0.8818359375 0.7847222222222222 0.88671875 0.7690972222222222 0.8974609375 0.7621527777777778 0.8994140625 0.7465277777777778 0.8994140625 0.7395833333333334 0.8974609375 0.7361111111111112 0.8896484375 0.7256944444444444 0.8837890625 0.7256944444444444 0.8798828125 0.7638888888888888 0.876953125
2 0.5711805555555556 0.79345703125 0.034722222222222224 0.0166015625
2 0.5416666666666666 0.75 0.5642361111111112 0.748046875 0.5850694444444444 0.755859375 0.5850694444444444 0.7587890625 0.5798611111111112 0.7607421875 0.5486111111111112 0.76171875 0.5381944444444444 0.7568359375 0.5381944444444444 0.7529296875 0.5416666666666666 0.7509765625
2 0.5989583333333334 0.810546875 0.6163194444444444 0.8173828125 0.6145833333333334 0.8212890625 0.6041666666666666 0.8232421875 0.5885416666666666 0.8232421875 0.5729166666666666 0.81640625 0.5625 0.81640625 0.5520833333333334 0.8203125 0.5520833333333334 0.8154296875 0.5659722222222222 0.8095703125 0.5972222222222222 0.810546875
2 0.6666666666666666 0.859375 0.6770833333333334 0.86328125 0.6909722222222222 0.8642578125 0.7013888888888888 0.8681640625 0.7013888888888888 0.875 0.6840277777777778 0.87890625 0.6597222222222222 0.8759765625 0.6423611111111112 0.8642578125 0.6458333333333334 0.859375 0.6649305555555556 0.859375
2 0.7430555555555556 0.9833984375 0.7465277777777778 0.9951171875 0.7361111111111112 0.9970703125 0.7100694444444444 0.9970703125 0.7083333333333334 0.9892578125 0.7118055555555556 0.984375 0.7204861111111112 0.982421875 0.7413194444444444 0.9833984375
2 0.6805555555555556 0.810546875 0.6979166666666666 0.8134765625 0.7048611111111112 0.81640625 0.703125 0.822265625 0.6927083333333334 0.828125 0.6822916666666666 0.830078125 0.6684027777777778 0.828125 0.6597222222222222 0.8212890625 0.6597222222222222 0.814453125 0.6666666666666666 0.810546875 0.6788194444444444 0.810546875
2 0.765625 0.9228515625 0.7829861111111112 0.9267578125 0.7916666666666666 0.93359375 0.8055555555555556 0.9384765625 0.8090277777777778 0.9423828125 0.8072916666666666 0.9453125 0.8003472222222222 0.947265625 0.7881944444444444 0.947265625 0.7690972222222222 0.94140625 0.7447916666666666 0.939453125 0.7204861111111112 0.9326171875 0.7204861111111112 0.927734375 0.7256944444444444 0.9248046875 0.7465277777777778 0.921875 0.7638888888888888 0.9228515625
2 0.7083333333333334 0.9326171875 0.7395833333333334 0.9423828125 0.7465277777777778 0.9462890625 0.7482638888888888 0.9501953125 0.7447916666666666 0.95703125 0.7378472222222222 0.9609375 0.7256944444444444 0.9619140625 0.703125 0.970703125 0.6770833333333334 0.970703125 0.6336805555555556 0.962890625 0.6267361111111112 0.9560546875 0.625 0.9453125 0.6510416666666666 0.9345703125 0.6736111111111112 0.93359375 0.6788194444444444 0.931640625 0.7065972222222222 0.9326171875
2 0.6857638888888888 0.845703125 0.7100694444444444 0.8583984375 0.7100694444444444 0.8623046875 0.7048611111111112 0.8642578125 0.6909722222222222 0.8642578125 0.671875 0.8583984375 0.6631944444444444 0.8583984375 0.6614583333333334 0.8623046875 0.6458333333333334 0.8623046875 0.6493055555555556 0.859375 0.6458333333333334 0.8525390625 0.6475694444444444 0.8486328125 0.6666666666666666 0.8447265625 0.6840277777777778 0.845703125
1 0.5277777777777778 0.5458984375 0.5381944444444444 0.548828125 0.5381944444444444 0.5615234375 0.5503472222222222 0.568359375 0.5572916666666666 0.578125 0.5642361111111112 0.6044921875 0.5642361111111112 0.6162109375 0.5590277777777778 0.6201171875 0.5555555555555556 0.6201171875 0.5520833333333334 0.6171875 0.5520833333333334 0.6123046875 0.5486111111111112 0.6103515625 0.5451388888888888 0.61328125 0.5416666666666666 0.62890625 0.5434027777777778 0.6630859375 0.5260416666666666 0.67578125 0.5104166666666666 0.6787109375 0.5 0.677734375 0.4965277777777778 0.6748046875 0.5034722222222222 0.666015625 0.5034722222222222 0.6552734375 0.4947916666666667 0.63671875 0.4930555555555556 0.6240234375 0.4965277777777778 0.5947265625 0.4826388888888889 0.587890625 0.4826388888888889 0.5810546875 0.4913194444444444 0.5693359375 0.5121527777777778 0.5576171875 0.5121527777777778 0.55078125 0.5260416666666666 0.5458984375