1 0.5243055555555556 0.55078125 0.5277777777777778 0.552734375 0.5260416666666666 0.5673828125 0.5399305555555556 0.5732421875 0.546875 0.5859375 0.5538194444444444 0.611328125 0.5538194444444444 0.623046875 0.5503472222222222 0.6259765625 0.5399305555555556 0.6259765625 0.5347222222222222 0.62890625 0.5329861111111112 0.6611328125 0.5260416666666666 0.6748046875 0.5208333333333334 0.6787109375 0.5069444444444444 0.6796875 0.5034722222222222 0.681640625 0.5 0.681640625 0.5 0.673828125 0.484375 0.63671875 0.4861111111111111 0.599609375 0.4722222222222222 0.595703125 0.4704861111111111 0.587890625 0.4809027777777778 0.57421875 0.4982638888888889 0.5634765625 0.5017361111111112 0.552734375 0.5086805555555556 0.5498046875 0.5225694444444444 0.55078125
2 0.6145833333333334 0.7841796875 0.6267361111111112 0.7861328125 0.640625 0.79296875 0.640625 0.796875 0.6371527777777778 0.7978515625 0.6215277777777778 0.7978515625 0.5972222222222222 0.79296875 0.59375 0.7880859375 0.5989583333333334 0.78515625 0.6128472222222222 0.7841796875
2 0.5486111111111112 0.796875 0.5486111111111112 0.7900390625 0.5607638888888888 0.7841796875 0.5729166666666666 0.7841796875 0.5746527777777778 0.7880859375 0.5625 0.796875 0.5503472222222222 0.796875
2 0.5902777777777778 0.8095703125 0.5989583333333334 0.814453125 0.5972222222222222 0.818359375 0.59375 0.8193359375 0.5746527777777778 0.8193359375 0.5625 0.8154296875 0.5416666666666666 0.8154296875 0.5416666666666666 0.8115234375 0.5555555555555556 0.8056640625 0.5833333333333334 0.806640625 0.5885416666666666 0.8095703125
2 0.7309027777777778 0.91015625 0.7586805555555556 0.92578125 0.7604166666666666 0.9287109375 0.7482638888888888 0.9326171875 0.734375 0.9287109375 0.6961805555555556 0.9228515625 0.6822916666666666 0.916015625 0.6857638888888888 0.912109375 0.6944444444444444 0.91015625 0.7291666666666666 0.91015625
2 0.8142361111111112 0.9541015625 0.8263888888888888 0.9599609375 0.8263888888888888 0.962890625 0.8142361111111112 0.970703125 0.8107638888888888 0.9765625 0.8003472222222222 0.9794921875 0.7899305555555556 0.9794921875 0.7777777777777778 0.9765625 0.7760416666666666 0.96484375 0.7708333333333334 0.9609375 0.7708333333333334 0.9560546875 0.7881944444444444 0.951171875 0.8003472222222222 0.951171875 0.8125 0.9541015625
2 0.7222222222222222 0.8671875 0.7326388888888888 0.869140625 0.7430555555555556 0.8740234375 0.7413194444444444 0.8798828125 0.7222222222222222 0.8896484375 0.7048611111111112 0.8876953125 0.6996527777777778 0.8798828125 0.6927083333333334 0.8759765625 0.6944444444444444 0.87109375 0.7048611111111112 0.8681640625 0.7204861111111112 0.8671875
2 0.6493055555555556 0.853515625 0.6614583333333334 0.8564453125 0.6701388888888888 0.861328125 0.6701388888888888 0.8662109375 0.6579861111111112 0.8701171875 0.640625 0.869140625 0.6197916666666666 0.8583984375 0.6180555555555556 0.85546875 0.6215277777777778 0.853515625 0.6475694444444444 0.853515625
2 0.6909722222222222 0.9619140625 0.6996527777777778 0.9658203125 0.6996527777777778 0.974609375 0.7048611111111112 0.98046875 0.7048611111111112 0.9873046875 0.6979166666666666 0.9912109375 0.6875 0.9931640625 0.6805555555555556 0.9931640625 0.6736111111111112 0.990234375 0.6649305555555556 0.98046875 0.6649305555555556 0.9736328125 0.671875 0.962890625 0.6892361111111112 0.9619140625
2 0.6527777777777778 0.837890625 0.6666666666666666 0.8408203125 0.6770833333333334 0.8486328125 0.6805555555555556 0.8515625 0.6805555555555556 0.85546875 0.6770833333333334 0.8564453125 0.6631944444444444 0.8564453125 0.6458333333333334 0.8505859375 0.6354166666666666 0.8505859375 0.6267361111111112 0.8466796875 0.625 0.8447265625 0.6284722222222222 0.8408203125 0.6510416666666666 0.837890625
2 0.6284722222222222 0.7626953125 0.6319444444444444 0.767578125 0.6197916666666666 0.7734375 0.5989583333333334 0.7724609375 0.5920138888888888 0.7646484375 0.5989583333333334 0.7607421875 0.6267361111111112 0.7626953125
2 0.6527777777777778 0.806640625 0.6788194444444444 0.814453125 0.671875 0.8212890625 0.6579861111111112 0.8251953125 0.6475694444444444 0.8251953125 0.6388888888888888 0.81640625 0.6388888888888888 0.8115234375 0.6510416666666666 0.806640625
2 0.65625 0.88671875 0.6597222222222222 0.888671875 0.6579861111111112 0.8994140625 0.6545138888888888 0.904296875 0.6458333333333334 0.908203125 0.6284722222222222 0.9072265625 0.625 0.8974609375 0.6302083333333334 0.8896484375 0.6354166666666666 0.88671875 0.6545138888888888 0.88671875
2 0.6649305555555556 0.9208984375 0.6736111111111112 0.9287109375 0.6857638888888888 0.9326171875 0.6961805555555556 0.93359375 0.7013888888888888 0.9384765625 0.6857638888888888 0.9443359375 0.6788194444444444 0.94921875 0.6527777777777778 0.9521484375 0.6180555555555556 0.94921875 0.6059027777777778 0.9462890625 0.6006944444444444 0.9423828125 0.5972222222222222 0.931640625 0.6041666666666666 0.9267578125 0.6215277777777778 0.9208984375 0.6493055555555556 0.91796875 0.6579861111111112 0.91796875 0.6631944444444444 0.9208984375
2 0.5538194444444444 0.748046875 0.5694444444444444 0.7509765625 0.5763888888888888 0.7548828125 0.5763888888888888 0.7578125 0.5538194444444444 0.76171875 0.5434027777777778 0.7607421875 0.5329861111111112 0.755859375 0.5329861111111112 0.7509765625 0.5364583333333334 0.7490234375 0.5520833333333334 0.748046875