2 0.41822916666666665 0.7734375 0.4244791666666667 0.77890625 0.4239583333333333 0.7921875 0.41875 0.80234375 0.4 0.821875 0.3729166666666667 0.83046875 0.3651041666666667 0.84140625 0.3625 0.85546875 0.3567708333333333 0.8625 0.35208333333333336 0.8640625 0.3421875 0.88125 0.334375 0.8859375 0.30885416666666665 0.8796875 0.3067708333333333 0.875 0.30625 0.8640625 0.3151041666666667 0.84375 0.3307291666666667 0.82578125 0.3489583333333333 0.79609375 0.3546875 0.7890625 0.37083333333333335 0.778125 0.41770833333333335 0.7734375
2 0.6229166666666667 0.44921875 0.6291666666666667 0.4546875 0.6296875 0.46484375 0.6177083333333333 0.48359375 0.6104166666666667 0.50234375 0.6036458333333333 0.50859375 0.5958333333333333 0.5109375 0.565625 0.50859375 0.5614583333333333 0.5046875 0.5619791666666667 0.49609375 0.5703125 0.4859375 0.5885416666666666 0.47578125 0.6041666666666666 0.453125 0.6223958333333334 0.44921875
2 0.9994791666666667 0.6578125 0.9994791666666667 0.71953125 0.9609375 0.73828125 0.9416666666666667 0.73671875 0.93125 0.72734375 0.9255208333333333 0.71015625 0.9255208333333333 0.6953125 0.928125 0.68671875 0.9385416666666667 0.67421875 0.9489583333333333 0.66875 0.9765625 0.66328125 0.9932291666666667 0.65625 0.9989583333333333 0.6578125
2 0.253125 0.86796875 0.2578125 0.878125 0.2578125 0.88984375 0.2546875 0.896875 0.2203125 0.93828125 0.215625 0.94921875 0.19114583333333332 0.98203125 0.1796875 0.9890625 0.14427083333333332 0.996875 0.11927083333333334 0.99609375 0.115625 0.99375 0.11458333333333333 0.9828125 0.11875 0.96484375 0.1296875 0.94921875 0.16041666666666668 0.9234375 0.17447916666666666 0.91640625 0.19114583333333332 0.9 0.2078125 0.8890625 0.2140625 0.878125 0.24010416666666667 0.865625 0.2526041666666667 0.86796875
2 0.46041666666666664 0.63203125 0.46875 0.64375 0.4666666666666667 0.65078125 0.45364583333333336 0.65625 0.4427083333333333 0.65625 0.42291666666666666 0.6859375 0.421875 0.6921875 0.41770833333333335 0.6984375 0.39739583333333334 0.7125 0.3828125 0.7109375 0.3734375 0.70234375 0.37552083333333336 0.6765625 0.37864583333333335 0.6703125 0.39010416666666664 0.66015625 0.4125 0.65234375 0.446875 0.6328125 0.45989583333333334 0.63203125
2 0.7348958333333333 0.434375 0.7375 0.43671875 0.7442708333333333 0.43359375 0.746875 0.43515625 0.75 0.45 0.7458333333333333 0.45703125 0.7411458333333333 0.4609375 0.7197916666666667 0.46484375 0.6963541666666667 0.48515625 0.684375 0.490625 0.6755208333333333 0.4890625 0.6708333333333333 0.48359375 0.6697916666666667 0.475 0.6744791666666666 0.4671875 0.6916666666666667 0.4484375 0.7057291666666666 0.43828125 0.734375 0.434375
2 0.9723958333333333 0.1984375 0.9770833333333333 0.20078125 0.9796875 0.20546875 0.9786458333333333 0.2078125 0.9536458333333333 0.2125 0.953125 0.21640625 0.9489583333333333 0.215625 0.946875 0.2203125 0.9390625 0.225 0.9307291666666667 0.22421875 0.9270833333333334 0.22109375 0.93125 0.21015625 0.9484375 0.20234375 0.971875 0.1984375
2 0.9677083333333333 0.2578125 0.9744791666666667 0.26484375 0.9755208333333333 0.26875 0.9739583333333334 0.27109375 0.9484375 0.275 0.9364583333333333 0.2890625 0.9260416666666667 0.29375 0.9182291666666667 0.2921875 0.9130208333333333 0.2859375 0.9135416666666667 0.28203125 0.9177083333333333 0.27734375 0.9401041666666666 0.259375 0.9671875 0.2578125
2 0.6161458333333333 0.58984375 0.6265625 0.5984375 0.6234375 0.6109375 0.6234375 0.61953125 0.6182291666666667 0.6296875 0.6078125 0.6375 0.5942708333333333 0.640625 0.5770833333333333 0.65 0.5557291666666667 0.665625 0.5453125 0.66484375 0.5375 0.659375 0.5348958333333333 0.65390625 0.5348958333333333 0.646875 0.5380208333333333 0.63984375 0.575 0.61328125 0.5833333333333334 0.60078125 0.6020833333333333 0.590625 0.615625 0.58984375
2 0.7213541666666666 0.32265625 0.728125 0.32890625 0.7291666666666666 0.33125 0.7276041666666667 0.334375 0.69375 0.340625 0.6890625 0.34453125 0.6885416666666667 0.3484375 0.6963541666666667 0.3484375 0.696875 0.3515625 0.684375 0.36328125 0.6770833333333334 0.365625 0.6677083333333333 0.3625 0.665625 0.34453125 0.6692708333333334 0.33828125 0.6927083333333334 0.32734375 0.7125 0.321875 0.7208333333333333 0.32265625
2 0.8651041666666667 0.25546875 0.8729166666666667 0.26015625 0.875 0.26484375 0.8739583333333333 0.26796875 0.8453125 0.28984375 0.8244791666666667 0.28828125 0.8166666666666667 0.28515625 0.8140625 0.28203125 0.8140625 0.278125 0.8244791666666667 0.27109375 0.846875 0.26484375 0.8588541666666667 0.25546875 0.8645833333333334 0.25546875
2 0.8557291666666667 0.36796875 0.8645833333333334 0.371875 0.8703125 0.3828125 0.8703125 0.38671875 0.8666666666666667 0.39140625 0.85625 0.396875 0.8453125 0.39609375 0.8411458333333334 0.39296875 0.83125 0.3765625 0.8322916666666667 0.37265625 0.8385416666666666 0.36796875 0.8552083333333333 0.36796875