2 0.425 0.7486033519553073 0.44166666666666665 0.7486033519553073 0.45 0.7430167597765364 0.4583333333333333 0.7430167597765364 0.4666666666666667 0.7486033519553073 0.49166666666666664 0.7486033519553073 0.49166666666666664 0.7821229050279329 0.4666666666666667 0.7821229050279329 0.4583333333333333 0.7877094972067039 0.44166666666666665 0.7877094972067039 0.44166666666666665 0.7653631284916201 0.425 0.7541899441340782
2 0.625 0.6368715083798883 0.625 0.6480446927374302 0.6333333333333333 0.6536312849162011 0.6333333333333333 0.664804469273743 0.6 0.664804469273743 0.6 0.659217877094972 0.5916666666666667 0.6536312849162011 0.5833333333333334 0.6536312849162011 0.5833333333333334 0.6424581005586593 0.5916666666666667 0.6368715083798883 0.6166666666666667 0.6368715083798883
2 0.65 0.553072625698324 0.6583333333333333 0.5586592178770949 0.6583333333333333 0.5754189944134078 0.675 0.5865921787709497 0.6916666666666667 0.5865921787709497 0.7083333333333334 0.5977653631284916 0.7 0.5977653631284916 0.6916666666666667 0.6033519553072626 0.6583333333333333 0.6033519553072626 0.65 0.6089385474860335 0.65 0.6312849162011173 0.6333333333333333 0.6424581005586593 0.6333333333333333 0.6536312849162011 0.6416666666666667 0.659217877094972 0.6333333333333333 0.664804469273743 0.625 0.664804469273743 0.6166666666666667 0.6703910614525139 0.6 0.6703910614525139 0.6 0.659217877094972 0.5916666666666667 0.6536312849162011 0.5833333333333334 0.6536312849162011 0.5833333333333334 0.6424581005586593 0.5916666666666667 0.6368715083798883 0.5916666666666667 0.6201117318435754 0.6 0.6145251396648045 0.6 0.6089385474860335 0.5833333333333334 0.5977653631284916 0.5833333333333334 0.5921787709497207 0.5916666666666667 0.5865921787709497 0.5916666666666667 0.5810055865921788 0.6 0.5754189944134078 0.6 0.5698324022346368 0.6083333333333333 0.5642458100558659 0.6166666666666667 0.5642458100558659 0.6333333333333333 0.553072625698324 0.6416666666666667 0.553072625698324
2 0.6 0.6703910614525139 0.6083333333333333 0.6759776536312849 0.6 0.6815642458100558 0.5583333333333333 0.6815642458100558 0.5583333333333333 0.6759776536312849 0.5666666666666667 0.6703910614525139 0.5916666666666667 0.6703910614525139
2 0.49166666666666664 0.7374301675977654 0.49166666666666664 0.7262569832402235 0.48333333333333334 0.7206703910614525 0.48333333333333334 0.7150837988826816 0.49166666666666664 0.7094972067039106 0.5333333333333333 0.7094972067039106 0.5333333333333333 0.7150837988826816 0.5416666666666666 0.7206703910614525 0.5416666666666666 0.7262569832402235 0.55 0.7318435754189944 0.5333333333333333 0.7318435754189944 0.525 0.7374301675977654 0.5 0.7374301675977654
2 0.3416666666666667 0.8044692737430168 0.38333333333333336 0.8044692737430168 0.39166666666666666 0.7988826815642458 0.4 0.7988826815642458 0.4083333333333333 0.8044692737430168 0.4083333333333333 0.8100558659217877 0.4 0.8156424581005587 0.35 0.8156424581005587 0.3416666666666667 0.8100558659217877
2 0.2833333333333333 0.9329608938547486 0.2833333333333333 0.9217877094972067 0.2916666666666667 0.9162011173184358 0.3 0.9162011173184358 0.30833333333333335 0.9106145251396648 0.3416666666666667 0.9106145251396648 0.35 0.9050279329608939 0.375 0.9050279329608939 0.38333333333333336 0.9106145251396648 0.38333333333333336 0.9217877094972067 0.36666666666666664 0.9217877094972067 0.35833333333333334 0.9273743016759777 0.3416666666666667 0.9273743016759777 0.3333333333333333 0.9329608938547486 0.2916666666666667 0.9329608938547486
2 0.4 0.7988826815642458 0.4166666666666667 0.8100558659217877 0.4166666666666667 0.8156424581005587 0.4083333333333333 0.8212290502793296 0.425 0.8324022346368715 0.44166666666666665 0.8324022346368715 0.45 0.8379888268156425 0.425 0.8547486033519553 0.35833333333333334 0.8547486033519553 0.35 0.8491620111731844 0.35 0.8379888268156425 0.35833333333333334 0.8379888268156425 0.36666666666666664 0.8324022346368715 0.36666666666666664 0.8268156424581006 0.35 0.8156424581005587 0.3416666666666667 0.8156424581005587 0.3416666666666667 0.8044692737430168 0.39166666666666666 0.8044692737430168
2 0.275 0.9608938547486033 0.275 0.9664804469273743 0.25833333333333336 0.9776536312849162 0.25 0.9776536312849162 0.24166666666666667 0.9832402234636871 0.23333333333333334 0.9832402234636871 0.225 0.9888268156424581 0.21666666666666667 0.9888268156424581 0.20833333333333334 0.994413407821229 0.18333333333333332 0.994413407821229 0.175 0.9888268156424581 0.175 0.9776536312849162 0.16666666666666666 0.9720670391061452 0.175 0.9664804469273743 0.18333333333333332 0.9664804469273743 0.19166666666666668 0.9608938547486033 0.20833333333333334 0.9608938547486033 0.21666666666666667 0.9553072625698324 0.24166666666666667 0.9553072625698324 0.25 0.9608938547486033 0.26666666666666666 0.9608938547486033
2 0.3416666666666667 0.8044692737430168 0.38333333333333336 0.8044692737430168 0.39166666666666666 0.7988826815642458 0.4 0.7988826815642458 0.4166666666666667 0.8100558659217877 0.4 0.8212290502793296 0.4 0.8268156424581006 0.4083333333333333 0.8324022346368715 0.44166666666666665 0.8324022346368715 0.44166666666666665 0.8435754189944135 0.425 0.8547486033519553 0.39166666666666666 0.8547486033519553 0.38333333333333336 0.8603351955307262 0.375 0.8547486033519553 0.35833333333333334 0.8659217877094972 0.35833333333333334 0.8770949720670391 0.375 0.888268156424581 0.36666666666666664 0.8938547486033519 0.39166666666666666 0.9106145251396648 0.39166666666666666 0.9162011173184358 0.4 0.9217877094972067 0.39166666666666666 0.9273743016759777 0.36666666666666664 0.9273743016759777 0.35833333333333334 0.9329608938547486 0.31666666666666665 0.9329608938547486 0.30833333333333335 0.9385474860335196 0.2916666666666667 0.9385474860335196 0.2833333333333333 0.9329608938547486 0.2833333333333333 0.9162011173184358 0.3 0.9050279329608939 0.3 0.8994413407821229 0.275 0.88268156424581 0.275 0.8770949720670391 0.2916666666666667 0.8659217877094972 0.30833333333333335 0.8659217877094972 0.325 0.8770949720670391 0.3333333333333333 0.8770949720670391 0.3416666666666667 0.8715083798882681 0.3416666666666667 0.8547486033519553 0.35 0.8491620111731844 0.35 0.8379888268156425 0.35833333333333334 0.8379888268156425 0.36666666666666664 0.8324022346368715 0.3416666666666667 0.8156424581005587 0.3416666666666667 0.8100558659217877
2 0.35 0.8491620111731844 0.35 0.8435754189944135 0.35833333333333334 0.8379888268156425 0.375 0.8379888268156425 0.38333333333333336 0.8324022346368715 0.44166666666666665 0.8324022346368715 0.45 0.8379888268156425 0.44166666666666665 0.8435754189944135 0.44166666666666665 0.8491620111731844 0.43333333333333335 0.8491620111731844 0.425 0.8547486033519553 0.36666666666666664 0.8547486033519553 0.35833333333333334 0.8491620111731844
2 0.43333333333333335 0.7486033519553073 0.49166666666666664 0.7486033519553073 0.49166666666666664 0.7597765363128491 0.43333333333333335 0.7597765363128491 0.43333333333333335 0.7541899441340782
2 0.31666666666666665 0.8659217877094972 0.325 0.8715083798882681 0.325 0.88268156424581 0.31666666666666665 0.88268156424581 0.30833333333333335 0.888268156424581 0.275 0.888268156424581 0.275 0.8715083798882681 0.2833333333333333 0.8659217877094972 0.30833333333333335 0.8659217877094972
2 0.5666666666666667 0.7039106145251397 0.5666666666666667 0.6927374301675978 0.5583333333333333 0.6871508379888268 0.5583333333333333 0.6759776536312849 0.575 0.664804469273743 0.5833333333333334 0.664804469273743 0.5916666666666667 0.6703910614525139 0.6083333333333333 0.6703910614525139 0.6083333333333333 0.6759776536312849 0.6 0.6815642458100558 0.6 0.6927374301675978 0.5833333333333334 0.7039106145251397 0.575 0.7039106145251397 0.5666666666666667 0.7094972067039106 0.5583333333333333 0.7094972067039106
2 0.6833333333333333 0.5865921787709497 0.6916666666666667 0.5921787709497207 0.7 0.5921787709497207 0.7 0.5977653631284916 0.6583333333333333 0.5977653631284916 0.65 0.6033519553072626 0.6166666666666667 0.6033519553072626 0.6166666666666667 0.5977653631284916 0.625 0.5921787709497207 0.6416666666666667 0.5921787709497207 0.65 0.5865921787709497 0.675 0.5865921787709497