0 0.5625 0.81875 0.0125 0.015277777777777777
0 0.568359375 0.7444444444444445 0.01484375 0.016666666666666666
0 0.5734375 0.7076388888888889 0.0078125 0.011111111111111112
0 0.527734375 0.6590277777777778 0.01171875 0.013888888888888888
0 0.53203125 0.7138888888888889 0.00859375 0.015277777777777777
0 0.572265625 0.9270833333333334 0.009375 0.011111111111111112
0 0.584765625 0.8881944444444444 0.009375 0.0125
0 0.591796875 0.9597222222222223 0.01015625 0.016666666666666666
0 0.42421875 0.8715277777777778 0.00703125 0.016666666666666666
0 0.420703125 0.9493055555555555 0.0078125 0.016666666666666666
0 0.581640625 0.7895833333333333 0.00625 0.015277777777777777
0 0.753515625 0.95 0.00703125 0.0125
0 0.75390625 0.9743055555555555 0.00859375 0.015277777777777777
0 0.573046875 0.6486111111111111 0.0109375 0.018055555555555554
0 0.559765625 0.6881944444444444 0.009375 0.013888888888888888
0 0.531640625 0.5798611111111112 0.0125 0.018055555555555554
0 0.730078125 0.7513888888888889 0.00859375 0.020833333333333332
0 0.761328125 0.9027777777777778 0.00625 0.013888888888888888
0 0.795703125 0.9111111111111111 0.00859375 0.0125
0 0.2546875 0.9756944444444444 0.01328125 0.019444444444444445
0 0.36328125 0.9541666666666667 0.00703125 0.005555555555555556
0 0.371875 0.9819444444444444 0.0078125 0.011111111111111112
0 0.291015625 0.7458333333333333 0.00859375 0.0125
0 0.2640625 0.7930555555555555 0.0109375 0.0125
0 0.284375 0.7902777777777777 0.00859375 0.0125
0 0.269921875 0.625 0.01015625 0.015277777777777777