0 0.5250544662309368 0.42320261437908496 0.5315904139433552 0.4264705882352941 0.5337690631808278 0.43137254901960786 0.5119825708061002 0.43790849673202614 0.5010893246187363 0.4362745098039216 0.4923747276688453 0.4297385620915033 0.4923747276688453 0.42483660130718953 0.49673202614379086 0.4215686274509804 0.5206971677559913 0.4215686274509804 0.5228758169934641 0.42320261437908496
0 0.485838779956427 0.3284313725490196 0.49455337690631807 0.3333333333333333 0.49455337690631807 0.3366013071895425 0.485838779956427 0.3415032679738562 0.4684095860566449 0.3415032679738562 0.46405228758169936 0.3382352941176471 0.4662309368191721 0.3333333333333333 0.47276688453159044 0.3284313725490196 0.48366013071895425 0.3284313725490196
0 0.49019607843137253 0.3562091503267974 0.4989106753812636 0.3611111111111111 0.4989106753812636 0.36437908496732024 0.4880174291938998 0.369281045751634 0.4749455337690632 0.369281045751634 0.46187363834422657 0.3611111111111111 0.46187363834422657 0.35784313725490197 0.47058823529411764 0.3545751633986928 0.485838779956427 0.3545751633986928 0.4880174291938998 0.3562091503267974
0 0.39215686274509803 0.23039215686274508 0.40305010893246185 0.23366013071895425 0.40305010893246185 0.2369281045751634 0.39651416122004357 0.24019607843137256 0.38562091503267976 0.24019607843137256 0.3769063180827887 0.2369281045751634 0.3790849673202614 0.23202614379084968 0.3899782135076253 0.23039215686274508
0 0.5838779956427015 0.5637254901960784 0.5860566448801743 0.576797385620915 0.5729847494553377 0.5849673202614379 0.5490196078431373 0.5833333333333334 0.5381263616557734 0.5800653594771242 0.5359477124183006 0.576797385620915 0.5381263616557734 0.5718954248366013 0.5533769063180828 0.5604575163398693 0.5729847494553377 0.5604575163398693 0.5816993464052288 0.5637254901960784
0 0.3289760348583878 0.20588235294117646 0.3333333333333333 0.2042483660130719 0.3485838779956427 0.2042483660130719 0.35294117647058826 0.20588235294117646 0.35076252723311546 0.2107843137254902 0.3333333333333333 0.2107843137254902 0.3289760348583878 0.20751633986928106
0 0.3137254901960784 0.184640522875817 0.3202614379084967 0.18790849673202614 0.33769063180827885 0.19117647058823528 0.33769063180827885 0.19444444444444445 0.3333333333333333 0.1977124183006536 0.3202614379084967 0.1977124183006536 0.3159041394335512 0.18627450980392157
0 0.5250544662309368 0.7908496732026143 0.5359477124183006 0.7990196078431373 0.5381263616557734 0.7973856209150327 0.5533769063180828 0.7990196078431373 0.5620915032679739 0.8169934640522876 0.5708061002178649 0.8235294117647058 0.5708061002178649 0.8284313725490197 0.5642701525054467 0.8333333333333334 0.5403050108932462 0.8382352941176471 0.5359477124183006 0.8415032679738562 0.5294117647058824 0.8415032679738562 0.5228758169934641 0.8382352941176471 0.5054466230936819 0.8251633986928104 0.5010893246187363 0.8120915032679739 0.49455337690631807 0.8071895424836601 0.4793028322440087 0.803921568627451 0.49455337690631807 0.7924836601307189 0.5228758169934641 0.7908496732026143
0 0.5729847494553377 0.7091503267973857 0.5816993464052288 0.7107843137254902 0.5860566448801743 0.7140522875816994 0.5860566448801743 0.7238562091503268 0.5816993464052288 0.7303921568627451 0.5642701525054467 0.7434640522875817 0.5315904139433552 0.7369281045751634 0.5272331154684096 0.7336601307189542 0.5272331154684096 0.7254901960784313 0.5359477124183006 0.7189542483660131 0.5381263616557734 0.7124183006535948 0.5446623093681917 0.7075163398692811 0.5708061002178649 0.7091503267973857
0 0.2984749455337691 0.16666666666666666 0.2984749455337691 0.1715686274509804 0.289760348583878 0.17483660130718953 0.2788671023965142 0.17320261437908496 0.2788671023965142 0.16830065359477125 0.28104575163398693 0.16666666666666666 0.2962962962962963 0.16666666666666666
0 0.5925925925925926 0.9101307189542484 0.6056644880174292 0.9183006535947712 0.6078431372549019 0.9281045751633987 0.6034858387799564 0.9428104575163399 0.5947712418300654 0.954248366013072 0.5860566448801743 0.9607843137254902 0.5577342047930284 0.9591503267973857 0.5468409586056645 0.9558823529411765 0.5359477124183006 0.946078431372549 0.5359477124183006 0.9362745098039216 0.5424836601307189 0.9297385620915033 0.5446623093681917 0.9313725490196079 0.55119825708061 0.9281045751633987 0.5533769063180828 0.9133986928104575 0.5620915032679739 0.9068627450980392 0.5708061002178649 0.9084967320261438 0.5751633986928104 0.9117647058823529 0.5904139433551199 0.9101307189542484
0 0.25272331154684097 0.1568627450980392 0.2701525054466231 0.1568627450980392 0.27233115468409586 0.15849673202614378 0.27233115468409586 0.16176470588235295 0.2679738562091503 0.16339869281045752 0.2570806100217865 0.16339869281045752 0.25272331154684097 0.16176470588235295 0.25272331154684097 0.15849673202614378
0 0.514161220043573 0.5081699346405228 0.5185185185185185 0.5065359477124183 0.5424836601307189 0.5065359477124183 0.55119825708061 0.5081699346405228 0.5577342047930284 0.5130718954248366 0.5577342047930284 0.5228758169934641 0.5533769063180828 0.5277777777777778 0.5250544662309368 0.5277777777777778 0.5185185185185185 0.5245098039215687 0.5119825708061002 0.5163398692810458 0.514161220043573 0.5098039215686274
0 0.6056644880174292 0.8513071895424836 0.6122004357298475 0.8447712418300654 0.6252723311546841 0.8415032679738562 0.6274509803921569 0.8202614379084967 0.6339869281045751 0.815359477124183 0.6470588235294118 0.8333333333333334 0.6470588235294118 0.8447712418300654 0.6405228758169934 0.8545751633986928 0.6339869281045751 0.8594771241830066 0.6230936819172114 0.8545751633986928 0.6078431372549019 0.8529411764705882
0 0.4357298474945534 0.2647058823529412 0.4422657952069717 0.2679738562091503 0.4422657952069717 0.27124183006535946 0.4335511982570806 0.27450980392156865 0.41830065359477125 0.272875816993464 0.4139433551198257 0.2696078431372549 0.4139433551198257 0.26633986928104575 0.41830065359477125 0.2647058823529412 0.4335511982570806 0.2647058823529412
0 0.5152505446623094 0.3929738562091503 0.037037037037037035 0.017973856209150325
0 0.5577342047930284 0.6258169934640523 0.5729847494553377 0.6421568627450981 0.5729847494553377 0.6470588235294118 0.5577342047930284 0.6535947712418301 0.5359477124183006 0.6535947712418301 0.5315904139433552 0.6519607843137255 0.5206971677559913 0.6388888888888888 0.5206971677559913 0.6323529411764706 0.5250544662309368 0.6274509803921569 0.5555555555555556 0.6258169934640523
0 0.45098039215686275 0.3055555555555556 0.46405228758169936 0.3104575163398693 0.46405228758169936 0.3137254901960784 0.45751633986928103 0.31699346405228757 0.4357298474945534 0.31699346405228757 0.43137254901960786 0.3137254901960784 0.4335511982570806 0.30718954248366015 0.44880174291938996 0.3055555555555556
0 0.43790849673202614 0.24673202614379086 0.4400871459694989 0.25163398692810457 0.4357298474945534 0.2549019607843137 0.41830065359477125 0.2549019607843137 0.4139433551198257 0.25163398692810457 0.4226579520697168 0.24509803921568626 0.4357298474945534 0.24673202614379086
0 0.46187363834422657 0.28431372549019607 0.4684095860566449 0.28594771241830064 0.47058823529411764 0.2908496732026144 0.4596949891067538 0.2957516339869281 0.4444444444444444 0.2957516339869281 0.4357298474945534 0.29248366013071897 0.4357298474945534 0.28921568627450983 0.4444444444444444 0.28431372549019607 0.4596949891067538 0.28431372549019607
0 0.5599128540305011 0.4624183006535948 0.5620915032679739 0.46405228758169936 0.5620915032679739 0.4722222222222222 0.55119825708061 0.4803921568627451 0.5250544662309368 0.477124183006536 0.5206971677559913 0.4738562091503268 0.5206971677559913 0.47058823529411764 0.5359477124183006 0.46078431372549017 0.5555555555555556 0.46078431372549017 0.5577342047930284 0.4624183006535948
0 0.3877995642701525 0.21568627450980393 0.3899782135076253 0.22058823529411764 0.38344226579520696 0.2238562091503268 0.3681917211328976 0.2238562091503268 0.3660130718954248 0.21895424836601307 0.37037037037037035 0.21568627450980393 0.38562091503267976 0.21568627450980393