0 0.545751633986928 0.5294117647058824 0.5506535947712419 0.5318627450980392 0.5522875816993464 0.5367647058823529 0.5473856209150327 0.5416666666666666 0.5375816993464052 0.5416666666666666 0.5343137254901961 0.5392156862745098 0.5343137254901961 0.5343137254901961 0.5359477124183006 0.5318627450980392 0.5441176470588235 0.5318627450980392
0 0.5882352941176471 0.4730392156862745 0.5996732026143791 0.4730392156862745 0.5980392156862745 0.4803921568627451 0.5882352941176471 0.4803921568627451 0.5882352941176471 0.47549019607843135
0 0.7581699346405228 0.12254901960784313 0.7630718954248366 0.125 0.761437908496732 0.12990196078431374 0.7516339869281046 0.12990196078431374 0.7516339869281046 0.125 0.7565359477124183 0.12254901960784313
0 0.696078431372549 0.27941176470588236 0.696078431372549 0.28431372549019607 0.6911764705882353 0.2867647058823529 0.684640522875817 0.2867647058823529 0.684640522875817 0.2818627450980392 0.6862745098039216 0.27941176470588236 0.6944444444444444 0.27941176470588236
0 0.6584967320261438 0.35294117647058826 0.6601307189542484 0.3553921568627451 0.6584967320261438 0.3602941176470588 0.6486928104575164 0.3602941176470588 0.6470588235294118 0.3627450980392157 0.6437908496732027 0.3602941176470588 0.6454248366013072 0.35294117647058826 0.6568627450980392 0.35294117647058826
0 0.7124183006535948 0.25735294117647056 0.7140522875816994 0.25980392156862747 0.7058823529411765 0.26715686274509803 0.7009803921568627 0.2647058823529412 0.7009803921568627 0.25980392156862747 0.7026143790849673 0.25735294117647056 0.7107843137254902 0.25735294117647056
0 0.7124183006535948 0.37745098039215685 0.7124183006535948 0.38235294117647056 0.6977124183006536 0.38480392156862747 0.696078431372549 0.3872549019607843 0.6879084967320261 0.3872549019607843 0.6879084967320261 0.38480392156862747 0.7107843137254902 0.37745098039215685
0 0.7352941176470589 0.16911764705882354 0.738562091503268 0.16666666666666666 0.7450980392156863 0.16911764705882354 0.7434640522875817 0.17401960784313725 0.7352941176470589 0.17401960784313725 0.7352941176470589 0.1715686274509804
0 0.6781045751633987 0.3137254901960784 0.6813725490196079 0.3112745098039216 0.6895424836601307 0.3112745098039216 0.6911764705882353 0.3137254901960784 0.6862745098039216 0.31862745098039214 0.6797385620915033 0.31862745098039214 0.6781045751633987 0.3161764705882353
0 0.795751633986928 0.041666666666666664 0.795751633986928 0.04656862745098039 0.7924836601307189 0.049019607843137254 0.7875816993464052 0.04656862745098039 0.7875816993464052 0.04411764705882353 0.7941176470588235 0.041666666666666664
0 0.1977124183006536 0.47058823529411764 0.19934640522875818 0.46568627450980393 0.20751633986928106 0.46568627450980393 0.20751633986928106 0.47058823529411764 0.19934640522875818 0.47058823529411764
0 0.4820261437908497 0.6323529411764706 0.4852941176470588 0.6397058823529411 0.477124183006536 0.6446078431372549 0.46895424836601307 0.6446078431372549 0.46895424836601307 0.6372549019607843 0.47549019607843135 0.6323529411764706 0.4803921568627451 0.6323529411764706
0 0.27941176470588236 0.9387254901960784 0.2826797385620915 0.9436274509803921 0.2826797385620915 0.9509803921568627 0.27450980392156865 0.9583333333333334 0.2630718954248366 0.9583333333333334 0.26143790849673204 0.9509803921568627 0.2647058823529412 0.9436274509803921 0.2777777777777778 0.9387254901960784
0 0.38235294117647056 0.7843137254901961 0.3839869281045752 0.7916666666666666 0.37745098039215685 0.7990196078431373 0.3660130718954248 0.7990196078431373 0.36437908496732024 0.7916666666666666 0.369281045751634 0.7843137254901961 0.380718954248366 0.7843137254901961
0 0.5179738562091504 0.5931372549019608 0.5196078431372549 0.6004901960784313 0.5147058823529411 0.6053921568627451 0.5049019607843137 0.6053921568627451 0.5049019607843137 0.5980392156862745 0.5081699346405228 0.5931372549019608 0.5163398692810458 0.5931372549019608
0 0.7826797385620915 0.07598039215686274 0.7843137254901961 0.0784313725490196 0.7826797385620915 0.08333333333333333 0.7761437908496732 0.08333333333333333 0.7745098039215687 0.08088235294117647 0.7810457516339869 0.07598039215686274
0 0.7598039215686274 0.15196078431372548 0.7581699346405228 0.1568627450980392 0.7483660130718954 0.1568627450980392 0.7516339869281046 0.14950980392156862 0.7581699346405228 0.15196078431372548
0 0.8986928104575164 0.6838235294117647 0.9084967320261438 0.6838235294117647 0.9101307189542484 0.6862745098039216 0.9101307189542484 0.6911764705882353 0.9019607843137255 0.6911764705882353 0.8986928104575164 0.6862745098039216
0 0.7728758169934641 0.09803921568627451 0.7794117647058824 0.09803921568627451 0.7777777777777778 0.10294117647058823 0.7728758169934641 0.10049019607843138
0 0.6470588235294118 0.39705882352941174 0.6470588235294118 0.4019607843137255 0.6437908496732027 0.40441176470588236 0.6323529411764706 0.40441176470588236 0.630718954248366 0.39950980392156865 0.6356209150326797 0.3946078431372549 0.6454248366013072 0.39705882352941174
0 0.6062091503267973 0.4264705882352941 0.6111111111111112 0.42401960784313725 0.619281045751634 0.4264705882352941 0.619281045751634 0.43137254901960786 0.6160130718954249 0.4338235294117647 0.6062091503267973 0.4338235294117647 0.6062091503267973 0.42892156862745096
0 0.7075163398692811 0.22549019607843138 0.7124183006535948 0.22303921568627452 0.7173202614379085 0.22549019607843138 0.7156862745098039 0.23039215686274508 0.7075163398692811 0.23039215686274508 0.7075163398692811 0.22794117647058823
0 0.3137254901960784 0.8995098039215687 0.3137254901960784 0.8897058823529411 0.31862745098039214 0.8823529411764706 0.3333333333333333 0.8823529411764706 0.3349673202614379 0.8921568627450981 0.33169934640522875 0.8970588235294118 0.3235294117647059 0.9019607843137255 0.31699346405228757 0.9019607843137255 0.315359477124183 0.8995098039215687
0 0.7320261437908496 0.19362745098039216 0.738562091503268 0.19607843137254902 0.7369281045751634 0.19852941176470587 0.7320261437908496 0.19852941176470587 0.7320261437908496 0.19607843137254902
0 0.4493464052287582 0.7009803921568627 0.4493464052287582 0.7058823529411765 0.44281045751633985 0.7132352941176471 0.4362745098039216 0.7132352941176471 0.434640522875817 0.7107843137254902 0.4362745098039216 0.7034313725490197 0.4477124183006536 0.7009803921568627