0 0.6617647058823529 0.6013071895424836 0.6666666666666666 0.6045751633986928 0.6691176470588235 0.6111111111111112 0.6666666666666666 0.6160130718954249 0.6544117647058824 0.6241830065359477 0.6421568627450981 0.6258169934640523 0.6299019607843137 0.6339869281045751 0.6029411764705882 0.6339869281045751 0.5882352941176471 0.6241830065359477 0.5784313725490197 0.6225490196078431 0.5759803921568627 0.619281045751634 0.5808823529411765 0.6160130718954249 0.5955882352941176 0.6143790849673203 0.6151960784313726 0.6062091503267973 0.625 0.6062091503267973 0.6348039215686274 0.6013071895424836 0.6446078431372549 0.5996732026143791 0.6568627450980392 0.5996732026143791 0.6593137254901961 0.6013071895424836
0 0.8088235294117647 0.5735294117647058 0.821078431372549 0.576797385620915 0.8308823529411765 0.5833333333333334 0.8308823529411765 0.5866013071895425 0.821078431372549 0.5915032679738562 0.8186274509803921 0.5980392156862745 0.8112745098039216 0.6013071895424836 0.8088235294117647 0.5996732026143791 0.7990196078431373 0.5996732026143791 0.7818627450980392 0.6045751633986928 0.7475490196078431 0.6045751633986928 0.7279411764705882 0.5996732026143791 0.7254901960784313 0.5947712418300654 0.7328431372549019 0.5882352941176471 0.7401960784313726 0.5866013071895425 0.75 0.5800653594771242 0.7720588235294118 0.5784313725490197 0.7843137254901961 0.5735294117647058 0.8063725490196079 0.5735294117647058
0 0.5196078431372549 0.6601307189542484 0.5269607843137255 0.6633986928104575 0.5269607843137255 0.6715686274509803 0.5220588235294118 0.6748366013071896 0.49019607843137253 0.6862745098039216 0.46568627450980393 0.6862745098039216 0.45588235294117646 0.6895424836601307 0.44362745098039214 0.6879084967320261 0.4411764705882353 0.684640522875817 0.4632352941176471 0.6699346405228758 0.4852941176470588 0.6633986928104575 0.49754901960784315 0.6633986928104575 0.5049019607843137 0.6601307189542484 0.5171568627450981 0.6601307189542484
0 0.8284313725490197 0.8594771241830066 0.8480392156862745 0.8660130718954249 0.8602941176470589 0.8741830065359477 0.8651960784313726 0.8823529411764706 0.8700980392156863 0.8856209150326797 0.875 0.8954248366013072 0.875 0.9150326797385621 0.8872549019607843 0.9362745098039216 0.8921568627450981 0.954248366013072 0.875 0.9656862745098039 0.8676470588235294 0.9673202614379085 0.8504901960784313 0.9656862745098039 0.8455882352941176 0.9673202614379085 0.8406862745098039 0.9738562091503268 0.8406862745098039 0.9787581699346405 0.8308823529411765 0.9836601307189542 0.8235294117647058 0.9803921568627451 0.8186274509803921 0.9836601307189542 0.8186274509803921 0.9869281045751634 0.8137254901960784 0.9836601307189542 0.8088235294117647 0.9836601307189542 0.803921568627451 0.9869281045751634 0.7622549019607843 0.9869281045751634 0.7524509803921569 0.9836601307189542 0.7426470588235294 0.9754901960784313 0.7328431372549019 0.9754901960784313 0.7132352941176471 0.9705882352941176 0.7009803921568627 0.9591503267973857 0.7009803921568627 0.9558823529411765 0.6911764705882353 0.9444444444444444 0.6813725490196079 0.9150326797385621 0.6911764705882353 0.9133986928104575 0.7009803921568627 0.9166666666666666 0.7156862745098039 0.9133986928104575 0.7205882352941176 0.9101307189542484 0.7205882352941176 0.8905228758169934 0.7254901960784313 0.8856209150326797 0.7377450980392157 0.8823529411764706 0.7426470588235294 0.8790849673202614 0.7598039215686274 0.8774509803921569 0.7696078431372549 0.8709150326797386 0.7867647058823529 0.8643790849673203 0.803921568627451 0.8627450980392157 0.8137254901960784 0.8594771241830066 0.8259803921568627 0.8594771241830066
0 0.9264705882352942 0.6617647058823529 0.9411764705882353 0.6650326797385621 0.9754901960784313 0.684640522875817 0.9779411764705882 0.6879084967320261 0.9779411764705882 0.6944444444444444 0.9754901960784313 0.696078431372549 0.9803921568627451 0.7058823529411765 0.9803921568627451 0.7173202614379085 0.9730392156862745 0.7205882352941176 0.9485294117647058 0.7222222222222222 0.9411764705882353 0.7254901960784313 0.9338235294117647 0.7336601307189542 0.9240196078431373 0.7369281045751634 0.9068627450980392 0.7369281045751634 0.9044117647058824 0.738562091503268 0.8946078431372549 0.7369281045751634 0.8455882352941176 0.738562091503268 0.8406862745098039 0.7369281045751634 0.8308823529411765 0.7173202614379085 0.8308823529411765 0.7091503267973857 0.8382352941176471 0.7058823529411765 0.8431372549019608 0.7058823529411765 0.8504901960784313 0.7009803921568627 0.8529411764705882 0.6944444444444444 0.8627450980392157 0.684640522875817 0.8700980392156863 0.6830065359477124 0.8946078431372549 0.6633986928104575 0.9019607843137255 0.6617647058823529 0.9240196078431373 0.6617647058823529
0 0.5049019607843137 0.7254901960784313 0.5024509803921569 0.7222222222222222 0.5024509803921569 0.7075163398692811 0.5416666666666666 0.6830065359477124 0.553921568627451 0.6781045751633987 0.571078431372549 0.6748366013071896 0.5882352941176471 0.6748366013071896 0.5955882352941176 0.6813725490196079 0.5906862745098039 0.704248366013072 0.5808823529411765 0.7107843137254902 0.5588235294117647 0.7156862745098039 0.5367647058823529 0.7238562091503268 0.5196078431372549 0.7271241830065359 0.5098039215686274 0.7271241830065359 0.5073529411764706 0.7254901960784313
0 0.8308823529411765 0.6372549019607843 0.8431372549019608 0.6421568627450981 0.8651960784313726 0.6584967320261438 0.8553921568627451 0.6633986928104575 0.8284313725490197 0.6699346405228758 0.7843137254901961 0.6650326797385621 0.7843137254901961 0.6568627450980392 0.7990196078431373 0.6470588235294118 0.8014705882352942 0.6388888888888888 0.8063725490196079 0.6372549019607843 0.8284313725490197 0.6372549019607843
0 0.6691176470588235 0.6356209150326797 0.6838235294117647 0.6421568627450981 0.6838235294117647 0.6470588235294118 0.6740196078431373 0.6552287581699346 0.6593137254901961 0.6650326797385621 0.6323529411764706 0.6650326797385621 0.6299019607843137 0.6666666666666666 0.6078431372549019 0.6633986928104575 0.6029411764705882 0.6601307189542484 0.6029411764705882 0.6535947712418301 0.6151960784313726 0.6519607843137255 0.625 0.6454248366013072 0.6421568627450981 0.6388888888888888 0.6666666666666666 0.6356209150326797
0 0.9779411764705882 0.9117647058823529 0.9877450980392157 0.9150326797385621 0.9950980392156863 0.9248366013071896 0.9950980392156863 0.9313725490196079 0.9975490196078431 0.9330065359477124 0.9975490196078431 0.9934640522875817 0.9877450980392157 0.9983660130718954 0.9632352941176471 0.9983660130718954 0.9583333333333334 0.9950980392156863 0.9411764705882353 0.9934640522875817 0.946078431372549 0.9901960784313726 0.9436274509803921 0.9869281045751634 0.946078431372549 0.9852941176470589 0.946078431372549 0.9722222222222222 0.9411764705882353 0.9689542483660131 0.9362745098039216 0.9722222222222222 0.9313725490196079 0.9689542483660131 0.9313725490196079 0.9656862745098039 0.9264705882352942 0.9607843137254902 0.9313725490196079 0.9248366013071896 0.9362745098039216 0.9166666666666666 0.9485294117647058 0.9117647058823529 0.9754901960784313 0.9117647058823529
0 0.8186274509803921 0.7320261437908496 0.8308823529411765 0.7352941176470589 0.8382352941176471 0.7401960784313726 0.8431372549019608 0.7565359477124183 0.875 0.7810457516339869 0.8774509803921569 0.7859477124183006 0.875 0.7892156862745098 0.8578431372549019 0.7924836601307189 0.8137254901960784 0.7908496732026143 0.8112745098039216 0.7924836601307189 0.7941176470588235 0.7924836601307189 0.7916666666666666 0.7941176470588235 0.7745098039215687 0.7941176470588235 0.7720588235294118 0.795751633986928 0.7647058823529411 0.795751633986928 0.7549019607843137 0.7924836601307189 0.7475490196078431 0.7859477124183006 0.7475490196078431 0.7826797385620915 0.7254901960784313 0.7679738562091504 0.7181372549019608 0.7549019607843137 0.7279411764705882 0.75 0.7426470588235294 0.7483660130718954 0.7475490196078431 0.7450980392156863 0.7671568627450981 0.7434640522875817 0.7794117647058824 0.7369281045751634 0.8161764705882353 0.7320261437908496
0 0.5735294117647058 0.7483660130718954 0.5784313725490197 0.7516339869281046 0.5833333333333334 0.7598039215686274 0.5833333333333334 0.7679738562091504 0.5735294117647058 0.7745098039215687 0.5784313725490197 0.7941176470588235 0.5661764705882353 0.8104575163398693 0.5588235294117647 0.815359477124183 0.5416666666666666 0.8218954248366013 0.5049019607843137 0.8218954248366013 0.4950980392156863 0.8202614379084967 0.47058823529411764 0.8104575163398693 0.46568627450980393 0.8055555555555556 0.46568627450980393 0.7973856209150327 0.48284313725490197 0.7761437908496732 0.5024509803921569 0.7696078431372549 0.5343137254901961 0.7532679738562091 0.5588235294117647 0.7483660130718954 0.571078431372549 0.7483660130718954
0 0.5220588235294118 0.6143790849673203 0.5245098039215687 0.6209150326797386 0.5220588235294118 0.6258169934640523 0.5147058823529411 0.630718954248366 0.49754901960784315 0.6356209150326797 0.48284313725490197 0.6356209150326797 0.4803921568627451 0.6372549019607843 0.46568627450980393 0.6339869281045751 0.46568627450980393 0.630718954248366 0.47794117647058826 0.6225490196078431 0.5098039215686274 0.6127450980392157 0.5196078431372549 0.6143790849673203
0 0.09313725490196079 0.8235294117647058 0.18627450980392157 0.35294117647058826
0 0.2769607843137255 0.613562091503268 0.18137254901960784 0.08333333333333333