0 0.8464052287581699 0.06318082788671024 0.8513071895424836 0.06100217864923747 0.869281045751634 0.06100217864923747 0.8790849673202614 0.06535947712418301 0.8839869281045751 0.0718954248366013 0.8839869281045751 0.07407407407407407 0.8545751633986928 0.0718954248366013 0.8480392156862745 0.06971677559912855 0.8464052287581699 0.06535947712418301
0 0.5302287581699346 0.46405228758169936 0.03104575163398693 0.02178649237472767
0 0.4722222222222222 0.25272331154684097 0.4738562091503268 0.25925925925925924 0.47058823529411764 0.26143790849673204 0.45588235294117646 0.26143790849673204 0.4526143790849673 0.2570806100217865 0.45751633986928103 0.25054466230936817 0.46895424836601307 0.25054466230936817 0.47058823529411764 0.25272331154684097
0 0.43137254901960786 0.18736383442265794 0.43300653594771243 0.19389978213507625 0.4264705882352941 0.19825708061002179 0.4199346405228758 0.19825708061002179 0.4150326797385621 0.19172113289760348 0.41830065359477125 0.18736383442265794 0.4297385620915033 0.18736383442265794
0 0.4869281045751634 0.30501089324618735 0.49019607843137253 0.3093681917211329 0.49019607843137253 0.3137254901960784 0.48366013071895425 0.31808278867102396 0.4722222222222222 0.31808278867102396 0.46568627450980393 0.3115468409586057 0.46568627450980393 0.30718954248366015 0.4722222222222222 0.3028322440087146 0.4852941176470588 0.30501089324618735
0 0.5490196078431373 0.9498910675381264 0.5571895424836601 0.9607843137254902 0.5735294117647058 0.9607843137254902 0.5800653594771242 0.9760348583877996 0.5816993464052288 0.9869281045751634 0.5882352941176471 0.9978213507625272 0.5359477124183006 0.9978213507625272 0.5359477124183006 0.9891067538126361 0.5326797385620915 0.9803921568627451 0.5277777777777778 0.9738562091503268 0.5212418300653595 0.971677559912854 0.5179738562091504 0.9673202614379085 0.5245098039215687 0.954248366013072 0.5473856209150327 0.9498910675381264
0 0.3611111111111111 0.12418300653594772 0.36764705882352944 0.12854030501089325 0.3660130718954248 0.1328976034858388 0.35294117647058826 0.1328976034858388 0.35294117647058826 0.12636165577342048 0.35947712418300654 0.12418300653594772
0 0.31699346405228757 0.07407407407407407 0.3202614379084967 0.07625272331154684 0.3202614379084967 0.08061002178649238 0.31699346405228757 0.08278867102396514 0.3104575163398693 0.08278867102396514 0.30718954248366015 0.0784313725490196 0.3104575163398693 0.07407407407407407 0.315359477124183 0.07407407407407407
0 0.38235294117647056 0.15468409586056645 0.3937908496732026 0.15468409586056645 0.3954248366013072 0.1568627450980392 0.39215686274509803 0.16339869281045752 0.3872549019607843 0.1655773420479303 0.380718954248366 0.16122004357298475 0.38235294117647056 0.1568627450980392
0 0.36437908496732024 0.14705882352941177 0.016339869281045753 0.010893246187363835
0 0.5375816993464052 0.40522875816993464 0.5424836601307189 0.4095860566448802 0.5424836601307189 0.41830065359477125 0.5359477124183006 0.42483660130718953 0.5261437908496732 0.42483660130718953 0.5179738562091504 0.420479302832244 0.5179738562091504 0.4139433551198257 0.5212418300653595 0.4095860566448802 0.5277777777777778 0.40522875816993464 0.5359477124183006 0.40522875816993464
0 0.3415032679738562 0.1111111111111111 0.3480392156862745 0.11546840958605664 0.34477124183006536 0.11982570806100218 0.3333333333333333 0.11982570806100218 0.3300653594771242 0.11546840958605664 0.33986928104575165 0.1111111111111111
0 0.40032679738562094 0.1721132897603486 0.4068627450980392 0.17647058823529413 0.40522875816993464 0.18082788671023964 0.40032679738562094 0.1830065359477124 0.3872549019607843 0.1786492374727669 0.3888888888888889 0.17429193899782136 0.39869281045751637 0.1721132897603486
0 0.5098039215686274 0.3333333333333333 0.5147058823529411 0.33986928104575165 0.5147058823529411 0.3442265795206972 0.5098039215686274 0.3485838779956427 0.4918300653594771 0.3485838779956427 0.49019607843137253 0.3464052287581699 0.49019607843137253 0.3420479302832244 0.49673202614379086 0.3333333333333333 0.5016339869281046 0.3311546840958606 0.5081699346405228 0.3333333333333333
0 0.5898692810457516 0.6427015250544662 0.5915032679738562 0.6535947712418301 0.5882352941176471 0.6623093681917211 0.5784313725490197 0.6710239651416122 0.5702614379084967 0.6710239651416122 0.5555555555555556 0.664488017429194 0.5522875816993464 0.6579520697167756 0.5588235294117647 0.6492374727668845 0.5620915032679739 0.6405228758169934 0.5686274509803921 0.6361655773420479 0.5800653594771242 0.6361655773420479 0.5882352941176471 0.6427015250544662
0 0.5506535947712419 0.5620915032679739 0.5637254901960784 0.5664488017429193 0.5686274509803921 0.5729847494553377 0.5686274509803921 0.5860566448801743 0.565359477124183 0.5904139433551199 0.5571895424836601 0.5904139433551199 0.5473856209150327 0.5947712418300654 0.5359477124183006 0.5882352941176471 0.5326797385620915 0.5816993464052288 0.5326797385620915 0.5686274509803921 0.5408496732026143 0.5620915032679739 0.5490196078431373 0.5620915032679739
0 0.5898692810457516 0.8387799564270153 0.5947712418300654 0.8431372549019608 0.5947712418300654 0.8562091503267973 0.5964052287581699 0.8583877995642701 0.5947712418300654 0.8649237472766884 0.5800653594771242 0.8845315904139434 0.5669934640522876 0.8823529411764706 0.553921568627451 0.8758169934640523 0.5506535947712419 0.8714596949891068 0.5506535947712419 0.8627450980392157 0.565359477124183 0.8366013071895425 0.5866013071895425 0.8366013071895425 0.5882352941176471 0.8387799564270153
0 0.43790849673202614 0.20697167755991286 0.44281045751633985 0.2113289760348584 0.44281045751633985 0.21568627450980393 0.43790849673202614 0.2178649237472767 0.42810457516339867 0.2178649237472767 0.42320261437908496 0.21350762527233116 0.42483660130718953 0.20915032679738563 0.4362745098039216 0.20697167755991286
0 0.5163398692810458 0.37037037037037035 0.5179738562091504 0.3790849673202614 0.5065359477124183 0.38562091503267976 0.5016339869281046 0.38562091503267976 0.4918300653594771 0.3790849673202614 0.49019607843137253 0.37037037037037035 0.49673202614379086 0.3660130718954248 0.5081699346405228 0.3660130718954248 0.5147058823529411 0.37037037037037035
0 0.5735294117647058 0.7276688453159041 0.576797385620915 0.738562091503268 0.5833333333333334 0.7472766884531591 0.5833333333333334 0.7559912854030502 0.5718954248366013 0.7625272331154684 0.5555555555555556 0.7625272331154684 0.545751633986928 0.7516339869281046 0.5441176470588235 0.7450980392156863 0.5441176470588235 0.7342047930283224 0.5473856209150327 0.7276688453159041 0.5718954248366013 0.7276688453159041
0 0.4624183006535948 0.23311546840958605 0.0196078431372549 0.013071895424836602
0 0.4934640522875817 0.2788671023965142 0.4934640522875817 0.28322440087145967 0.4869281045751634 0.289760348583878 0.4738562091503268 0.289760348583878 0.46895424836601307 0.28540305010893247 0.46895424836601307 0.28104575163398693 0.47549019607843135 0.2766884531590414 0.49019607843137253 0.2766884531590414 0.4918300653594771 0.2788671023965142
0 0.5620915032679739 0.5032679738562091 0.5686274509803921 0.5098039215686274 0.5686274509803921 0.5206971677559913 0.5669934640522876 0.5250544662309368 0.5604575163398693 0.5294117647058824 0.5441176470588235 0.5272331154684096 0.5375816993464052 0.5206971677559913 0.545751633986928 0.5076252723311547 0.5522875816993464 0.5032679738562091 0.5604575163398693 0.5032679738562091