0 0.9240196078431373 0.7189542483660131 0.928921568627451 0.7238562091503268 0.9191176470588235 0.7271241830065359 0.9093137254901961 0.7271241830065359 0.8897058823529411 0.7222222222222222 0.8823529411764706 0.7173202614379085 0.8823529411764706 0.7140522875816994 0.8848039215686274 0.7124183006535948 0.8970588235294118 0.7124183006535948 0.9215686274509803 0.7189542483660131
0 0.8235294117647058 0.8447712418300654 0.8308823529411765 0.8496732026143791 0.8578431372549019 0.8464052287581699 0.8799019607843137 0.8578431372549019 0.8848039215686274 0.8774509803921569 0.8897058823529411 0.8823529411764706 0.8921568627450981 0.8921568627450981 0.8823529411764706 0.8986928104575164 0.8676470588235294 0.8986928104575164 0.8627450980392157 0.8954248366013072 0.8259803921568627 0.8954248366013072 0.8088235294117647 0.8905228758169934 0.803921568627451 0.8872549019607843 0.7965686274509803 0.8758169934640523 0.7965686274509803 0.869281045751634 0.7916666666666666 0.8627450980392157 0.7916666666666666 0.8496732026143791 0.7990196078431373 0.8447712418300654 0.8161764705882353 0.8447712418300654 0.821078431372549 0.8464052287581699
0 0.553921568627451 0.7532679738562091 0.5661764705882353 0.7598039215686274 0.5661764705882353 0.7647058823529411 0.5392156862745098 0.7761437908496732 0.5024509803921569 0.7761437908496732 0.49264705882352944 0.7712418300653595 0.49019607843137253 0.7598039215686274 0.49754901960784315 0.7549019607843137 0.5122549019607843 0.7516339869281046 0.5441176470588235 0.7516339869281046 0.5514705882352942 0.7532679738562091
0 0.5379901960784313 0.9501633986928104 0.061274509803921566 0.06045751633986928
0 0.20588235294117646 0.9199346405228758 0.21568627450980393 0.9281045751633987 0.21568627450980393 0.9362745098039216 0.20833333333333334 0.9444444444444444 0.19117647058823528 0.9526143790849673 0.18382352941176472 0.954248366013072 0.1715686274509804 0.9607843137254902 0.15931372549019607 0.9624183006535948 0.13725490196078433 0.9738562091503268 0.10049019607843138 0.9852941176470589 0.09558823529411764 0.988562091503268 0.061274509803921566 0.9950980392156863 0.03431372549019608 0.9950980392156863 0.031862745098039214 0.9967320261437909 0.00980392156862745 0.9950980392156863 0.007352941176470588 0.9934640522875817 0.012254901960784314 0.9869281045751634 0.024509803921568627 0.9803921568627451 0.029411764705882353 0.9738562091503268 0.049019607843137254 0.9607843137254902 0.08333333333333333 0.9444444444444444 0.09803921568627451 0.9395424836601307 0.12254901960784313 0.9248366013071896 0.12990196078431374 0.9215686274509803 0.14950980392156862 0.9183006535947712 0.2034313725490196 0.9199346405228758
0 0.4852941176470588 0.8660130718954249 0.5 0.8741830065359477 0.5049019607843137 0.8790849673202614 0.5049019607843137 0.8839869281045751 0.5 0.8905228758169934 0.4877450980392157 0.8970588235294118 0.4803921568627451 0.8986928104575164 0.46568627450980393 0.9101307189542484 0.4362745098039216 0.9068627450980392 0.42401960784313725 0.8937908496732027 0.42401960784313725 0.8823529411764706 0.4338235294117647 0.8741830065359477 0.44362745098039214 0.8709150326797386 0.47058823529411764 0.8660130718954249 0.48284313725490197 0.8660130718954249
0 0.5147058823529411 0.7892156862745098 0.5318627450980392 0.795751633986928 0.5416666666666666 0.7973856209150327 0.5465686274509803 0.8006535947712419 0.5465686274509803 0.8071895424836601 0.5416666666666666 0.8137254901960784 0.5269607843137255 0.8218954248366013 0.5122549019607843 0.8218954248366013 0.5098039215686274 0.8202614379084967 0.5073529411764706 0.8218954248366013 0.47549019607843135 0.8218954248366013 0.46568627450980393 0.8186274509803921 0.4534313725490196 0.8104575163398693 0.45588235294117646 0.7990196078431373 0.4681372549019608 0.7924836601307189 0.49019607843137253 0.7908496732026143 0.49264705882352944 0.7892156862745098 0.49754901960784315 0.7908496732026143 0.5 0.7892156862745098 0.5122549019607843 0.7892156862745098
0 0.9558823529411765 0.75 0.9754901960784313 0.7516339869281046 0.9975490196078431 0.7581699346405228 0.9975490196078431 0.7679738562091504 0.9901960784313726 0.7696078431372549 0.9681372549019608 0.7630718954248366 0.9558823529411765 0.7516339869281046
0 0.8235294117647058 0.9313725490196079 0.8357843137254902 0.934640522875817 0.8480392156862745 0.934640522875817 0.8602941176470589 0.9395424836601307 0.8651960784313726 0.9444444444444444 0.8627450980392157 0.9526143790849673 0.8480392156862745 0.9591503267973857 0.8480392156862745 0.9673202614379085 0.8504901960784313 0.9689542483660131 0.8480392156862745 0.9771241830065359 0.8357843137254902 0.9836601307189542 0.821078431372549 0.9852941176470589 0.8137254901960784 0.9820261437908496 0.7965686274509803 0.9787581699346405 0.7916666666666666 0.9738562091503268 0.7916666666666666 0.9558823529411765 0.7843137254901961 0.9509803921568627 0.7769607843137255 0.9411764705882353 0.7769607843137255 0.934640522875817 0.7818627450980392 0.9330065359477124 0.7990196078431373 0.9330065359477124 0.8014705882352942 0.934640522875817 0.8161764705882353 0.934640522875817 0.821078431372549 0.9330065359477124
0 0.7107843137254902 0.9411764705882353 0.7132352941176471 0.9428104575163399 0.7352941176470589 0.9444444444444444 0.7475490196078431 0.9493464052287581 0.7524509803921569 0.9575163398692811 0.7524509803921569 0.9705882352941176 0.7622549019607843 0.9820261437908496 0.7622549019607843 0.9950980392156863 0.7573529411764706 0.9983660130718954 0.7426470588235294 0.9983660130718954 0.7377450980392157 0.9950980392156863 0.7279411764705882 0.9967320261437909 0.7254901960784313 0.9950980392156863 0.7230392156862745 0.9967320261437909 0.7083333333333334 0.9967320261437909 0.7058823529411765 0.9950980392156863 0.7058823529411765 0.9901960784313726 0.696078431372549 0.9754901960784313 0.6985294117647058 0.9673202614379085 0.696078431372549 0.9607843137254902 0.6887254901960784 0.954248366013072 0.6887254901960784 0.946078431372549 0.696078431372549 0.9428104575163399 0.7083333333333334 0.9411764705882353
0 0.6519607843137255 0.9362745098039216 0.6691176470588235 0.9411764705882353 0.6764705882352942 0.946078431372549 0.6764705882352942 0.9558823529411765 0.6715686274509803 0.9624183006535948 0.6519607843137255 0.9771241830065359 0.6348039215686274 0.9771241830065359 0.6225490196078431 0.9689542483660131 0.6225490196078431 0.954248366013072 0.6274509803921569 0.9444444444444444 0.6348039215686274 0.9395424836601307 0.6495098039215687 0.9362745098039216
0 0.5784313725490197 0.696078431372549 0.571078431372549 0.704248366013072 0.6176470588235294 0.7026143790849673 0.6102941176470589 0.6928104575163399
0 0.571078431372549 0.7124183006535948 0.5784313725490197 0.7238562091503268 0.6053921568627451 0.7140522875816994 0.5980392156862745 0.7091503267973857
0 0.5833333333333334 0.7287581699346405 0.5833333333333334 0.7418300653594772 0.6102941176470589 0.7336601307189542 0.5980392156862745 0.7254901960784313
0 0.9215686274509803 0.8839869281045751 0.9191176470588235 0.8986928104575164 0.9313725490196079 0.9052287581699346 0.9338235294117647 0.8937908496732027
0 0.8308823529411765 0.761437908496732 0.8406862745098039 0.7843137254901961 0.8676470588235294 0.7875816993464052 0.8725490196078431 0.7777777777777778 0.8627450980392157 0.761437908496732
0 0.6470588235294118 0.6797385620915033 0.6495098039215687 0.6879084967320261 0.678921568627451 0.6813725490196079