0 0.8504901960784313 0.08169934640522876 0.8529411764705882 0.08333333333333333 0.8700980392156863 0.08333333333333333 0.8774509803921569 0.08660130718954248 0.8921568627450981 0.08333333333333333 0.9093137254901961 0.08333333333333333 0.9166666666666666 0.08823529411764706 0.9166666666666666 0.09313725490196079 0.8970588235294118 0.09640522875816994 0.8872549019607843 0.10457516339869281 0.8774509803921569 0.10294117647058823 0.8700980392156863 0.10784313725490197 0.8627450980392157 0.10784313725490197 0.8553921568627451 0.10457516339869281 0.8553921568627451 0.09967320261437909 0.8382352941176471 0.08823529411764706 0.8431372549019608 0.08333333333333333 0.8480392156862745 0.08333333333333333
0 0.6911764705882353 0.1437908496732026 0.696078431372549 0.14705882352941177 0.696078431372549 0.1503267973856209 0.6813725490196079 0.1568627450980392 0.6764705882352942 0.15522875816993464 0.6642156862745098 0.1568627450980392 0.6568627450980392 0.15359477124183007 0.6568627450980392 0.14869281045751634 0.6666666666666666 0.1437908496732026 0.6764705882352942 0.1437908496732026 0.678921568627451 0.14215686274509803 0.6887254901960784 0.1437908496732026
0 0.625 0.25326797385620914 0.6348039215686274 0.25980392156862747 0.6348039215686274 0.26633986928104575 0.6200980392156863 0.272875816993464 0.6053921568627451 0.27124183006535946 0.5955882352941176 0.2679738562091503 0.5931372549019608 0.26633986928104575 0.5931372549019608 0.25980392156862747 0.6053921568627451 0.25326797385620914 0.6127450980392157 0.25163398692810457 0.6225490196078431 0.25326797385620914
0 0.5147058823529411 0.5277777777777778 0.5318627450980392 0.5359477124183006 0.5343137254901961 0.5392156862745098 0.5171568627450981 0.5588235294117647 0.5073529411764706 0.5620915032679739 0.4950980392156863 0.5620915032679739 0.49264705882352944 0.5637254901960784 0.4681372549019608 0.5637254901960784 0.46078431372549017 0.5604575163398693 0.4583333333333333 0.5571895424836601 0.4583333333333333 0.5441176470588235 0.46568627450980393 0.5359477124183006 0.48284313725490197 0.5277777777777778 0.4950980392156863 0.5277777777777778 0.49754901960784315 0.5261437908496732 0.5122549019607843 0.5277777777777778
0 0.7622549019607843 0.511437908496732 0.8014705882352942 0.4950980392156863 0.8284313725490197 0.4950980392156863 0.8308823529411765 0.4934640522875817 0.8553921568627451 0.4950980392156863 0.8651960784313726 0.5016339869281046 0.8700980392156863 0.5081699346405228 0.8725490196078431 0.5130718954248366 0.8700980392156863 0.5245098039215687 0.8406862745098039 0.5571895424836601 0.8161764705882353 0.5735294117647058 0.8014705882352942 0.5784313725490197 0.7916666666666666 0.5784313725490197 0.7769607843137255 0.5751633986928104 0.7622549019607843 0.5702614379084967 0.7573529411764706 0.565359477124183 0.7573529411764706 0.5555555555555556 0.7647058823529411 0.5424836601307189 0.7647058823529411 0.5277777777777778 0.7622549019607843 0.5261437908496732 0.7647058823529411 0.5130718954248366
0 0.6299019607843137 0.09803921568627451 0.6397058823529411 0.09477124183006536 0.6519607843137255 0.09477124183006536 0.6568627450980392 0.09803921568627451 0.6568627450980392 0.10294117647058823 0.6495098039215687 0.10620915032679738 0.6348039215686274 0.10620915032679738 0.6274509803921569 0.10294117647058823 0.6299019607843137 0.09967320261437909
0 0.8431372549019608 0.0392156862745098 0.8455882352941176 0.04084967320261438 0.8431372549019608 0.05392156862745098 0.8333333333333334 0.058823529411764705 0.8161764705882353 0.058823529411764705 0.7941176470588235 0.04738562091503268 0.7941176470588235 0.042483660130718956 0.8014705882352942 0.0392156862745098 0.8137254901960784 0.0392156862745098 0.8161764705882353 0.04084967320261438 0.8406862745098039 0.0392156862745098
0 0.49019607843137253 0.6862745098039216 0.49264705882352944 0.6879084967320261 0.5024509803921569 0.6879084967320261 0.5147058823529411 0.6944444444444444 0.5171568627450981 0.6977124183006536 0.5171568627450981 0.7124183006535948 0.5 0.7205882352941176 0.48284313725490197 0.7336601307189542 0.4730392156862745 0.7336601307189542 0.4387254901960784 0.7271241830065359 0.43137254901960786 0.7189542483660131 0.4362745098039216 0.7075163398692811 0.4485294117647059 0.6944444444444444 0.47058823529411764 0.6862745098039216 0.4877450980392157 0.6862745098039216
0 0.23774509803921567 0.8137254901960784 0.2622549019607843 0.8055555555555556 0.28431372549019607 0.803921568627451 0.29411764705882354 0.8218954248366013 0.29411764705882354 0.8382352941176471 0.27941176470588236 0.8594771241830066 0.2622549019607843 0.8627450980392157 0.23529411764705882 0.8627450980392157 0.22549019607843138 0.8594771241830066 0.2181372549019608 0.8529411764705882 0.21568627450980393 0.8496732026143791 0.21568627450980393 0.8382352941176471 0.22058823529411764 0.8300653594771242 0.23774509803921567 0.815359477124183
0 0.5612745098039216 0.2973856209150327 0.5686274509803921 0.3022875816993464 0.571078431372549 0.3088235294117647 0.5686274509803921 0.3137254901960784 0.5563725490196079 0.31862745098039214 0.5367647058823529 0.31862745098039214 0.5318627450980392 0.31699346405228757 0.5269607843137255 0.3137254901960784 0.5245098039215687 0.30718954248366015 0.5392156862745098 0.2957516339869281 0.5563725490196079 0.2957516339869281 0.5588235294117647 0.2973856209150327
0 0.5612745098039216 0.32189542483660133 0.5759803921568627 0.32679738562091504 0.5833333333333334 0.3366013071895425 0.5808823529411765 0.3415032679738562 0.5735294117647058 0.3464052287581699 0.5514705882352942 0.3480392156862745 0.5490196078431373 0.34967320261437906 0.5343137254901961 0.3480392156862745 0.5294117647058824 0.34477124183006536 0.5294117647058824 0.33169934640522875 0.5318627450980392 0.3284313725490196 0.5465686274509803 0.32189542483660133 0.5588235294117647 0.32189542483660133
0 0.3897058823529412 0.1454248366013072 0.39705882352941174 0.15196078431372548 0.39705882352941174 0.1568627450980392 0.39215686274509803 0.16013071895424835 0.37745098039215685 0.16339869281045752 0.3627450980392157 0.16339869281045752 0.34558823529411764 0.16013071895424835 0.3431372549019608 0.15359477124183007 0.34558823529411764 0.1503267973856209 0.3553921568627451 0.14705882352941177 0.3872549019607843 0.1454248366013072
0 0.49019607843137253 0.6176470588235294 0.49754901960784315 0.6258169934640523 0.49754901960784315 0.6405228758169934 0.4877450980392157 0.6503267973856209 0.4730392156862745 0.6601307189542484 0.46078431372549017 0.6601307189542484 0.4387254901960784 0.6552287581699346 0.42892156862745096 0.6470588235294118 0.42892156862745096 0.6356209150326797 0.4411764705882353 0.6258169934640523 0.4632352941176471 0.6160130718954249 0.4852941176470588 0.6160130718954249 0.4877450980392157 0.6176470588235294
0 0.7303921568627451 0.7352941176470589 0.7549019607843137 0.7467320261437909 0.7647058823529411 0.7467320261437909 0.7647058823529411 0.7532679738562091 0.7745098039215687 0.7598039215686274 0.7769607843137255 0.7892156862745098 0.7671568627450981 0.7973856209150327 0.7647058823529411 0.8104575163398693 0.7720588235294118 0.8202614379084967 0.7794117647058824 0.8349673202614379 0.7794117647058824 0.8415032679738562 0.7843137254901961 0.8464052287581699 0.7892156862745098 0.8594771241830066 0.7867647058823529 0.8611111111111112 0.7867647058823529 0.8676470588235294 0.7794117647058824 0.8741830065359477 0.7671568627450981 0.880718954248366 0.7598039215686274 0.8823529411764706 0.7377450980392157 0.8823529411764706 0.7303921568627451 0.880718954248366 0.7156862745098039 0.8709150326797386 0.7058823529411765 0.8513071895424836 0.7009803921568627 0.8464052287581699 0.696078431372549 0.8333333333333334 0.678921568627451 0.8137254901960784 0.6764705882352942 0.7973856209150327 0.6691176470588235 0.7843137254901961 0.6691176470588235 0.7777777777777778 0.6740196078431373 0.7679738562091504 0.6911764705882353 0.7450980392156863 0.7034313725490197 0.7369281045751634 0.7279411764705882 0.7352941176470589
0 0.8676470588235294 0.22549019607843138 0.8774509803921569 0.23366013071895425 0.875 0.24019607843137256 0.8676470588235294 0.24836601307189543 0.8578431372549019 0.25163398692810457 0.8406862745098039 0.2647058823529412 0.8137254901960784 0.2647058823529412 0.803921568627451 0.26143790849673204 0.7941176470588235 0.2549019607843137 0.7941176470588235 0.25163398692810457 0.803921568627451 0.24183006535947713 0.803921568627451 0.23529411764705882 0.8088235294117647 0.23202614379084968 0.8308823529411765 0.22712418300653595 0.8406862745098039 0.22712418300653595 0.8578431372549019 0.2222222222222222 0.8651960784313726 0.22549019607843138
0 0.6985294117647058 0.03594771241830065 0.7058823529411765 0.0392156862745098 0.7132352941176471 0.0392156862745098 0.7181372549019608 0.042483660130718956 0.7181372549019608 0.0457516339869281 0.7083333333333334 0.049019607843137254 0.6887254901960784 0.049019607843137254 0.678921568627451 0.0457516339869281 0.6715686274509803 0.0457516339869281 0.6642156862745098 0.042483660130718956 0.6642156862745098 0.0392156862745098 0.6691176470588235 0.03594771241830065 0.696078431372549 0.03594771241830065
0 0.6911764705882353 0.10130718954248366 0.7107843137254902 0.10620915032679738 0.7009803921568627 0.11274509803921569 0.6936274509803921 0.11437908496732026 0.6740196078431373 0.11437908496732026 0.6691176470588235 0.11274509803921569 0.6691176470588235 0.10620915032679738 0.6764705882352942 0.10130718954248366 0.6887254901960784 0.10130718954248366
0 0.6151960784313726 0.17647058823529413 0.6225490196078431 0.18137254901960784 0.6225490196078431 0.18627450980392157 0.6078431372549019 0.19444444444444445 0.6053921568627451 0.19281045751633988 0.5931372549019608 0.19281045751633988 0.5833333333333334 0.1895424836601307 0.5808823529411765 0.18790849673202614 0.5808823529411765 0.18137254901960784 0.5906862745098039 0.17647058823529413 0.6004901960784313 0.17647058823529413 0.6029411764705882 0.17483660130718953 0.6127450980392157 0.17647058823529413
0 0.4534313725490196 0.4869281045751634 0.4681372549019608 0.4950980392156863 0.4681372549019608 0.5081699346405228 0.4583333333333333 0.5196078431372549 0.4485294117647059 0.5196078431372549 0.44607843137254904 0.5212418300653595 0.4215686274509804 0.5196078431372549 0.40931372549019607 0.5081699346405228 0.41421568627450983 0.5 0.4264705882352941 0.4918300653594771 0.44362745098039214 0.4869281045751634 0.45098039215686275 0.4869281045751634
0 0.6127450980392157 0.3709150326797386 0.625 0.3758169934640523 0.625 0.3872549019607843 0.6151960784313726 0.3954248366013072 0.6078431372549019 0.39705882352941174 0.5906862745098039 0.39705882352941174 0.5857843137254902 0.3937908496732026 0.5808823529411765 0.3937908496732026 0.5759803921568627 0.3888888888888889 0.5759803921568627 0.380718954248366 0.5833333333333334 0.3741830065359477 0.5931372549019608 0.3709150326797386 0.6102941176470589 0.3709150326797386
0 0.8112745098039216 0.14869281045751634 0.821078431372549 0.1503267973856209 0.8357843137254902 0.1568627450980392 0.8382352941176471 0.16013071895424835 0.8357843137254902 0.16176470588235295 0.8382352941176471 0.1781045751633987 0.8235294117647058 0.1781045751633987 0.8088235294117647 0.18137254901960784 0.7916666666666666 0.17483660130718953 0.7769607843137255 0.16176470588235295 0.7794117647058824 0.1568627450980392 0.7916666666666666 0.1503267973856209 0.803921568627451 0.14705882352941177 0.8088235294117647 0.14869281045751634
0 0.6568627450980392 0.22712418300653595 0.6617647058823529 0.22875816993464052 0.6642156862745098 0.23529411764705882 0.6495098039215687 0.2434640522875817 0.6397058823529411 0.24509803921568626 0.6323529411764706 0.24509803921568626 0.6225490196078431 0.24183006535947713 0.6200980392156863 0.23529411764705882 0.6299019607843137 0.22875816993464052 0.6397058823529411 0.22549019607843138 0.6519607843137255 0.22549019607843138 0.6544117647058824 0.22712418300653595
0 0.9142156862745098 0.1437908496732026 0.9117647058823529 0.14215686274509803 0.9142156862745098 0.13725490196078433 0.9215686274509803 0.13562091503267973 0.9313725490196079 0.12908496732026145 0.9558823529411765 0.119281045751634 0.9656862745098039 0.119281045751634 0.9730392156862745 0.11601307189542484 0.9803921568627451 0.11601307189542484 0.9852941176470589 0.119281045751634 0.9852941176470589 0.12254901960784313 0.9754901960784313 0.12745098039215685 0.9705882352941176 0.12745098039215685 0.9656862745098039 0.13071895424836602 0.9485294117647058 0.13562091503267973 0.9387254901960784 0.1437908496732026 0.9313725490196079 0.1437908496732026 0.9264705882352942 0.14052287581699346 0.9166666666666666 0.14215686274509803
0 0.5808823529411765 0.4133986928104575 0.5955882352941176 0.42320261437908496 0.5955882352941176 0.43137254901960786 0.5882352941176471 0.4395424836601307 0.5784313725490197 0.4444444444444444 0.553921568627451 0.4444444444444444 0.5465686274509803 0.44281045751633985 0.5367647058823529 0.434640522875817 0.5392156862745098 0.4264705882352941 0.5490196078431373 0.4199346405228758 0.5612745098039216 0.41830065359477125 0.571078431372549 0.4133986928104575 0.5784313725490197 0.4133986928104575
0 0.6348039215686274 0.19281045751633988 0.6446078431372549 0.19444444444444445 0.6495098039215687 0.1977124183006536 0.6470588235294118 0.2042483660130719 0.6348039215686274 0.20915032679738563 0.6127450980392157 0.20915032679738563 0.6053921568627451 0.2042483660130719 0.6078431372549019 0.1977124183006536 0.6176470588235294 0.19117647058823528 0.6323529411764706 0.19281045751633988
0 0.7230392156862745 0.12581699346405228 0.7254901960784313 0.12745098039215685 0.7254901960784313 0.13398692810457516 0.7009803921568627 0.14052287581699346 0.6911764705882353 0.14052287581699346 0.6862745098039216 0.13725490196078433 0.6887254901960784 0.12908496732026145 0.7034313725490197 0.12581699346405228 0.7083333333333334 0.12745098039215685 0.7205882352941176 0.12581699346405228
0 0.7120098039215687 0.06862745098039216 0.041666666666666664 0.0196078431372549
0 0.33088235294117646 0.8741830065359477 0.3333333333333333 0.8774509803921569 0.34068627450980393 0.8790849673202614 0.3627450980392157 0.880718954248366 0.38480392156862747 0.8970588235294118 0.3897058823529412 0.9052287581699346 0.3897058823529412 0.9133986928104575 0.37745098039215685 0.923202614379085 0.3700980392156863 0.934640522875817 0.36519607843137253 0.9395424836601307 0.3553921568627451 0.9411764705882353 0.3431372549019608 0.9411764705882353 0.34068627450980393 0.9395424836601307 0.30392156862745096 0.9411764705882353 0.29411764705882354 0.9330065359477124 0.28921568627450983 0.9199346405228758 0.29411764705882354 0.9003267973856209 0.3014705882352941 0.8921568627450981 0.3284313725490196 0.8741830065359477
0 0.991421568627451 0.2908496732026144 0.01715686274509804 0.029411764705882353
0 0.8088235294117647 0.3366013071895425 0.8308823529411765 0.3431372549019608 0.8406862745098039 0.34967320261437906 0.8431372549019608 0.369281045751634 0.8578431372549019 0.3872549019607843 0.8578431372549019 0.39052287581699346 0.8529411764705882 0.3937908496732026 0.8455882352941176 0.3937908496732026 0.8357843137254902 0.39869281045751637 0.8088235294117647 0.3954248366013072 0.7916666666666666 0.38235294117647056 0.7867647058823529 0.37745098039215685 0.7867647058823529 0.3741830065359477 0.7745098039215687 0.36437908496732024 0.7745098039215687 0.35294117647058826 0.7818627450980392 0.3415032679738562 0.7892156862745098 0.3366013071895425 0.8063725490196079 0.3366013071895425