0 0.761437908496732 0.014705882352941176 0.7647058823529411 0.012254901960784314 0.7794117647058824 0.012254901960784314 0.7843137254901961 0.014705882352941176 0.7941176470588235 0.029411764705882353 0.7941176470588235 0.0392156862745098 0.7908496732026143 0.04656862745098039 0.7810457516339869 0.056372549019607844 0.7630718954248366 0.056372549019607844 0.7565359477124183 0.049019607843137254 0.7549019607843137 0.041666666666666664 0.7581699346405228 0.022058823529411766 0.761437908496732 0.01715686274509804
0 0.5678104575163399 0.3161764705882353 0.04084967320261438 0.049019607843137254
0 0.35784313725490197 0.6102941176470589 0.3627450980392157 0.6127450980392157 0.36764705882352944 0.6200980392156863 0.36764705882352944 0.6274509803921569 0.3627450980392157 0.6446078431372549 0.3545751633986928 0.6568627450980392 0.3480392156862745 0.6568627450980392 0.3464052287581699 0.6544117647058824 0.33169934640522875 0.6568627450980392 0.32679738562091504 0.6495098039215687 0.32679738562091504 0.6372549019607843 0.3333333333333333 0.6299019607843137 0.3333333333333333 0.6200980392156863 0.3382352941176471 0.6102941176470589 0.3431372549019608 0.6078431372549019 0.3562091503267974 0.6102941176470589
0 0.12908496732026145 0.8651960784313726 0.14052287581699346 0.8799019607843137 0.1503267973856209 0.8995098039215687 0.15196078431372548 0.9191176470588235 0.15359477124183007 0.9215686274509803 0.15359477124183007 0.9362745098039216 0.15196078431372548 0.9387254901960784 0.13071895424836602 0.9362745098039216 0.12254901960784313 0.928921568627451 0.12091503267973856 0.9215686274509803 0.11601307189542484 0.9142156862745098 0.10457516339869281 0.9093137254901961 0.09967320261437909 0.9019607843137255 0.09803921568627451 0.8823529411764706 0.10620915032679738 0.8700980392156863 0.11274509803921569 0.8651960784313726 0.12745098039215685 0.8651960784313726
0 0.3235294117647059 0.7279411764705882 0.3284313725490196 0.7328431372549019 0.3300653594771242 0.7401960784313726 0.32679738562091504 0.75 0.32679738562091504 0.7720588235294118 0.315359477124183 0.7843137254901961 0.3022875816993464 0.7818627450980392 0.29901960784313725 0.7867647058823529 0.2908496732026144 0.7867647058823529 0.28431372549019607 0.7720588235294118 0.28431372549019607 0.7671568627450981 0.2875816993464052 0.7598039215686274 0.28431372549019607 0.7524509803921569 0.28594771241830064 0.7401960784313726 0.2908496732026144 0.7328431372549019 0.3022875816993464 0.7254901960784313 0.3202614379084967 0.7254901960784313 0.32189542483660133 0.7279411764705882
0 0.49836601307189543 0.4730392156862745 0.5049019607843137 0.47794117647058826 0.5065359477124183 0.48284313725490197 0.5049019607843137 0.4852941176470588 0.5049019607843137 0.5073529411764706 0.49836601307189543 0.5196078431372549 0.48856209150326796 0.5269607843137255 0.4803921568627451 0.5269607843137255 0.477124183006536 0.5220588235294118 0.47549019607843135 0.5171568627450981 0.477124183006536 0.5073529411764706 0.4738562091503268 0.5024509803921569 0.4722222222222222 0.49264705882352944 0.48366013071895425 0.47549019607843135 0.49673202614379086 0.4730392156862745
0 0.4019607843137255 0.6887254901960784 0.4084967320261438 0.6911764705882353 0.4068627450980392 0.7009803921568627 0.4084967320261438 0.7181372549019608 0.3937908496732026 0.7573529411764706 0.38562091503267976 0.7549019607843137 0.38235294117647056 0.7475490196078431 0.38235294117647056 0.7132352941176471 0.3888888888888889 0.7083333333333334 0.3937908496732026 0.6985294117647058 0.40032679738562094 0.6985294117647058 0.4019607843137255 0.6911764705882353
0 0.25 0.8137254901960784 0.2647058823529412 0.821078431372549 0.26633986928104575 0.8259803921568627 0.26633986928104575 0.8504901960784313 0.26143790849673204 0.8627450980392157 0.26143790849673204 0.8676470588235294 0.25163398692810457 0.8725490196078431 0.24673202614379086 0.8799019607843137 0.24019607843137256 0.8774509803921569 0.23366013071895425 0.8676470588235294 0.23529411764705882 0.8578431372549019 0.23202614379084968 0.8504901960784313 0.23039215686274508 0.8357843137254902 0.23202614379084968 0.8259803921568627 0.2369281045751634 0.8161764705882353 0.24836601307189543 0.8137254901960784
0 0.7303921568627451 0.17647058823529413 0.7336601307189542 0.17892156862745098 0.7336601307189542 0.18872549019607843 0.7352941176470589 0.19117647058823528 0.7320261437908496 0.20588235294117646 0.7271241830065359 0.21323529411764705 0.7140522875816994 0.22303921568627452 0.7091503267973857 0.22303921568627452 0.7026143790849673 0.21568627450980393 0.7009803921568627 0.2107843137254902 0.7009803921568627 0.18627450980392157 0.704248366013072 0.17892156862745098 0.7124183006535948 0.17401960784313725 0.7287581699346405 0.17647058823529413
0 0.5604575163398693 0.3700980392156863 0.5620915032679739 0.37254901960784315 0.5686274509803921 0.37254901960784315 0.5735294117647058 0.3799019607843137 0.5735294117647058 0.3897058823529412 0.5718954248366013 0.39215686274509803 0.5735294117647058 0.40931372549019607 0.5604575163398693 0.42401960784313725 0.5522875816993464 0.4215686274509804 0.5424836601307189 0.42892156862745096 0.5310457516339869 0.41421568627450983 0.5326797385620915 0.3872549019607843 0.5424836601307189 0.37254901960784315 0.5588235294117647 0.3700980392156863
0 0.6258169934640523 0.17647058823529413 0.6274509803921569 0.17892156862745098 0.6274509803921569 0.19362745098039216 0.6323529411764706 0.20098039215686275 0.6323529411764706 0.2107843137254902 0.6274509803921569 0.22058823529411764 0.6127450980392157 0.23039215686274508 0.6062091503267973 0.23039215686274508 0.5964052287581699 0.22303921568627452 0.5947712418300654 0.2181372549019608 0.5980392156862745 0.2107843137254902 0.5931372549019608 0.20098039215686275 0.5931372549019608 0.19362745098039216 0.5964052287581699 0.18382352941176472 0.6045751633986928 0.17401960784313725 0.619281045751634 0.17401960784313725 0.6241830065359477 0.17647058823529413
0 0.7647058823529411 0.08823529411764706 0.7647058823529411 0.09313725490196079 0.7712418300653595 0.10784313725490197 0.7728758169934641 0.12745098039215685 0.7696078431372549 0.1323529411764706 0.7663398692810458 0.1323529411764706 0.761437908496732 0.13725490196078433 0.7532679738562091 0.13725490196078433 0.7516339869281046 0.13480392156862744 0.75 0.13725490196078433 0.7401960784313726 0.13725490196078433 0.7336601307189542 0.125 0.7352941176470589 0.12009803921568628 0.7336601307189542 0.10784313725490197 0.7352941176470589 0.10049019607843138 0.7418300653594772 0.09313725490196079 0.7549019607843137 0.09313725490196079 0.7630718954248366 0.08823529411764706
0 0.4084967320261438 0.48284313725490197 0.4150326797385621 0.49264705882352944 0.4150326797385621 0.5122549019607843 0.4166666666666667 0.5147058823529411 0.4150326797385621 0.5269607843137255 0.4117647058823529 0.5343137254901961 0.40522875816993464 0.5392156862745098 0.39705882352941174 0.5392156862745098 0.3937908496732026 0.5441176470588235 0.3872549019607843 0.5441176470588235 0.37745098039215685 0.5343137254901961 0.380718954248366 0.5196078431372549 0.3741830065359477 0.5073529411764706 0.3758169934640523 0.5 0.380718954248366 0.49264705882352944 0.39052287581699346 0.4877450980392157 0.39705882352941174 0.4803921568627451 0.40522875816993464 0.4803921568627451 0.4068627450980392 0.48284313725490197