0 0.35130718954248363 0.5196078431372549 0.35947712418300654 0.5318627450980392 0.3562091503267974 0.5392156862745098 0.34967320261437906 0.5441176470588235 0.33169934640522875 0.5416666666666666 0.32189542483660133 0.5514705882352942 0.31699346405228757 0.5514705882352942 0.3104575163398693 0.5441176470588235 0.3137254901960784 0.5343137254901961 0.3284313725490196 0.5269607843137255 0.3366013071895425 0.5269607843137255 0.34477124183006536 0.5196078431372549 0.34967320261437906 0.5196078431372549
0 0.4272875816993464 0.35049019607843135 0.06699346405228758 0.049019607843137254
0 0.4877450980392157 0.3786764705882353 0.03758169934640523 0.031862745098039214
0 0.3137254901960784 0.49264705882352944 0.049019607843137254 0.0392156862745098
0 0.5866013071895425 0.5686274509803921 0.5915032679738562 0.5735294117647058 0.5915032679738562 0.5833333333333334 0.5816993464052288 0.5882352941176471 0.5637254901960784 0.5882352941176471 0.5620915032679739 0.5857843137254902 0.5620915032679739 0.5759803921568627 0.5735294117647058 0.5686274509803921 0.5849673202614379 0.5686274509803921
0 0.4934640522875817 0.39950980392156865 0.49836601307189543 0.40441176470588236 0.5 0.41911764705882354 0.4950980392156863 0.42892156862745096 0.4869281045751634 0.4338235294117647 0.46895424836601307 0.4338235294117647 0.46078431372549017 0.42892156862745096 0.45751633986928103 0.4215686274509804 0.46568627450980393 0.4068627450980392 0.46895424836601307 0.4068627450980392 0.477124183006536 0.39950980392156865 0.4918300653594771 0.39950980392156865
0 0.5424836601307189 0.5122549019607843 0.5506535947712419 0.5196078431372549 0.5506535947712419 0.5343137254901961 0.5408496732026143 0.5441176470588235 0.5196078431372549 0.5465686274509803 0.5130718954248366 0.5514705882352942 0.5 0.5514705882352942 0.49673202614379086 0.5490196078431373 0.4950980392156863 0.5392156862745098 0.5016339869281046 0.5318627450980392 0.511437908496732 0.5318627450980392 0.5179738562091504 0.5220588235294118 0.5245098039215687 0.5171568627450981 0.5408496732026143 0.5147058823529411
0 0.2581699346405229 0.25245098039215685 0.2630718954248366 0.25980392156862747 0.2630718954248366 0.2647058823529412 0.25980392156862747 0.2696078431372549 0.24673202614379086 0.2696078431372549 0.23039215686274508 0.27941176470588236 0.21568627450980393 0.27941176470588236 0.21241830065359477 0.2769607843137255 0.21241830065359477 0.27205882352941174 0.21568627450980393 0.26715686274509803 0.24509803921568626 0.25245098039215685 0.24836601307189543 0.24754901960784315 0.2565359477124183 0.25245098039215685
0 0.4738562091503268 0.29901960784313725 0.4803921568627451 0.30392156862745096 0.4820261437908497 0.3088235294117647 0.47875816993464054 0.3161764705882353 0.46895424836601307 0.3235294117647059 0.45098039215686275 0.3235294117647059 0.4493464052287582 0.32107843137254904 0.4493464052287582 0.3088235294117647 0.45098039215686275 0.30637254901960786 0.4591503267973856 0.30637254901960786 0.4673202614379085 0.29901960784313725 0.4722222222222222 0.29901960784313725
0 0.545751633986928 0.45098039215686275 0.5490196078431373 0.45588235294117646 0.5473856209150327 0.4681372549019608 0.5424836601307189 0.47549019607843135 0.5326797385620915 0.4803921568627451 0.5179738562091504 0.4803921568627451 0.5147058823529411 0.47794117647058826 0.511437908496732 0.4730392156862745 0.5130718954248366 0.4583333333333333 0.5163398692810458 0.4534313725490196 0.5294117647058824 0.45098039215686275 0.5310457516339869 0.4485294117647059 0.5424836601307189 0.4485294117647059 0.5441176470588235 0.45098039215686275
0 0.3055555555555556 0.44362745098039214 0.30718954248366015 0.45588235294117646 0.32679738562091504 0.4485294117647059 0.3137254901960784 0.4362745098039216
0 0.24019607843137256 0.38480392156862747 0.23529411764705882 0.3897058823529412 0.2434640522875817 0.39705882352941174 0.27124183006535946 0.3872549019607843 0.25980392156862747 0.3799019607843137
0 0.21241830065359477 0.36519607843137253 0.20751633986928106 0.375 0.21568627450980393 0.37745098039215685 0.22875816993464052 0.3602941176470588
0 0.21241830065359477 0.33088235294117646 0.20588235294117646 0.3431372549019608 0.22875816993464052 0.3382352941176471
0 0.16339869281045752 0.2867647058823529 0.16176470588235295 0.2965686274509804 0.184640522875817 0.2916666666666667
0 0.11601307189542484 0.2769607843137255 0.11601307189542484 0.2867647058823529 0.1323529411764706 0.2818627450980392 0.12581699346405228 0.27205882352941174
0 0.33169934640522875 0.28431372549019607 0.33986928104575165 0.2916666666666667 0.3562091503267974 0.2818627450980392 0.33986928104575165 0.2769607843137255
0 0.8169934640522876 0.5318627450980392 0.815359477124183 0.5441176470588235 0.8251633986928104 0.5416666666666666 0.8447712418300654 0.6470588235294118 0.8839869281045751 0.6421568627450981 0.9281045751633987 0.6617647058823529 0.9526143790849673 0.6593137254901961 0.9558823529411765 0.6764705882352942 0.9575163398692811 0.6642156862745098 0.9705882352941176 0.6715686274509803 0.9983660130718954 0.625 0.9983660130718954 0.40441176470588236 0.9934640522875817 0.375 0.9722222222222222 0.4019607843137255 0.9640522875816994 0.4019607843137255 0.9444444444444444 0.38480392156862747 0.946078431372549 0.3700980392156863 0.9248366013071896 0.35784313725490197 0.9150326797385621 0.39705882352941174 0.9068627450980392 0.39950980392156865 0.9101307189542484 0.4338235294117647 0.9019607843137255 0.4411764705882353 0.9084967320261438 0.45588235294117646
0 0.004901960784313725 0.2647058823529412 0.017973856209150325 0.30637254901960786 0.013071895424836602 0.3431372549019608 0.021241830065359478 0.36519607843137253 0.0032679738562091504 0.4387254901960784 0.0032679738562091504 0.5098039215686274 0.013071895424836602 0.5392156862745098 0.011437908496732025 0.571078431372549 0.004901960784313725 0.5833333333333334 0.011437908496732025 0.6176470588235294 0.004901960784313725 0.6323529411764706 0.011437908496732025 0.6568627450980392 0.03104575163398693 0.6544117647058824 0.05228758169934641 0.6764705882352942 0.23366013071895425 0.7377450980392157 0.2369281045751634 0.7475490196078431 0.24836601307189543 0.7401960784313726 0.3872549019607843 0.7598039215686274 0.4133986928104575 0.7401960784313726 0.4493464052287582 0.7573529411764706 0.477124183006536 0.7524509803921569 0.6699346405228758 0.7671568627450981 0.6797385620915033 0.7279411764705882 0.6748366013071896 0.7058823529411765 0.6781045751633987 0.6593137254901961 0.6830065359477124 0.6446078431372549 0.6928104575163399 0.6421568627450981 0.6911764705882353 0.625 0.7026143790849673 0.6102941176470589 0.7271241830065359 0.6176470588235294 0.7336601307189542 0.6053921568627451 0.7483660130718954 0.6176470588235294 0.7647058823529411 0.6004901960784313 0.7745098039215687 0.5735294117647058 0.803921568627451 0.5784313725490197 0.7908496732026143 0.5686274509803921 0.795751633986928 0.5416666666666666 0.8088235294117647 0.5392156862745098 0.8022875816993464 0.5147058823529411 0.7810457516339869 0.5269607843137255 0.7745098039215687 0.5098039215686274 0.7483660130718954 0.49754901960784315 0.7565359477124183 0.41421568627450983 0.7647058823529411 0.39950980392156865 0.7418300653594772 0.3700980392156863 0.7630718954248366 0.3235294117647059 0.7826797385620915 0.3333333333333333 0.795751633986928 0.3235294117647059 0.803921568627451 0.25735294117647056 0.7941176470588235 0.24754901960784315 0.7973856209150327 0.21568627450980393 0.7794117647058824 0.19852941176470587 0.27450980392156865 0.2034313725490196 0.2549019607843137 0.22303921568627452 0.1977124183006536 0.23284313725490197 0.19444444444444445 0.33088235294117646 0.18137254901960784 0.3431372549019608 0.16830065359477125 0.3333333333333333 0.1650326797385621 0.34558823529411764 0.15359477124183007 0.34558823529411764 0.1437908496732026 0.3602941176470588 0.12254901960784313 0.3333333333333333 0.09477124183006536 0.3382352941176471 0.08986928104575163 0.3088235294117647 0.07679738562091504 0.30392156862745096 0.08333333333333333 0.24754901960784315 0.06862745098039216 0.24754901960784315 0.058823529411764705 0.23284313725490197 0.0392156862745098 0.23039215686274508 0.03758169934640523 0.24019607843137256 0.021241830065359478 0.23284313725490197
0 0.3415032679738562 0.5686274509803921 0.3366013071895425 0.5833333333333334 0.3480392156862745 0.5784313725490197 0.3480392156862745 0.5686274509803921
0 0.35784313725490197 0.6029411764705882 0.3562091503267974 0.6151960784313726 0.36764705882352944 0.6127450980392157
0 0.3562091503267974 0.6397058823529411 0.35294117647058826 0.6470588235294118 0.3660130718954248 0.6421568627450981
0 0.37254901960784315 0.6617647058823529 0.37254901960784315 0.6715686274509803 0.3839869281045752 0.6691176470588235
0 0.26633986928104575 0.41421568627450983 0.2581699346405229 0.4264705882352941 0.2630718954248366 0.43137254901960786 0.2826797385620915 0.4166666666666667 0.27941176470588236 0.40931372549019607
0 0.3006535947712418 0.2622549019607843 0.28921568627450983 0.27205882352941174 0.31699346405228757 0.2696078431372549