0 0.6160130718954249 0.7892156862745098 0.6225490196078431 0.7892156862745098 0.6241830065359477 0.7867647058823529 0.6356209150326797 0.7867647058823529 0.6388888888888888 0.7892156862745098 0.6388888888888888 0.7941176470588235 0.6274509803921569 0.803921568627451 0.6209150326797386 0.803921568627451 0.6143790849673203 0.7941176470588235 0.6160130718954249 0.7916666666666666
0 0.6601307189542484 0.5882352941176471 0.6617647058823529 0.5833333333333334 0.6683006535947712 0.5857843137254902 0.6650326797385621 0.5906862745098039 0.6617647058823529 0.5882352941176471
0 0.6601307189542484 0.6323529411764706 0.6633986928104575 0.6299019607843137 0.6683006535947712 0.6323529411764706 0.6683006535947712 0.6372549019607843 0.6601307189542484 0.6372549019607843 0.6601307189542484 0.6348039215686274
0 0.6535947712418301 0.6911764705882353 0.6535947712418301 0.696078431372549 0.6454248366013072 0.696078431372549 0.6437908496732027 0.6936274509803921 0.6454248366013072 0.6887254901960784 0.6519607843137255 0.6911764705882353
0 0.6625816993464052 0.75 0.03431372549019608 0.0196078431372549
0 0.6544117647058824 0.6568627450980392 0.011437908496732025 0.00980392156862745
0 0.6617647058823529 0.7291666666666666 0.016339869281045753 0.012254901960784314
0 0.5833333333333334 0.8872549019607843 0.5931372549019608 0.8946078431372549 0.5980392156862745 0.9019607843137255 0.5882352941176471 0.9117647058823529 0.5751633986928104 0.9117647058823529 0.5702614379084967 0.9044117647058824 0.5735294117647058 0.8897058823529411 0.5784313725490197 0.8848039215686274 0.5816993464052288 0.8872549019607843
0 0.5866013071895425 0.8455882352941176 0.5849673202614379 0.8382352941176471 0.5964052287581699 0.8259803921568627 0.6013071895424836 0.8259803921568627 0.6045751633986928 0.8308823529411765 0.6045751633986928 0.8382352941176471 0.5980392156862745 0.8455882352941176 0.5882352941176471 0.8455882352941176
0 0.6552287581699346 0.6642156862745098 0.6617647058823529 0.6642156862745098 0.6617647058823529 0.6691176470588235 0.6552287581699346 0.6691176470588235 0.6552287581699346 0.6666666666666666
0 0.6160130718954249 0.9877450980392157 0.619281045751634 0.9901960784313726 0.6209150326797386 0.9975490196078431 0.5735294117647058 0.9975490196078431 0.5735294117647058 0.9926470588235294 0.5816993464052288 0.9852941176470589 0.5980392156862745 0.9828431372549019 0.5996732026143791 0.9852941176470589 0.6143790849673203 0.9877450980392157
0 0.6650326797385621 0.6421568627450981 0.00980392156862745 0.0196078431372549
0 0.6486928104575164 0.5 0.6519607843137255 0.4877450980392157 0.6486928104575164 0.4730392156862745 0.6486928104575164 0.4681372549019608 0.6519607843137255 0.46078431372549017 0.6503267973856209 0.44362745098039214 0.6568627450980392 0.4411764705882353 0.6617647058823529 0.49019607843137253 0.6683006535947712 0.5073529411764706 0.6683006535947712 0.5171568627450981 0.6715686274509803 0.5220588235294118 0.6715686274509803 0.5269607843137255 0.6764705882352942 0.5392156862745098 0.6764705882352942 0.5808823529411765 0.673202614379085 0.5882352941176471 0.6748366013071896 0.5980392156862745 0.6715686274509803 0.6078431372549019 0.673202614379085 0.6176470588235294 0.6797385620915033 0.6323529411764706 0.6715686274509803 0.6495098039215687 0.6748366013071896 0.6642156862745098 0.6666666666666666 0.6642156862745098 0.6633986928104575 0.6691176470588235 0.6650326797385621 0.6740196078431373 0.6601307189542484 0.6813725490196079 0.6617647058823529 0.6887254901960784 0.6601307189542484 0.696078431372549 0.6617647058823529 0.6985294117647058 0.6601307189542484 0.7009803921568627 0.6633986928104575 0.7083333333333334 0.6584967320261438 0.7181372549019608 0.6666666666666666 0.7303921568627451 0.6633986928104575 0.7401960784313726 0.6699346405228758 0.75 0.673202614379085 0.75 0.6764705882352942 0.7549019607843137 0.6617647058823529 0.7549019607843137 0.6601307189542484 0.7647058823529411 0.6486928104575164 0.7818627450980392 0.6486928104575164 0.7867647058823529 0.6437908496732027 0.7941176470588235 0.6437908496732027 0.8014705882352942 0.6405228758169934 0.8063725490196079 0.6470588235294118 0.8137254901960784 0.6486928104575164 0.8235294117647058 0.6372549019607843 0.8284313725490197 0.619281045751634 0.8284313725490197 0.6176470588235294 0.8308823529411765 0.619281045751634 0.8333333333333334 0.6160130718954249 0.8357843137254902 0.6062091503267973 0.8357843137254902 0.6045751633986928 0.8382352941176471 0.6029411764705882 0.8431372549019608 0.6029411764705882 0.8651960784313726 0.6094771241830066 0.8700980392156863 0.6094771241830066 0.8774509803921569 0.6045751633986928 0.8799019607843137 0.5996732026143791 0.8872549019607843 0.6013071895424836 0.8921568627450981 0.5964052287581699 0.8946078431372549 0.5964052287581699 0.9044117647058824 0.5898692810457516 0.9093137254901961 0.5816993464052288 0.9093137254901961 0.5800653594771242 0.9117647058823529 0.5735294117647058 0.9093137254901961 0.5718954248366013 0.8970588235294118 0.5751633986928104 0.8872549019607843 0.5816993464052288 0.8848039215686274 0.5849673202614379 0.8774509803921569 0.5849673202614379 0.8676470588235294 0.5866013071895425 0.8651960784313726 0.5849673202614379 0.8578431372549019 0.5866013071895425 0.8553921568627451 0.5866013071895425 0.8431372549019608 0.5849673202614379 0.8382352941176471 0.5866013071895425 0.8333333333333334 0.5898692810457516 0.8333333333333334 0.5964052287581699 0.8259803921568627 0.6029411764705882 0.8259803921568627 0.6045751633986928 0.8284313725490197 0.6078431372549019 0.8235294117647058 0.6078431372549019 0.8186274509803921 0.6143790849673203 0.8088235294117647 0.6143790849673203 0.7941176470588235 0.6160130718954249 0.7892156862745098 0.6339869281045751 0.7843137254901961 0.6372549019607843 0.7794117647058824 0.6372549019607843 0.7696078431372549 0.6437908496732027 0.7598039215686274 0.6454248366013072 0.7450980392156863 0.6535947712418301 0.7401960784313726 0.6486928104575164 0.7352941176470589 0.6519607843137255 0.7303921568627451 0.6519607843137255 0.7254901960784313 0.6454248366013072 0.7230392156862745 0.6486928104575164 0.7205882352941176 0.6486928104575164 0.7156862745098039 0.6421568627450981 0.7107843137254902 0.6421568627450981 0.7034313725490197 0.6388888888888888 0.6985294117647058 0.6405228758169934 0.696078431372549 0.6388888888888888 0.6911764705882353 0.6405228758169934 0.6813725490196079 0.6388888888888888 0.6740196078431373 0.6437908496732027 0.6666666666666666 0.6437908496732027 0.6617647058823529 0.6470588235294118 0.6568627450980392 0.6454248366013072 0.6544117647058824 0.6535947712418301 0.6470588235294118 0.6568627450980392 0.6372549019607843 0.6535947712418301 0.6323529411764706 0.6584967320261438 0.6274509803921569 0.6568627450980392 0.5980392156862745 0.6552287581699346 0.5955882352941176 0.6568627450980392 0.5857843137254902 0.6552287581699346 0.5833333333333334 0.6584967320261438 0.5735294117647058 0.6650326797385621 0.5661764705882353 0.6650326797385621 0.553921568627451 0.6601307189542484 0.5441176470588235 0.6568627450980392 0.5441176470588235 0.6584967320261438 0.5392156862745098 0.6535947712418301 0.5294117647058824 0.6535947712418301 0.5147058823529411 0.6503267973856209 0.5098039215686274 0.6503267973856209 0.5024509803921569
0 0.6470588235294118 0.7034313725490197 0.6519607843137255 0.7058823529411765 0.6535947712418301 0.7107843137254902 0.6519607843137255 0.7132352941176471 0.6454248366013072 0.7132352941176471 0.6421568627450981 0.7107843137254902 0.6454248366013072 0.7058823529411765
0 0.6290849673202614 0.8063725490196079 0.6339869281045751 0.8112745098039216 0.6437908496732027 0.8137254901960784 0.6470588235294118 0.8186274509803921 0.6470588235294118 0.8235294117647058 0.6372549019607843 0.8284313725490197 0.6241830065359477 0.8284313725490197 0.6143790849673203 0.8235294117647058 0.6127450980392157 0.8161764705882353 0.6160130718954249 0.8112745098039216 0.6274509803921569 0.8088235294117647
0 0.6519607843137255 0.6764705882352942 0.6519607843137255 0.6813725490196079 0.6486928104575164 0.6838235294117647 0.6421568627450981 0.6838235294117647 0.6405228758169934 0.678921568627451 0.6421568627450981 0.6764705882352942 0.6503267973856209 0.6764705882352942
0 0.5996732026143791 0.8627450980392157 0.6094771241830066 0.8700980392156863 0.6094771241830066 0.875 0.6029411764705882 0.8823529411764706 0.5980392156862745 0.8823529411764706 0.5882352941176471 0.8725490196078431 0.5931372549019608 0.8627450980392157 0.5980392156862745 0.8627450980392157
0 0.6013071895424836 0.9387254901960784 0.6209150326797386 0.9485294117647058 0.6225490196078431 0.9607843137254902 0.6143790849673203 0.9681372549019608 0.6078431372549019 0.9681372549019608 0.5964052287581699 0.9583333333333334 0.5915032679738562 0.9509803921568627 0.5915032679738562 0.9411764705882353 0.5996732026143791 0.9387254901960784
0 0.6503267973856209 0.7647058823529411 0.6535947712418301 0.7745098039215687 0.6486928104575164 0.7794117647058824 0.6421568627450981 0.7794117647058824 0.6388888888888888 0.7745098039215687 0.6421568627450981 0.7671568627450981 0.6486928104575164 0.7647058823529411