0 0.5381263616557734 0.6176470588235294 0.5468409586056645 0.6241830065359477 0.5490196078431373 0.6323529411764706 0.5381263616557734 0.6372549019607843 0.514161220043573 0.6372549019607843 0.5119825708061002 0.6388888888888888 0.5032679738562091 0.6372549019607843 0.49455337690631807 0.6258169934640523 0.5098039215686274 0.6160130718954249 0.5337690631808278 0.6160130718954249 0.5359477124183006 0.6176470588235294
0 0.4923747276688453 0.5261437908496732 0.5032679738562091 0.5294117647058824 0.5054466230936819 0.5359477124183006 0.485838779956427 0.5441176470588235 0.4684095860566449 0.5424836601307189 0.4553376906318083 0.5326797385620915 0.4684095860566449 0.5245098039215687 0.4880174291938998 0.5245098039215687 0.49019607843137253 0.5261437908496732
0 0.11764705882352941 0.9035947712418301 0.12418300653594772 0.9019607843137255 0.13071895424836602 0.9117647058823529 0.13725490196078433 0.9150326797385621 0.15250544662309368 0.9150326797385621 0.16339869281045752 0.923202614379085 0.17429193899782136 0.9395424836601307 0.18082788671023964 0.9428104575163399 0.17429193899782136 0.9509803921568627 0.17429193899782136 0.9591503267973857 0.1721132897603486 0.9640522875816994 0.1655773420479303 0.9689542483660131 0.16339869281045752 0.9787581699346405 0.15250544662309368 0.988562091503268 0.1394335511982571 0.9934640522875817 0.12854030501089325 0.9934640522875817 0.12636165577342048 0.9950980392156863 0.11982570806100218 0.9934640522875817 0.10021786492374728 0.9934640522875817 0.09803921568627451 0.9950980392156863 0.0915032679738562 0.9934640522875817 0.08714596949891068 0.9950980392156863 0.05664488017429194 0.9934640522875817 0.054466230936819175 0.9901960784313726 0.054466230936819175 0.9787581699346405 0.06318082788671024 0.9656862745098039 0.05228758169934641 0.9509803921568627 0.054466230936819175 0.9379084967320261 0.07407407407407407 0.9199346405228758 0.09803921568627451 0.9101307189542484 0.10457516339869281 0.9101307189542484 0.11764705882352941 0.9052287581699346
0 0.4684095860566449 0.5130718954248366 0.4749455337690632 0.5179738562091504 0.45098039215686275 0.5228758169934641 0.4335511982570806 0.5212418300653595 0.42701525054466233 0.5163398692810458 0.42919389978213507 0.511437908496732 0.4357298474945534 0.5081699346405228 0.45098039215686275 0.5081699346405228 0.4662309368191721 0.5130718954248366
0 0.40413943355119825 0.6968954248366013 0.0718954248366013 0.04738562091503268
0 0.3790849673202614 0.6388888888888888 0.38562091503267976 0.6421568627450981 0.39651416122004357 0.6437908496732027 0.4117647058823529 0.6584967320261438 0.39869281045751637 0.6617647058823529 0.39433551198257083 0.6650326797385621 0.3790849673202614 0.6666666666666666 0.3638344226579521 0.673202614379085 0.3442265795206972 0.6601307189542484 0.3420479302832244 0.6454248366013072 0.35294117647058826 0.6405228758169934 0.3769063180827887 0.6388888888888888
0 0.4139433551198257 0.8611111111111112 0.42701525054466233 0.8676470588235294 0.4335511982570806 0.880718954248366 0.4335511982570806 0.8888888888888888 0.43790849673202614 0.8970588235294118 0.42919389978213507 0.9117647058823529 0.4139433551198257 0.9183006535947712 0.38562091503267976 0.9183006535947712 0.38344226579520696 0.9199346405228758 0.3790849673202614 0.9183006535947712 0.3681917211328976 0.9215686274509803 0.3572984749455338 0.9215686274509803 0.3485838779956427 0.9166666666666666 0.3485838779956427 0.9117647058823529 0.3616557734204793 0.9003267973856209 0.3485838779956427 0.8905228758169934 0.35076252723311546 0.8823529411764706 0.3747276688453159 0.8676470588235294 0.4117647058823529 0.8627450980392157
0 0.44880174291938996 0.7908496732026143 0.4553376906318083 0.7941176470588235 0.45751633986928103 0.8055555555555556 0.46187363834422657 0.8088235294117647 0.4684095860566449 0.8071895424836601 0.4749455337690632 0.8104575163398693 0.477124183006536 0.8202614379084967 0.48366013071895425 0.826797385620915 0.477124183006536 0.8480392156862745 0.46405228758169936 0.8545751633986928 0.4531590413943355 0.8545751633986928 0.4400871459694989 0.8496732026143791 0.4335511982570806 0.8496732026143791 0.4074074074074074 0.8578431372549019 0.40522875816993464 0.8562091503267973 0.38562091503267976 0.8578431372549019 0.3638344226579521 0.8496732026143791 0.3616557734204793 0.8447712418300654 0.37254901960784315 0.8284313725490197 0.3899782135076253 0.8235294117647058 0.4117647058823529 0.8120915032679739 0.43137254901960786 0.8104575163398693 0.4400871459694989 0.795751633986928 0.4466230936819172 0.7924836601307189
0 0.45098039215686275 0.5081699346405228 0.4749455337690632 0.5147058823529411 0.485838779956427 0.5245098039215687 0.5010893246187363 0.5277777777777778 0.5054466230936819 0.5310457516339869 0.5054466230936819 0.5359477124183006 0.4923747276688453 0.5424836601307189 0.48366013071895425 0.5424836601307189 0.48148148148148145 0.5441176470588235 0.4684095860566449 0.5424836601307189 0.4553376906318083 0.5343137254901961 0.4596949891067538 0.5261437908496732 0.45751633986928103 0.5228758169934641 0.4444444444444444 0.5245098039215687 0.4335511982570806 0.5212418300653595 0.42701525054466233 0.5163398692810458 0.4335511982570806 0.5098039215686274 0.44880174291938996 0.5081699346405228
0 0.5217864923747276 0.5906862745098039 0.06318082788671024 0.024509803921568627
0 0.5206971677559913 0.4934640522875817 0.5076252723311547 0.4852941176470588 0.5076252723311547 0.4820261437908497 0.5228758169934641 0.477124183006536 0.5294117647058824 0.477124183006536 0.5403050108932462 0.4722222222222222 0.5686274509803921 0.4722222222222222 0.5773420479302832 0.4803921568627451 0.5751633986928104 0.4820261437908497 0.5533769063180828 0.48366013071895425 0.5424836601307189 0.49019607843137253 0.5228758169934641 0.4918300653594771