0 0.9629629629629629 0.16666666666666666 0.9694989106753813 0.16993464052287582 0.9760348583877996 0.18627450980392157 0.9869281045751634 0.19444444444444445 0.9912854030501089 0.20261437908496732 0.9869281045751634 0.20915032679738563 0.9651416122004357 0.2107843137254902 0.9629629629629629 0.21241830065359477 0.934640522875817 0.21241830065359477 0.9172113289760349 0.20915032679738563 0.9106753812636166 0.20588235294117646 0.9019607843137255 0.20588235294117646 0.8910675381263616 0.20261437908496732 0.8714596949891068 0.18790849673202614 0.8758169934640523 0.18137254901960784 0.8801742919389978 0.18137254901960784 0.906318082788671 0.16993464052287582 0.9150326797385621 0.16830065359477125 0.934640522875817 0.16993464052287582 0.9455337690631809 0.16666666666666666 0.9607843137254902 0.16666666666666666
0 0.7189542483660131 0.4264705882352941 0.7320261437908496 0.43137254901960786 0.738562091503268 0.4395424836601307 0.738562091503268 0.4444444444444444 0.7450980392156863 0.45098039215686275 0.7581699346405228 0.4411764705882353 0.7734204793028322 0.4411764705882353 0.7821350762527233 0.44607843137254904 0.7886710239651417 0.45588235294117646 0.7864923747276689 0.45751633986928103 0.7864923747276689 0.46568627450980393 0.7821350762527233 0.4722222222222222 0.7712418300653595 0.4803921568627451 0.7603485838779956 0.4852941176470588 0.7342047930283224 0.4918300653594771 0.7211328976034859 0.49019607843137253 0.7124183006535948 0.4852941176470588 0.7080610021786492 0.47875816993464054 0.6949891067538126 0.46895424836601307 0.6862745098039216 0.4673202614379085 0.6753812636165577 0.45751633986928103 0.6710239651416122 0.45588235294117646 0.6557734204793029 0.45588235294117646 0.644880174291939 0.4526143790849673 0.6339869281045751 0.44281045751633985 0.6361655773420479 0.43137254901960786 0.6470588235294118 0.43790849673202614 0.664488017429194 0.44281045751633985 0.6840958605664488 0.42810457516339867 0.7167755991285403 0.4264705882352941
0 0.5446623093681917 0.4264705882352941 0.5577342047930284 0.4362745098039216 0.5620915032679739 0.4477124183006536 0.5664488017429193 0.45098039215686275 0.5838779956427015 0.45588235294117646 0.5838779956427015 0.46078431372549017 0.5773420479302832 0.4624183006535948 0.5642701525054467 0.4722222222222222 0.5294117647058824 0.46895424836601307 0.5185185185185185 0.46405228758169936 0.514161220043573 0.4591503267973856 0.5119825708061002 0.4542483660130719 0.5119825708061002 0.4411764705882353 0.514161220043573 0.43790849673202614 0.5424836601307189 0.4264705882352941
0 0.13071895424836602 0 0.13071895424836602 0.004901960784313725 0.11546840958605664 0.016339869281045753 0.11328976034858387 0.021241830065359478 0.10675381263616558 0.026143790849673203 0.09586056644880174 0.029411764705882353 0.08061002178649238 0.04084967320261438 0.07625272331154684 0.042483660130718956 0.06100217864923747 0.042483660130718956 0.05228758169934641 0.0392156862745098 0.037037037037037035 0.0392156862745098 0.02832244008714597 0.042483660130718956 0.0196078431372549 0.042483660130718956 0.013071895424836602 0.0457516339869281 0 0.04411764705882353 0 0.021241830065359478 0.02178649237472767 0.013071895424836602 0.02832244008714597 0.004901960784313725 0.0392156862745098 0 0.07625272331154684 0 0.08061002178649238 0.0032679738562091504 0.08714596949891068 0 0.12854030501089325 0
0 0.37254901960784315 0.7189542483660131 0.3769063180827887 0.7303921568627451 0.39651416122004357 0.7303921568627451 0.39869281045751637 0.7320261437908496 0.39651416122004357 0.7450980392156863 0.40305010893246185 0.75 0.40522875816993464 0.7581699346405228 0.39433551198257083 0.7663398692810458 0.3747276688453159 0.7761437908496732 0.3660130718954248 0.7859477124183006 0.3485838779956427 0.7924836601307189 0.3420479302832244 0.7892156862745098 0.3420479302832244 0.7826797385620915 0.33769063180827885 0.7794117647058824 0.32461873638344224 0.7794117647058824 0.3137254901960784 0.7843137254901961 0.3115468409586057 0.7810457516339869 0.3115468409586057 0.7728758169934641 0.3159041394335512 0.7647058823529411 0.3137254901960784 0.761437908496732 0.3137254901960784 0.75 0.3202614379084967 0.7434640522875817 0.3224400871459695 0.7352941176470589 0.33769063180827885 0.7238562091503268 0.33769063180827885 0.7205882352941176 0.3485838779956427 0.7189542483660131 0.35294117647058826 0.7222222222222222 0.35947712418300654 0.7222222222222222 0.37037037037037035 0.7189542483660131
0 0.42483660130718953 0.013071895424836602 0.42701525054466233 0.014705882352941176 0.4422657952069717 0.014705882352941176 0.44880174291938996 0.017973856209150325 0.4466230936819172 0.024509803921568627 0.4335511982570806 0.032679738562091505 0.4117647058823529 0.0392156862745098 0.38562091503267976 0.04084967320261438 0.3790849673202614 0.049019607843137254 0.3681917211328976 0.04738562091503268 0.3616557734204793 0.05065359477124183 0.3355119825708061 0.05065359477124183 0.3333333333333333 0.05228758169934641 0.30718954248366015 0.05228758169934641 0.2962962962962963 0.049019607843137254 0.29411764705882354 0.042483660130718956 0.2984749455337691 0.03431372549019608 0.30501089324618735 0.03594771241830065 0.3093681917211329 0.03431372549019608 0.3137254901960784 0.03594771241830065 0.3289760348583878 0.03594771241830065 0.3464052287581699 0.029411764705882353 0.35947712418300654 0.029411764705882353 0.3747276688453159 0.021241830065359478 0.3812636165577342 0.021241830065359478 0.4008714596949891 0.014705882352941176 0.4226579520697168 0.013071895424836602
0 0.840958605664488 0.0032679738562091504 0.8474945533769063 0.008169934640522876 0.8474945533769063 0.011437908496732025 0.8344226579520697 0.02287581699346405 0.8191721132897604 0.026143790849673203 0.8017429193899782 0.024509803921568627 0.7843137254901961 0.017973856209150325 0.7799564270152506 0.014705882352941176 0.7821350762527233 0.011437908496732025 0.8061002178649237 0.0032679738562091504 0.8387799564270153 0.0032679738562091504
0 0.9978213507625272 0.5800653594771242 0.9978213507625272 0.6552287581699346 0.9869281045751634 0.6584967320261438 0.9803921568627451 0.6568627450980392 0.9607843137254902 0.6633986928104575 0.9389978213507625 0.6617647058823529 0.9150326797385621 0.6503267973856209 0.906318082788671 0.6356209150326797 0.9084967320261438 0.6258169934640523 0.9106753812636166 0.6209150326797386 0.9237472766884531 0.6143790849673203 0.9433551198257081 0.6062091503267973 0.9477124183006536 0.6062091503267973 0.9520697167755992 0.6029411764705882 0.9694989106753813 0.5996732026143791 0.9956427015250545 0.5800653594771242
0 0.8344226579520697 0.05065359477124183 0.8453159041394336 0.05718954248366013 0.8453159041394336 0.06045751633986928 0.8278867102396514 0.07352941176470588 0.8169934640522876 0.07679738562091504 0.8017429193899782 0.07352941176470588 0.8017429193899782 0.049019607843137254 0.803921568627451 0.04738562091503268 0.8235294117647058 0.04738562091503268 0.8322440087145969 0.05065359477124183
0 0.579520697167756 0.6781045751633987 0.5816993464052288 0.6797385620915033 0.5947712418300654 0.6781045751633987 0.6034858387799564 0.6813725490196079 0.6252723311546841 0.696078431372549 0.6318082788671024 0.7058823529411765 0.6296296296296297 0.7205882352941176 0.6274509803921569 0.7222222222222222 0.6187363834422658 0.7222222222222222 0.6056644880174292 0.7320261437908496 0.599128540305011 0.7336601307189542 0.6013071895424836 0.7532679738562091 0.599128540305011 0.7549019607843137 0.5904139433551199 0.7483660130718954 0.5860566448801743 0.7336601307189542 0.5751633986928104 0.7271241830065359 0.5729847494553377 0.7222222222222222 0.5751633986928104 0.7075163398692811 0.579520697167756 0.7026143790849673 0.579520697167756 0.6977124183006536 0.5751633986928104 0.6911764705882353 0.5751633986928104 0.6813725490196079 0.5773420479302832 0.6797385620915033
0 0.23311546840958605 0.8856209150326797 0.24836601307189543 0.8921568627450981 0.2570806100217865 0.9003267973856209 0.25925925925925924 0.9068627450980392 0.2657952069716776 0.9117647058823529 0.26143790849673204 0.9264705882352942 0.25925925925925924 0.9509803921568627 0.2570806100217865 0.9526143790849673 0.2570806100217865 0.9591503267973857 0.2440087145969499 0.9787581699346405 0.22875816993464052 0.9852941176470589 0.2178649237472767 0.9950980392156863 0.20697167755991286 0.9983660130718954 0.19825708061002179 0.9983660130718954 0.19607843137254902 0.9967320261437909 0.19172113289760348 0.9983660130718954 0.1830065359477124 0.9983660130718954 0.18082788671023964 0.9967320261437909 0.1786492374727669 0.9983660130718954 0.16993464052287582 0.9983660130718954 0.16122004357298475 0.9950980392156863 0.15904139433551198 0.9934640522875817 0.15904139433551198 0.9869281045751634 0.1503267973856209 0.9852941176470589 0.1437908496732026 0.9803921568627451 0.1437908496732026 0.9754901960784313 0.13071895424836602 0.9624183006535948 0.12854030501089325 0.9558823529411765 0.13507625272331156 0.9526143790849673 0.14161220043572983 0.9411764705882353 0.14161220043572983 0.9330065359477124 0.14596949891067537 0.9248366013071896 0.1394335511982571 0.9166666666666666 0.14161220043572983 0.9133986928104575 0.1655773420479303 0.9117647058823529 0.1721132897603486 0.9068627450980392 0.1830065359477124 0.8921568627450981 0.19172113289760348 0.8856209150326797 0.2113289760348584 0.8856209150326797 0.2178649237472767 0.8888888888888888 0.22440087145969498 0.8856209150326797 0.23093681917211328 0.8856209150326797
0 0.3747276688453159 0.1650326797385621 0.38562091503267976 0.17483660130718953 0.38344226579520696 0.18137254901960784 0.35076252723311546 0.19281045751633988 0.3311546840958606 0.19281045751633988 0.3202614379084967 0.1895424836601307 0.31808278867102396 0.18627450980392157 0.3202614379084967 0.1781045751633987 0.3355119825708061 0.16176470588235295 0.3420479302832244 0.16013071895424835 0.3464052287581699 0.16176470588235295 0.3638344226579521 0.16176470588235295 0.37254901960784315 0.1650326797385621
0 0.6928104575163399 0.05065359477124183 0.7015250544662309 0.05392156862745098 0.7037037037037037 0.05718954248366013 0.7015250544662309 0.06209150326797386 0.690631808278867 0.07026143790849673 0.6666666666666666 0.0718954248366013 0.6601307189542484 0.07516339869281045 0.6535947712418301 0.07352941176470588 0.5904139433551199 0.07516339869281045 0.5729847494553377 0.07026143790849673 0.5686274509803921 0.06699346405228758 0.5686274509803921 0.06372549019607843 0.5729847494553377 0.06045751633986928 0.5882352941176471 0.058823529411764705 0.5969498910675382 0.05555555555555555 0.6187363834422658 0.05555555555555555 0.6470588235294118 0.049019607843137254 0.6884531590413944 0.049019607843137254 0.690631808278867 0.05065359477124183
0 0.7233115468409586 0.42810457516339867 0.7363834422657952 0.434640522875817 0.7407407407407407 0.45588235294117646 0.7298474945533769 0.46405228758169936 0.7058823529411765 0.46568627450980393 0.7037037037037037 0.4673202614379085 0.6862745098039216 0.4673202614379085 0.681917211328976 0.46405228758169936 0.6710239651416122 0.45098039215686275 0.673202614379085 0.434640522875817 0.6797385620915033 0.4297385620915033 0.690631808278867 0.4264705882352941 0.7189542483660131 0.4264705882352941 0.7211328976034859 0.42810457516339867
0 0.3790849673202614 0.06209150326797386 0.3485838779956427 0.08169934640522876 0.32461873638344224 0.08823529411764706 0.289760348583878 0.10947712418300654 0.2657952069716776 0.10620915032679738 0.26143790849673204 0.10130718954248366 0.2701525054466231 0.09313725490196079 0.28322440087145967 0.08823529411764706 0.2984749455337691 0.07679738562091504 0.3420479302832244 0.05718954248366013 0.3616557734204793 0.05718954248366013 0.3769063180827887 0.06209150326797386
0 0.5250544662309368 0.5816993464052288 0.5533769063180828 0.5980392156862745 0.5620915032679739 0.5964052287581699 0.5708061002178649 0.5882352941176471 0.5773420479302832 0.5882352941176471 0.6013071895424836 0.6094771241830066 0.6013071895424836 0.6127450980392157 0.5947712418300654 0.6176470588235294 0.5904139433551199 0.6258169934640523 0.6013071895424836 0.6356209150326797 0.5904139433551199 0.6421568627450981 0.5620915032679739 0.6535947712418301 0.5751633986928104 0.6633986928104575 0.5729847494553377 0.6748366013071896 0.5468409586056645 0.6781045751633987 0.5403050108932462 0.6813725490196079 0.5359477124183006 0.6879084967320261 0.5294117647058824 0.6895424836601307 0.485838779956427 0.6879084967320261 0.477124183006536 0.6797385620915033 0.477124183006536 0.6601307189542484 0.4749455337690632 0.6568627450980392 0.485838779956427 0.6388888888888888 0.49455337690631807 0.630718954248366 0.4989106753812636 0.6209150326797386 0.4989106753812636 0.6094771241830066 0.5032679738562091 0.6029411764705882 0.5185185185185185 0.5947712418300654 0.5250544662309368 0.5833333333333334
0 0.12854030501089325 0.07679738562091504 0.13071895424836602 0.0784313725490196 0.1437908496732026 0.0784313725490196 0.14596949891067537 0.08333333333333333 0.1437908496732026 0.08823529411764706 0.12200435729847495 0.10130718954248366 0.12636165577342048 0.10457516339869281 0.12854030501089325 0.10294117647058823 0.13071895424836602 0.10457516339869281 0.1503267973856209 0.10457516339869281 0.1437908496732026 0.10947712418300654 0.10893246187363835 0.11601307189542484 0.10457516339869281 0.119281045751634 0.0784313725490196 0.12745098039215685 0.04139433551198257 0.12418300653594772 0.030501089324618737 0.12745098039215685 0 0.12908496732026145 0.002178649237472767 0.11437908496732026 0.02178649237472767 0.10457516339869281 0.05664488017429194 0.09640522875816994 0.08932461873638345 0.08006535947712418 0.1111111111111111 0.0784313725490196 0.11328976034858387 0.07679738562091504 0.11764705882352941 0.0784313725490196 0.12418300653594772 0.07679738562091504 0.12636165577342048 0.0784313725490196
0 0.6666666666666666 0.2630718954248366 0.6862745098039216 0.26633986928104575 0.6884531590413944 0.2696078431372549 0.6884531590413944 0.2908496732026144 0.690631808278867 0.29248366013071897 0.6840958605664488 0.2973856209150327 0.6775599128540305 0.2973856209150327 0.6688453159041394 0.30718954248366015 0.6688453159041394 0.32516339869281047 0.6710239651416122 0.3300653594771242 0.664488017429194 0.3333333333333333 0.6492374727668845 0.33169934640522875 0.644880174291939 0.3349673202614379 0.6361655773420479 0.3349673202614379 0.6252723311546841 0.3235294117647059 0.6252723311546841 0.31699346405228757 0.6405228758169934 0.3088235294117647 0.644880174291939 0.3006535947712418 0.644880174291939 0.2777777777777778 0.6492374727668845 0.27124183006535946 0.664488017429194 0.2647058823529412
0 0.5446623093681917 0.10457516339869281 0.5468409586056645 0.10947712418300654 0.5424836601307189 0.1111111111111111 0.5446623093681917 0.11437908496732026 0.5424836601307189 0.12581699346405228 0.5294117647058824 0.12908496732026145 0.4880174291938998 0.1323529411764706 0.4357298474945534 0.1437908496732026 0.420479302832244 0.1388888888888889 0.4226579520697168 0.12908496732026145 0.43137254901960786 0.12581699346405228 0.45098039215686275 0.12418300653594772 0.4684095860566449 0.11764705882352941 0.48148148148148145 0.11601307189542484 0.5032679738562091 0.10784313725490197 0.5315904139433552 0.10457516339869281 0.5337690631808278 0.10294117647058823 0.5424836601307189 0.10457516339869281
0 0.6775599128540305 0.3480392156862745 0.6928104575163399 0.3562091503267974 0.6928104575163399 0.36764705882352944 0.673202614379085 0.3937908496732026 0.664488017429194 0.39869281045751637 0.6492374727668845 0.39869281045751637 0.6405228758169934 0.3954248366013072 0.6361655773420479 0.39215686274509803 0.6296296296296297 0.3790849673202614 0.6383442265795207 0.3627450980392157 0.6470588235294118 0.3562091503267974 0.664488017429194 0.3480392156862745 0.6753812636165577 0.3480392156862745
0 0.2788671023965142 0.3366013071895425 0.28540305010893247 0.33986928104575165 0.28540305010893247 0.34477124183006536 0.27233115468409586 0.3627450980392157 0.27450980392156865 0.36437908496732024 0.27450980392156865 0.37745098039215685 0.2679738562091503 0.3872549019607843 0.2440087145969499 0.4035947712418301 0.22875816993464052 0.40522875816993464 0.20697167755991286 0.41830065359477125 0.18518518518518517 0.4215686274509804 0.1721132897603486 0.4297385620915033 0.16339869281045752 0.4411764705882353 0.1328976034858388 0.45588235294117646 0.11982570806100218 0.4591503267973856 0.1111111111111111 0.4591503267973856 0.10457516339869281 0.4542483660130719 0.10021786492374728 0.4477124183006536 0.10021786492374728 0.43137254901960786 0.12200435729847495 0.4166666666666667 0.13071895424836602 0.4133986928104575 0.13725490196078433 0.4133986928104575 0.1503267973856209 0.40522875816993464 0.16122004357298475 0.39705882352941174 0.17429193899782136 0.38235294117647056 0.18518518518518517 0.37745098039215685 0.1895424836601307 0.3709150326797386 0.2047930283224401 0.36437908496732024 0.2178649237472767 0.3480392156862745 0.23311546840958605 0.3382352941176471 0.24618736383442266 0.3349673202614379 0.2570806100217865 0.3349673202614379 0.2701525054466231 0.3382352941176471 0.2766884531590414 0.3366013071895425
0 0.840958605664488 0.35947712418300654 0.8518518518518519 0.37254901960784315 0.8518518518518519 0.39052287581699346 0.840958605664488 0.4035947712418301 0.8278867102396514 0.4084967320261438 0.8126361655773421 0.4199346405228758 0.8061002178649237 0.4215686274509804 0.7886710239651417 0.4199346405228758 0.7734204793028322 0.4084967320261438 0.7538126361655774 0.40522875816993464 0.7494553376906318 0.40032679738562094 0.7538126361655774 0.38562091503267976 0.7647058823529411 0.3758169934640523 0.7712418300653595 0.3741830065359477 0.7886710239651417 0.3627450980392157 0.8017429193899782 0.3611111111111111 0.8061002178649237 0.35784313725490197 0.8148148148148148 0.3562091503267974 0.8300653594771242 0.3562091503267974 0.8387799564270153 0.35947712418300654