0 0.24754901960784315 0.803921568627451 0.25980392156862747 0.8071895424836601 0.2647058823529412 0.8104575163398693 0.2622549019607843 0.8137254901960784 0.2426470588235294 0.8137254901960784 0.23529411764705882 0.8104575163398693 0.23039215686274508 0.8055555555555556 0.23284313725490197 0.803921568627451 0.24509803921568626 0.803921568627451
0 0.1568627450980392 0.6225490196078431 0.16666666666666666 0.6290849673202614 0.16176470588235295 0.630718954248366 0.14950980392156862 0.6290849673202614 0.14950980392156862 0.6258169934640523 0.15441176470588236 0.6241830065359477
0 0.3137254901960784 0.8366013071895425 0.3161764705882353 0.8382352941176471 0.32598039215686275 0.8382352941176471 0.3382352941176471 0.8431372549019608 0.3382352941176471 0.8464052287581699 0.33088235294117646 0.8496732026143791 0.30637254901960786 0.8480392156862745 0.2965686274509804 0.8415032679738562 0.2965686274509804 0.8382352941176471 0.29901960784313725 0.8366013071895425 0.3112745098039216 0.8366013071895425
0 0.19117647058823528 0.6699346405228758 0.20098039215686275 0.673202614379085 0.20098039215686275 0.6781045751633987 0.19362745098039216 0.6797385620915033 0.17647058823529413 0.6797385620915033 0.1715686274509804 0.6764705882352942 0.1715686274509804 0.673202614379085 0.17647058823529413 0.6699346405228758 0.18872549019607843 0.6699346405228758
0 0.3627450980392157 0.8954248366013072 0.36519607843137253 0.8970588235294118 0.3872549019607843 0.8986928104575164 0.3946078431372549 0.9035947712418301 0.3897058823529412 0.9068627450980392 0.3799019607843137 0.9084967320261438 0.3627450980392157 0.9068627450980392 0.35049019607843135 0.9019607843137255 0.34558823529411764 0.8970588235294118 0.35049019607843135 0.8937908496732027 0.3602941176470588 0.8954248366013072
0 0.15441176470588236 0.7189542483660131 0.18137254901960784 0.7189542483660131 0.19117647058823528 0.7238562091503268 0.18872549019607843 0.7271241830065359 0.16176470588235295 0.7271241830065359 0.15441176470588236 0.7254901960784313 0.15441176470588236 0.7205882352941176
0 0.4534313725490196 0.9803921568627451 0.4583333333333333 0.9771241830065359 0.4681372549019608 0.9754901960784313 0.4852941176470588 0.9754901960784313 0.5 0.9803921568627451 0.5 0.9869281045751634 0.49754901960784315 0.988562091503268 0.4730392156862745 0.988562091503268 0.45588235294117646 0.9836601307189542 0.45588235294117646 0.9820261437908496
0 0.17401960784313725 0.6830065359477124 0.17647058823529413 0.6879084967320261 0.1715686274509804 0.6895424836601307 0.14950980392156862 0.6895424836601307 0.14705882352941177 0.6879084967320261 0.15441176470588236 0.6830065359477124 0.1715686274509804 0.6830065359477124
0 0.19852941176470587 0.5433006535947712 0.0196078431372549 0.008169934640522876
0 0.16911764705882354 0.738562091503268 0.20588235294117646 0.7434640522875817 0.20588235294117646 0.7467320261437909 0.19852941176470587 0.75 0.18382352941176472 0.75 0.1715686274509804 0.7467320261437909 0.16911764705882354 0.7401960784313726
0 0.16176470588235295 0.6535947712418301 0.16666666666666666 0.6568627450980392 0.16666666666666666 0.6601307189542484 0.15196078431372548 0.6601307189542484 0.14705882352941177 0.6568627450980392 0.15196078431372548 0.6535947712418301 0.15931372549019607 0.6535947712418301
0 0.16911764705882354 0.6568627450980392 0.16911764705882354 0.6617647058823529 0.17647058823529413 0.6666666666666666 0.19852941176470587 0.6699346405228758 0.2034313725490196 0.6764705882352942 0.20588235294117646 0.6781045751633987 0.20833333333333334 0.6748366013071896 0.21323529411764705 0.6797385620915033 0.21323529411764705 0.6813725490196079 0.20833333333333334 0.6813725490196079 0.2034313725490196 0.6781045751633987 0.19117647058823528 0.6797385620915033 0.18872549019607843 0.6830065359477124 0.19362745098039216 0.6862745098039216 0.19362745098039216 0.6895424836601307 0.18137254901960784 0.6944444444444444 0.18382352941176472 0.696078431372549 0.18137254901960784 0.7026143790849673 0.18382352941176472 0.704248366013072 0.18382352941176472 0.7140522875816994 0.18137254901960784 0.7156862745098039 0.19117647058823528 0.7222222222222222 0.19362745098039216 0.7271241830065359 0.19852941176470587 0.7254901960784313 0.19852941176470587 0.7222222222222222 0.19852941176470587 0.7254901960784313 0.20833333333333334 0.7303921568627451 0.20098039215686275 0.7369281045751634 0.20098039215686275 0.7401960784313726 0.20588235294117646 0.7418300653594772 0.20588235294117646 0.7483660130718954 0.19607843137254902 0.7532679738562091 0.19607843137254902 0.7581699346405228 0.19852941176470587 0.7598039215686274 0.20588235294117646 0.7565359477124183 0.20833333333333334 0.7630718954248366 0.21568627450980393 0.7679738562091504 0.21323529411764705 0.7761437908496732 0.22303921568627452 0.7826797385620915 0.23529411764705882 0.7843137254901961 0.2426470588235294 0.7892156862745098 0.2426470588235294 0.7924836601307189 0.24754901960784315 0.795751633986928 0.2426470588235294 0.7973856209150327 0.2426470588235294 0.8006535947712419 0.24754901960784315 0.803921568627451 0.2549019607843137 0.803921568627451 0.27941176470588236 0.8137254901960784 0.27941176470588236 0.8218954248366013 0.27450980392156865 0.8202614379084967 0.2647058823529412 0.8218954248366013 0.2622549019607843 0.815359477124183 0.25 0.815359477124183 0.23284313725490197 0.8104575163398693 0.22549019607843138 0.8055555555555556 0.22549019607843138 0.8022875816993464 0.23039215686274508 0.7990196078431373 0.19852941176470587 0.7826797385620915 0.20098039215686275 0.7777777777777778 0.19362745098039216 0.7745098039215687 0.19607843137254902 0.7728758169934641 0.19362745098039216 0.7696078431372549 0.17647058823529413 0.7696078431372549 0.15931372549019607 0.7647058823529411 0.15931372549019607 0.7565359477124183 0.16666666666666666 0.7516339869281046 0.1642156862745098 0.7450980392156863 0.1642156862745098 0.738562091503268 0.16666666666666666 0.7369281045751634 0.16176470588235295 0.7336601307189542 0.15931372549019607 0.7271241830065359 0.15196078431372548 0.7238562091503268 0.15196078431372548 0.7189542483660131 0.1568627450980392 0.7140522875816994 0.1568627450980392 0.7009803921568627 0.16666666666666666 0.6944444444444444 0.15931372549019607 0.6911764705882353 0.15196078431372548 0.6911764705882353 0.14460784313725492 0.684640522875817 0.16666666666666666 0.6781045751633987 0.16666666666666666 0.6666666666666666 0.15196078431372548 0.6617647058823529 0.14705882352941177 0.6552287581699346 0.16176470588235295 0.6519607843137255 0.16666666666666666 0.6568627450980392
0 0.16911764705882354 0.7009803921568627 0.17647058823529413 0.7026143790849673 0.18137254901960784 0.7058823529411765 0.18137254901960784 0.7091503267973857 0.16176470588235295 0.7091503267973857 0.1568627450980392 0.7058823529411765 0.15931372549019607 0.7026143790849673 0.16666666666666666 0.7009803921568627
0 0.43137254901960786 0.9493464052287581 0.44607843137254904 0.9526143790849673 0.4583333333333333 0.9526143790849673 0.4681372549019608 0.9558823529411765 0.47058823529411764 0.9607843137254902 0.4681372549019608 0.9624183006535948 0.44362745098039214 0.9624183006535948 0.4338235294117647 0.9591503267973857 0.4264705882352941 0.9526143790849673 0.42892156862745096 0.9509803921568627
0 0.3333333333333333 0.8660130718954249 0.33578431372549017 0.8676470588235294 0.35049019607843135 0.8676470588235294 0.3553921568627451 0.869281045751634 0.35784313725490197 0.8758169934640523 0.35049019607843135 0.8774509803921569 0.31862745098039214 0.8758169934640523 0.3112745098039216 0.869281045751634 0.31862745098039214 0.8660130718954249 0.33088235294117646 0.8660130718954249
0 0.18627450980392157 0.7598039215686274 0.19607843137254902 0.7630718954248366 0.19362745098039216 0.7679738562091504 0.1715686274509804 0.7679738562091504 0.1642156862745098 0.7647058823529411 0.16666666666666666 0.7598039215686274 0.18382352941176472 0.7598039215686274
0 0.37745098039215685 0.9199346405228758 0.3872549019607843 0.9248366013071896 0.38480392156862747 0.9297385620915033 0.35784313725490197 0.9281045751633987 0.3553921568627451 0.9248366013071896 0.35784313725490197 0.9215686274509803 0.375 0.9199346405228758
0 0.20833333333333334 0.7843137254901961 0.23284313725490197 0.7843137254901961 0.23774509803921567 0.7875816993464052 0.23774509803921567 0.7924836601307189 0.22549019607843138 0.7941176470588235 0.2181372549019608 0.7924836601307189 0.20833333333333334 0.7859477124183006