0 0.6699346405228758 0.29411764705882354 0.6764705882352942 0.29901960784313725 0.6797385620915033 0.30637254901960786 0.6813725490196079 0.33088235294117646 0.6781045751633987 0.35049019607843135 0.6830065359477124 0.36764705882352944 0.6813725490196079 0.38480392156862747 0.673202614379085 0.39215686274509803 0.6601307189542484 0.39215686274509803 0.6584967320261438 0.3897058823529412 0.6290849673202614 0.38235294117647056 0.6209150326797386 0.37254901960784315 0.6029411764705882 0.34068627450980393 0.6029411764705882 0.32598039215686275 0.6143790849673203 0.3088235294117647 0.6209150326797386 0.30637254901960786 0.6437908496732027 0.3088235294117647 0.6584967320261438 0.2916666666666667 0.6666666666666666 0.2916666666666667 0.6683006535947712 0.29411764705882354
0 0.9117647058823529 0 0.9803921568627451 0 0.9787581699346405 0.012254901960784314 0.9738562091503268 0.024509803921568627 0.9656862745098039 0.031862745098039214 0.954248366013072 0.051470588235294115 0.9330065359477124 0.0661764705882353 0.9199346405228758 0.0661764705882353 0.9150326797385621 0.06372549019607843 0.9101307189542484 0.056372549019607844 0.9101307189542484 0.03676470588235294 0.9084967320261438 0.031862745098039214 0.9101307189542484 0.029411764705882353 0.9117647058823529 0.0024509803921568627
0 0.869281045751634 0.9681372549019608 0.8709150326797386 0.9705882352941176 0.869281045751634 0.9803921568627451 0.8643790849673203 0.9901960784313726 0.869281045751634 0.9926470588235294 0.8660130718954249 0.9975490196078431 0.8562091503267973 0.9975490196078431 0.8545751633986928 0.9950980392156863 0.8529411764705882 0.9975490196078431 0.8464052287581699 0.9975490196078431 0.8447712418300654 0.9950980392156863 0.7810457516339869 0.9975490196078431 0.7761437908496732 0.9950980392156863 0.7810457516339869 0.9852941176470589 0.7826797385620915 0.9754901960784313 0.7826797385620915 0.9632352941176471 0.7777777777777778 0.9558823529411765 0.7777777777777778 0.9411764705882353 0.7908496732026143 0.9191176470588235 0.795751633986928 0.9044117647058824 0.8186274509803921 0.8725490196078431 0.8316993464052288 0.8602941176470589 0.8562091503267973 0.8553921568627451 0.8790849673202614 0.8284313725490197 0.8872549019607843 0.8161764705882353 0.8888888888888888 0.8088235294117647 0.9035947712418301 0.7892156862745098 0.9101307189542484 0.7867647058823529 0.9264705882352942 0.7671568627450981 0.9281045751633987 0.7647058823529411 0.9264705882352942 0.7549019607843137 0.9379084967320261 0.7328431372549019 0.9379084967320261 0.7058823529411765 0.9411764705882353 0.7009803921568627 0.9444444444444444 0.6862745098039216 0.9591503267973857 0.6642156862745098 0.9705882352941176 0.6568627450980392 0.9754901960784313 0.6568627450980392 0.9901960784313726 0.6446078431372549 0.9983660130718954 0.6446078431372549 0.9983660130718954 0.7132352941176471 0.9967320261437909 0.7156862745098039 0.9983660130718954 0.7254901960784313 0.9983660130718954 0.7524509803921569 0.9967320261437909 0.7549019607843137 0.9983660130718954 0.7696078431372549 0.9934640522875817 0.7990196078431373 0.9820261437908496 0.8063725490196079 0.9803921568627451 0.8112745098039216 0.9754901960784313 0.8137254901960784 0.9558823529411765 0.8357843137254902 0.9526143790849673 0.8480392156862745 0.9477124183006536 0.8553921568627451 0.946078431372549 0.8651960784313726 0.923202614379085 0.8970588235294118 0.9101307189542484 0.9093137254901961 0.9068627450980392 0.9093137254901961 0.8888888888888888 0.9313725490196079 0.880718954248366 0.9338235294117647 0.8725490196078431 0.9411764705882353 0.8709150326797386 0.9509803921568627 0.8660130718954249 0.9558823529411765 0.8660130718954249 0.9656862745098039 0.8676470588235294 0.9681372549019608
0 0 0.06862745098039216 0.008169934640522876 0.08088235294117647 0.011437908496732025 0.1053921568627451 0.016339869281045753 0.11764705882352941 0.013071895424836602 0.1323529411764706 0.013071895424836602 0.14705882352941177 0.017973856209150325 0.16176470588235295 0.017973856209150325 0.17892156862745098 0.0196078431372549 0.18137254901960784 0.0196078431372549 0.19362745098039216 0.017973856209150325 0.19607843137254902 0.017973856209150325 0.20833333333333334 0.014705882352941176 0.2181372549019608 0.014705882352941176 0.22549019607843138 0.011437908496732025 0.23284313725490197 0 0.24019607843137256 0 0.07107843137254902
0 0.9697712418300654 0.7303921568627451 0.06045751633986928 0.1715686274509804
0 0.923202614379085 0.6102941176470589 0.9281045751633987 0.6151960784313726 0.9330065359477124 0.6323529411764706 0.9330065359477124 0.6495098039215687 0.9297385620915033 0.6617647058823529 0.9313725490196079 0.6666666666666666 0.9313725490196079 0.6838235294117647 0.9215686274509803 0.696078431372549 0.8986928104575164 0.696078431372549 0.880718954248366 0.6764705882352942 0.8741830065359477 0.6617647058823529 0.8741830065359477 0.6519607843137255 0.8774509803921569 0.6446078431372549 0.8921568627450981 0.625 0.9052287581699346 0.6127450980392157 0.9215686274509803 0.6102941176470589
0 0.7026143790849673 0.9313725490196079 0.7091503267973857 0.9411764705882353 0.7091503267973857 0.9534313725490197 0.7058823529411765 0.9607843137254902 0.7026143790849673 0.9779411764705882 0.696078431372549 0.9901960784313726 0.6977124183006536 0.9926470588235294 0.696078431372549 0.9950980392156863 0.6699346405228758 0.9950980392156863 0.6683006535947712 0.9975490196078431 0.6274509803921569 0.9975490196078431 0.6274509803921569 0.9926470588235294 0.6388888888888888 0.9754901960784313 0.6421568627450981 0.9656862745098039 0.6601307189542484 0.9436274509803921 0.6683006535947712 0.9387254901960784 0.6715686274509803 0.9338235294117647 0.6748366013071896 0.9338235294117647 0.6830065359477124 0.9264705882352942 0.6977124183006536 0.9264705882352942 0.7009803921568627 0.9313725490196079
0 0.2549019607843137 0.6568627450980392 0.26143790849673204 0.6715686274509803 0.26143790849673204 0.6813725490196079 0.2581699346405229 0.6862745098039216 0.2581699346405229 0.6936274509803921 0.2696078431372549 0.6985294117647058 0.27450980392156865 0.7083333333333334 0.27450980392156865 0.7279411764705882 0.2696078431372549 0.7401960784313726 0.2679738562091503 0.7573529411764706 0.26143790849673204 0.7696078431372549 0.2549019607843137 0.7745098039215687 0.2369281045751634 0.7769607843137255 0.2238562091503268 0.7671568627450981 0.20751633986928106 0.7671568627450981 0.1977124183006536 0.7818627450980392 0.18790849673202614 0.7818627450980392 0.184640522875817 0.7745098039215687 0.184640522875817 0.7377450980392157 0.1830065359477124 0.7352941176470589 0.184640522875817 0.7230392156862745 0.19934640522875818 0.7058823529411765 0.22549019607843138 0.6642156862745098 0.24019607843137256 0.6544117647058824 0.25163398692810457 0.6544117647058824 0.25326797385620914 0.6568627450980392
0 0.032679738562091505 0 0.03758169934640523 0.004901960784313725 0.042483660130718956 0.004901960784313725 0.04738562091503268 0 0.1830065359477124 0 0.18137254901960784 0.014705882352941176 0.1781045751633987 0.022058823529411766 0.1437908496732026 0.07352941176470588 0.119281045751634 0.09068627450980392 0.09640522875816994 0.09803921568627451 0.08496732026143791 0.1053921568627451 0.07026143790849673 0.1053921568627451 0.06699346405228758 0.10294117647058823 0.058823529411764705 0.09068627450980392 0.04738562091503268 0.058823529411764705 0.03758169934640523 0.04411764705882353 0.029411764705882353 0.041666666666666664 0.02287581699346405 0.031862745098039214 0.014705882352941176 0.02696078431372549 0.011437908496732025 0.014705882352941176 0.004901960784313725 0.00980392156862745 0.004901960784313725 0.004901960784313725 0.00980392156862745 0 0.03104575163398693 0
0 0.45751633986928103 0.5465686274509803 0.46405228758169936 0.5490196078431373 0.4673202614379085 0.553921568627451 0.46895424836601307 0.5661764705882353 0.46405228758169936 0.5784313725490197 0.45588235294117646 0.5906862745098039 0.4673202614379085 0.6004901960784313 0.4738562091503268 0.6102941176470589 0.4738562091503268 0.625 0.4673202614379085 0.6372549019607843 0.4542483660130719 0.6470588235294118 0.44607843137254904 0.6470588235294118 0.4444444444444444 0.6495098039215687 0.4395424836601307 0.6470588235294118 0.4084967320261438 0.6470588235294118 0.4019607843137255 0.6397058823529411 0.40032679738562094 0.6225490196078431 0.4035947712418301 0.6102941176470589 0.4264705882352941 0.5784313725490197 0.4264705882352941 0.571078431372549 0.4297385620915033 0.5637254901960784 0.44607843137254904 0.5490196078431373 0.45588235294117646 0.5465686274509803
0 0.8480392156862745 0.8627450980392157 0.8513071895424836 0.8700980392156863 0.8562091503267973 0.8995098039215687 0.8741830065359477 0.928921568627451 0.8741830065359477 0.9338235294117647 0.8643790849673203 0.9436274509803921 0.8643790849673203 0.9509803921568627 0.8611111111111112 0.9558823529411765 0.8660130718954249 0.9730392156862745 0.8660130718954249 0.9803921568627451 0.8611111111111112 0.9901960784313726 0.8660130718954249 0.9950980392156863 0.8643790849673203 0.9975490196078431 0.8431372549019608 0.9975490196078431 0.8415032679738562 0.9950980392156863 0.7761437908496732 0.9975490196078431 0.7745098039215687 0.9950980392156863 0.7810457516339869 0.9828431372549019 0.7826797385620915 0.9730392156862745 0.7826797385620915 0.9632352941176471 0.7777777777777778 0.9558823529411765 0.7777777777777778 0.9436274509803921 0.7826797385620915 0.9313725490196079 0.7875816993464052 0.9264705882352942 0.795751633986928 0.9044117647058824 0.8088235294117647 0.8848039215686274 0.826797385620915 0.8651960784313726 0.8366013071895425 0.8602941176470589 0.8447712418300654 0.8602941176470589 0.8464052287581699 0.8627450980392157
0 0.8872549019607843 0.42892156862745096 0.8970588235294118 0.4338235294117647 0.9117647058823529 0.4534313725490196 0.9117647058823529 0.46078431372549017 0.9068627450980392 0.47549019607843135 0.9068627450980392 0.49754901960784315 0.9035947712418301 0.5049019607843137 0.9003267973856209 0.5245098039215687 0.8954248366013072 0.5318627450980392 0.880718954248366 0.5318627450980392 0.8741830065359477 0.5269607843137255 0.8578431372549019 0.5049019607843137 0.8480392156862745 0.4803921568627451 0.8496732026143791 0.46568627450980393 0.8676470588235294 0.4411764705882353 0.8758169934640523 0.4338235294117647 0.8856209150326797 0.43137254901960786
0 0.6781045751633987 0.5343137254901961 0.6879084967320261 0.5416666666666666 0.6993464052287581 0.5612745098039216 0.6977124183006536 0.5735294117647058 0.6928104575163399 0.5833333333333334 0.6944444444444444 0.6225490196078431 0.6911764705882353 0.6348039215686274 0.6830065359477124 0.6421568627450981 0.6748366013071896 0.6421568627450981 0.6633986928104575 0.6348039215686274 0.6584967320261438 0.6348039215686274 0.6535947712418301 0.6299019607843137 0.6388888888888888 0.6274509803921569 0.6290849673202614 0.6127450980392157 0.6290849673202614 0.5857843137254902 0.6323529411764706 0.5759803921568627 0.6454248366013072 0.5563725490196079 0.6503267973856209 0.553921568627451 0.6552287581699346 0.5465686274509803 0.6764705882352942 0.5343137254901961
0 0.8104575163398693 0.23529411764705882 0.8169934640522876 0.2426470588235294 0.8202614379084967 0.25735294117647056 0.8202614379084967 0.26715686274509803 0.8169934640522876 0.2769607843137255 0.8088235294117647 0.2867647058823529 0.8251633986928104 0.29411764705882354 0.826797385620915 0.30637254901960786 0.8202614379084967 0.31862745098039214 0.8169934640522876 0.31862745098039214 0.803921568627451 0.33088235294117646 0.7973856209150327 0.33088235294117646 0.7892156862745098 0.32107843137254904 0.7745098039215687 0.3137254901960784 0.7696078431372549 0.3014705882352941 0.7696078431372549 0.28921568627450983 0.795751633986928 0.2426470588235294 0.8006535947712419 0.23774509803921567 0.8088235294117647 0.23529411764705882
0 0.37254901960784315 0.06372549019607843 0.36764705882352944 0.058823529411764705 0.3545751633986928 0.0784313725490196 0.35130718954248363 0.0784313725490196 0.34967320261437906 0.08088235294117647 0.34967320261437906 0.09068627450980392 0.3464052287581699 0.09558823529411764 0.3480392156862745 0.10049019607843138 0.3464052287581699 0.10294117647058823 0.34967320261437906 0.10784313725490197 0.35130718954248363 0.11764705882352941 0.3562091503267974 0.12745098039215685 0.3562091503267974 0.1323529411764706 0.35947712418300654 0.13480392156862744 0.3627450980392157 0.14460784313725492 0.37254901960784315 0.15931372549019607 0.38235294117647056 0.16911764705882354 0.3888888888888889 0.1715686274509804 0.39215686274509803 0.18137254901960784 0.39705882352941174 0.18137254901960784 0.40032679738562094 0.18872549019607843 0.4133986928104575 0.19852941176470587 0.4215686274509804 0.21568627450980393 0.4199346405228758 0.2181372549019608 0.4215686274509804 0.23039215686274508 0.41830065359477125 0.24754901960784315 0.4199346405228758 0.25245098039215685 0.41830065359477125 0.25735294117647056 0.4199346405228758 0.2818627450980392 0.4133986928104575 0.29411764705882354 0.4133986928104575 0.29901960784313725 0.4084967320261438 0.30637254901960786 0.4084967320261438 0.31862745098039214 0.4133986928104575 0.3284313725490196 0.39705882352941174 0.34558823529411764 0.3758169934640523 0.35784313725490197 0.369281045751634 0.35784313725490197 0.36437908496732024 0.3627450980392157 0.3562091503267974 0.3627450980392157 0.3545751633986928 0.36519607843137253 0.3464052287581699 0.36519607843137253 0.3415032679738562 0.3602941176470588 0.3382352941176471 0.3602941176470588 0.31862745098039214 0.34068627450980393 0.315359477124183 0.34068627450980393 0.3088235294117647 0.33088235294117646 0.30718954248366015 0.32107843137254904 0.29901960784313725 0.3112745098039216 0.29901960784313725 0.30637254901960786 0.29411764705882354 0.29901960784313725 0.29411764705882354 0.29411764705882354 0.272875816993464 0.25245098039215685 0.2696078431372549 0.24019607843137256 0.27124183006535946 0.23774509803921567 0.2696078431372549 0.23529411764705882 0.2696078431372549 0.22303921568627452 0.2630718954248366 0.20588235294117646 0.25163398692810457 0.18627450980392157 0.24509803921568626 0.15931372549019607 0.25 0.14705882352941177 0.25 0.13480392156862744 0.25163398692810457 0.1323529411764706 0.24673202614379086 0.10049019607843138 0.27450980392156865 0.07598039215686274 0.27941176470588236 0.07352941176470588 0.2826797385620915 0.07598039215686274 0.29411764705882354 0.07352941176470588 0.3088235294117647 0.05392156862745098 0.3104575163398693 0.04656862745098039 0.31699346405228757 0.03676470588235294 0.3300653594771242 0.029411764705882353 0.3366013071895425 0.031862745098039214 0.33986928104575165 0.03676470588235294 0.3562091503267974 0.03676470588235294 0.35784313725490197 0.03431372549019608 0.3709150326797386 0.03431372549019608 0.3741830065359477 0.031862745098039214 0.380718954248366 0.04411764705882353 0.3790849673202614 0.049019607843137254 0.380718954248366 0.056372549019607844 0.37745098039215685 0.061274509803921566 0.3741830065359477 0.061274509803921566
0 0.9934640522875817 0.34558823529411764 0.9918300653594772 0.3431372549019608 0.9787581699346405 0.34068627450980393 0.9738562091503268 0.33578431372549017 0.9689542483660131 0.33578431372549017 0.9656862745098039 0.33088235294117646 0.9656862745098039 0.3137254901960784 0.9738562091503268 0.29901960784313725 0.9754901960784313 0.2916666666666667 0.988562091503268 0.27450980392156865 0.9983660130718954 0.26715686274509803 0.9983660130718954 0.3382352941176471 0.9950980392156863 0.3431372549019608
0 0.4934640522875817 0.44362745098039214 0.5081699346405228 0.4681372549019608 0.5081699346405228 0.47549019607843135 0.5032679738562091 0.4877450980392157 0.5032679738562091 0.49264705882352944 0.5081699346405228 0.5 0.5081699346405228 0.5098039215686274 0.5098039215686274 0.5122549019607843 0.5098039215686274 0.5245098039215687 0.49673202614379086 0.5441176470588235 0.4852941176470588 0.5441176470588235 0.4624183006535948 0.5343137254901961 0.4477124183006536 0.5220588235294118 0.43137254901960786 0.49754901960784315 0.44607843137254904 0.4730392156862745 0.4624183006535948 0.45588235294117646 0.4738562091503268 0.4485294117647059 0.47875816993464054 0.4485294117647059 0.48366013071895425 0.44362745098039214 0.4918300653594771 0.44362745098039214
0 0.5964052287581699 0.7573529411764706 0.6062091503267973 0.7622549019607843 0.6241830065359477 0.7622549019607843 0.6323529411764706 0.7671568627450981 0.6454248366013072 0.7647058823529411 0.6470588235294118 0.7622549019607843 0.6454248366013072 0.7647058823529411 0.6503267973856209 0.7696078431372549 0.6535947712418301 0.7647058823529411 0.6568627450980392 0.7647058823529411 0.6519607843137255 0.7720588235294118 0.6568627450980392 0.7794117647058824 0.6568627450980392 0.7892156862745098 0.6601307189542484 0.803921568627451 0.6535947712418301 0.8161764705882353 0.6552287581699346 0.8186274509803921 0.6535947712418301 0.8259803921568627 0.6552287581699346 0.8455882352941176 0.6519607843137255 0.8504901960784313 0.6503267973856209 0.8651960784313726 0.6437908496732027 0.875 0.6405228758169934 0.8897058823529411 0.6323529411764706 0.9019607843137255 0.630718954248366 0.9093137254901961 0.6339869281045751 0.9362745098039216 0.6372549019607843 0.9411764705882353 0.6405228758169934 0.9411764705882353 0.6421568627450981 0.9485294117647058 0.6388888888888888 0.9509803921568627 0.6388888888888888 0.9558823529411765 0.6405228758169934 0.9583333333333334 0.6470588235294118 0.9583333333333334 0.6535947712418301 0.9509803921568627 0.6601307189542484 0.9485294117647058 0.6650326797385621 0.9411764705882353 0.6781045751633987 0.9338235294117647 0.6813725490196079 0.928921568627451 0.6977124183006536 0.9313725490196079 0.7058823529411765 0.9387254901960784 0.7075163398692811 0.9509803921568627 0.7009803921568627 0.9730392156862745 0.6944444444444444 0.9852941176470589 0.6879084967320261 0.9877450980392157 0.6895424836601307 0.9926470588235294 0.6830065359477124 0.9926470588235294 0.6813725490196079 0.9950980392156863 0.6764705882352942 0.9926470588235294 0.6699346405228758 0.9926470588235294 0.6683006535947712 0.9950980392156863 0.5620915032679739 0.9950980392156863 0.5604575163398693 0.9975490196078431 0.5506535947712419 0.9975490196078431 0.5490196078431373 0.9950980392156863 0.5098039215686274 0.9950980392156863 0.5081699346405228 0.9926470588235294 0.5065359477124183 0.9950980392156863 0.5032679738562091 0.9926470588235294 0.43137254901960786 0.9926470588235294 0.4297385620915033 0.9950980392156863 0.3562091503267974 0.9975490196078431 0.3545751633986928 0.9901960784313726 0.35947712418300654 0.9828431372549019 0.369281045751634 0.9779411764705882 0.38562091503267976 0.9779411764705882 0.40032679738562094 0.9656862745098039 0.41013071895424835 0.9656862745098039 0.4133986928104575 0.9632352941176471 0.4215686274509804 0.9509803921568627 0.4264705882352941 0.9338235294117647 0.434640522875817 0.9240196078431373 0.4542483660130719 0.9240196078431373 0.46405228758169936 0.9338235294117647 0.47058823529411764 0.9313725490196079 0.477124183006536 0.9338235294117647 0.49019607843137253 0.9191176470588235 0.4934640522875817 0.9191176470588235 0.49673202614379086 0.9117647058823529 0.49673202614379086 0.9068627450980392 0.5 0.9019607843137255 0.5 0.8872549019607843 0.4934640522875817 0.875 0.4950980392156863 0.8627450980392157 0.5 0.8455882352941176 0.5147058823529411 0.8259803921568627 0.5163398692810458 0.8186274509803921 0.5277777777777778 0.803921568627451 0.5343137254901961 0.8014705882352942 0.5375816993464052 0.7941176470588235 0.553921568627451 0.7769607843137255 0.5669934640522876 0.7720588235294118 0.5702614379084967 0.7671568627450981 0.5833333333333334 0.7598039215686274 0.5947712418300654 0.7573529411764706
0 0.5326797385620915 0 0.5637254901960784 0 0.565359477124183 0.0024509803921568627 0.5718954248366013 0.0024509803921568627 0.5735294117647058 0 0.576797385620915 0.0024509803921568627 0.5800653594771242 0 0.6160130718954249 0 0.6176470588235294 0.0024509803921568627 0.6470588235294118 0 0.6535947712418301 0.012254901960784314 0.6535947712418301 0.022058823529411766 0.6584967320261438 0.041666666666666664 0.6535947712418301 0.05392156862745098 0.6535947712418301 0.0661764705882353 0.6486928104575164 0.07598039215686274 0.6470588235294118 0.09803921568627451 0.6356209150326797 0.11519607843137254 0.6225490196078431 0.12009803921568628 0.6013071895424836 0.10784313725490197 0.5718954248366013 0.1053921568627451 0.5522875816993464 0.09558823529411764 0.5359477124183006 0.0661764705882353 0.5326797385620915 0.05392156862745098 0.5326797385620915 0.03676470588235294 0.5310457516339869 0.03431372549019608 0.5310457516339869 0.004901960784313725 0.5326797385620915 0.0024509803921568627
0 0.8006535947712419 0.7401960784313726 0.8088235294117647 0.7475490196078431 0.8120915032679739 0.7549019607843137 0.8120915032679739 0.7671568627450981 0.8022875816993464 0.7843137254901961 0.8088235294117647 0.803921568627451 0.8006535947712419 0.8284313725490197 0.7875816993464052 0.8431372549019608 0.7761437908496732 0.8431372549019608 0.75 0.8259803921568627 0.7434640522875817 0.8161764705882353 0.7401960784313726 0.8014705882352942 0.7581699346405228 0.7622549019607843 0.7892156862745098 0.7377450980392157 0.7973856209150327 0.7377450980392157 0.7990196078431373 0.7401960784313726
0 0.19934640522875818 0.33578431372549017 0.2107843137254902 0.3431372549019608 0.21405228758169934 0.3480392156862745 0.22549019607843138 0.37745098039215685 0.22549019607843138 0.3872549019607843 0.22712418300653595 0.3897058823529412 0.21895424836601307 0.4215686274509804 0.22058823529411764 0.45588235294117646 0.1977124183006536 0.48284313725490197 0.1895424836601307 0.4803921568627451 0.1781045751633987 0.47058823529411764 0.1568627450980392 0.4632352941176471 0.15196078431372548 0.45588235294117646 0.14052287581699346 0.4485294117647059 0.12581699346405228 0.42401960784313725 0.12418300653594772 0.41421568627450983 0.119281045751634 0.4068627450980392 0.12091503267973856 0.38480392156862747 0.12581699346405228 0.37254901960784315 0.13398692810457516 0.3602941176470588 0.17647058823529413 0.33578431372549017 0.1977124183006536 0.33578431372549017
0 0.988562091503268 0.46078431372549017 0.02287581699346405 0.09803921568627451