0 0.9689542483660131 0.0915032679738562 0.9738562091503268 0.09803921568627451 0.9852941176470589 0.10457516339869281 0.9869281045751634 0.1111111111111111 0.9771241830065359 0.12200435729847495 0.9640522875816994 0.12854030501089325 0.9526143790849673 0.12636165577342048 0.9444444444444444 0.11546840958605664 0.9395424836601307 0.10021786492374728 0.9526143790849673 0.09803921568627451 0.9591503267973857 0.0915032679738562 0.9673202614379085 0.0915032679738562
0 0.8235294117647058 0.19825708061002179 0.8300653594771242 0.20697167755991286 0.8333333333333334 0.21568627450980393 0.8398692810457516 0.2222222222222222 0.8398692810457516 0.22875816993464052 0.826797385620915 0.23965141612200436 0.8137254901960784 0.23965141612200436 0.8104575163398693 0.2374727668845316 0.7973856209150327 0.2222222222222222 0.7908496732026143 0.20915032679738563 0.7924836601307189 0.20043572984749455 0.8137254901960784 0.19825708061002179 0.815359477124183 0.19607843137254902 0.8218954248366013 0.19825708061002179
0 0.9901960784313726 0.010893246187363835 0.9983660130718954 0.017429193899782137 0.9983660130718954 0.05010893246187364 0.988562091503268 0.05010893246187364 0.9771241830065359 0.04139433551198257 0.9738562091503268 0.017429193899782137 0.9820261437908496 0.008714596949891068 0.988562091503268 0.010893246187363835
0 0.9084967320261438 0.8888888888888888 0.9183006535947712 0.8954248366013072 0.9362745098039216 0.8954248366013072 0.9428104575163399 0.9019607843137255 0.946078431372549 0.9106753812636166 0.9395424836601307 0.9215686274509803 0.9297385620915033 0.9281045751633987 0.9248366013071896 0.9389978213507625 0.9248366013071896 0.9586056644880174 0.9166666666666666 0.9651416122004357 0.9003267973856209 0.9629629629629629 0.8905228758169934 0.9564270152505446 0.880718954248366 0.9368191721132898 0.880718954248366 0.9302832244008714 0.8937908496732027 0.9128540305010894 0.8954248366013072 0.8888888888888888 0.8970588235294118 0.8867102396514162 0.9052287581699346 0.8867102396514162 0.9068627450980392 0.8888888888888888
0 0.880718954248366 0.5468409586056645 0.8823529411764706 0.5490196078431373 0.9035947712418301 0.5490196078431373 0.9117647058823529 0.5577342047930284 0.9133986928104575 0.5642701525054467 0.9117647058823529 0.5838779956427015 0.8986928104575164 0.599128540305011 0.8970588235294118 0.6056644880174292 0.8856209150326797 0.6100217864923747 0.8741830065359477 0.6078431372549019 0.8676470588235294 0.6034858387799564 0.8594771241830066 0.5904139433551199 0.8594771241830066 0.5838779956427015 0.8725490196078431 0.5708061002178649 0.869281045751634 0.5599128540305011 0.869281045751634 0.5490196078431373 0.8790849673202614 0.5468409586056645
0 0.6862745098039216 0.8671023965141612 0.6928104575163399 0.8714596949891068 0.7075163398692811 0.8714596949891068 0.7205882352941176 0.8823529411764706 0.7205882352941176 0.8867102396514162 0.7124183006535948 0.9041394335511983 0.7124183006535948 0.9106753812636166 0.7189542483660131 0.9193899782135077 0.7222222222222222 0.934640522875817 0.7156862745098039 0.9477124183006536 0.704248366013072 0.9520697167755992 0.6879084967320261 0.9520697167755992 0.6813725490196079 0.9477124183006536 0.6633986928104575 0.9455337690631809 0.6617647058823529 0.9237472766884531 0.6601307189542484 0.9215686274509803 0.6601307189542484 0.906318082788671 0.6683006535947712 0.8888888888888888 0.6699346405228758 0.8714596949891068 0.6748366013071896 0.8649237472766884 0.684640522875817 0.8671023965141612
0 0.761437908496732 0.7211328976034859 0.7712418300653595 0.7342047930283224 0.7810457516339869 0.7407407407407407 0.7859477124183006 0.7494553376906318 0.7696078431372549 0.7777777777777778 0.7598039215686274 0.7908496732026143 0.7516339869281046 0.7973856209150327 0.738562091503268 0.7952069716775599 0.7254901960784313 0.7821350762527233 0.7205882352941176 0.7668845315904139 0.7205882352941176 0.7472766884531591 0.7238562091503268 0.7429193899782135 0.7434640522875817 0.7407407407407407 0.75 0.7342047930283224 0.75 0.7254901960784313 0.7532679738562091 0.7211328976034859 0.7565359477124183 0.7189542483660131 0.7598039215686274 0.7211328976034859
0 0.8725490196078431 0.2440087145969499 0.8823529411764706 0.25054466230936817 0.8872549019607843 0.2570806100217865 0.8872549019607843 0.26143790849673204 0.8758169934640523 0.27450980392156865 0.8611111111111112 0.28540305010893247 0.8513071895424836 0.28540305010893247 0.8431372549019608 0.2788671023965142 0.8349673202614379 0.25925925925925924 0.8349673202614379 0.25272331154684097 0.8464052287581699 0.25054466230936817 0.8562091503267973 0.23965141612200436 0.8643790849673203 0.23965141612200436 0.8709150326797386 0.2440087145969499
0 0.7924836601307189 0.3289760348583878 0.7941176470588235 0.3311546840958606 0.8104575163398693 0.3333333333333333 0.815359477124183 0.33986928104575165 0.8169934640522876 0.3572984749455338 0.8218954248366013 0.3660130718954248 0.8218954248366013 0.37254901960784315 0.8186274509803921 0.3769063180827887 0.8055555555555556 0.3812636165577342 0.7843137254901961 0.3790849673202614 0.7810457516339869 0.3769063180827887 0.7777777777777778 0.3681917211328976 0.7761437908496732 0.3333333333333333 0.7794117647058824 0.3289760348583878 0.7908496732026143 0.3289760348583878
0 0.7647058823529411 0.45098039215686275 0.7761437908496732 0.4553376906318083 0.795751633986928 0.47058823529411764 0.7941176470588235 0.48366013071895425 0.7859477124183006 0.4989106753812636 0.7745098039215687 0.5098039215686274 0.7663398692810458 0.514161220043573 0.7532679738562091 0.5098039215686274 0.7401960784313726 0.49455337690631807 0.7352941176470589 0.48148148148148145 0.738562091503268 0.4749455337690632 0.7532679738562091 0.47058823529411764 0.7565359477124183 0.4662309368191721 0.7565359477124183 0.4553376906318083 0.7630718954248366 0.45098039215686275
0 0.9101307189542484 0.6949891067538126 0.9133986928104575 0.7015250544662309 0.9117647058823529 0.7037037037037037 0.9133986928104575 0.7298474945533769 0.9215686274509803 0.738562091503268 0.9215686274509803 0.7494553376906318 0.9101307189542484 0.7603485838779956 0.8937908496732027 0.7690631808278867 0.8709150326797386 0.7625272331154684 0.8611111111111112 0.7538126361655774 0.8562091503267973 0.7342047930283224 0.8578431372549019 0.7058823529411765 0.8660130718954249 0.6993464052287581 0.880718954248366 0.6993464052287581 0.8905228758169934 0.6949891067538126 0.9084967320261438 0.6949891067538126
0 0.7516339869281046 0.6034858387799564 0.7581699346405228 0.6122004357298475 0.7581699346405228 0.616557734204793 0.7418300653594772 0.6361655773420479 0.7369281045751634 0.6383442265795207 0.7173202614379085 0.6383442265795207 0.7075163398692811 0.6274509803921569 0.7009803921568627 0.6056644880174292 0.7009803921568627 0.579520697167756 0.7075163398692811 0.5751633986928104 0.7205882352941176 0.5751633986928104 0.7254901960784313 0.5708061002178649 0.7401960784313726 0.5708061002178649 0.7450980392156863 0.579520697167756 0.7467320261437909 0.5882352941176471 0.7450980392156863 0.5969498910675382 0.75 0.6034858387799564
0 0.7336601307189542 0.04793028322440087 0.7467320261437909 0.06318082788671024 0.7549019607843137 0.06753812636165578 0.7549019607843137 0.0718954248366013 0.7434640522875817 0.08496732026143791 0.7271241830065359 0.08278867102396514 0.7156862745098039 0.07407407407407407 0.7075163398692811 0.06318082788671024 0.7091503267973857 0.058823529411764705 0.7173202614379085 0.05664488017429194 0.7238562091503268 0.04793028322440087 0.7320261437908496 0.04793028322440087
0 0.7924836601307189 0.12636165577342048 0.8006535947712419 0.1328976034858388 0.8022875816993464 0.1437908496732026 0.7973856209150327 0.1503267973856209 0.795751633986928 0.15904139433551198 0.7892156862745098 0.1655773420479303 0.7696078431372549 0.16122004357298475 0.7679738562091504 0.15904139433551198 0.7696078431372549 0.1503267973856209 0.7647058823529411 0.1394335511982571 0.7647058823529411 0.1328976034858388 0.7843137254901961 0.13071895424836602 0.7908496732026143 0.12636165577342048
0 0.8905228758169934 0.1503267973856209 0.8921568627450981 0.15250544662309368 0.9101307189542484 0.15250544662309368 0.9183006535947712 0.16122004357298475 0.9166666666666666 0.17429193899782136 0.9215686274509803 0.18736383442265794 0.9101307189542484 0.19389978213507625 0.8970588235294118 0.19389978213507625 0.8954248366013072 0.19172113289760348 0.8888888888888888 0.19172113289760348 0.8839869281045751 0.18736383442265794 0.8823529411764706 0.18082788671023964 0.8823529411764706 0.15468409586056645 0.8888888888888888 0.1503267973856209
0 0.8349673202614379 0.3006535947712418 0.8415032679738562 0.30501089324618735 0.8545751633986928 0.3028322440087146 0.8578431372549019 0.30501089324618735 0.8611111111111112 0.3137254901960784 0.8594771241830066 0.32679738562091504 0.8545751633986928 0.3289760348583878 0.8480392156862745 0.33769063180827885 0.8464052287581699 0.3442265795206972 0.8415032679738562 0.3464052287581699 0.8251633986928104 0.3442265795206972 0.8137254901960784 0.3289760348583878 0.8137254901960784 0.32461873638344224 0.8186274509803921 0.3159041394335512 0.8202614379084967 0.30501089324618735 0.826797385620915 0.2984749455337691 0.8333333333333334 0.3006535947712418
0 0.8496732026143791 0.41830065359477125 0.8545751633986928 0.42919389978213507 0.8709150326797386 0.4466230936819172 0.8709150326797386 0.45098039215686275 0.8578431372549019 0.4662309368191721 0.8496732026143791 0.47058823529411764 0.8382352941176471 0.47058823529411764 0.8284313725490197 0.46405228758169936 0.8202614379084967 0.4531590413943355 0.8120915032679739 0.4357298474945534 0.8120915032679739 0.42701525054466233 0.8137254901960784 0.42483660130718953 0.8235294117647058 0.42483660130718953 0.8382352941176471 0.41612200435729846 0.8464052287581699 0.41612200435729846 0.8480392156862745 0.41830065359477125