0 0.45751633986928103 0.7788697788697788 0.4591503267973856 0.7813267813267813 0.46895424836601307 0.7813267813267813 0.47058823529411764 0.7788697788697788 0.48366013071895425 0.7813267813267813 0.4934640522875817 0.7886977886977887 0.5065359477124183 0.8083538083538083 0.5147058823529411 0.8132678132678133 0.5228758169934641 0.8132678132678133 0.5343137254901961 0.8230958230958231 0.5392156862745098 0.8329238329238329 0.5392156862745098 0.8402948402948403 0.5277777777777778 0.8402948402948403 0.5196078431372549 0.8304668304668305 0.511437908496732 0.8255528255528255 0.4934640522875817 0.8230958230958231 0.4852941176470588 0.8157248157248157 0.4722222222222222 0.8132678132678133 0.45751633986928103 0.8058968058968059 0.4493464052287582 0.7985257985257985 0.4493464052287582 0.7886977886977887 0.45588235294117646 0.7788697788697788
0 0.7794117647058824 0.8108108108108109 0.7892156862745098 0.8108108108108109 0.8071895424836601 0.8206388206388207 0.8169934640522876 0.8304668304668305 0.8284313725490197 0.8476658476658476 0.8284313725490197 0.8501228501228502 0.8235294117647058 0.8525798525798526 0.8169934640522876 0.8501228501228502 0.7908496732026143 0.828009828009828 0.7794117647058824 0.8157248157248157 0.7794117647058824 0.8132678132678133
0 0.6437908496732027 0.8132678132678133 0.6666666666666666 0.8304668304668305 0.6699346405228758 0.8353808353808354 0.6699346405228758 0.8402948402948403 0.6666666666666666 0.8452088452088452 0.6535947712418301 0.8452088452088452 0.6454248366013072 0.8378378378378378 0.6323529411764706 0.8329238329238329 0.6290849673202614 0.828009828009828 0.6290849673202614 0.8181818181818182 0.6356209150326797 0.8108108108108109 0.6421568627450981 0.8132678132678133
0 0.3137254901960784 0.8157248157248157 0.3366013071895425 0.8304668304668305 0.3464052287581699 0.8501228501228502 0.3480392156862745 0.855036855036855 0.3464052287581699 0.85995085995086 0.3333333333333333 0.85995085995086 0.32516339869281047 0.8525798525798526 0.315359477124183 0.8476658476658476 0.3006535947712418 0.8452088452088452 0.2875816993464052 0.8353808353808354 0.28431372549019607 0.8304668304668305 0.28431372549019607 0.8230958230958231 0.28921568627450983 0.8181818181818182 0.29411764705882354 0.8157248157248157 0.31209150326797386 0.8157248157248157
0 0.39052287581699346 0.8034398034398035 0.41013071895424835 0.8206388206388207 0.4362745098039216 0.8255528255528255 0.44281045751633985 0.8304668304668305 0.45588235294117646 0.8476658476658476 0.45588235294117646 0.8525798525798526 0.4362745098039216 0.8501228501228502 0.43300653594771243 0.855036855036855 0.4362745098039216 0.8648648648648649 0.4362745098039216 0.8796068796068796 0.43137254901960786 0.8869778869778869 0.43137254901960786 0.8918918918918919 0.42320261437908496 0.8894348894348895 0.4117647058823529 0.8771498771498771 0.40522875816993464 0.8796068796068796 0.39869281045751637 0.8771498771498771 0.3888888888888889 0.8624078624078624 0.38562091503267976 0.855036855036855 0.38235294117647056 0.8329238329238329 0.3660130718954248 0.8058968058968059 0.36764705882352944 0.7985257985257985 0.3790849673202614 0.7985257985257985 0.3888888888888889 0.8034398034398035
0 0.9019607843137255 0.8230958230958231 0.9101307189542484 0.8230958230958231 0.9297385620915033 0.8402948402948403 0.934640522875817 0.8476658476658476 0.934640522875817 0.8501228501228502 0.9264705882352942 0.8501228501228502 0.9068627450980392 0.8353808353808354 0.9019607843137255 0.8304668304668305 0.9019607843137255 0.8255528255528255
0 0.19117647058823528 0.8304668304668305 0.21568627450980393 0.8452088452088452 0.2238562091503268 0.85995085995086 0.24183006535947713 0.8673218673218673 0.25980392156862747 0.8992628992628993 0.2565359477124183 0.9066339066339066 0.25163398692810457 0.9090909090909091 0.23039215686274508 0.9090909090909091 0.22875816993464052 0.9066339066339066 0.2107843137254902 0.9041769041769042 0.20588235294117646 0.8992628992628993 0.1781045751633987 0.8992628992628993 0.17647058823529413 0.8968058968058968 0.16666666666666666 0.8992628992628993 0.15359477124183007 0.8918918918918919 0.15359477124183007 0.8722358722358723 0.16830065359477125 0.855036855036855 0.16993464052287582 0.8329238329238329 0.1715686274509804 0.8304668304668305 0.1895424836601307 0.8304668304668305
0 0.024509803921568627 0.7813267813267813 0.0457516339869281 0.7886977886977887 0.06372549019607843 0.8058968058968059 0.07352941176470588 0.8083538083538083 0.08660130718954248 0.8181818181818182 0.10294117647058823 0.8427518427518428 0.10294117647058823 0.855036855036855 0.10130718954248366 0.8574938574938575 0.09477124183006536 0.85995085995086 0.08169934640522876 0.855036855036855 0.05555555555555555 0.8255528255528255 0.0457516339869281 0.8083538083538083 0.03104575163398693 0.7960687960687961 0.024509803921568627 0.7837837837837838
0 0.7075163398692811 0.8206388206388207 0.7205882352941176 0.8255528255528255 0.7352941176470589 0.8378378378378378 0.7532679738562091 0.8624078624078624 0.7516339869281046 0.8722358722358723 0.7467320261437909 0.8722358722358723 0.7091503267973857 0.8402948402948403 0.7026143790849673 0.8304668304668305 0.7026143790849673 0.8230958230958231 0.7058823529411765 0.8206388206388207
0 0.5882352941176471 0.8353808353808354 0.619281045751634 0.85995085995086 0.6323529411764706 0.8820638820638821 0.6160130718954249 0.8796068796068796 0.5980392156862745 0.8648648648648649 0.5898692810457516 0.8624078624078624 0.5800653594771242 0.855036855036855 0.576797385620915 0.8476658476658476 0.5751633986928104 0.8353808353808354 0.576797385620915 0.8329238329238329 0.5849673202614379 0.8329238329238329 0.5866013071895425 0.8353808353808354
0 0.7336601307189542 0.8058968058968059 0.738562091503268 0.8034398034398035 0.7581699346405228 0.8108108108108109 0.7679738562091504 0.8181818181818182 0.7745098039215687 0.828009828009828 0.7810457516339869 0.8304668304668305 0.7892156862745098 0.8427518427518428 0.7892156862745098 0.8452088452088452 0.7859477124183006 0.8452088452088452 0.7712418300653595 0.8378378378378378 0.7679738562091504 0.8402948402948403 0.7483660130718954 0.8304668304668305 0.7418300653594772 0.8255528255528255 0.7336601307189542 0.8083538083538083