0 0.8333333333333334 0.2173202614379085 0.8431372549019608 0.21895424836601307 0.8504901960784313 0.2238562091503268 0.8529411764705882 0.22875816993464052 0.8333333333333334 0.23529411764705882 0.8063725490196079 0.2369281045751634 0.7990196078431373 0.24019607843137256 0.7916666666666666 0.24019607843137256 0.7843137254901961 0.2369281045751634 0.7745098039215687 0.22875816993464052 0.7720588235294118 0.2238562091503268 0.8014705882352942 0.21895424836601307 0.8308823529411765 0.21895424836601307
0 0.4852941176470588 0.09803921568627451 0.49019607843137253 0.09477124183006536 0.5122549019607843 0.09477124183006536 0.5318627450980392 0.0915032679738562 0.5490196078431373 0.0915032679738562 0.553921568627451 0.09477124183006536 0.5416666666666666 0.10294117647058823 0.5171568627450981 0.10294117647058823 0.5122549019607843 0.10457516339869281 0.5098039215686274 0.10294117647058823 0.49754901960784315 0.10294117647058823 0.4877450980392157 0.09967320261437909
0 0.6764705882352942 0.11764705882352941 0.6764705882352942 0.12091503267973856 0.6691176470588235 0.12418300653594772 0.6397058823529411 0.12908496732026145 0.6372549019607843 0.12745098039215685 0.6151960784313726 0.12745098039215685 0.6078431372549019 0.12581699346405228 0.5980392156862745 0.119281045751634 0.6029411764705882 0.11437908496732026 0.6593137254901961 0.11437908496732026 0.6740196078431373 0.11764705882352941
0 0.9656862745098039 0.6715686274509803 0.9828431372549019 0.6764705882352942 0.9877450980392157 0.6797385620915033 0.9926470588235294 0.6797385620915033 0.9975490196078431 0.6862745098039216 0.9975490196078431 0.7401960784313726 0.9926470588235294 0.7401960784313726 0.9705882352941176 0.7320261437908496 0.9656862745098039 0.7320261437908496 0.9558823529411765 0.7271241830065359 0.946078431372549 0.7254901960784313 0.928921568627451 0.7140522875816994 0.928921568627451 0.7075163398692811 0.9264705882352942 0.7058823529411765 0.9264705882352942 0.6813725490196079 0.9509803921568627 0.6715686274509803 0.9632352941176471 0.6715686274509803
0 0.39705882352941174 0.8921568627450981 0.4166666666666667 0.8970588235294118 0.4338235294117647 0.9068627450980392 0.4362745098039216 0.9264705882352942 0.4338235294117647 0.9281045751633987 0.42892156862745096 0.954248366013072 0.41421568627450983 0.9722222222222222 0.3946078431372549 0.9869281045751634 0.3897058823529412 0.988562091503268 0.3872549019607843 0.9869281045751634 0.38235294117647056 0.988562091503268 0.37254901960784315 0.9869281045751634 0.36519607843137253 0.9901960784313726 0.36519607843137253 0.9934640522875817 0.3235294117647059 0.9934640522875817 0.32107843137254904 0.9918300653594772 0.3137254901960784 0.9820261437908496 0.30392156862745096 0.9771241830065359 0.3088235294117647 0.9738562091503268 0.3088235294117647 0.9705882352941176 0.30392156862745096 0.9689542483660131 0.2769607843137255 0.9444444444444444 0.27450980392156865 0.9362745098039216 0.26715686274509803 0.9281045751633987 0.2622549019607843 0.9133986928104575 0.27205882352941174 0.9068627450980392 0.30637254901960786 0.8986928104575164 0.33088235294117646 0.8986928104575164 0.35049019607843135 0.8954248366013072 0.35784313725490197 0.8921568627450981 0.3946078431372549 0.8921568627450981
0 0.007352941176470588 0.6879084967320261 0.00980392156862745 0.6862745098039216 0.012254901960784314 0.6699346405228758 0.022058823529411766 0.6601307189542484 0.0392156862745098 0.6552287581699346 0.058823529411764705 0.6535947712418301 0.061274509803921566 0.6519607843137255 0.09313725490196079 0.6519607843137255 0.09803921568627451 0.6568627450980392 0.09558823529411764 0.6683006535947712 0.08333333333333333 0.6781045751633987 0.07598039215686274 0.6879084967320261 0.07598039215686274 0.6993464052287581 0.07352941176470588 0.7009803921568627 0.056372549019607844 0.7058823529411765 0.041666666666666664 0.7058823529411765 0.0392156862745098 0.7075163398692811 0.0196078431372549 0.7026143790849673 0.00980392156862745 0.6895424836601307
0 0.42401960784313725 0.11274509803921569 0.43137254901960786 0.11437908496732026 0.4362745098039216 0.119281045751634 0.42892156862745096 0.12418300653594772 0.41421568627450983 0.12581699346405228 0.4068627450980392 0.12908496732026145 0.4019607843137255 0.12745098039215685 0.39705882352941174 0.12908496732026145 0.35784313725490197 0.12908496732026145 0.35784313725490197 0.12418300653594772 0.36764705882352944 0.119281045751634 0.38235294117647056 0.11601307189542484 0.39950980392156865 0.11601307189542484 0.4019607843137255 0.11437908496732026 0.4166666666666667 0.11437908496732026 0.4215686274509804 0.11274509803921569
0 0.40931372549019607 0.45751633986928103 0.4166666666666667 0.4624183006535948 0.41421568627450983 0.46895424836601307 0.39705882352941174 0.4803921568627451 0.3872549019607843 0.48366013071895425 0.3627450980392157 0.4852941176470588 0.3602941176470588 0.4869281045751634 0.33088235294117646 0.4869281045751634 0.31862745098039214 0.48366013071895425 0.3112745098039216 0.47875816993464054 0.3112745098039216 0.4673202614379085 0.3161764705882353 0.46405228758169936 0.3333333333333333 0.46078431372549017 0.3553921568627451 0.46078431372549017 0.38235294117647056 0.45588235294117646 0.4068627450980392 0.45751633986928103
0 0.4019607843137255 0.38235294117647056 0.40441176470588236 0.3839869281045752 0.42892156862745096 0.3839869281045752 0.4387254901960784 0.3872549019607843 0.4411764705882353 0.39052287581699346 0.4387254901960784 0.3954248366013072 0.43137254901960786 0.40032679738562094 0.41421568627450983 0.40522875816993464 0.38235294117647056 0.40522875816993464 0.36764705882352944 0.41013071895424835 0.3553921568627451 0.41013071895424835 0.3480392156862745 0.4068627450980392 0.34068627450980393 0.4068627450980392 0.33088235294117646 0.4019607843137255 0.3284313725490196 0.39705882352941174 0.33088235294117646 0.3937908496732026 0.3480392156862745 0.3872549019607843 0.37254901960784315 0.3872549019607843 0.3872549019607843 0.38235294117647056 0.39950980392156865 0.38235294117647056
0 0.8799019607843137 0.5866013071895425 0.8921568627450981 0.5931372549019608 0.8921568627450981 0.5996732026143791 0.8946078431372549 0.6013071895424836 0.8921568627450981 0.6045751633986928 0.8921568627450981 0.6290849673202614 0.875 0.6372549019607843 0.8578431372549019 0.6372549019607843 0.8406862745098039 0.6323529411764706 0.8284313725490197 0.6323529411764706 0.8259803921568627 0.630718954248366 0.8088235294117647 0.630718954248366 0.7941176470588235 0.6339869281045751 0.7647058823529411 0.6323529411764706 0.75 0.6225490196078431 0.7475490196078431 0.6078431372549019 0.7549019607843137 0.5996732026143791 0.7843137254901961 0.5915032679738562 0.8284313725490197 0.5882352941176471 0.8382352941176471 0.5849673202614379 0.8700980392156863 0.5849673202614379 0.8774509803921569 0.5866013071895425
0 0.4803921568627451 0.06372549019607843 0.48284313725490197 0.06535947712418301 0.49754901960784315 0.06535947712418301 0.5 0.06372549019607843 0.5024509803921569 0.06535947712418301 0.5196078431372549 0.06535947712418301 0.5294117647058824 0.06372549019607843 0.5441176470588235 0.06699346405228758 0.5465686274509803 0.07026143790849673 0.5367647058823529 0.07516339869281045 0.5171568627450981 0.07679738562091504 0.5147058823529411 0.0784313725490196 0.5 0.0784313725490196 0.49019607843137253 0.07679738562091504 0.4730392156862745 0.07026143790849673 0.4730392156862745 0.06699346405228758 0.47794117647058826 0.06535947712418301
0 0.37745098039215685 0.272875816993464 0.3799019607843137 0.27450980392156865 0.4019607843137255 0.2761437908496732 0.4068627450980392 0.2777777777777778 0.40931372549019607 0.2826797385620915 0.38235294117647056 0.28921568627450983 0.37745098039215685 0.29248366013071897 0.33088235294117646 0.29248366013071897 0.3284313725490196 0.29411764705882354 0.3137254901960784 0.2908496732026144 0.3137254901960784 0.2826797385620915 0.31862745098039214 0.27941176470588236 0.3382352941176471 0.27450980392156865 0.375 0.272875816993464
0 0.9705882352941176 0.42810457516339867 0.9852941176470589 0.43790849673202614 0.9852941176470589 0.4411764705882353 0.9803921568627451 0.4444444444444444 0.9656862745098039 0.44607843137254904 0.9583333333333334 0.4493464052287582 0.928921568627451 0.4493464052287582 0.9166666666666666 0.4526143790849673 0.9044117647058824 0.4526143790849673 0.8921568627450981 0.44607843137254904 0.8823529411764706 0.43790849673202614 0.8823529411764706 0.43137254901960786 0.8848039215686274 0.4297385620915033 0.8946078431372549 0.4264705882352941 0.9044117647058824 0.42810457516339867 0.9166666666666666 0.42810457516339867 0.9191176470588235 0.4264705882352941 0.9607843137254902 0.4264705882352941 0.9681372549019608 0.42810457516339867
0 0.3161764705882353 0.7401960784313726 0.3431372549019608 0.7467320261437909 0.35049019607843135 0.7467320261437909 0.37254901960784315 0.7581699346405228 0.38235294117647056 0.7663398692810458 0.38235294117647056 0.7826797385620915 0.3553921568627451 0.795751633986928 0.30637254901960786 0.7924836601307189 0.2965686274509804 0.795751633986928 0.2867647058823529 0.795751633986928 0.27205882352941174 0.7990196078431373 0.24019607843137256 0.7973856209150327 0.22549019607843138 0.7924836601307189 0.2181372549019608 0.7794117647058824 0.22058823529411764 0.7630718954248366 0.22794117647058823 0.7549019607843137 0.2426470588235294 0.7467320261437909 0.2622549019607843 0.7434640522875817 0.2818627450980392 0.7434640522875817 0.2965686274509804 0.7401960784313726 0.3137254901960784 0.7401960784313726
0 0.7230392156862745 0.08986928104575163 0.7254901960784313 0.0915032679738562 0.7573529411764706 0.09313725490196079 0.7696078431372549 0.09640522875816994 0.7745098039215687 0.10130718954248366 0.7622549019607843 0.10620915032679738 0.7426470588235294 0.10620915032679738 0.7401960784313726 0.10784313725490197 0.7254901960784313 0.10620915032679738 0.7058823529411765 0.09640522875816994 0.7083333333333334 0.09313725490196079 0.7205882352941176 0.0915032679738562
0 0.25245098039215685 0.3415032679738562 0.26715686274509803 0.3366013071895425 0.2867647058823529 0.3382352941176471 0.28921568627450983 0.3366013071895425 0.3014705882352941 0.3366013071895425 0.3284313725490196 0.33169934640522875 0.34558823529411764 0.33169934640522875 0.35784313725490197 0.3366013071895425 0.35784313725490197 0.34477124183006536 0.35294117647058826 0.3480392156862745 0.3333333333333333 0.35294117647058826 0.3235294117647059 0.35294117647058826 0.30637254901960786 0.35947712418300654 0.29411764705882354 0.3562091503267974 0.27450980392156865 0.3562091503267974 0.2647058823529412 0.35294117647058826 0.25735294117647056 0.35294117647058826 0.25 0.34967320261437906 0.25245098039215685 0.3431372549019608
0 0.22549019607843138 0.5359477124183006 0.25245098039215685 0.5441176470588235 0.27941176470588236 0.5424836601307189 0.2916666666666667 0.545751633986928 0.2965686274509804 0.5490196078431373 0.2965686274509804 0.553921568627451 0.27941176470588236 0.565359477124183 0.24019607843137256 0.5751633986928104 0.2181372549019608 0.5751633986928104 0.2034313725490196 0.5702614379084967 0.17401960784313725 0.5702614379084967 0.16666666666666666 0.565359477124183 0.1642156862745098 0.5604575163398693 0.1642156862745098 0.553921568627451 0.17892156862745098 0.545751633986928 0.18382352941176472 0.545751633986928 0.2034313725490196 0.5375816993464052 0.22303921568627452 0.5359477124183006
0 0.1568627450980392 0.6503267973856209 0.15931372549019607 0.6519607843137255 0.16911764705882354 0.6519607843137255 0.1715686274509804 0.6503267973856209 0.17401960784313725 0.6519607843137255 0.17647058823529413 0.6503267973856209 0.2034313725490196 0.6503267973856209 0.20588235294117646 0.6519607843137255 0.2426470588235294 0.6503267973856209 0.25 0.6535947712418301 0.2549019607843137 0.6535947712418301 0.25980392156862747 0.6584967320261438 0.25980392156862747 0.6666666666666666 0.25 0.6764705882352942 0.21568627450980393 0.6944444444444444 0.20833333333333334 0.696078431372549 0.20098039215686275 0.696078431372549 0.19117647058823528 0.6928104575163399 0.1568627450980392 0.6928104575163399 0.13970588235294118 0.6830065359477124 0.13725490196078433 0.6797385620915033 0.13725490196078433 0.6699346405228758 0.13480392156862744 0.6683006535947712 0.13480392156862744 0.6535947712418301 0.13725490196078433 0.6519607843137255 0.15441176470588236 0.6519607843137255
0 0.7083333333333334 0.3022875816993464 0.7377450980392157 0.30718954248366015 0.7475490196078431 0.3104575163398693 0.7549019607843137 0.31699346405228757 0.7549019607843137 0.3202614379084967 0.7475490196078431 0.32516339869281047 0.7254901960784313 0.32679738562091504 0.7230392156862745 0.3284313725490196 0.7009803921568627 0.32679738562091504 0.6862745098039216 0.32189542483660133 0.6593137254901961 0.3202614379084967 0.6470588235294118 0.315359477124183 0.6495098039215687 0.3088235294117647 0.6568627450980392 0.3055555555555556 0.6740196078431373 0.3022875816993464 0.7058823529411765 0.3022875816993464
0 0.42401960784313725 0.17973856209150327 0.44362745098039214 0.1830065359477124 0.4803921568627451 0.184640522875817 0.48284313725490197 0.18790849673202614 0.4803921568627451 0.19281045751633988 0.4632352941176471 0.1977124183006536 0.39215686274509803 0.19607843137254902 0.3872549019607843 0.19281045751633988 0.39215686274509803 0.18627450980392157 0.4117647058823529 0.18137254901960784 0.4215686274509804 0.18137254901960784
0 0.125 0.7532679738562091 0.1323529411764706 0.75 0.14950980392156862 0.75 0.1568627450980392 0.7532679738562091 0.16176470588235295 0.7598039215686274 0.16176470588235295 0.7696078431372549 0.15441176470588236 0.7843137254901961 0.14215686274509803 0.7924836601307189 0.12009803921568628 0.795751633986928 0.11274509803921569 0.7941176470588235 0.10294117647058823 0.7875816993464052 0.10049019607843138 0.7843137254901961 0.10049019607843138 0.7745098039215687 0.10784313725490197 0.7647058823529411 0.125 0.7549019607843137
0 0.7132352941176471 0.1781045751633987 0.7230392156862745 0.17647058823529413 0.7328431372549019 0.1781045751633987 0.7671568627450981 0.1781045751633987 0.7696078431372549 0.17973856209150327 0.7965686274509803 0.18137254901960784 0.803921568627451 0.184640522875817 0.803921568627451 0.1895424836601307 0.7965686274509803 0.19281045751633988 0.7450980392156863 0.19444444444444445 0.7230392156862745 0.18790849673202614 0.7107843137254902 0.18137254901960784 0.7132352941176471 0.17973856209150327
0 0.8063725490196079 0.34967320261437906 0.8357843137254902 0.3545751633986928 0.875 0.3562091503267974 0.8897058823529411 0.35947712418300654 0.8970588235294118 0.36437908496732024 0.8995098039215687 0.369281045751634 0.8872549019607843 0.37745098039215685 0.8431372549019608 0.37745098039215685 0.8406862745098039 0.3790849673202614 0.8161764705882353 0.3790849673202614 0.7990196078431373 0.37254901960784315 0.7916666666666666 0.37254901960784315 0.7843137254901961 0.36764705882352944 0.7794117647058824 0.3611111111111111 0.7794117647058824 0.3562091503267974 0.7892156862745098 0.35130718954248363 0.803921568627451 0.34967320261437906
0 0.875 0.48366013071895425 0.8946078431372549 0.4934640522875817 0.8995098039215687 0.49836601307189543 0.8995098039215687 0.5032679738562091 0.8872549019607843 0.511437908496732 0.8651960784313726 0.5196078431372549 0.8529411764705882 0.5196078431372549 0.8504901960784313 0.5212418300653595 0.8333333333333334 0.5212418300653595 0.8284313725490197 0.5196078431372549 0.7916666666666666 0.5277777777777778 0.7794117647058824 0.5261437908496732 0.7671568627450981 0.5130718954248366 0.7696078431372549 0.49836601307189543 0.7794117647058824 0.4918300653594771 0.7990196078431373 0.4869281045751634 0.8088235294117647 0.4869281045751634 0.821078431372549 0.48366013071895425 0.8406862745098039 0.48366013071895425 0.8553921568627451 0.4803921568627451 0.8627450980392157 0.4803921568627451 0.8725490196078431 0.48366013071895425
0 0.4852941176470588 0.22712418300653595 0.4877450980392157 0.22875816993464052 0.5 0.22875816993464052 0.5024509803921569 0.23529411764705882 0.4852941176470588 0.2434640522875817 0.47058823529411764 0.24673202614379086 0.45588235294117646 0.24673202614379086 0.4534313725490196 0.24836601307189543 0.42892156862745096 0.24836601307189543 0.42401960784313725 0.24673202614379086 0.42401960784313725 0.2369281045751634 0.4387254901960784 0.23202614379084968 0.4534313725490196 0.23202614379084968 0.48284313725490197 0.22712418300653595
0 0.4338235294117647 0.1503267973856209 0.4362745098039216 0.15196078431372548 0.4485294117647059 0.15196078431372548 0.4583333333333333 0.15522875816993464 0.4632352941176471 0.16013071895424835 0.4534313725490196 0.1650326797385621 0.4411764705882353 0.1650326797385621 0.4387254901960784 0.16666666666666666 0.39705882352941174 0.16666666666666666 0.38480392156862747 0.16339869281045752 0.38480392156862747 0.16013071895424835 0.39950980392156865 0.15359477124183007 0.43137254901960786 0.1503267973856209
0 0.6323529411764706 0.1503267973856209 0.6544117647058824 0.14869281045751634 0.6568627450980392 0.14705882352941177 0.7034313725490197 0.14705882352941177 0.7058823529411765 0.1454248366013072 0.7132352941176471 0.1454248366013072 0.7181372549019608 0.14869281045751634 0.7156862745098039 0.15522875816993464 0.7083333333333334 0.16013071895424835 0.6838235294117647 0.1650326797385621 0.6617647058823529 0.1650326797385621 0.6446078431372549 0.16176470588235295 0.6323529411764706 0.15522875816993464 0.6323529411764706 0.15196078431372548
0 0.6127450980392157 0.049019607843137254 0.6544117647058824 0.049019607843137254 0.6666666666666666 0.05392156862745098 0.6666666666666666 0.05718954248366013 0.6568627450980392 0.06372549019607843 0.6372549019607843 0.06372549019607843 0.6225490196078431 0.06045751633986928 0.6151960784313726 0.05555555555555555 0.6127450980392157 0.05065359477124183
0 0.7083333333333334 0.2630718954248366 0.12254901960784313 0.026143790849673203