0 0.6478758169934641 0.3737745098039216 0.014705882352941176 0.041666666666666664
0 0.6715686274509803 0.4215686274509804 0.6781045751633987 0.43137254901960786 0.6797385620915033 0.4387254901960784 0.6781045751633987 0.4411764705882353 0.6715686274509803 0.4387254901960784 0.6699346405228758 0.4362745098039216 0.6699346405228758 0.42401960784313725
0 0.6388888888888888 0.6764705882352942 0.6405228758169934 0.6838235294117647 0.6356209150326797 0.6862745098039216 0.6258169934640523 0.7009803921568627 0.6225490196078431 0.6985294117647058 0.6176470588235294 0.7058823529411765 0.6143790849673203 0.7034313725490197 0.6160130718954249 0.696078431372549 0.6094771241830066 0.6911764705882353 0.6143790849673203 0.6887254901960784 0.6094771241830066 0.6862745098039216 0.6062091503267973 0.678921568627451 0.6111111111111112 0.6740196078431373 0.6372549019607843 0.6764705882352942
0 0.5980392156862745 0.8014705882352942 0.6127450980392157 0.8088235294117647 0.6143790849673203 0.8112745098039216 0.6127450980392157 0.8186274509803921 0.6323529411764706 0.8357843137254902 0.6339869281045751 0.8431372549019608 0.6241830065359477 0.8529411764705882 0.6160130718954249 0.8529411764705882 0.5980392156862745 0.8406862745098039 0.5898692810457516 0.8259803921568627 0.5915032679738562 0.8235294117647058 0.5898692810457516 0.821078431372549 0.5849673202614379 0.821078431372549 0.5735294117647058 0.8112745098039216 0.5751633986928104 0.8063725490196079 0.5816993464052288 0.803921568627451 0.5964052287581699 0.803921568627451
0 0.7026143790849673 0.49019607843137253 0.7107843137254902 0.49754901960784315 0.7009803921568627 0.5024509803921569 0.6993464052287581 0.49754901960784315 0.6993464052287581 0.49264705882352944 0.7009803921568627 0.49264705882352944
0 0.6993464052287581 0.4950980392156863 0.7026143790849673 0.49754901960784315 0.7026143790849673 0.5049019607843137 0.6977124183006536 0.5122549019607843 0.6911764705882353 0.5098039215686274 0.6895424836601307 0.5049019607843137 0.6895424836601307 0.49754901960784315 0.6977124183006536 0.4950980392156863
0 0.7058823529411765 0.5833333333333334 0.7075163398692811 0.5857843137254902 0.704248366013072 0.5906862745098039 0.696078431372549 0.5906862745098039 0.6944444444444444 0.5931372549019608 0.6895424836601307 0.5906862745098039 0.6895424836601307 0.5857843137254902 0.6928104575163399 0.5833333333333334 0.704248366013072 0.5833333333333334
0 0.7026143790849673 0.5392156862745098 0.6977124183006536 0.5465686274509803 0.6993464052287581 0.5514705882352942 0.7026143790849673 0.5514705882352942 0.7009803921568627 0.5563725490196079 0.6895424836601307 0.553921568627451 0.6879084967320261 0.5514705882352942 0.6895424836601307 0.5490196078431373 0.6830065359477124 0.5416666666666666 0.6911764705882353 0.5367647058823529 0.6993464052287581 0.5367647058823529 0.7009803921568627 0.5392156862745098
0 0.6879084967320261 0.47549019607843135 0.6944444444444444 0.47549019607843135 0.7009803921568627 0.4852941176470588 0.7009803921568627 0.49019607843137253 0.6895424836601307 0.49019607843137253 0.6879084967320261 0.4877450980392157 0.6911764705882353 0.4803921568627451 0.6895424836601307 0.47794117647058826
0 0.6781045751633987 0.41911764705882354 0.6879084967320261 0.42892156862745096 0.6895424836601307 0.45588235294117646 0.6911764705882353 0.4583333333333333 0.6879084967320261 0.4681372549019608 0.684640522875817 0.4681372549019608 0.6813725490196079 0.4632352941176471 0.6830065359477124 0.4338235294117647 0.6781045751633987 0.4264705882352941 0.6781045751633987 0.4215686274509804
0 0.6781045751633987 0.4166666666666667 0.6895424836601307 0.4264705882352941 0.6895424836601307 0.4387254901960784 0.696078431372549 0.4485294117647059 0.696078431372549 0.4534313725490196 0.6895424836601307 0.46568627450980393 0.6862745098039216 0.46568627450980393 0.6830065359477124 0.46078431372549017 0.684640522875817 0.4338235294117647 0.6797385620915033 0.4264705882352941 0.6781045751633987 0.41911764705882354
0 0.7026143790849673 0.5318627450980392 0.7058823529411765 0.5294117647058824 0.7173202614379085 0.5294117647058824 0.7173202614379085 0.5343137254901961 0.7107843137254902 0.5367647058823529 0.704248366013072 0.5367647058823529 0.7026143790849673 0.5343137254901961
0 0.6715686274509803 0.40441176470588236 0.6764705882352942 0.40931372549019607 0.6764705882352942 0.41421568627450983 0.6715686274509803 0.41421568627450983 0.6683006535947712 0.40931372549019607 0.6699346405228758 0.4068627450980392
0 0.6993464052287581 0.6078431372549019 0.704248366013072 0.6127450980392157 0.7009803921568627 0.6176470588235294 0.6879084967320261 0.6176470588235294 0.6862745098039216 0.6151960784313726 0.6895424836601307 0.6102941176470589 0.6977124183006536 0.6078431372549019
0 0.7091503267973857 0.5514705882352942 0.7205882352941176 0.5490196078431373 0.7205882352941176 0.553921568627451 0.7173202614379085 0.5563725490196079 0.7091503267973857 0.553921568627451
0 0.7352941176470589 0.6985294117647058 0.7450980392156863 0.7058823529411765 0.7450980392156863 0.7083333333333334 0.7336601307189542 0.7132352941176471 0.7320261437908496 0.7107843137254902 0.7254901960784313 0.7107843137254902 0.7205882352941176 0.7058823529411765 0.7238562091503268 0.7009803921568627 0.7336601307189542 0.6985294117647058
0 0.6405228758169934 0.3431372549019608 0.6535947712418301 0.3553921568627451 0.6535947712418301 0.3627450980392157 0.6584967320261438 0.3799019607843137 0.6584967320261438 0.38480392156862747 0.6470588235294118 0.38235294117647056 0.6421568627450981 0.36764705882352944 0.6437908496732027 0.3602941176470588 0.6388888888888888 0.3480392156862745 0.6405228758169934 0.34558823529411764
0 0.6535947712418301 0.36519607843137253 0.6601307189542484 0.37254901960784315 0.6601307189542484 0.37745098039215685 0.6650326797385621 0.38480392156862747 0.6650326797385621 0.39215686274509803 0.6633986928104575 0.3946078431372549 0.6568627450980392 0.39215686274509803 0.6486928104575164 0.3799019607843137 0.6486928104575164 0.37254901960784315 0.6519607843137255 0.36764705882352944
0 0.6225490196078431 0.9754901960784313 0.630718954248366 0.9803921568627451 0.6339869281045751 0.9852941176470589 0.6339869281045751 0.9901960784313726 0.6241830065359477 0.9950980392156863 0.6013071895424836 0.9950980392156863 0.5996732026143791 0.9926470588235294 0.5996732026143791 0.9828431372549019 0.6078431372549019 0.9779411764705882 0.6209150326797386 0.9754901960784313
0 0.6062091503267973 0.7156862745098039 0.619281045751634 0.7107843137254902 0.6339869281045751 0.7107843137254902 0.6372549019607843 0.7156862745098039 0.6323529411764706 0.7205882352941176 0.6160130718954249 0.7230392156862745 0.6078431372549019 0.7181372549019608
0 0.6437908496732027 0.3553921568627451 0.6388888888888888 0.35049019607843135 0.6388888888888888 0.34558823529411764 0.6454248366013072 0.3431372549019608 0.6486928104575164 0.35049019607843135 0.6454248366013072 0.35294117647058826
0 0.6258169934640523 0.8333333333333334 0.6356209150326797 0.8406862745098039 0.6274509803921569 0.8480392156862745 0.6111111111111112 0.8480392156862745 0.6013071895424836 0.8406862745098039 0.6094771241830066 0.8333333333333334 0.6241830065359477 0.8333333333333334
0 0.6740196078431373 0.43014705882352944 0.011437908496732025 0.022058823529411766
0 0.6879084967320261 0.44362745098039214 0.6928104575163399 0.4485294117647059 0.6928104575163399 0.46078431372549017 0.6879084967320261 0.46078431372549017 0.684640522875817 0.4534313725490196 0.6879084967320261 0.44607843137254904
0 0.6715686274509803 0.4019607843137255 0.6797385620915033 0.4117647058823529 0.6813725490196079 0.42401960784313725 0.6764705882352942 0.42401960784313725 0.6683006535947712 0.4117647058823529 0.6699346405228758 0.40441176470588236
0 0.6911764705882353 0.6470588235294118 0.6993464052287581 0.6397058823529411 0.7107843137254902 0.6397058823529411 0.7107843137254902 0.6470588235294118 0.7075163398692811 0.6495098039215687 0.6928104575163399 0.6495098039215687
0 0.684640522875817 0.5416666666666666 0.6879084967320261 0.5367647058823529 0.6993464052287581 0.5343137254901961 0.7026143790849673 0.5392156862745098 0.7009803921568627 0.5416666666666666 0.6911764705882353 0.5465686274509803 0.6862745098039216 0.5441176470588235
0 0.6928104575163399 0.4411764705882353 0.6944444444444444 0.44607843137254904 0.7009803921568627 0.45098039215686275 0.7026143790849673 0.45588235294117646 0.7009803921568627 0.46568627450980393 0.7058823529411765 0.4730392156862745 0.7058823529411765 0.4803921568627451 0.7009803921568627 0.4803921568627451 0.6895424836601307 0.46568627450980393 0.6911764705882353 0.4632352941176471 0.6911764705882353 0.4534313725490196 0.6895424836601307 0.45098039215686275 0.6928104575163399 0.44362745098039214
0 0.6683006535947712 0.4338235294117647 0.6699346405228758 0.43137254901960786 0.6781045751633987 0.4338235294117647 0.6797385620915033 0.4411764705882353 0.6748366013071896 0.4485294117647059 0.6699346405228758 0.4411764705882353 0.6699346405228758 0.4362745098039216
0 0.6454248366013072 0.37254901960784315 0.6535947712418301 0.38235294117647056 0.6535947712418301 0.3872549019607843 0.6486928104575164 0.3872549019607843 0.6454248366013072 0.38235294117647056 0.6454248366013072 0.375
0 0.7222222222222222 0.7426470588235294 0.7352941176470589 0.7524509803921569 0.7303921568627451 0.7573529411764706 0.7156862745098039 0.7573529411764706 0.7107843137254902 0.7549019607843137 0.7091503267973857 0.75 0.7140522875816994 0.7450980392156863 0.7205882352941176 0.7450980392156863
0 0.6715686274509803 0.4338235294117647 0.6781045751633987 0.4338235294117647 0.6797385620915033 0.4362745098039216 0.6781045751633987 0.44362745098039214 0.6748366013071896 0.44362745098039214 0.6715686274509803 0.4362745098039216
0 0.6274509803921569 0.6617647058823529 0.6290849673202614 0.6642156862745098 0.6388888888888888 0.6642156862745098 0.6421568627450981 0.6666666666666666 0.6421568627450981 0.6764705882352942 0.6388888888888888 0.678921568627451 0.6078431372549019 0.6764705882352942 0.6094771241830066 0.6666666666666666 0.6258169934640523 0.6617647058823529
0 0.7026143790849673 0.8578431372549019 0.7107843137254902 0.8651960784313726 0.7124183006535948 0.8725490196078431 0.7091503267973857 0.875 0.6993464052287581 0.875 0.6977124183006536 0.8774509803921569 0.6830065359477124 0.875 0.6813725490196079 0.8725490196078431 0.6813725490196079 0.8627450980392157 0.6895424836601307 0.8578431372549019 0.7009803921568627 0.8578431372549019
0 0.6715686274509803 0.41911764705882354 0.6781045751633987 0.4338235294117647 0.6748366013071896 0.4387254901960784 0.6666666666666666 0.4264705882352941 0.6666666666666666 0.4215686274509804 0.6699346405228758 0.41911764705882354
0 0.6568627450980392 0.7303921568627451 0.6584967320261438 0.7328431372549019 0.6650326797385621 0.7328431372549019 0.6666666666666666 0.7377450980392157 0.6650326797385621 0.7401960784313726 0.6535947712418301 0.7401960784313726 0.6519607843137255 0.7426470588235294 0.6437908496732027 0.7426470588235294 0.6372549019607843 0.7401960784313726 0.6372549019607843 0.7377450980392157 0.6437908496732027 0.7328431372549019 0.6552287581699346 0.7303921568627451
0 0.6781045751633987 0.41421568627450983 0.6862745098039216 0.42892156862745096 0.6862745098039216 0.44362745098039214 0.6813725490196079 0.4534313725490196 0.6797385620915033 0.4485294117647059 0.6813725490196079 0.4411764705882353 0.6764705882352942 0.43137254901960786 0.673202614379085 0.4166666666666667 0.6764705882352942 0.41421568627450983
0 0.6911764705882353 0.44607843137254904 0.696078431372549 0.4485294117647059 0.696078431372549 0.4534313725490196 0.6928104575163399 0.46078431372549017 0.6879084967320261 0.4534313725490196 0.6911764705882353 0.4485294117647059
0 0.6977124183006536 0.4681372549019608 0.7026143790849673 0.4681372549019608 0.7075163398692811 0.47549019607843135 0.7075163398692811 0.48284313725490197 0.7009803921568627 0.48284313725490197 0.6977124183006536 0.47794117647058826 0.6993464052287581 0.47058823529411764
0 0.619281045751634 0.3235294117647059 0.6209150326797386 0.32598039215686275 0.6339869281045751 0.32598039215686275 0.6405228758169934 0.3333333333333333 0.6405228758169934 0.3382352941176471 0.6388888888888888 0.34068627450980393 0.630718954248366 0.34068627450980393 0.619281045751634 0.33088235294117646 0.6176470588235294 0.32598039215686275
0 0.6879084967320261 0.46568627450980393 0.6928104575163399 0.46568627450980393 0.6993464052287581 0.47549019607843135 0.7009803921568627 0.48284313725490197 0.6911764705882353 0.4877450980392157 0.6862745098039216 0.4852941176470588 0.6879084967320261 0.4803921568627451 0.6862745098039216 0.47058823529411764 0.6879084967320261 0.4681372549019608
0 0.6683006535947712 0.40931372549019607 0.6748366013071896 0.41421568627450983 0.6781045751633987 0.4338235294117647 0.673202614379085 0.4338235294117647 0.6666666666666666 0.42401960784313725 0.6683006535947712 0.4117647058823529
0 0.6339869281045751 0.7549019607843137 0.6323529411764706 0.7647058823529411 0.6078431372549019 0.7647058823529411 0.6062091503267973 0.7622549019607843 0.6078431372549019 0.7573529411764706 0.6176470588235294 0.7573529411764706 0.6225490196078431 0.7524509803921569 0.630718954248366 0.7524509803921569 0.6323529411764706 0.7549019607843137
0 0.6813725490196079 0.42892156862745096 0.6862745098039216 0.43137254901960786 0.6895424836601307 0.45098039215686275 0.6895424836601307 0.4681372549019608 0.6911764705882353 0.47058823529411764 0.6895424836601307 0.47549019607843135 0.6862745098039216 0.47549019607843135 0.6813725490196079 0.4632352941176471 0.6813725490196079 0.4485294117647059 0.684640522875817 0.4411764705882353 0.684640522875817 0.4362745098039216 0.6813725490196079 0.43137254901960786
0 0.7026143790849673 0.8235294117647058 0.7075163398692811 0.8284313725490197 0.7075163398692811 0.8357843137254902 0.696078431372549 0.8406862745098039 0.6813725490196079 0.8406862745098039 0.6764705882352942 0.8382352941176471 0.6748366013071896 0.8333333333333334 0.6830065359477124 0.8259803921568627 0.7009803921568627 0.8235294117647058
0 0.4534313725490196 0.991421568627451 0.04084967320261438 0.01715686274509804
0 0.6470588235294118 0.38480392156862747 0.6535947712418301 0.38480392156862747 0.6568627450980392 0.3946078431372549 0.6535947712418301 0.39705882352941174 0.6470588235294118 0.3872549019607843
0 0.6470588235294118 0.3799019607843137 0.6535947712418301 0.38235294117647056 0.6584967320261438 0.3946078431372549 0.6568627450980392 0.39950980392156865 0.6486928104575164 0.3946078431372549 0.6470588235294118 0.39215686274509803 0.6470588235294118 0.38235294117647056
0 0.6568627450980392 0.3946078431372549 0.6601307189542484 0.39215686274509803 0.6666666666666666 0.3946078431372549 0.6650326797385621 0.39950980392156865 0.6584967320261438 0.39950980392156865 0.6568627450980392 0.39705882352941174
0 0.6356209150326797 0.34068627450980393 0.6437908496732027 0.34068627450980393 0.6503267973856209 0.35049019607843135 0.6535947712418301 0.3480392156862745 0.6535947712418301 0.3553921568627451 0.6568627450980392 0.36519607843137253 0.6568627450980392 0.38235294117647056 0.6486928104575164 0.38235294117647056 0.6405228758169934 0.36519607843137253 0.6405228758169934 0.3553921568627451 0.6372549019607843 0.3431372549019608
0 0.6225490196078431 0.6740196078431373 0.6241830065359477 0.6764705882352942 0.6405228758169934 0.6764705882352942 0.6405228758169934 0.6813725490196079 0.6290849673202614 0.6985294117647058 0.630718954248366 0.7058823529411765 0.6372549019607843 0.7107843137254902 0.6388888888888888 0.7156862745098039 0.6323529411764706 0.7205882352941176 0.6274509803921569 0.7205882352941176 0.6209150326797386 0.7303921568627451 0.6127450980392157 0.7254901960784313 0.6029411764705882 0.7254901960784313 0.5915032679738562 0.7205882352941176 0.5915032679738562 0.7156862745098039 0.5996732026143791 0.7156862745098039 0.6127450980392157 0.7009803921568627 0.6143790849673203 0.6911764705882353 0.619281045751634 0.6887254901960784 0.6127450980392157 0.6813725490196079 0.6143790849673203 0.6764705882352942 0.6209150326797386 0.6740196078431373
0 0.684640522875817 0.42892156862745096 0.6879084967320261 0.4264705882352941 0.6895424836601307 0.4362745098039216 0.6993464052287581 0.4485294117647059 0.6977124183006536 0.4632352941176471 0.7026143790849673 0.4730392156862745 0.7026143790849673 0.47794117647058826 0.6928104575163399 0.47794117647058826 0.6911764705882353 0.47549019607843135 0.6928104575163399 0.4730392156862745 0.6895424836601307 0.4681372549019608 0.6911764705882353 0.4583333333333333 0.6879084967320261 0.45098039215686275 0.6862745098039216 0.43137254901960786
0 0.6486928104575164 0.7818627450980392 0.6486928104575164 0.7867647058823529 0.6339869281045751 0.7941176470588235 0.6225490196078431 0.7916666666666666 0.6258169934640523 0.7843137254901961 0.6470588235294118 0.7818627450980392
0 0.7009803921568627 0.4485294117647059 0.7026143790849673 0.4583333333333333 0.6977124183006536 0.4632352941176471 0.6993464052287581 0.46568627450980393 0.6911764705882353 0.46568627450980393 0.6911764705882353 0.46078431372549017 0.6879084967320261 0.4534313725490196 0.6911764705882353 0.4411764705882353 0.696078431372549 0.4411764705882353 0.6993464052287581 0.4485294117647059
0 0.6928104575163399 0.4803921568627451 0.6993464052287581 0.4852941176470588 0.704248366013072 0.49754901960784315 0.7026143790849673 0.5 0.6879084967320261 0.5 0.6830065359477124 0.49264705882352944 0.6813725490196079 0.4852941176470588 0.6911764705882353 0.4803921568627451
0 0.6879084967320261 0.47549019607843135 0.6879084967320261 0.47058823529411764 0.6911764705882353 0.4632352941176471 0.6977124183006536 0.46568627450980393 0.6977124183006536 0.47549019607843135 0.6928104575163399 0.47794117647058826 0.6895424836601307 0.47549019607843135
0 0.6062091503267973 0.8063725490196079 0.6094771241830066 0.8088235294117647 0.6094771241830066 0.8137254901960784 0.6029411764705882 0.8161764705882353 0.5800653594771242 0.8161764705882353 0.5735294117647058 0.8112745098039216 0.5735294117647058 0.8088235294117647 0.576797385620915 0.8063725490196079 0.6045751633986928 0.8063725490196079
0 0.6666666666666666 0.40931372549019607 0.673202614379085 0.41911764705882354 0.673202614379085 0.43137254901960786 0.6699346405228758 0.43137254901960786 0.6650326797385621 0.42401960784313725 0.6650326797385621 0.41911764705882354 0.6683006535947712 0.4117647058823529
0 0.6830065359477124 0.4264705882352941 0.6862745098039216 0.42892156862745096 0.6862745098039216 0.4411764705882353 0.6813725490196079 0.44607843137254904 0.6781045751633987 0.4411764705882353 0.6781045751633987 0.42892156862745096 0.6813725490196079 0.4264705882352941
0 0.6993464052287581 0.46078431372549017 0.7026143790849673 0.47549019607843135 0.7058823529411765 0.4803921568627451 0.7026143790849673 0.48284313725490197 0.6911764705882353 0.4681372549019608 0.6928104575163399 0.46078431372549017 0.6977124183006536 0.46078431372549017
0 0.6813725490196079 0.44362745098039214 0.6813725490196079 0.4485294117647059 0.6862745098039216 0.4583333333333333 0.684640522875817 0.4632352941176471 0.6813725490196079 0.4681372549019608 0.6764705882352942 0.4632352941176471 0.6797385620915033 0.44607843137254904
0 0.6258169934640523 0.6715686274509803 0.6274509803921569 0.6740196078431373 0.6405228758169934 0.6740196078431373 0.6405228758169934 0.6764705882352942 0.6323529411764706 0.6813725490196079 0.6078431372549019 0.6813725490196079 0.6078431372549019 0.6740196078431373 0.6241830065359477 0.6740196078431373
0 0.5571895424836601 0.8578431372549019 0.5588235294117647 0.8602941176470589 0.5604575163398693 0.8578431372549019 0.576797385620915 0.8602941176470589 0.5833333333333334 0.8700980392156863 0.576797385620915 0.875 0.5506535947712419 0.875 0.545751633986928 0.8725490196078431 0.5441176470588235 0.8676470588235294 0.5506535947712419 0.8602941176470589 0.5555555555555556 0.8602941176470589
0 0.7009803921568627 0.5171568627450981 0.704248366013072 0.5220588235294118 0.6993464052287581 0.5269607843137255 0.6911764705882353 0.5269607843137255 0.6944444444444444 0.5196078431372549 0.6993464052287581 0.5171568627450981
0 0.6748366013071896 0.4019607843137255 0.6781045751633987 0.4068627450980392 0.6781045751633987 0.4166666666666667 0.6683006535947712 0.40931372549019607 0.673202614379085 0.4019607843137255
0 0.6862745098039216 0.5661764705882353 0.6911764705882353 0.5588235294117647 0.7026143790849673 0.5588235294117647 0.7026143790849673 0.5637254901960784 0.7009803921568627 0.5661764705882353 0.6879084967320261 0.5661764705882353
0 0.6503267973856209 0.3897058823529412 0.6552287581699346 0.3897058823529412 0.6633986928104575 0.39705882352941174 0.6617647058823529 0.39950980392156865 0.6552287581699346 0.39950980392156865 0.6503267973856209 0.39215686274509803
0 0.7369281045751634 0.7990196078431373 0.75 0.8088235294117647 0.7434640522875817 0.8137254901960784 0.7271241830065359 0.8137254901960784 0.7205882352941176 0.8112745098039216 0.7173202614379085 0.8063725490196079 0.7205882352941176 0.7990196078431373 0.7352941176470589 0.7990196078431373
0 0.6944444444444444 0.4485294117647059 0.696078431372549 0.45098039215686275 0.6928104575163399 0.4583333333333333 0.6944444444444444 0.4632352941176471 0.6911764705882353 0.4632352941176471 0.6879084967320261 0.4534313725490196 0.6879084967320261 0.45098039215686275 0.6928104575163399 0.4485294117647059
0 0.6895424836601307 0.46568627450980393 0.6928104575163399 0.46568627450980393 0.7009803921568627 0.47794117647058826 0.6993464052287581 0.4877450980392157 0.6879084967320261 0.4852941176470588 0.6895424836601307 0.4803921568627451 0.6862745098039216 0.4730392156862745 0.6895424836601307 0.4681372549019608
0 0.6650326797385621 0.42401960784313725 0.6699346405228758 0.41911764705882354 0.6715686274509803 0.42892156862745096 0.6748366013071896 0.4338235294117647 0.6699346405228758 0.4338235294117647 0.6666666666666666 0.4264705882352941
0 0.6683006535947712 0.40931372549019607 0.673202614379085 0.40931372549019607 0.6797385620915033 0.41911764705882354 0.6781045751633987 0.43137254901960786 0.6748366013071896 0.43137254901960786 0.6699346405228758 0.42401960784313725 0.6683006535947712 0.4117647058823529
0 0.6699346405228758 0.4338235294117647 0.6781045751633987 0.4338235294117647 0.6797385620915033 0.4362745098039216 0.6764705882352942 0.4411764705882353 0.6699346405228758 0.4362745098039216
0 0.6650326797385621 0.3897058823529412 0.6666666666666666 0.3897058823529412 0.6683006535947712 0.39705882352941174 0.6683006535947712 0.4068627450980392 0.6748366013071896 0.4166666666666667 0.673202614379085 0.4264705882352941 0.6683006535947712 0.42892156862745096 0.6633986928104575 0.4215686274509804 0.6650326797385621 0.4117647058823529 0.6617647058823529 0.4068627450980392 0.6650326797385621 0.40441176470588236 0.6633986928104575 0.39950980392156865 0.6666666666666666 0.39215686274509803
0 0.7107843137254902 0.5735294117647058 0.7222222222222222 0.571078431372549 0.7254901960784313 0.5759803921568627 0.7238562091503268 0.5784313725490197 0.7124183006535948 0.5784313725490197 0.7107843137254902 0.5759803921568627
0 0.7075163398692811 0.4950980392156863 0.7091503267973857 0.49754901960784315 0.7091503267973857 0.5073529411764706 0.7058823529411765 0.5171568627450981 0.7140522875816994 0.5245098039215687 0.7075163398692811 0.5245098039215687 0.7026143790849673 0.5318627450980392 0.7058823529411765 0.5367647058823529 0.7009803921568627 0.5367647058823529 0.696078431372549 0.5269607843137255 0.6911764705882353 0.5245098039215687 0.696078431372549 0.5245098039215687 0.6977124183006536 0.5196078431372549 0.6911764705882353 0.5171568627450981 0.6911764705882353 0.5098039215686274 0.6944444444444444 0.5073529411764706 0.6879084967320261 0.5 0.6895424836601307 0.49264705882352944 0.696078431372549 0.49264705882352944 0.6977124183006536 0.49019607843137253 0.7026143790849673 0.49019607843137253 0.7058823529411765 0.4950980392156863
0 0.6617647058823529 0.3700980392156863 0.6633986928104575 0.37745098039215685 0.6699346405228758 0.38480392156862747 0.6699346405228758 0.39705882352941174 0.6666666666666666 0.4019607843137255 0.6633986928104575 0.39950980392156865 0.6633986928104575 0.3946078431372549 0.6584967320261438 0.3872549019607843 0.6568627450980392 0.37254901960784315 0.6601307189542484 0.3700980392156863
0 0.7189542483660131 0.6642156862745098 0.7238562091503268 0.6593137254901961 0.7401960784313726 0.6617647058823529 0.7401960784313726 0.6666666666666666 0.7352941176470589 0.6691176470588235 0.7205882352941176 0.6666666666666666
0 0.5490196078431373 0.9068627450980392 0.5588235294117647 0.9019607843137255 0.5702614379084967 0.9019607843137255 0.576797385620915 0.9068627450980392 0.576797385620915 0.9117647058823529 0.5702614379084967 0.9166666666666666 0.553921568627451 0.9166666666666666 0.5490196078431373 0.9093137254901961
0 0.6748366013071896 0.41421568627450983 0.6781045751633987 0.41421568627450983 0.6862745098039216 0.4264705882352941 0.684640522875817 0.4362745098039216 0.6781045751633987 0.4264705882352941 0.6781045751633987 0.4215686274509804 0.6748366013071896 0.4166666666666667
0 0.6388888888888888 0.34068627450980393 0.6470588235294118 0.3431372549019608 0.6503267973856209 0.3480392156862745 0.6552287581699346 0.3480392156862745 0.6552287581699346 0.3627450980392157 0.6584967320261438 0.3700980392156863 0.6584967320261438 0.38235294117647056 0.6503267973856209 0.38235294117647056 0.6421568627450981 0.36519607843137253 0.6454248366013072 0.3553921568627451 0.6405228758169934 0.35049019607843135 0.6405228758169934 0.3431372549019608
0 0.684640522875817 0.42401960784313725 0.6879084967320261 0.42401960784313725 0.6911764705882353 0.42892156862745096 0.6895424836601307 0.4362745098039216 0.6977124183006536 0.4485294117647059 0.6977124183006536 0.4534313725490196 0.6928104575163399 0.4583333333333333 0.696078431372549 0.46568627450980393 0.6911764705882353 0.46568627450980393 0.684640522875817 0.4264705882352941
0 0.7124183006535948 0.7696078431372549 0.7156862745098039 0.7769607843137255 0.7107843137254902 0.7818627450980392 0.6879084967320261 0.7818627450980392 0.6862745098039216 0.7794117647058824 0.6862745098039216 0.7745098039215687 0.6977124183006536 0.7671568627450981 0.7091503267973857 0.7671568627450981 0.7107843137254902 0.7696078431372549
0 0.6699346405228758 0.928921568627451 0.6748366013071896 0.9313725490196079 0.6879084967320261 0.946078431372549 0.6748366013071896 0.9534313725490197 0.6650326797385621 0.9534313725490197 0.6503267973856209 0.946078431372549 0.6486928104575164 0.9313725490196079 0.6535947712418301 0.928921568627451 0.6683006535947712 0.928921568627451
0 0.6715686274509803 0.40441176470588236 0.6781045751633987 0.4117647058823529 0.6797385620915033 0.41911764705882354 0.6781045751633987 0.42401960784313725 0.6715686274509803 0.42401960784313725 0.6699346405228758 0.4215686274509804 0.6666666666666666 0.4117647058823529 0.6666666666666666 0.4068627450980392 0.6699346405228758 0.40441176470588236
0 0.545751633986928 0.8700980392156863 0.5522875816993464 0.8651960784313726 0.5555555555555556 0.8676470588235294 0.5620915032679739 0.8651960784313726 0.576797385620915 0.8651960784313726 0.5816993464052288 0.8676470588235294 0.5833333333333334 0.8700980392156863 0.5816993464052288 0.8725490196078431 0.5718954248366013 0.8774509803921569 0.5555555555555556 0.8774509803921569 0.5473856209150327 0.8725490196078431
0 0.6797385620915033 0.46078431372549017 0.6813725490196079 0.4534313725490196 0.6879084967320261 0.45588235294117646 0.6879084967320261 0.46078431372549017 0.684640522875817 0.4632352941176471 0.6813725490196079 0.46078431372549017
0 0.6764705882352942 0.4019607843137255 0.6813725490196079 0.4117647058823529 0.6797385620915033 0.41911764705882354 0.6764705882352942 0.41911764705882354 0.6699346405228758 0.40931372549019607 0.6748366013071896 0.4019607843137255
0 0.6388888888888888 0.34068627450980393 0.6470588235294118 0.34558823529411764 0.6503267973856209 0.35294117647058826 0.6486928104575164 0.3602941176470588 0.6503267973856209 0.3627450980392157 0.6535947712418301 0.3602941176470588 0.6552287581699346 0.3700980392156863 0.6552287581699346 0.38235294117647056 0.6535947712418301 0.38480392156862747 0.6503267973856209 0.38480392156862747 0.6454248366013072 0.3799019607843137 0.6405228758169934 0.36519607843137253 0.6421568627450981 0.3602941176470588 0.6388888888888888 0.35294117647058826 0.6388888888888888 0.3431372549019608
0 0.6699346405228758 0.8921568627450981 0.6699346405228758 0.8970588235294118 0.6666666666666666 0.9044117647058824 0.6535947712418301 0.9093137254901961 0.6388888888888888 0.9093137254901961 0.6339869281045751 0.9044117647058824 0.6372549019607843 0.8970588235294118 0.6552287581699346 0.8897058823529411 0.6666666666666666 0.8897058823529411 0.6683006535947712 0.8921568627450981
0 0.704248366013072 0.47549019607843135 0.7075163398692811 0.4803921568627451 0.7058823529411765 0.4852941176470588 0.6993464052287581 0.48284313725490197 0.6993464052287581 0.47794117647058826 0.7026143790849673 0.47549019607843135
0 0.6879084967320261 0.42892156862745096 0.6879084967320261 0.44607843137254904 0.6830065359477124 0.44607843137254904 0.6813725490196079 0.4387254901960784 0.6813725490196079 0.42892156862745096 0.6830065359477124 0.4264705882352941 0.6862745098039216 0.42892156862745096
0 0.7075163398692811 0.7156862745098039 0.7140522875816994 0.7254901960784313 0.7026143790849673 0.7328431372549019 0.6911764705882353 0.7303921568627451 0.6895424836601307 0.7254901960784313 0.6977124183006536 0.7181372549019608 0.7058823529411765 0.7156862745098039
0 0.6911764705882353 0.5049019607843137 0.6928104575163399 0.5 0.6977124183006536 0.49754901960784315 0.7009803921568627 0.5 0.7009803921568627 0.5049019607843137 0.6977124183006536 0.5073529411764706 0.6928104575163399 0.5049019607843137
0 0.7124183006535948 0.5098039215686274 0.7189542483660131 0.5122549019607843 0.7189542483660131 0.5171568627450981 0.7124183006535948 0.5171568627450981 0.7091503267973857 0.5147058823529411 0.7107843137254902 0.5122549019607843
0 0.6879084967320261 0.4632352941176471 0.6944444444444444 0.4730392156862745 0.6911764705882353 0.48284313725490197 0.684640522875817 0.4852941176470588 0.6862745098039216 0.4803921568627451 0.684640522875817 0.4730392156862745 0.6862745098039216 0.46568627450980393
0 0.6977124183006536 0.4852941176470588 0.7026143790849673 0.49754901960784315 0.6895424836601307 0.4950980392156863 0.6879084967320261 0.49264705882352944 0.6911764705882353 0.4852941176470588 0.696078431372549 0.4852941176470588
0 0.48366013071895425 0.9362745098039216 0.48856209150326796 0.9436274509803921 0.4803921568627451 0.9485294117647058 0.4591503267973856 0.9485294117647058 0.4526143790849673 0.946078431372549 0.45098039215686275 0.9411764705882353 0.45751633986928103 0.9362745098039216 0.4820261437908497 0.9362745098039216
0 0.6813725490196079 0.4534313725490196 0.6862745098039216 0.4583333333333333 0.684640522875817 0.4681372549019608 0.6813725490196079 0.4681372549019608 0.6797385620915033 0.4632352941176471 0.6813725490196079 0.45588235294117646
0 0.7173202614379085 0.5955882352941176 0.7238562091503268 0.6004901960784313 0.7189542483660131 0.6053921568627451 0.7140522875816994 0.6053921568627451 0.7075163398692811 0.6004901960784313 0.7107843137254902 0.5955882352941176 0.7156862745098039 0.5955882352941176
0 0.6977124183006536 0.6813725490196079 0.7058823529411765 0.6764705882352942 0.7173202614379085 0.6764705882352942 0.7189542483660131 0.678921568627451 0.7189542483660131 0.6838235294117647 0.7124183006535948 0.6887254901960784 0.6993464052287581 0.6887254901960784 0.6977124183006536 0.6838235294117647
0 0.6699346405228758 0.928921568627451 0.6748366013071896 0.9313725490196079 0.6879084967320261 0.946078431372549 0.6748366013071896 0.9534313725490197 0.6650326797385621 0.9534313725490197 0.6503267973856209 0.946078431372549 0.6486928104575164 0.9313725490196079 0.6535947712418301 0.928921568627451 0.6683006535947712 0.928921568627451
0 0.6879084967320261 0.4411764705882353 0.696078431372549 0.45098039215686275 0.6944444444444444 0.4583333333333333 0.6977124183006536 0.46568627450980393 0.696078431372549 0.4730392156862745 0.6911764705882353 0.4730392156862745 0.6879084967320261 0.4681372549019608 0.6879084967320261 0.45588235294117646 0.6862745098039216 0.4534313725490196 0.6879084967320261 0.44362745098039214
0 0.6911764705882353 0.4583333333333333 0.6993464052287581 0.46568627450980393 0.6993464052287581 0.47058823529411764 0.7026143790849673 0.47794117647058826 0.7009803921568627 0.4803921568627451 0.6879084967320261 0.47794117647058826 0.6862745098039216 0.4730392156862745 0.6895424836601307 0.46078431372549017
0 0.6535947712418301 0.3799019607843137 0.6633986928104575 0.3897058823529412 0.6650326797385621 0.3946078431372549 0.6633986928104575 0.39950980392156865 0.6568627450980392 0.39950980392156865 0.6503267973856209 0.3946078431372549 0.6486928104575164 0.38235294117647056 0.6519607843137255 0.3799019607843137
0 0.6568627450980392 0.36519607843137253 0.6601307189542484 0.36764705882352944 0.6633986928104575 0.3799019607843137 0.6683006535947712 0.38480392156862747 0.6683006535947712 0.39705882352941174 0.6650326797385621 0.39950980392156865 0.6552287581699346 0.38235294117647056 0.6535947712418301 0.37254901960784315 0.6568627450980392 0.36764705882352944
0 0.6911764705882353 0.4730392156862745 0.6895424836601307 0.4681372549019608 0.6911764705882353 0.4583333333333333 0.6895424836601307 0.45098039215686275 0.6911764705882353 0.4485294117647059 0.696078431372549 0.4485294117647059 0.696078431372549 0.4534313725490196 0.6993464052287581 0.4583333333333333 0.6993464052287581 0.4730392156862745 0.6928104575163399 0.4730392156862745
0 0.6650326797385621 0.4068627450980392 0.6699346405228758 0.4068627450980392 0.673202614379085 0.41421568627450983 0.6715686274509803 0.4264705882352941 0.6683006535947712 0.4264705882352941 0.6650326797385621 0.4215686274509804 0.6666666666666666 0.41911764705882354 0.6666666666666666 0.40931372549019607
0 0.7254901960784313 0.625 0.7303921568627451 0.6274509803921569 0.7303921568627451 0.6323529411764706 0.7271241830065359 0.6348039215686274 0.7189542483660131 0.6348039215686274 0.7173202614379085 0.6323529411764706 0.7173202614379085 0.6274509803921569 0.7238562091503268 0.625