0 0.849609375 0.2204861111111111 0.8427734375 0.234375 0.826171875 0.24479166666666666 0.81640625 0.24479166666666666 0.81640625 0.24131944444444445 0.826171875 0.2326388888888889 0.8291015625 0.2222222222222222 0.8369140625 0.21875 0.8486328125 0.2204861111111111
0 0.7861328125 0.8263888888888888 0.791015625 0.8315972222222222 0.79296875 0.8385416666666666 0.791015625 0.8489583333333334 0.7841796875 0.8559027777777778 0.7548828125 0.8524305555555556 0.7509765625 0.8454861111111112 0.7568359375 0.8368055555555556 0.7666015625 0.8298611111111112 0.78515625 0.8263888888888888
0 0.76171875 0.78125 0.759765625 0.7899305555555556 0.771484375 0.8003472222222222 0.7861328125 0.796875 0.798828125 0.7829861111111112 0.7939453125 0.7708333333333334 0.78125 0.765625
0 0.787109375 0.8958333333333334 0.78515625 0.9131944444444444 0.7900390625 0.9184027777777778 0.8076171875 0.9184027777777778 0.82421875 0.9045138888888888 0.82421875 0.8975694444444444 0.81640625 0.8888888888888888
0 0.720703125 0.5190972222222222 0.728515625 0.5364583333333334 0.716796875 0.546875 0.720703125 0.5520833333333334 0.7470703125 0.5503472222222222 0.75390625 0.53125 0.7529296875 0.515625 0.748046875 0.5086805555555556
0 0.7431640625 0.7309027777777778 0.744140625 0.7378472222222222 0.763671875 0.7447916666666666 0.7783203125 0.7378472222222222 0.7685546875 0.7135416666666666
0 0.771484375 0.6701388888888888 0.771484375 0.6822916666666666 0.7763671875 0.6927083333333334 0.796875 0.6822916666666666 0.7861328125 0.65625
0 0.7392578125 0.5798611111111112 0.7373046875 0.59375 0.740234375 0.5972222222222222 0.7548828125 0.5989583333333334 0.767578125 0.5885416666666666 0.75390625 0.5711805555555556
0 0.775390625 0.484375 0.765625 0.4913194444444444 0.775390625 0.5069444444444444 0.8056640625 0.4965277777777778 0.7939453125 0.484375
0 0.7587890625 0.5364583333333334 0.7578125 0.5520833333333334 0.7607421875 0.5555555555555556 0.783203125 0.546875 0.7734375 0.5347222222222222
0 0.7861328125 0.4513888888888889 0.7861328125 0.4600694444444444 0.79296875 0.4670138888888889 0.814453125 0.4600694444444444 0.80859375 0.4513888888888889
0 0.7216796875 0.3628472222222222 0.7255859375 0.3697916666666667 0.7490234375 0.3715277777777778 0.75390625 0.359375
0 0.7822265625 0.40625 0.7822265625 0.4114583333333333 0.794921875 0.4184027777777778 0.8076171875 0.4166666666666667 0.7978515625 0.4027777777777778
0 0.7666015625 0.2638888888888889 0.765625 0.2690972222222222 0.77734375 0.2708333333333333 0.7890625 0.2847222222222222 0.7978515625 0.28125 0.80078125 0.2690972222222222 0.7998046875 0.2604166666666667 0.7939453125 0.2586805555555556
0 0.76171875 0.4392361111111111 0.7587890625 0.4461805555555556 0.7685546875 0.4513888888888889 0.7939453125 0.4427083333333333 0.7900390625 0.4340277777777778
0 0.7548828125 0.4670138888888889 0.7548828125 0.4739583333333333 0.7685546875 0.4774305555555556 0.77734375 0.4739583333333333 0.78125 0.4652777777777778 0.7685546875 0.4565972222222222