0 0.5620915032679739 0.44607843137254904 0.5642701525054467 0.4526143790849673 0.5555555555555556 0.4591503267973856 0.5424836601307189 0.45751633986928103 0.5381263616557734 0.4542483660130719 0.5381263616557734 0.45098039215686275 0.5446623093681917 0.44607843137254904 0.5599128540305011 0.44607843137254904
0 0.7145969498910676 0.4950980392156863 0.7233115468409586 0.5 0.7233115468409586 0.5098039215686274 0.7145969498910676 0.5130718954248366 0.6993464052287581 0.5081699346405228 0.7015250544662309 0.49836601307189543 0.7124183006535948 0.4950980392156863
0 0.7559912854030502 0.22058823529411764 0.7581699346405228 0.22549019607843138 0.7429193899782135 0.23039215686274508 0.7211328976034859 0.22712418300653595 0.7124183006535948 0.22058823529411764 0.7145969498910676 0.21895424836601307 0.7472766884531591 0.21895424836601307 0.7538126361655774 0.22058823529411764
0 0.8997821350762527 0.5702614379084967 0.030501089324618737 0.02287581699346405
0 0.8191721132897604 0.5441176470588235 0.8278867102396514 0.5408496732026143 0.8387799564270153 0.5408496732026143 0.8453159041394336 0.545751633986928 0.8453159041394336 0.5522875816993464 0.840958605664488 0.5555555555555556 0.8235294117647058 0.553921568627451 0.8191721132897604 0.5506535947712419 0.8191721132897604 0.545751633986928
0 0.7625272331154684 0.19117647058823528 0.775599128540305 0.19444444444444445 0.7777777777777778 0.19934640522875818 0.7603485838779956 0.20261437908496732 0.7429193899782135 0.20098039215686275 0.7320261437908496 0.1977124183006536 0.7320261437908496 0.19444444444444445 0.738562091503268 0.19117647058823528 0.7472766884531591 0.1895424836601307 0.7603485838779956 0.19117647058823528
0 0.6143790849673203 0.49019607843137253 0.6187363834422658 0.4918300653594771 0.6187363834422658 0.4950980392156863 0.6100217864923747 0.5016339869281046 0.5969498910675382 0.5065359477124183 0.5882352941176471 0.5049019607843137 0.5860566448801743 0.5016339869281046 0.5882352941176471 0.49673202614379086 0.599128540305011 0.48856209150326796 0.6100217864923747 0.48856209150326796 0.6122004357298475 0.49019607843137253
0 0.6122004357298475 0.9493464052287581 0.616557734204793 0.9558823529411765 0.6252723311546841 0.9624183006535948 0.6252723311546841 0.9689542483660131 0.616557734204793 0.9754901960784313 0.5860566448801743 0.988562091503268 0.5816993464052288 0.988562091503268 0.5729847494553377 0.9836601307189542 0.5708061002178649 0.9722222222222222 0.5904139433551199 0.9575163398692811 0.6100217864923747 0.9493464052287581
0 0.6971677559912854 0.2696078431372549 0.7058823529411765 0.27124183006535946 0.7080610021786492 0.27450980392156865 0.6928104575163399 0.2826797385620915 0.673202614379085 0.2826797385620915 0.6557734204793029 0.27941176470588236 0.6470588235294118 0.27450980392156865 0.6470588235294118 0.27124183006535946 0.6557734204793029 0.2679738562091503 0.6884531590413944 0.2679738562091503 0.6949891067538126 0.2696078431372549
0 0.7124183006535948 0.934640522875817 0.7145969498910676 0.9493464052287581 0.710239651416122 0.9526143790849673 0.7080610021786492 0.9771241830065359 0.7015250544662309 0.9836601307189542 0.6949891067538126 0.9852941176470589 0.6840958605664488 0.9836601307189542 0.6797385620915033 0.9803921568627451 0.6775599128540305 0.9624183006535948 0.673202614379085 0.9575163398692811 0.673202614379085 0.9493464052287581 0.6884531590413944 0.9411764705882353 0.6993464052287581 0.9313725490196079 0.7058823529411765 0.9313725490196079 0.710239651416122 0.934640522875817
0 0.7145969498910676 0.40032679738562094 0.7538126361655774 0.4084967320261438 0.7603485838779956 0.4133986928104575 0.7603485838779956 0.42320261437908496 0.7559912854030502 0.4264705882352941 0.7407407407407407 0.4297385620915033 0.7233115468409586 0.4297385620915033 0.7211328976034859 0.42810457516339867 0.6971677559912854 0.4264705882352941 0.6884531590413944 0.41830065359477125 0.6862745098039216 0.41013071895424835 0.7037037037037037 0.4019607843137255 0.7124183006535948 0.4019607843137255
0 0.7603485838779956 0.5326797385620915 0.7559912854030502 0.5245098039215687 0.7647058823529411 0.5179738562091504 0.775599128540305 0.5179738562091504 0.7821350762527233 0.5228758169934641 0.7843137254901961 0.5294117647058824 0.7734204793028322 0.5343137254901961 0.7647058823529411 0.5343137254901961 0.7625272331154684 0.5326797385620915
0 0.6623093681917211 0.4803921568627451 0.6666666666666666 0.4820261437908497 0.6666666666666666 0.4934640522875817 0.6623093681917211 0.4950980392156863 0.6514161220043573 0.4950980392156863 0.6427015250544662 0.4918300653594771 0.6405228758169934 0.48856209150326796 0.644880174291939 0.4820261437908497 0.6601307189542484 0.4803921568627451
0 0.7429193899782135 0.29411764705882354 0.7472766884531591 0.2957516339869281 0.7472766884531591 0.29901960784313725 0.7429193899782135 0.3022875816993464 0.7298474945533769 0.30718954248366015 0.7211328976034859 0.30718954248366015 0.7189542483660131 0.3088235294117647 0.6928104575163399 0.3055555555555556 0.6840958605664488 0.3022875816993464 0.6797385620915033 0.29901960784313725 0.6797385620915033 0.2957516339869281 0.6993464052287581 0.2908496732026144 0.7407407407407407 0.29411764705882354
0 0.644880174291939 0.5686274509803921 0.6492374727668845 0.5718954248366013 0.6623093681917211 0.5735294117647058 0.6688453159041394 0.576797385620915 0.6775599128540305 0.5866013071895425 0.681917211328976 0.5996732026143791 0.6884531590413944 0.6045751633986928 0.7145969498910676 0.6062091503267973 0.738562091503268 0.6258169934640523 0.738562091503268 0.6388888888888888 0.7342047930283224 0.6535947712418301 0.7233115468409586 0.6617647058823529 0.7080610021786492 0.6666666666666666 0.6710239651416122 0.6666666666666666 0.6623093681917211 0.6650326797385621 0.6470588235294118 0.6535947712418301 0.6383442265795207 0.6437908496732027 0.6383442265795207 0.6241830065359477 0.6318082788671024 0.6209150326797386 0.6187363834422658 0.6209150326797386 0.5947712418300654 0.6160130718954249 0.5751633986928104 0.5996732026143791 0.5729847494553377 0.5915032679738562 0.5751633986928104 0.5866013071895425 0.5816993464052288 0.5816993464052288 0.6056644880174292 0.5735294117647058 0.616557734204793 0.5718954248366013 0.6252723311546841 0.5669934640522876 0.6427015250544662 0.5686274509803921
0 0.7233115468409586 0.6143790849673203 0.7320261437908496 0.619281045751634 0.7363834422657952 0.6258169934640523 0.7363834422657952 0.6486928104575164 0.7298474945533769 0.6584967320261438 0.7058823529411765 0.6666666666666666 0.6710239651416122 0.6666666666666666 0.6601307189542484 0.6633986928104575 0.6405228758169934 0.6470588235294118 0.6383442265795207 0.6372549019607843 0.6405228758169934 0.6323529411764706 0.6535947712418301 0.6258169934640523 0.6623093681917211 0.6160130718954249 0.6862745098039216 0.6062091503267973 0.7058823529411765 0.6062091503267973 0.7124183006535948 0.6078431372549019 0.7211328976034859 0.6143790849673203
0 0.6361655773420479 0.5669934640522876 0.6492374727668845 0.5718954248366013 0.6601307189542484 0.5735294117647058 0.6710239651416122 0.5800653594771242 0.6753812636165577 0.5882352941176471 0.6753812636165577 0.5996732026143791 0.673202614379085 0.6045751633986928 0.6579520697167756 0.6127450980392157 0.644880174291939 0.6160130718954249 0.6361655773420479 0.6160130718954249 0.6296296296296297 0.619281045751634 0.6143790849673203 0.619281045751634 0.5947712418300654 0.6160130718954249 0.5773420479302832 0.6029411764705882 0.5729847494553377 0.5898692810457516 0.5816993464052288 0.5816993464052288 0.599128540305011 0.576797385620915 0.6034858387799564 0.5735294117647058 0.6143790849673203 0.5718954248366013 0.6230936819172114 0.5669934640522876 0.6339869281045751 0.5669934640522876
0 0.7516339869281046 0.23202614379084968 0.7538126361655774 0.23366013071895425 0.7734204793028322 0.23529411764705882 0.7799564270152506 0.238562091503268 0.7777777777777778 0.24183006535947713 0.7647058823529411 0.24509803921568626 0.7342047930283224 0.2434640522875817 0.7211328976034859 0.2369281045751634 0.7298474945533769 0.23202614379084968 0.7494553376906318 0.23202614379084968
0 0.7211328976034859 0.3709150326797386 0.7254901960784313 0.37254901960784315 0.7298474945533769 0.3790849673202614 0.7211328976034859 0.38562091503267976 0.7037037037037037 0.39052287581699346 0.690631808278867 0.39052287581699346 0.6710239651416122 0.38562091503267976 0.664488017429194 0.380718954248366 0.664488017429194 0.3741830065359477 0.6688453159041394 0.3709150326797386 0.681917211328976 0.36764705882352944 0.710239651416122 0.36764705882352944 0.7189542483660131 0.3709150326797386