0 0.9629629629629629 0.22712418300653595 0.9851851851851852 0.23202614379084968 0.9950617283950617 0.238562091503268 0.9925925925925926 0.25326797385620914 0.9876543209876543 0.2549019607843137 0.9901234567901235 0.25163398692810457 0.9876543209876543 0.25 0.9604938271604938 0.25163398692810457 0.9530864197530864 0.24836601307189543 0.9308641975308642 0.24509803921568626 0.9259259259259259 0.238562091503268 0.9259259259259259 0.23529411764705882 0.9308641975308642 0.23202614379084968 0.9604938271604938 0.22875816993464052
0 0.6148148148148148 0.2565359477124183 0.6395061728395062 0.2581699346405229 0.6567901234567901 0.2630718954248366 0.6617283950617284 0.26633986928104575 0.6617283950617284 0.272875816993464 0.6518518518518519 0.27941176470588236 0.6444444444444445 0.28104575163398693 0.6296296296296297 0.27941176470588236 0.6148148148148148 0.26633986928104575 0.6148148148148148 0.2581699346405229
0 0.9555555555555556 0.1895424836601307 0.9679012345679012 0.19607843137254902 0.9777777777777777 0.19607843137254902 0.9901234567901235 0.20098039215686275 0.9925925925925926 0.2107843137254902 0.980246913580247 0.21568627450980393 0.9432098765432099 0.21568627450980393 0.9358024691358025 0.21405228758169934 0.9259259259259259 0.2107843137254902 0.8987654320987655 0.19281045751633988 0.9037037037037037 0.1895424836601307 0.9160493827160494 0.1895424836601307 0.9185185185185185 0.18790849673202614 0.945679012345679 0.18790849673202614 0.9530864197530864 0.1895424836601307
0 0.4024691358024691 0.12581699346405228 0.4074074074074074 0.12908496732026145 0.4074074074074074 0.13725490196078433 0.4 0.14052287581699346 0.3851851851851852 0.14052287581699346 0.38271604938271603 0.14215686274509803 0.37037037037037035 0.14215686274509803 0.36790123456790125 0.14052287581699346 0.37037037037037035 0.13071895424836602 0.37777777777777777 0.12581699346405228 0.3851851851851852 0.12418300653594772 0.39753086419753086 0.12418300653594772 0.4 0.12581699346405228
0 0.43703703703703706 0.4395424836601307 0.45185185185185184 0.44281045751633985 0.4617283950617284 0.4493464052287582 0.4641975308641975 0.45588235294117646 0.4567901234567901 0.4624183006535948 0.44938271604938274 0.4624183006535948 0.41975308641975306 0.47058823529411764 0.4024691358024691 0.46895424836601307 0.3925925925925926 0.4624183006535948 0.39012345679012345 0.4542483660130719 0.4024691358024691 0.4444444444444444 0.4222222222222222 0.4395424836601307 0.4345679012345679 0.4395424836601307
0 0.45925925925925926 0.3741830065359477 0.4666666666666667 0.37745098039215685 0.47160493827160493 0.37745098039215685 0.47901234567901235 0.38235294117647056 0.47901234567901235 0.39215686274509803 0.4691358024691358 0.39705882352941174 0.454320987654321 0.39869281045751637 0.4345679012345679 0.40522875816993464 0.42962962962962964 0.40522875816993464 0.40987654320987654 0.39705882352941174 0.39753086419753086 0.3872549019607843 0.39753086419753086 0.38235294117647056 0.40987654320987654 0.3741830065359477 0.4246913580246914 0.3741830065359477 0.42962962962962964 0.3709150326797386 0.4567901234567901 0.3741830065359477
0 0.8864197530864197 0.5718954248366013 0.8962962962962963 0.5735294117647058 0.9061728395061729 0.5816993464052288 0.9333333333333333 0.5882352941176471 0.9432098765432099 0.5947712418300654 0.945679012345679 0.6013071895424836 0.9432098765432099 0.6029411764705882 0.9432098765432099 0.6127450980392157 0.9382716049382716 0.619281045751634 0.9185185185185185 0.6209150326797386 0.8839506172839506 0.630718954248366 0.8641975308641975 0.630718954248366 0.8592592592592593 0.6290849673202614 0.8444444444444444 0.619281045751634 0.8271604938271605 0.5947712418300654 0.8296296296296296 0.5882352941176471 0.8469135802469135 0.576797385620915 0.8617283950617284 0.5751633986928104 0.8716049382716049 0.5718954248366013 0.8839506172839506 0.5718954248366013
0 0.45185185185185184 0.08006535947712418 0.4666666666666667 0.08823529411764706 0.4691358024691358 0.09640522875816994 0.4567901234567901 0.10130718954248366 0.4469135802469136 0.10130718954248366 0.4444444444444444 0.10294117647058823 0.42962962962962964 0.10294117647058823 0.4123456790123457 0.09967320261437909 0.40987654320987654 0.09803921568627451 0.40987654320987654 0.0915032679738562 0.41728395061728396 0.08333333333333333 0.42962962962962964 0.0784313725490196 0.44938271604938274 0.08006535947712418
0 0.36049382716049383 0.7875816993464052 0.37777777777777777 0.7990196078431373 0.3802469135802469 0.8169934640522876 0.362962962962963 0.8300653594771242 0.35555555555555557 0.8431372549019608 0.3506172839506173 0.8464052287581699 0.34074074074074073 0.8464052287581699 0.3160493827160494 0.8366013071895425 0.30864197530864196 0.8316993464052288 0.3037037037037037 0.8218954248366013 0.2938271604938272 0.8169934640522876 0.2938271604938272 0.8088235294117647 0.3037037037037037 0.8022875816993464 0.32839506172839505 0.7990196078431373 0.3333333333333333 0.795751633986928 0.3530864197530864 0.7892156862745098 0.35802469135802467 0.7892156862745098
0 0.9308641975308642 0.4852941176470588 0.9382716049382716 0.4918300653594771 0.945679012345679 0.4934640522875817 0.9530864197530864 0.49836601307189543 0.9530864197530864 0.5081699346405228 0.9407407407407408 0.5147058823529411 0.9259259259259259 0.5179738562091504 0.9111111111111111 0.5179738562091504 0.8962962962962963 0.5147058823529411 0.8888888888888888 0.5098039215686274 0.8888888888888888 0.49673202614379086 0.9061728395061729 0.4852941176470588 0.928395061728395 0.4852941176470588
0 0.43703703703703706 0.8088235294117647 0.43950617283950616 0.8104575163398693 0.45185185185185184 0.8104575163398693 0.454320987654321 0.8088235294117647 0.4888888888888889 0.8104575163398693 0.49876543209876545 0.8169934640522876 0.5037037037037037 0.8284313725490197 0.508641975308642 0.8562091503267973 0.49135802469135803 0.869281045751634 0.4567901234567901 0.8758169934640523 0.43950617283950616 0.8758169934640523 0.4222222222222222 0.869281045751634 0.4123456790123457 0.8676470588235294 0.38271604938271603 0.8415032679738562 0.38271604938271603 0.8300653594771242 0.39012345679012345 0.8218954248366013 0.4024691358024691 0.815359477124183 0.4074074074074074 0.815359477124183 0.4123456790123457 0.8088235294117647 0.41975308641975306 0.8071895424836601 0.43209876543209874 0.8071895424836601 0.4345679012345679 0.8088235294117647
0 0.5259259259259259 0.696078431372549 0.5407407407407407 0.6993464052287581 0.5506172839506173 0.7058823529411765 0.5530864197530864 0.7091503267973857 0.5506172839506173 0.7254901960784313 0.5456790123456791 0.7303921568627451 0.5259259259259259 0.7336601307189542 0.5061728395061729 0.7483660130718954 0.4962962962962963 0.7516339869281046 0.48148148148148145 0.7483660130718954 0.4691358024691358 0.7401960784313726 0.4641975308641975 0.7401960784313726 0.454320987654321 0.7336601307189542 0.454320987654321 0.7254901960784313 0.4691358024691358 0.7156862745098039 0.49135802469135803 0.6928104575163399 0.5037037037037037 0.6928104575163399 0.5234567901234568 0.696078431372549
0 0.10123456790123457 0.6290849673202614 0.11851851851851852 0.6323529411764706 0.12839506172839507 0.6388888888888888 0.1382716049382716 0.6421568627450981 0.1382716049382716 0.6503267973856209 0.1308641975308642 0.6584967320261438 0.10864197530864197 0.6666666666666666 0.10123456790123457 0.6715686274509803 0.1037037037037037 0.6764705882352942 0.10123456790123457 0.6830065359477124 0.08395061728395062 0.6862745098039216 0.07160493827160494 0.6862745098039216 0.0691358024691358 0.6879084967320261 0.044444444444444446 0.6879084967320261 0.02962962962962963 0.6813725490196079 0.024691358024691357 0.6715686274509803 0.027160493827160494 0.6633986928104575 0.03209876543209877 0.6601307189542484 0.04197530864197531 0.6584967320261438 0.04938271604938271 0.6535947712418301 0.06172839506172839 0.6372549019607843 0.0691358024691358 0.6323529411764706 0.07407407407407407 0.630718954248366 0.08395061728395062 0.6323529411764706 0.09876543209876543 0.630718954248366
0 0.3654320987654321 0.25980392156862747 0.3728395061728395 0.26143790849673204 0.38765432098765434 0.272875816993464 0.38765432098765434 0.28104575163398693 0.36790123456790125 0.2908496732026144 0.345679012345679 0.2908496732026144 0.31851851851851853 0.2826797385620915 0.3111111111111111 0.2777777777777778 0.3111111111111111 0.27124183006535946 0.31851851851851853 0.26143790849673204 0.32592592592592595 0.25980392156862747 0.362962962962963 0.25980392156862747
0 0.4148148148148148 0.2426470588235294 0.04938271604938271 0.027777777777777776
0 0.2419753086419753 0.35784313725490197 0.254320987654321 0.3660130718954248 0.25679012345679014 0.38562091503267976 0.2518518518518518 0.39215686274509803 0.24938271604938272 0.4035947712418301 0.23703703703703705 0.4117647058823529 0.2123456790123457 0.41013071895424835 0.18765432098765433 0.40522875816993464 0.18024691358024691 0.39869281045751637 0.18024691358024691 0.3839869281045752 0.1925925925925926 0.3741830065359477 0.19753086419753085 0.3741830065359477 0.20987654320987653 0.369281045751634 0.2222222222222222 0.3611111111111111 0.22962962962962963 0.3611111111111111 0.23950617283950618 0.35784313725490197
0 0.6024691358024692 0.1781045751633987 0.6074074074074074 0.18137254901960784 0.6074074074074074 0.18790849673202614 0.5975308641975309 0.19444444444444445 0.5851851851851851 0.19444444444444445 0.5703703703703704 0.1895424836601307 0.5654320987654321 0.18627450980392157 0.5654320987654321 0.17973856209150327 0.5728395061728395 0.17483660130718953 0.5901234567901235 0.17483660130718953 0.6 0.1781045751633987
0 0.35555555555555557 0.49673202614379086 0.3654320987654321 0.5 0.36790123456790125 0.5032679738562091 0.36790123456790125 0.5326797385620915 0.3728395061728395 0.545751633986928 0.37037037037037035 0.565359477124183 0.362962962962963 0.576797385620915 0.35802469135802467 0.5800653594771242 0.3506172839506173 0.5833333333333334 0.3358024691358025 0.5849673202614379 0.32592592592592595 0.5882352941176471 0.28641975308641976 0.5816993464052288 0.2716049382716049 0.576797385620915 0.2617283950617284 0.5702614379084967 0.25925925925925924 0.5637254901960784 0.2765432098765432 0.5588235294117647 0.2814814814814815 0.5555555555555556 0.28641975308641976 0.5473856209150327 0.291358024691358 0.5441176470588235 0.291358024691358 0.5408496732026143 0.29876543209876544 0.5359477124183006 0.3012345679012346 0.5277777777777778 0.30864197530864196 0.5179738562091504 0.30864197530864196 0.5130718954248366 0.3160493827160494 0.5049019607843137 0.3358024691358025 0.49673202614379086 0.3530864197530864 0.49673202614379086
0 0.5555555555555556 0.5049019607843137 0.562962962962963 0.5081699346405228 0.5753086419753086 0.5098039215686274 0.5876543209876544 0.5179738562091504 0.5851851851851851 0.5343137254901961 0.5777777777777777 0.5424836601307189 0.5679012345679012 0.5473856209150327 0.5580246913580247 0.5473856209150327 0.5555555555555556 0.5490196078431373 0.5407407407407407 0.5490196078431373 0.5382716049382716 0.5473856209150327 0.508641975308642 0.5490196078431373 0.5061728395061729 0.5473856209150327 0.48641975308641977 0.545751633986928 0.47160493827160493 0.5294117647058824 0.47160493827160493 0.5228758169934641 0.4691358024691358 0.5212418300653595 0.4740740740740741 0.511437908496732 0.48641975308641977 0.5081699346405228 0.5012345679012346 0.5081699346405228 0.5160493827160494 0.5049019607843137 0.5530864197530864 0.5049019607843137
0 0.4567901234567901 0.15849673202614378 0.4691358024691358 0.16339869281045752 0.48148148148148145 0.17320261437908496 0.48148148148148145 0.1781045751633987 0.4666666666666667 0.1830065359477124 0.44938271604938274 0.1830065359477124 0.4469135802469136 0.18137254901960784 0.43703703703703706 0.18627450980392157 0.4148148148148148 0.18627450980392157 0.4024691358024691 0.1830065359477124 0.3950617283950617 0.17647058823529413 0.3950617283950617 0.16993464052287582 0.4024691358024691 0.16339869281045752 0.4246913580246914 0.1568627450980392 0.4469135802469136 0.1568627450980392 0.454320987654321 0.15849673202614378
0 0.5407407407407407 0.5702614379084967 0.5530864197530864 0.5751633986928104 0.5703703703703704 0.5898692810457516 0.5703703703703704 0.6045751633986928 0.562962962962963 0.6143790849673203 0.5456790123456791 0.6258169934640523 0.5333333333333333 0.6258169934640523 0.5308641975308642 0.6274509803921569 0.5061728395061729 0.6258169934640523 0.49135802469135803 0.619281045751634 0.48641975308641977 0.619281045751634 0.48148148148148145 0.6143790849673203 0.48148148148148145 0.6078431372549019 0.49382716049382713 0.5833333333333334 0.5111111111111111 0.5751633986928104 0.5308641975308642 0.5702614379084967 0.5382716049382716 0.5702614379084967
0 0.4888888888888889 0.31209150326797386 0.49135802469135803 0.315359477124183 0.49135802469135803 0.32516339869281047 0.4839506172839506 0.3284313725490196 0.4765432098765432 0.3284313725490196 0.4666666666666667 0.33169934640522875 0.45925925925925926 0.3382352941176471 0.4419753086419753 0.3366013071895425 0.43703703703703706 0.33986928104575165 0.4222222222222222 0.3431372549019608 0.4074074074074074 0.3382352941176471 0.4 0.33169934640522875 0.4074074074074074 0.3202614379084967 0.41728395061728396 0.3137254901960784 0.45185185185185184 0.3104575163398693 0.4666666666666667 0.30718954248366015 0.48148148148148145 0.3088235294117647 0.48641975308641977 0.31209150326797386
0 0.14074074074074075 0.18790849673202614 0.1506172839506173 0.19281045751633988 0.14814814814814814 0.20261437908496732 0.14074074074074075 0.20588235294117646 0.1259259259259259 0.20588235294117646 0.1111111111111111 0.21241830065359477 0.08888888888888889 0.21241830065359477 0.08395061728395062 0.2107843137254902 0.07901234567901234 0.20751633986928106 0.07901234567901234 0.20098039215686275 0.10617283950617284 0.184640522875817 0.12345679012345678 0.184640522875817 0.1382716049382716 0.18790849673202614
0 0.6518518518518519 0.35784313725490197 0.6666666666666666 0.36437908496732024 0.671604938271605 0.369281045751634 0.671604938271605 0.3741830065359477 0.6691358024691358 0.380718954248366 0.6617283950617284 0.38562091503267976 0.6493827160493827 0.3888888888888889 0.6271604938271605 0.3872549019607843 0.6222222222222222 0.3839869281045752 0.6123456790123457 0.3839869281045752 0.6098765432098765 0.38235294117647056 0.6049382716049383 0.38562091503267976 0.5975308641975309 0.3839869281045752 0.582716049382716 0.37254901960784315 0.582716049382716 0.369281045751634 0.5876543209876544 0.36437908496732024 0.6049382716049383 0.3627450980392157 0.6123456790123457 0.35784313725490197 0.6320987654320988 0.35784313725490197 0.6345679012345679 0.3562091503267974 0.6469135802469136 0.3562091503267974 0.6493827160493827 0.35784313725490197
0 0.24691358024691357 0.35784313725490197 0.254320987654321 0.3611111111111111 0.2641975308641975 0.3611111111111111 0.2740740740740741 0.36437908496732024 0.28641975308641976 0.36437908496732024 0.3012345679012346 0.35784313725490197 0.30617283950617286 0.35784313725490197 0.3135802469135803 0.3611111111111111 0.3160493827160494 0.3954248366013072 0.2962962962962963 0.4035947712418301 0.2716049382716049 0.40522875816993464 0.2691358024691358 0.4068627450980392 0.254320987654321 0.4068627450980392 0.24938271604938272 0.40522875816993464 0.23703703703703705 0.4117647058823529 0.22469135802469137 0.4117647058823529 0.2 0.4068627450980392 0.19012345679012346 0.4068627450980392 0.18024691358024691 0.39869281045751637 0.18024691358024691 0.3839869281045752 0.19012345679012346 0.37254901960784315 0.2123456790123457 0.3660130718954248 0.2222222222222222 0.35947712418300654 0.2271604938271605 0.35947712418300654 0.2345679012345679 0.3562091503267974 0.24444444444444444 0.35784313725490197