0 0.32516339869281047 0.3955773955773956 0.32516339869281047 0.4004914004914005 0.32189542483660133 0.40294840294840295 0.3104575163398693 0.40294840294840295 0.3088235294117647 0.3955773955773956 0.3104575163398693 0.3931203931203931 0.32189542483660133 0.3931203931203931 0.3235294117647059 0.3955773955773956
0 0.33986928104575165 0.515970515970516 0.34967320261437906 0.5282555282555282 0.34967320261437906 0.5331695331695332 0.3464052287581699 0.5356265356265356 0.3382352941176471 0.5356265356265356 0.32679738562091504 0.5257985257985258 0.32679738562091504 0.515970515970516 0.3284313725490196 0.5135135135135135 0.3366013071895425 0.5135135135135135 0.3382352941176471 0.515970515970516
0 0.5245098039215687 0.31695331695331697 0.5277777777777778 0.3194103194103194 0.5277777777777778 0.32923832923832924 0.5065359477124183 0.32186732186732187 0.5081699346405228 0.31695331695331697 0.5228758169934641 0.31695331695331697
0 0.4297385620915033 0.8501228501228502 0.434640522875817 0.855036855036855 0.434640522875817 0.8648648648648649 0.43137254901960786 0.8697788697788698 0.4297385620915033 0.8796068796068796 0.4395424836601307 0.8943488943488943 0.4395424836601307 0.9041769041769042 0.43137254901960786 0.914004914004914 0.4166666666666667 0.914004914004914 0.4133986928104575 0.9115479115479116 0.4068627450980392 0.9017199017199017 0.4068627450980392 0.8894348894348895 0.4084967320261438 0.8869778869778869 0.39705882352941174 0.8746928746928747 0.39869281045751637 0.8673218673218673 0.4068627450980392 0.8624078624078624 0.42320261437908496 0.8452088452088452 0.42810457516339867 0.8501228501228502
0 0.3741830065359477 0.5995085995085995 0.38235294117647056 0.6093366093366094 0.3872549019607843 0.6117936117936118 0.3888888888888889 0.6216216216216216 0.38562091503267976 0.6240786240786241 0.37254901960784315 0.6216216216216216 0.3611111111111111 0.6068796068796068 0.3545751633986928 0.601965601965602 0.3562091503267974 0.597051597051597 0.3709150326797386 0.597051597051597 0.37254901960784315 0.5995085995085995
0 0.34477124183006536 0.4594594594594595 0.35130718954248363 0.4668304668304668 0.3480392156862745 0.4742014742014742 0.3349673202614379 0.4742014742014742 0.32679738562091504 0.4668304668304668 0.32679738562091504 0.4619164619164619 0.3300653594771242 0.457002457002457 0.3415032679738562 0.457002457002457 0.3431372549019608 0.4594594594594595
0 0.315359477124183 0.36855036855036855 0.32516339869281047 0.36363636363636365 0.3333333333333333 0.36363636363636365 0.3366013071895425 0.36855036855036855 0.33169934640522875 0.3759213759213759 0.3202614379084967 0.3759213759213759 0.315359477124183 0.371007371007371
0 0.38235294117647056 0.6535626535626535 0.3888888888888889 0.6486486486486487 0.39705882352941174 0.6486486486486487 0.4084967320261438 0.6560196560196561 0.4117647058823529 0.6658476658476659 0.4035947712418301 0.6781326781326781 0.39215686274509803 0.6805896805896806 0.3839869281045752 0.6756756756756757 0.380718954248366 0.6707616707616708 0.380718954248366 0.6584766584766585 0.38235294117647056 0.6560196560196561
0 0.32679738562091504 0.4594594594594595 0.3333333333333333 0.45454545454545453 0.3382352941176471 0.45454545454545453 0.34967320261437906 0.4619164619164619 0.3545751633986928 0.4692874692874693 0.37254901960784315 0.47174447174447176 0.37254901960784315 0.47665847665847666 0.369281045751634 0.47911547911547914 0.35784313725490197 0.48157248157248156 0.3480392156862745 0.47665847665847666 0.3349673202614379 0.47665847665847666 0.32679738562091504 0.4692874692874693 0.32679738562091504 0.4619164619164619
0 0.4166666666666667 0.7665847665847666 0.42810457516339867 0.7862407862407862 0.434640522875817 0.7886977886977887 0.44281045751633985 0.8034398034398035 0.4444444444444444 0.8132678132678133 0.44281045751633985 0.8206388206388207 0.43300653594771243 0.828009828009828 0.4150326797385621 0.828009828009828 0.39705882352941174 0.8181818181818182 0.39215686274509803 0.8083538083538083 0.40032679738562094 0.7960687960687961 0.4019607843137255 0.769041769041769 0.40522875816993464 0.7641277641277642 0.4133986928104575 0.7641277641277642 0.4150326797385621 0.7665847665847666
0 0.3382352941176471 0.4152334152334152 0.3431372549019608 0.4226044226044226 0.3415032679738562 0.4275184275184275 0.3300653594771242 0.4275184275184275 0.3235294117647059 0.4201474201474201 0.32679738562091504 0.41277641277641275 0.3349673202614379 0.41277641277641275 0.3366013071895425 0.4152334152334152
0 0.3235294117647059 0.42997542997543 0.32516339869281047 0.43243243243243246 0.33169934640522875 0.43243243243243246 0.3349673202614379 0.43734643734643736 0.3349673202614379 0.44226044226044225 0.32679738562091504 0.44717444717444715 0.3202614379084967 0.44717444717444715 0.3137254901960784 0.43734643734643736 0.31699346405228757 0.43243243243243246 0.32189542483660133 0.43243243243243246
0 0.315359477124183 0.47174447174447176 0.3202614379084967 0.48157248157248156 0.3104575163398693 0.4914004914004914 0.3006535947712418 0.4914004914004914 0.2957516339869281 0.48402948402948404 0.3006535947712418 0.4742014742014742 0.3137254901960784 0.47174447174447176
0 0.4199346405228758 0.8452088452088452 0.42810457516339867 0.8452088452088452 0.434640522875817 0.8501228501228502 0.4362745098039216 0.855036855036855 0.4362745098039216 0.8624078624078624 0.4297385620915033 0.8771498771498771 0.40522875816993464 0.8820638820638821 0.3954248366013072 0.8722358722358723 0.4199346405228758 0.8476658476658476
0 0.4199346405228758 0.7199017199017199 0.42320261437908496 0.714987714987715 0.434640522875817 0.714987714987715 0.4591503267973856 0.7321867321867321 0.46568627450980393 0.7444717444717445 0.46405228758169936 0.7542997542997543 0.4493464052287582 0.7542997542997543 0.43137254901960786 0.7444717444717445 0.4215686274509804 0.7223587223587223
0 0.3382352941176471 0.5552825552825553 0.3431372549019608 0.5651105651105651 0.3333333333333333 0.5749385749385749 0.32516339869281047 0.5749385749385749 0.31699346405228757 0.5700245700245701 0.315359477124183 0.5601965601965602 0.3235294117647059 0.5528255528255528 0.3349673202614379 0.5528255528255528 0.3366013071895425 0.5552825552825553
0 0.43137254901960786 0.8845208845208845 0.4395424836601307 0.8943488943488943 0.4395424836601307 0.9041769041769042 0.43300653594771243 0.914004914004914 0.42810457516339867 0.9164619164619164 0.4215686274509804 0.9164619164619164 0.4133986928104575 0.9115479115479116 0.4068627450980392 0.9017199017199017 0.4068627450980392 0.8918918918918919 0.4133986928104575 0.8820638820638821 0.42810457516339867 0.8820638820638821 0.4297385620915033 0.8845208845208845