0 0.8872549019607843 0.869281045751634 0.8937908496732027 0.8725490196078431 0.8970588235294118 0.8790849673202614 0.8921568627450981 0.9052287581699346 0.8839869281045751 0.9199346405228758 0.8660130718954249 0.9264705882352942 0.8545751633986928 0.923202614379085 0.8431372549019608 0.9133986928104575 0.8398692810457516 0.9068627450980392 0.8366013071895425 0.8905228758169934 0.8398692810457516 0.8594771241830066 0.8594771241830066 0.8562091503267973 0.8676470588235294 0.8643790849673203 0.880718954248366 0.8643790849673203 0.8856209150326797 0.869281045751634
0 0.6797385620915033 0.30718954248366015 0.6977124183006536 0.3137254901960784 0.7058823529411765 0.3284313725490196 0.7173202614379085 0.3415032679738562 0.7254901960784313 0.35947712418300654 0.7254901960784313 0.369281045751634 0.7091503267973857 0.3888888888888889 0.6928104575163399 0.39052287581699346 0.6830065359477124 0.39705882352941174 0.6781045751633987 0.3954248366013072 0.6683006535947712 0.3839869281045752 0.6601307189542484 0.3660130718954248 0.6601307189542484 0.35130718954248363 0.6666666666666666 0.3382352941176471 0.6666666666666666 0.32679738562091504 0.6650326797385621 0.32516339869281047 0.6666666666666666 0.3137254901960784 0.6699346405228758 0.3088235294117647 0.6781045751633987 0.30718954248366015
0 0.3202614379084967 0.5751633986928104 0.32516339869281047 0.5800653594771242 0.32679738562091504 0.5915032679738562 0.32516339869281047 0.5980392156862745 0.31699346405228757 0.6029411764705882 0.30718954248366015 0.5996732026143791 0.3022875816993464 0.5947712418300654 0.3006535947712418 0.5849673202614379 0.30718954248366015 0.576797385620915 0.31862745098039214 0.5751633986928104
0 0.2647058823529412 0.1568627450980392 0.2696078431372549 0.16013071895424835 0.272875816993464 0.16830065359477125 0.27124183006535946 0.17320261437908496 0.2630718954248366 0.17483660130718953 0.25980392156862747 0.1781045751633987 0.25163398692810457 0.1781045751633987 0.25 0.17320261437908496 0.24183006535947713 0.1650326797385621 0.24673202614379086 0.15849673202614378 0.25326797385620914 0.15522875816993464 0.2630718954248366 0.1568627450980392
0 0.24509803921568626 0.37745098039215685 0.25326797385620914 0.3872549019607843 0.24673202614379086 0.4035947712418301 0.2369281045751634 0.4035947712418301 0.22875816993464052 0.39869281045751637 0.2238562091503268 0.39215686274509803 0.2238562091503268 0.38562091503267976 0.23202614379084968 0.3741830065359477 0.2434640522875817 0.37745098039215685
0 0.2973856209150327 0.3790849673202614 0.30392156862745096 0.38235294117647056 0.3055555555555556 0.38562091503267976 0.3055555555555556 0.39705882352941174 0.30392156862745096 0.4019607843137255 0.2957516339869281 0.4084967320261438 0.2826797385620915 0.4084967320261438 0.272875816993464 0.3937908496732026 0.272875816993464 0.38562091503267976 0.28104575163398693 0.37745098039215685 0.28921568627450983 0.3758169934640523 0.2957516339869281 0.3790849673202614
0 0.2679738562091503 0.08660130718954248 0.27450980392156865 0.09477124183006536 0.27124183006535946 0.09967320261437909 0.2630718954248366 0.10457516339869281 0.2565359477124183 0.10457516339869281 0.25 0.10130718954248366 0.24509803921568626 0.09477124183006536 0.24509803921568626 0.08986928104575163 0.25326797385620914 0.08496732026143791 0.2647058823529412 0.08496732026143791 0.26633986928104575 0.08660130718954248
0 0.28431372549019607 0.46895424836601307 0.28921568627450983 0.4738562091503268 0.2908496732026144 0.49019607843137253 0.2777777777777778 0.5016339869281046 0.27450980392156865 0.5016339869281046 0.2696078431372549 0.49673202614379086 0.26143790849673204 0.4950980392156863 0.2581699346405229 0.49019607843137253 0.2581699346405229 0.4820261437908497 0.26143790849673204 0.47549019607843135 0.27450980392156865 0.46895424836601307 0.2826797385620915 0.46895424836601307
0 0.8709150326797386 0.7058823529411765 0.8839869281045751 0.7189542483660131 0.8888888888888888 0.7369281045751634 0.8970588235294118 0.7549019607843137 0.9052287581699346 0.7647058823529411 0.9101307189542484 0.7761437908496732 0.9117647058823529 0.8022875816993464 0.9019607843137255 0.8349673202614379 0.8823529411764706 0.8349673202614379 0.8562091503267973 0.8300653594771242 0.8447712418300654 0.8202614379084967 0.826797385620915 0.7875816993464052 0.8251633986928104 0.7598039215686274 0.8300653594771242 0.7401960784313726 0.8545751633986928 0.7026143790849673 0.8627450980392157 0.7026143790849673 0.869281045751634 0.7058823529411765
0 0.37254901960784315 0.4722222222222222 0.3790849673202614 0.4738562091503268 0.3872549019607843 0.4820261437908497 0.3872549019607843 0.4950980392156863 0.37745098039215685 0.5049019607843137 0.37254901960784315 0.5065359477124183 0.3627450980392157 0.5049019607843137 0.3562091503267974 0.5 0.35294117647058826 0.4918300653594771 0.3545751633986928 0.4803921568627451 0.35784313725490197 0.477124183006536 0.3709150326797386 0.4738562091503268
0 0.29901960784313725 0.04738562091503268 0.3022875816993464 0.05555555555555555 0.2957516339869281 0.06209150326797386 0.28431372549019607 0.06209150326797386 0.28104575163398693 0.058823529411764705 0.28104575163398693 0.05228758169934641 0.28594771241830064 0.049019607843137254 0.2973856209150327 0.04738562091503268
0 0.2222222222222222 0.20098039215686275 0.2369281045751634 0.20751633986928106 0.2369281045751634 0.2173202614379085 0.22712418300653595 0.22549019607843138 0.21405228758169934 0.2238562091503268 0.2042483660130719 0.21241830065359477 0.20588235294117646 0.20588235294117646 0.20915032679738563 0.20588235294117646 0.21568627450980393 0.20098039215686275 0.22058823529411764 0.20098039215686275
0 0.3088235294117647 0.795751633986928 0.32679738562091504 0.7875816993464052 0.3415032679738562 0.7875816993464052 0.34477124183006536 0.7908496732026143 0.34477124183006536 0.803921568627451 0.3464052287581699 0.8055555555555556 0.34477124183006536 0.815359477124183 0.3415032679738562 0.8202614379084967 0.3349673202614379 0.8235294117647058 0.3300653594771242 0.8300653594771242 0.3202614379084967 0.8316993464052288 0.3055555555555556 0.8186274509803921 0.3022875816993464 0.8120915032679739 0.3022875816993464 0.8055555555555556 0.3088235294117647 0.7973856209150327
0 0.38562091503267976 0.6584967320261438 0.39215686274509803 0.6666666666666666 0.40032679738562094 0.6715686274509803 0.40032679738562094 0.6862745098039216 0.3937908496732026 0.6977124183006536 0.380718954248366 0.7058823529411765 0.369281045751634 0.704248366013072 0.3660130718954248 0.7009803921568627 0.35947712418300654 0.6830065359477124 0.35784313725490197 0.6715686274509803 0.35947712418300654 0.6683006535947712 0.36437908496732024 0.6683006535947712 0.37254901960784315 0.6584967320261438 0.3839869281045752 0.6584967320261438
0 0.272875816993464 0.1781045751633987 0.28104575163398693 0.18627450980392157 0.28104575163398693 0.19281045751633988 0.27450980392156865 0.1977124183006536 0.25980392156862747 0.19607843137254902 0.2565359477124183 0.19281045751633988 0.2565359477124183 0.18790849673202614 0.26633986928104575 0.1781045751633987 0.27124183006535946 0.1781045751633987
0 0.3055555555555556 0.6748366013071896 0.3137254901960784 0.6895424836601307 0.3137254901960784 0.7026143790849673 0.30392156862745096 0.7156862745098039 0.2875816993464052 0.7156862745098039 0.28431372549019607 0.7124183006535948 0.28104575163398693 0.7026143790849673 0.2826797385620915 0.684640522875817 0.2957516339869281 0.6715686274509803 0.3006535947712418 0.6715686274509803 0.30392156862745096 0.6748366013071896
0 0.6781045751633987 0.30718954248366015 0.6879084967320261 0.3088235294117647 0.6993464052287581 0.31699346405228757 0.7058823529411765 0.3284313725490196 0.7173202614379085 0.3415032679738562 0.7254901960784313 0.35784313725490197 0.7254901960784313 0.369281045751634 0.7140522875816994 0.38235294117647056 0.7107843137254902 0.3954248366013072 0.7124183006535948 0.40032679738562094 0.7238562091503268 0.4117647058823529 0.7303921568627451 0.42483660130718953 0.7303921568627451 0.43790849673202614 0.7189542483660131 0.4493464052287582 0.6928104575163399 0.4477124183006536 0.6813725490196079 0.4362745098039216 0.6781045751633987 0.42320261437908496 0.6797385620915033 0.40522875816993464 0.6601307189542484 0.36764705882352944 0.6601307189542484 0.35130718954248363 0.6666666666666666 0.3382352941176471 0.6666666666666666 0.32516339869281047 0.6650326797385621 0.3235294117647059 0.6666666666666666 0.31209150326797386 0.6715686274509803 0.30718954248366015 0.6764705882352942 0.30718954248366015
0 0.26143790849673204 0.10620915032679738 0.27124183006535946 0.11601307189542484 0.27124183006535946 0.12254901960784313 0.2647058823529412 0.12581699346405228 0.2581699346405229 0.12581699346405228 0.25 0.12254901960784313 0.2549019607843137 0.10947712418300654 0.25980392156862747 0.10620915032679738
0 0.8774509803921569 0.0915032679738562 0.8839869281045751 0.09803921568627451 0.8888888888888888 0.10784313725490197 0.8888888888888888 0.11437908496732026 0.8823529411764706 0.12254901960784313 0.880718954248366 0.12908496732026145 0.8905228758169934 0.1454248366013072 0.9019607843137255 0.15359477124183007 0.8937908496732027 0.15849673202614378 0.8839869281045751 0.16013071895424835 0.8741830065359477 0.16013071895424835 0.8643790849673203 0.1568627450980392 0.8529411764705882 0.14869281045751634 0.8480392156862745 0.1388888888888889 0.8480392156862745 0.13071895424836602 0.8431372549019608 0.11764705882352941 0.8431372549019608 0.10457516339869281 0.8464052287581699 0.09477124183006536 0.8513071895424836 0.08986928104575163 0.869281045751634 0.08823529411764706 0.8758169934640523 0.0915032679738562
0 0.4493464052287582 0.7973856209150327 0.4591503267973856 0.8055555555555556 0.4624183006535948 0.8120915032679739 0.4624183006535948 0.8251633986928104 0.4591503267973856 0.8316993464052288 0.4493464052287582 0.8366013071895425 0.44281045751633985 0.8447712418300654 0.434640522875817 0.8447712418300654 0.42320261437908496 0.8366013071895425 0.4199346405228758 0.8137254901960784 0.4215686274509804 0.8088235294117647 0.42810457516339867 0.8022875816993464 0.4444444444444444 0.795751633986928 0.4477124183006536 0.7973856209150327
0 0.6944444444444444 0.39869281045751637 0.696078431372549 0.40032679738562094 0.7091503267973857 0.39869281045751637 0.7254901960784313 0.4133986928104575 0.7287581699346405 0.4199346405228758 0.7303921568627451 0.43790849673202614 0.7271241830065359 0.4444444444444444 0.7189542483660131 0.4493464052287582 0.696078431372549 0.4493464052287582 0.6813725490196079 0.4362745098039216 0.6813725490196079 0.4297385620915033 0.6781045751633987 0.4215686274509804 0.6797385620915033 0.4068627450980392 0.684640522875817 0.39869281045751637 0.6928104575163399 0.39869281045751637
0 0.7107843137254902 0.1454248366013072 0.7303921568627451 0.15359477124183007 0.7287581699346405 0.16830065359477125 0.7189542483660131 0.17483660130718953 0.7058823529411765 0.17483660130718953 0.6977124183006536 0.1715686274509804 0.6911764705882353 0.16176470588235295 0.6911764705882353 0.15522875816993464 0.696078431372549 0.1454248366013072 0.6993464052287581 0.1437908496732026 0.7091503267973857 0.1454248366013072
0 0.46405228758169936 0.9035947712418301 0.4673202614379085 0.9068627450980392 0.47549019607843135 0.9084967320261438 0.4803921568627451 0.9183006535947712 0.4803921568627451 0.9330065359477124 0.47549019607843135 0.9395424836601307 0.46895424836601307 0.9411764705882353 0.46078431372549017 0.9526143790849673 0.45098039215686275 0.9526143790849673 0.44607843137254904 0.9477124183006536 0.44281045751633985 0.9379084967320261 0.4362745098039216 0.9281045751633987 0.43790849673202614 0.9183006535947712 0.44607843137254904 0.9101307189542484 0.4624183006535948 0.9035947712418301
0 0.7238562091503268 0.08823529411764706 0.7336601307189542 0.09803921568627451 0.7450980392156863 0.12091503267973856 0.7450980392156863 0.12745098039215685 0.7418300653594772 0.13398692810457516 0.7271241830065359 0.1388888888888889 0.7156862745098039 0.13725490196078433 0.7058823529411765 0.1323529411764706 0.6928104575163399 0.119281045751634 0.6928104575163399 0.10947712418300654 0.7058823529411765 0.0915032679738562 0.7124183006535948 0.08660130718954248 0.7222222222222222 0.08823529411764706
0 0.2565359477124183 0.27124183006535946 0.272875816993464 0.27450980392156865 0.2826797385620915 0.2826797385620915 0.28594771241830064 0.2908496732026144 0.27450980392156865 0.3006535947712418 0.2630718954248366 0.3006535947712418 0.24019607843137256 0.28921568627450983 0.24183006535947713 0.272875816993464 0.2434640522875817 0.27124183006535946 0.2549019607843137 0.27124183006535946
0 0.3431372549019608 0.9158496732026143 0.0457516339869281 0.04411764705882353
0 0.2908496732026144 0.024509803921568627 0.29248366013071897 0.032679738562091505 0.28594771241830064 0.03758169934640523 0.2761437908496732 0.03594771241830065 0.272875816993464 0.032679738562091505 0.272875816993464 0.027777777777777776 0.2777777777777778 0.024509803921568627 0.28921568627450983 0.024509803921568627