0 0.9199346405228758 0.6225490196078431 0.9215686274509803 0.625 0.9313725490196079 0.625 0.934640522875817 0.6274509803921569 0.9493464052287581 0.6495098039215687 0.9509803921568627 0.6568627450980392 0.9428104575163399 0.6813725490196079 0.934640522875817 0.696078431372549 0.9297385620915033 0.7009803921568627 0.9166666666666666 0.7034313725490197 0.9101307189542484 0.7107843137254902 0.9035947712418301 0.7107843137254902 0.8856209150326797 0.6911764705882353 0.8774509803921569 0.678921568627451 0.8741830065359477 0.6691176470588235 0.8741830065359477 0.6593137254901961 0.8856209150326797 0.6372549019607843 0.9052287581699346 0.625 0.9183006535947712 0.6225490196078431
0 0.8202614379084967 0.5367647058823529 0.8218954248366013 0.5392156862745098 0.8235294117647058 0.5612745098039216 0.8186274509803921 0.5735294117647058 0.8088235294117647 0.5882352941176471 0.8022875816993464 0.5931372549019608 0.7892156862745098 0.5931372549019608 0.7810457516339869 0.5882352941176471 0.7647058823529411 0.5637254901960784 0.7647058823529411 0.5465686274509803 0.7712418300653595 0.5392156862745098 0.7875816993464052 0.5367647058823529 0.7892156862745098 0.5343137254901961 0.8169934640522876 0.5343137254901961 0.8186274509803921 0.5367647058823529
0 0.6683006535947712 0.8602941176470589 0.6944444444444444 0.875 0.7140522875816994 0.8995098039215687 0.7205882352941176 0.9215686274509803 0.7189542483660131 0.9313725490196079 0.7205882352941176 0.9411764705882353 0.7173202614379085 0.9558823529411765 0.7026143790849673 0.9730392156862745 0.6879084967320261 0.9803921568627451 0.6764705882352942 0.9926470588235294 0.6535947712418301 0.9926470588235294 0.6519607843137255 0.9950980392156863 0.619281045751634 0.9950980392156863 0.6127450980392157 0.9877450980392157 0.6078431372549019 0.9656862745098039 0.6176470588235294 0.9215686274509803 0.6323529411764706 0.8823529411764706 0.6405228758169934 0.8700980392156863 0.6470588235294118 0.8651960784313726 0.6666666666666666 0.8602941176470589
0 0.7254901960784313 0.6029411764705882 0.7320261437908496 0.6102941176470589 0.7352941176470589 0.6225490196078431 0.7320261437908496 0.6348039215686274 0.7075163398692811 0.6617647058823529 0.7009803921568627 0.6642156862745098 0.6813725490196079 0.6593137254901961 0.6764705882352942 0.6519607843137255 0.6781045751633987 0.6421568627450981 0.6764705882352942 0.6274509803921569 0.6781045751633987 0.6225490196078431 0.6879084967320261 0.6078431372549019 0.7026143790849673 0.5980392156862745 0.7107843137254902 0.5980392156862745 0.7238562091503268 0.6029411764705882
0 0.8316993464052288 0.42892156862745096 0.8398692810457516 0.4338235294117647 0.8447712418300654 0.44362745098039214 0.8447712418300654 0.4485294117647059 0.8349673202614379 0.46078431372549017 0.826797385620915 0.46078431372549017 0.8218954248366013 0.45588235294117646 0.8186274509803921 0.45588235294117646 0.8104575163398693 0.4485294117647059 0.8071895424836601 0.4485294117647059 0.8006535947712419 0.4387254901960784 0.8022875816993464 0.43137254901960786 0.8104575163398693 0.4264705882352941 0.8251633986928104 0.4264705882352941 0.8300653594771242 0.42892156862745096
0 0.8594771241830066 0.7328431372549019 0.8774509803921569 0.7401960784313726 0.8921568627450981 0.7549019607843137 0.9052287581699346 0.7622549019607843 0.9068627450980392 0.7671568627450981 0.9068627450980392 0.7720588235294118 0.9003267973856209 0.7867647058823529 0.8856209150326797 0.7990196078431373 0.869281045751634 0.8063725490196079 0.8496732026143791 0.8063725490196079 0.8284313725490197 0.7965686274509803 0.8169934640522876 0.7867647058823529 0.8055555555555556 0.7696078431372549 0.8071895424836601 0.7598039215686274 0.8169934640522876 0.7450980392156863 0.8284313725490197 0.7401960784313726 0.8333333333333334 0.7328431372549019 0.8578431372549019 0.7328431372549019
0 0.5555555555555556 0.7573529411764706 0.553921568627451 0.7671568627450981 0.5604575163398693 0.7720588235294118 0.5718954248366013 0.7622549019607843
0 0.5016339869281046 0.8088235294117647 0.5016339869281046 0.8235294117647058 0.5130718954248366 0.8161764705882353
0 0.42483660130718953 0.8676470588235294 0.42320261437908496 0.8799019607843137 0.4411764705882353 0.875 0.4395424836601307 0.8651960784313726
0 0.38562091503267976 0.8946078431372549 0.3872549019607843 0.9068627450980392 0.40032679738562094 0.9068627450980392 0.39705882352941174 0.8921568627450981
0 0.00980392156862745 0.9975490196078431 0.014705882352941176 0.9975490196078431 0.014705882352941176 0.9975490196078431 0.008169934640522876 0.9975490196078431 0.013071895424836602 0.9975490196078431 0 0.9975490196078431 0 0.9975490196078431 0.9983660130718954 0.9975490196078431 0.9983660130718954 0.9975490196078431 0.9983660130718954 0.9975490196078431 0.9983660130718954 0.9975490196078431 0.9983660130718954 0.9975490196078431 0.9983660130718954 0.9975490196078431 0.9983660130718954 0.9975490196078431 0.9983660130718954 0.9975490196078431 0.9983660130718954 0.9975490196078431 0.9983660130718954 0.9975490196078431 0.9983660130718954 0.9975490196078431 0.9983660130718954 0.9975490196078431 0.9983660130718954 0.9975490196078431 0.9983660130718954 0.9975490196078431 0.9983660130718954 0.9975490196078431 0.9983660130718954 0.9975490196078431 0.9983660130718954 0.9975490196078431 0.9983660130718954 0.9975490196078431 0.9983660130718954 0.9975490196078431 0.9983660130718954 0.9975490196078431 0.9983660130718954 0.9975490196078431 0.9983660130718954 0.9975490196078431 0.9983660130718954 0.9975490196078431 0.9983660130718954 0.9975490196078431 0.9983660130718954 0.9975490196078431 0.9983660130718954 0.9975490196078431 0.9983660130718954 0.9975490196078431 0.9983660130718954 0.9975490196078431 0.9983660130718954 0.9975490196078431 0.9983660130718954 0.9975490196078431 0.9983660130718954 0.9975490196078431 0.9983660130718954 0.9975490196078431 0.9983660130718954 0.9975490196078431 0.9983660130718954 0.9975490196078431 0.9983660130718954 0.9975490196078431 0.9983660130718954 0.9975490196078431 0.9983660130718954 0.9975490196078431 0.9983660130718954 0.9975490196078431 0.9983660130718954 0.9975490196078431 0.9983660130718954 0.9975490196078431 0.9983660130718954 0.9975490196078431 0.9983660130718954 0.9975490196078431 0.9983660130718954 0.9975490196078431 0.9983660130718954 0.9975490196078431 0.9983660130718954 0.9975490196078431 0.9983660130718954 0.9975490196078431 0.9983660130718954 0.9975490196078431 0.9983660130718954 0.9975490196078431 0.9983660130718954 0.9975490196078431 0.9983660130718954 0.9975490196078431 0.9983660130718954 0.9975490196078431 0.9983660130718954 0.9975490196078431 0.9983660130718954 0.9975490196078431 0.9983660130718954 0.9975490196078431 0.9983660130718954 0.9975490196078431 0.9983660130718954 0.9975490196078431 0.9983660130718954 0.9975490196078431 0.9983660130718954 0.9975490196078431 0.9983660130718954 0.9975490196078431 0.9983660130718954 0.9975490196078431 0.9983660130718954 0.9975490196078431 0.9983660130718954 0.9975490196078431 0.9983660130718954 0.9975490196078431 0.9983660130718954 0.9975490196078431 0.9983660130718954 0.9975490196078431 0.9983660130718954 0.9975490196078431 0.9983660130718954 0.9975490196078431 0.9983660130718954 0.9975490196078431 0.9983660130718954 0.9975490196078431 0.9983660130718954 0.9975490196078431 0.9983660130718954 0.9975490196078431 0.9983660130718954 0.9975490196078431 0.9983660130718954 0.9901960784313726 0.9983660130718954 0.9975490196078431 0.9983660130718954 0.9926470588235294 0.9983660130718954 0.9975490196078431 0.9983660130718954 0.9901960784313726 0.9983660130718954 0.9681372549019608 0.9983660130718954 0.9215686274509803 0.9983660130718954 0.9264705882352942 0.9983660130718954 0.9191176470588235 0.9983660130718954 0.9191176470588235 0.9983660130718954 0.8848039215686274 0.9983660130718954 0.8774509803921569 0.9983660130718954 0.8872549019607843 0.9983660130718954 0.8480392156862745 0.9983660130718954 0.8455882352941176 0.9983660130718954 0.8235294117647058 0.9983660130718954 0.8480392156862745 0.9983660130718954 0.8480392156862745 0.9983660130718954 0.8284313725490197 0.9983660130718954 0.8357843137254902 0.9983660130718954 0.8284313725490197 0.9983660130718954 0.7573529411764706 0.9983660130718954 0.7303921568627451 0.9983660130718954 0.7034313725490197 0.9983660130718954 0.6862745098039216 0.9983660130718954 0.6666666666666666 0.9983660130718954 0.6642156862745098 0.9983660130718954 0.6323529411764706 0.9983660130718954 0.6397058823529411 0.9983660130718954 0.6299019607843137 0.9983660130718954 0.6127450980392157 0.9983660130718954 0.5931372549019608 0.9983660130718954 0.5465686274509803 0.9983660130718954 0.5343137254901961 0.9983660130718954 0.5171568627450981 0.9983660130718954 0.5024509803921569 0.9983660130718954 0.4852941176470588 0.9983660130718954 0.48284313725490197 0.9983660130718954 0.47794117647058826 0.9983660130718954 0.4583333333333333 0.9983660130718954 0.47058823529411764 0.9983660130718954 0.4583333333333333 0.9983660130718954 0.5171568627450981 0.9983660130718954 0.5955882352941176 0.9983660130718954 0.6151960784313726 0.9983660130718954 0.6372549019607843 0.9983660130718954 0.6740196078431373 0.9983660130718954 0.9240196078431373 0.9983660130718954 0.9117647058823529 0.9983660130718954 0.9142156862745098 0.9983660130718954 0.9264705882352942 0.9983660130718954 0.9436274509803921 0.9983660130718954 0.9656862745098039 0.9983660130718954 0.9656862745098039 0.9983660130718954 0.9485294117647058 0.9983660130718954 0.9558823529411765 0.9983660130718954 0.9681372549019608 0.9705882352941176 0.9607843137254902 0.9624183006535948 0.9485294117647058 0.9379084967320261 0.946078431372549 0.9297385620915033 0.9313725490196079 0.8921568627450981 0.9509803921568627 0.880718954248366 0.9681372549019608 0.8333333333333334 0.9803921568627451 0.8218954248366013 0.9607843137254902 0.8120915032679739 0.9656862745098039 0.7990196078431373 0.9534313725490197 0.8022875816993464 0.9264705882352942 0.8088235294117647 0.9215686274509803 0.7908496732026143 0.9215686274509803 0.7794117647058824 0.8970588235294118 0.7483660130718954 0.8946078431372549 0.7418300653594772 0.8946078431372549 0.7434640522875817 0.9093137254901961 0.7303921568627451 0.9215686274509803 0.7238562091503268 0.9509803921568627 0.6895424836601307 0.9632352941176471 0.6617647058823529 0.9509803921568627 0.6617647058823529 0.9313725490196079 0.6486928104575164 0.9215686274509803 0.6078431372549019 0.9166666666666666 0.6045751633986928 0.9019607843137255 0.5784313725490197 0.8823529411764706 0.5751633986928104 0.8946078431372549 0.5506535947712419 0.9068627450980392 0.4934640522875817 0.9191176470588235 0.5016339869281046 0.946078431372549 0.48366013071895425 0.9828431372549019 0.4035947712418301 0.9950980392156863 0.39705882352941174 0.9828431372549019 0.380718954248366 0.9852941176470589 0.3758169934640523 0.9754901960784313 0.3611111111111111 0.9828431372549019 0.3431372549019608 0.9754901960784313 0.2369281045751634 0.9975490196078431 0.24183006535947713 0.9975490196078431 0.22875816993464052 0.9975490196078431 0.238562091503268 0.9975490196078431 0.25 0.9975490196078431 0.22058823529411764 0.9975490196078431 0.2042483660130719 0.9975490196078431 0.18790849673202614 0.9975490196078431 0.17320261437908496 0.9975490196078431 0.07679738562091504 0.9975490196078431 0.03758169934640523 0.9975490196078431 0.03431372549019608 0.9975490196078431 0.017973856209150325 0.9975490196078431
0 0.5555555555555556 0.44362745098039214 0.5506535947712419 0.571078431372549 0.5359477124183006 0.5906862745098039 0.5326797385620915 0.6029411764705882 0.5392156862745098 0.6127450980392157 0.5228758169934641 0.6519607843137255 0.5130718954248366 0.6568627450980392 0.4934640522875817 0.7377450980392157 0.5081699346405228 0.7524509803921569 0.5016339869281046 0.7647058823529411 0.5049019607843137 0.7867647058823529 0.5343137254901961 0.7696078431372549 0.5359477124183006 0.7769607843137255 0.5555555555555556 0.7720588235294118 0.5784313725490197 0.7916666666666666 0.5637254901960784 0.821078431372549 0.5718954248366013 0.8333333333333334 0.5718954248366013 0.8602941176470589 0.5882352941176471 0.8504901960784313 0.6143790849673203 0.8602941176470589 0.6274509803921569 0.8529411764705882 0.6241830065359477 0.8161764705882353 0.6993464052287581 0.7107843137254902 0.696078431372549 0.6887254901960784 0.7352941176470589 0.6544117647058824 0.7598039215686274 0.5931372549019608 0.7777777777777778 0.6004901960784313 0.7990196078431373 0.5906862745098039 0.8431372549019608 0.5269607843137255 0.8333333333333334 0.5049019607843137 0.8235294117647058 0.5196078431372549 0.7647058823529411 0.5073529411764706 0.761437908496732 0.5318627450980392 0.7418300653594772 0.5392156862745098 0.7189542483660131 0.5784313725490197 0.7075163398692811 0.5637254901960784 0.7026143790849673 0.5269607843137255 0.6781045751633987 0.5073529411764706 0.6748366013071896 0.4877450980392157 0.6797385620915033 0.47058823529411764 0.6601307189542484 0.45588235294117646 0.6519607843137255 0.42401960784313725 0.6421568627450981 0.41421568627450983 0.619281045751634 0.4068627450980392 0.6111111111111112 0.41421568627450983 0.6062091503267973 0.4411764705882353 0.5947712418300654 0.4338235294117647 0.5784313725490197 0.4411764705882353 0.5702614379084967 0.43137254901960786
0 0.3366013071895425 0.9264705882352942 0.3333333333333333 0.9362745098039216 0.3382352941176471 0.9411764705882353 0.3545751633986928 0.9264705882352942
0 0.8464052287581699 0.3897058823529412 0.8464052287581699 0.39950980392156865 0.8627450980392157 0.4117647058823529 0.8774509803921569 0.39950980392156865
0 0.34477124183006536 0.9387254901960784 0.3464052287581699 0.9534313725490197 0.3611111111111111 0.9436274509803921 0.35784313725490197 0.9338235294117647
0 0.017973856209150325 0.9975490196078431 0.026143790849673203 0.9975490196078431 0.021241830065359478 0.9975490196078431 0.03431372549019608 0.9975490196078431 0.014705882352941176 0.9975490196078431 0 0.9975490196078431 0 0.9975490196078431 0.013071895424836602 0.9975490196078431 0.032679738562091505 0.9975490196078431 0.0392156862745098 0.9975490196078431 0.032679738562091505 0.9975490196078431 0.042483660130718956 0.9975490196078431 0.08333333333333333 0.9975490196078431 0.09967320261437909 0.9975490196078431 0.16339869281045752 0.9975490196078431 0.19444444444444445 0.9975490196078431 0.24019607843137256 0.9975490196078431 0.25 0.9975490196078431 0.2434640522875817 0.9975490196078431 0.2630718954248366 0.9975490196078431 0.2647058823529412 0.9975490196078431 0.9983660130718954 0.9975490196078431 0.9983660130718954 0.9975490196078431 0.9983660130718954 0.9975490196078431 0.9983660130718954 0.9975490196078431 0.9983660130718954 0.9975490196078431 0.9983660130718954 0.9975490196078431 0.9983660130718954 0.9975490196078431 0.9983660130718954 0.9975490196078431 0.9983660130718954 0.9975490196078431 0.9983660130718954 0.9975490196078431 0.9983660130718954 0.9975490196078431 0.9983660130718954 0.9975490196078431 0.9983660130718954 0.9975490196078431 0.9983660130718954 0.9975490196078431 0.9983660130718954 0.9975490196078431 0.9983660130718954 0.9975490196078431 0.9983660130718954 0.9975490196078431 0.9983660130718954 0.9975490196078431 0.9983660130718954 0.9975490196078431 0.9983660130718954 0.9975490196078431 0.9983660130718954 0.9975490196078431 0.9983660130718954 0.9975490196078431 0.9983660130718954 0.9975490196078431 0.9983660130718954 0.9975490196078431 0.9983660130718954 0.9975490196078431 0.9983660130718954 0.9975490196078431 0.9983660130718954 0.9975490196078431 0.9983660130718954 0.9975490196078431 0.9983660130718954 0.9975490196078431 0.9983660130718954 0.9975490196078431 0.9983660130718954 0.9975490196078431 0.9983660130718954 0.9975490196078431 0.9983660130718954 0.9975490196078431 0.9983660130718954 0.9975490196078431 0.9983660130718954 0.9975490196078431 0.9983660130718954 0.9975490196078431 0.9983660130718954 0.9975490196078431 0.9983660130718954 0.9975490196078431 0.9983660130718954 0.9975490196078431 0.9983660130718954 0.9975490196078431 0.9983660130718954 0.9926470588235294 0.9983660130718954 0.9975490196078431 0.9983660130718954 0.9975490196078431 0.9983660130718954 0.9975490196078431 0.9983660130718954 0.9975490196078431 0.9983660130718954 0.9975490196078431 0.9983660130718954 0.9975490196078431 0.9983660130718954 0.9975490196078431 0.9983660130718954 0.9975490196078431 0.9983660130718954 0.9975490196078431 0.9983660130718954 0.9975490196078431 0.9983660130718954 0.9975490196078431 0.9983660130718954 0.8946078431372549 0.9983660130718954 0.8946078431372549 0.9983660130718954 0.8872549019607843 0.9983660130718954 0.8725490196078431 0.9983660130718954 0.8578431372549019 0.9983660130718954 0.8406862745098039 0.9983660130718954 0.7818627450980392 0.9983660130718954 0.7769607843137255 0.9983660130718954 0.7671568627450981 0.9983660130718954 0.7524509803921569 0.9983660130718954 0.7107843137254902 0.9983660130718954 0.6862745098039216 0.9983660130718954 0.6911764705882353 0.9983660130718954 0.7573529411764706 0.9983660130718954 0.7671568627450981 0.9983660130718954 0.7843137254901961 0.9983660130718954 0.7573529411764706 0.9983660130718954 0.7401960784313726 0.9983660130718954 0.7303921568627451 0.9983660130718954 0.7132352941176471 0.9983660130718954 0.6936274509803921 0.9983660130718954 0.6127450980392157 0.9983660130718954 0.5931372549019608 0.9983660130718954 0.5588235294117647 0.9983660130718954 0.5098039215686274 0.9983660130718954 0.4803921568627451 0.9983660130718954 0.4534313725490196 0.9983660130718954 0.4681372549019608 0.9983660130718954 0.4534313725490196 0.9983660130718954 0.4338235294117647 0.9983660130718954 0.37745098039215685 0.9983660130718954 0.37254901960784315 0.9983660130718954 0.39705882352941174 0.9983660130718954 0.3799019607843137 0.9983660130718954 0.3700980392156863 0.9983660130718954 0.36519607843137253 0.9983660130718954 0.3333333333333333 0.9983660130718954 0.3014705882352941 0.9983660130718954 0.2867647058823529 0.9983660130718954 0.2647058823529412 0.9983660130718954 0.25245098039215685 0.9983660130718954 0.25980392156862747 0.9983660130718954 0.22058823529411764 0.9983660130718954 0.20588235294117646 0.9983660130718954 0.22303921568627452 0.9983660130718954 0.21323529411764705 0.9983660130718954 0.22058823529411764 0.9983660130718954 0.19362745098039216 0.9983660130718954 0.1715686274509804 0.9983660130718954 0.18872549019607843 0.9983660130718954 0.18627450980392157 0.9983660130718954 0.21568627450980393 0.9983660130718954 0.20833333333333334 0.9983660130718954 0.22549019607843138 0.9983660130718954 0.22058823529411764 0.9983660130718954 0.23529411764705882 0.9983660130718954 0.23284313725490197 0.9983660130718954 0.2181372549019608 0.9983660130718954 0.20588235294117646 0.9983660130718954 0.20098039215686275 0.9983660130718954 0.23529411764705882 0.9983660130718954 0.25 0.9983660130718954 0.2769607843137255 0.9983660130718954 0.28921568627450983 0.9983660130718954 0.25 0.9983660130718954 0.22549019607843138 0.9983660130718954 0.22549019607843138 0.9983660130718954 0.21323529411764705 0.9983660130718954 0.18872549019607843 0.9983660130718954 0.18627450980392157 0.9983660130718954 0.13970588235294118 0.9983660130718954 0.10049019607843138 0.9983660130718954 0.03431372549019608 0.9983660130718954 0.029411764705882353 0.9983660130718954 0.012254901960784314 0.9983660130718954 0.012254901960784314 0.9983660130718954 0.024509803921568627 0.9983660130718954 0.029411764705882353 0.9983660130718954 0.10294117647058823 0.9983660130718954 0.12990196078431374 0.9983660130718954 0.14705882352941177 0.9983660130718954 0.14705882352941177 0.9983660130718954 0.125 0.9983660130718954 0.13480392156862744 0.9983660130718954 0.12254901960784313 0.9983660130718954 0.05392156862745098 0.9983660130718954 0.049019607843137254 0.9983660130718954 0.031862745098039214 0.9983660130718954 0.02696078431372549 0.9983660130718954 0.0392156862745098 0.9983660130718954 0.03676470588235294 0.9983660130718954 0.07107843137254902 0.9983660130718954 0.07598039215686274 0.9983660130718954 0.0661764705882353 0.9983660130718954 0.07107843137254902 0.9983660130718954 0.08088235294117647 0.8905228758169934 0.19362745098039216 0.880718954248366 0.17401960784313725 0.8643790849673203 0.18627450980392157 0.8545751633986928 0.17647058823529413 0.826797385620915 0.17647058823529413 0.8169934640522876 0.14705882352941177 0.8006535947712419 0.14460784313725492 0.7924836601307189 0.1323529411764706 0.7973856209150327 0.11519607843137254 0.7892156862745098 0.0661764705882353 0.7679738562091504 0.0661764705882353 0.7565359477124183 0.08088235294117647 0.7320261437908496 0.0857843137254902 0.7009803921568627 0.06372549019607843 0.6781045751633987 0.058823529411764705 0.6584967320261438 0.022058823529411766 0.6470588235294118 0.029411764705882353 0.6143790849673203 0.007352941176470588 0.5980392156862745 0.012254901960784314 0.5915032679738562 0.03676470588235294 0.5735294117647058 0.06372549019607843 0.5588235294117647 0.06862745098039216 0.5326797385620915 0.04411764705882353 0.5294117647058824 0.029411764705882353 0.511437908496732 0.03676470588235294 0.4950980392156863 0.012254901960784314 0.47058823529411764 0.02696078431372549 0.42810457516339867 0.007352941176470588 0.3872549019607843 0.0661764705882353 0.39869281045751637 0.0784313725490196 0.4035947712418301 0.11274509803921569 0.39052287581699346 0.1715686274509804 0.369281045751634 0.17647058823529413 0.3709150326797386 0.2181372549019608 0.36437908496732024 0.23284313725490197 0.3709150326797386 0.23774509803921567 0.36764705882352944 0.35294117647058826 0.37254901960784315 0.3627450980392157 0.3709150326797386 0.4068627450980392 0.3627450980392157 0.4117647058823529 0.3709150326797386 0.44362745098039214 0.39215686274509803 0.4534313725490196 0.4444444444444444 0.45588235294117646 0.4722222222222222 0.46568627450980393 0.4934640522875817 0.49019607843137253 0.5032679738562091 0.4877450980392157 0.5130718954248366 0.5269607843137255 0.5277777777777778 0.5416666666666666 0.5441176470588235 0.5784313725490197 0.5441176470588235 0.5931372549019608 0.5522875816993464 0.5980392156862745 0.5522875816993464 0.625 0.5441176470588235 0.6299019607843137 0.5555555555555556 0.6397058823529411 0.5571895424836601 0.7009803921568627 0.5473856209150327 0.7107843137254902 0.5433006535947712 0.7328431372549019 0.5212418300653595 0.7352941176470589 0.5 0.7622549019607843 0.4297385620915033 0.7573529411764706 0.4117647058823529 0.7745098039215687 0.41830065359477125 0.803921568627451 0.4150326797385621 0.8161764705882353 0.4264705882352941 0.8333333333333334 0.41830065359477125 0.8480392156862745 0.42320261437908496 0.8627450980392157 0.39869281045751637 0.9019607843137255 0.35947712418300654 0.9142156862745098 0.3660130718954248 0.9191176470588235 0.3627450980392157 0.9583333333333334 0.37254901960784315 0.9730392156862745 0.31209150326797386 0.9975490196078431 0.2777777777777778 0.9975490196078431 0.2679738562091503 0.9975490196078431 0.2549019607843137 0.9975490196078431 0.24673202614379086 0.9975490196078431 0.2222222222222222 0.9975490196078431 0.21895424836601307 0.9975490196078431 0.1781045751633987 0.9975490196078431 0.1111111111111111 0.9975490196078431 0.10294117647058823 0.9975490196078431 0.09477124183006536 0.9975490196078431 0.09477124183006536 0.9975490196078431 0.08496732026143791 0.9975490196078431 0.05555555555555555 0.9975490196078431 0.04738562091503268 0.9975490196078431 0.05555555555555555 0.9975490196078431 0.05392156862745098 0.9975490196078431 0.06372549019607843 0.9975490196078431 0.05392156862745098 0.9975490196078431 0.05065359477124183 0.9975490196078431 0.05555555555555555 0.9975490196078431 0.03431372549019608 0.9975490196078431 0.03758169934640523 0.9975490196078431 0.04738562091503268 0.9975490196078431 0.029411764705882353 0.9975490196078431 0.024509803921568627 0.9975490196078431 0.029411764705882353 0.9975490196078431