0 0.4852941176470588 0.6345679012345679 0.4934640522875817 0.6395061728395062 0.5049019607843137 0.6518518518518519 0.5065359477124183 0.6567901234567901 0.5016339869281046 0.6592592592592592 0.49836601307189543 0.6567901234567901 0.47549019607843135 0.6567901234567901 0.47058823529411764 0.654320987654321 0.46568627450980393 0.6469135802469136 0.46405228758169936 0.6370370370370371 0.4673202614379085 0.6320987654320988 0.48366013071895425 0.6345679012345679
0 0.10457516339869281 0.854320987654321 0.1111111111111111 0.8592592592592593 0.1111111111111111 0.8617283950617284 0.10130718954248366 0.8765432098765432 0.08986928104575163 0.8814814814814815 0.08496732026143791 0.8864197530864197 0.06699346405228758 0.8864197530864197 0.06535947712418301 0.8839506172839506 0.06045751633986928 0.8864197530864197 0.05392156862745098 0.8790123456790123 0.05228758169934641 0.8666666666666667 0.05718954248366013 0.8617283950617284 0.07026143790849673 0.8567901234567902 0.10294117647058823 0.854320987654321
0 0.2434640522875817 0.7950617283950617 0.25163398692810457 0.8 0.27941176470588236 0.8 0.28594771241830064 0.8024691358024691 0.29411764705882354 0.8123456790123457 0.29901960784313725 0.8123456790123457 0.3202614379084967 0.8246913580246914 0.32679738562091504 0.8345679012345679 0.32679738562091504 0.8395061728395061 0.3104575163398693 0.8395061728395061 0.29901960784313725 0.8320987654320988 0.2973856209150327 0.8345679012345679 0.272875816993464 0.8345679012345679 0.24019607843137256 0.8222222222222222 0.22549019607843138 0.8123456790123457 0.2238562091503268 0.8024691358024691 0.22875816993464052 0.7975308641975308 0.24183006535947713 0.7950617283950617
0 0.1503267973856209 0.817283950617284 0.15196078431372548 0.8197530864197531 0.16993464052287582 0.8197530864197531 0.1715686274509804 0.8222222222222222 0.19607843137254902 0.8222222222222222 0.19934640522875818 0.8197530864197531 0.20915032679738563 0.8246913580246914 0.22549019607843138 0.8246913580246914 0.25326797385620914 0.8395061728395061 0.26143790849673204 0.8469135802469135 0.26143790849673204 0.854320987654321 0.2581699346405229 0.8592592592592593 0.25326797385620914 0.8617283950617284 0.22875816993464052 0.8617283950617284 0.22712418300653595 0.8641975308641975 0.21405228758169934 0.8641975308641975 0.21241830065359477 0.8666666666666667 0.20261437908496732 0.8666666666666667 0.20098039215686275 0.8641975308641975 0.19117647058823528 0.8641975308641975 0.18137254901960784 0.8592592592592593 0.16339869281045752 0.8567901234567902 0.1323529411764706 0.8419753086419753 0.12091503267973856 0.8246913580246914 0.12418300653594772 0.8197530864197531 0.13071895424836602 0.817283950617284 0.14869281045751634 0.817283950617284
0 0.08986928104575163 0.9135802469135802 0.09967320261437909 0.9209876543209876 0.10130718954248366 0.9259259259259259 0.09477124183006536 0.9308641975308642 0.08823529411764706 0.9308641975308642 0.08333333333333333 0.9358024691358025 0.08006535947712418 0.9358024691358025 0.07026143790849673 0.945679012345679 0.058823529411764705 0.945679012345679 0.05718954248366013 0.9481481481481482 0.029411764705882353 0.945679012345679 0.017973856209150325 0.9407407407407408 0.013071895424836602 0.9358024691358025 0.013071895424836602 0.928395061728395 0.016339869281045753 0.9234567901234568 0.03758169934640523 0.9185185185185185 0.04411764705882353 0.9135802469135802 0.08823529411764706 0.9135802469135802
0 0.1830065359477124 0.8691358024691358 0.20261437908496732 0.8765432098765432 0.20751633986928106 0.8814814814814815 0.21241830065359477 0.8814814814814815 0.21895424836601307 0.8864197530864197 0.2369281045751634 0.8888888888888888 0.2581699346405229 0.908641975308642 0.26143790849673204 0.9135802469135802 0.25980392156862747 0.9209876543209876 0.23529411764705882 0.9234567901234568 0.22712418300653595 0.928395061728395 0.2107843137254902 0.928395061728395 0.20588235294117646 0.9259259259259259 0.19444444444444445 0.9111111111111111 0.19281045751633988 0.9135802469135802 0.18137254901960784 0.9135802469135802 0.17973856209150327 0.9160493827160494 0.16013071895424835 0.9160493827160494 0.15849673202614378 0.9135802469135802 0.1388888888888889 0.9111111111111111 0.1323529411764706 0.9061728395061729 0.119281045751634 0.9037037037037037 0.10620915032679738 0.8962962962962963 0.10457516339869281 0.8938271604938272 0.10457516339869281 0.8790123456790123 0.119281045751634 0.8666666666666667 0.16830065359477125 0.8641975308641975 0.18137254901960784 0.8691358024691358
0 0.35784313725490197 0.7777777777777778 0.35947712418300654 0.7876543209876543 0.35294117647058826 0.7925925925925926 0.3415032679738562 0.7901234567901234 0.3382352941176471 0.7851851851851852 0.3382352941176471 0.7728395061728395 0.34477124183006536 0.7703703703703704 0.3562091503267974 0.7777777777777778
0 0.2549019607843137 0.7703703703703704 0.2565359477124183 0.7728395061728395 0.2647058823529412 0.7728395061728395 0.27450980392156865 0.7802469135802469 0.27941176470588236 0.7876543209876543 0.27450980392156865 0.7950617283950617 0.2647058823529412 0.7950617283950617 0.2630718954248366 0.7975308641975308 0.24836601307189543 0.7950617283950617 0.24019607843137256 0.7876543209876543 0.22549019607843138 0.7851851851851852 0.21568627450980393 0.7777777777777778 0.21568627450980393 0.7728395061728395 0.22058823529411764 0.7703703703703704 0.22712418300653595 0.7728395061728395 0.25326797385620914 0.7703703703703704
0 0.3202614379084967 0.7333333333333333 0.3235294117647059 0.7382716049382716 0.3202614379084967 0.7432098765432099 0.3022875816993464 0.745679012345679 0.3006535947712418 0.7481481481481481 0.28104575163398693 0.7407407407407407 0.2777777777777778 0.7358024691358025 0.27941176470588236 0.7308641975308642 0.3104575163398693 0.7308641975308642 0.31209150326797386 0.7333333333333333 0.31862745098039214 0.7333333333333333
0 0.3839869281045752 0.674074074074074 0.39052287581699346 0.6814814814814815 0.40032679738562094 0.6839506172839506 0.4035947712418301 0.6888888888888889 0.39705882352941174 0.6987654320987654 0.3937908496732026 0.6962962962962963 0.37254901960784315 0.6962962962962963 0.35294117647058826 0.6814814814814815 0.35294117647058826 0.6765432098765433 0.35947712418300654 0.671604938271605 0.380718954248366 0.671604938271605 0.38235294117647056 0.674074074074074
0 0.32516339869281047 0.7555555555555555 0.32679738562091504 0.7753086419753087 0.32189542483660133 0.7802469135802469 0.28921568627450983 0.7777777777777778 0.27450980392156865 0.7679012345679013 0.27124183006535946 0.7604938271604939 0.28104575163398693 0.7530864197530864 0.315359477124183 0.7530864197530864 0.31699346405228757 0.7555555555555555 0.3235294117647059 0.7555555555555555
0 0.33986928104575165 0.691358024691358 0.3415032679738562 0.6938271604938272 0.3627450980392157 0.6962962962962963 0.3758169934640523 0.7037037037037037 0.3758169934640523 0.7111111111111111 0.36764705882352944 0.7111111111111111 0.3660130718954248 0.7135802469135802 0.3431372549019608 0.7111111111111111 0.3284313725490196 0.7037037037037037 0.32516339869281047 0.6987654320987654 0.32679738562091504 0.6938271604938272 0.3382352941176471 0.691358024691358
0 0.5277777777777778 0.6345679012345679 0.5359477124183006 0.6419753086419753 0.5343137254901961 0.6493827160493827 0.5196078431372549 0.6493827160493827 0.5065359477124183 0.6444444444444445 0.5016339869281046 0.6395061728395062 0.5049019607843137 0.6345679012345679 0.511437908496732 0.6345679012345679 0.5130718954248366 0.6320987654320988 0.5261437908496732 0.6345679012345679
0 0.3545751633986928 0.7135802469135802 0.3611111111111111 0.7160493827160493 0.369281045751634 0.725925925925926 0.37254901960784315 0.725925925925926 0.37745098039215685 0.7358024691358025 0.3758169934640523 0.7432098765432099 0.37254901960784315 0.7407407407407407 0.3660130718954248 0.7432098765432099 0.3382352941176471 0.7407407407407407 0.3235294117647059 0.725925925925926 0.32189542483660133 0.7160493827160493 0.3284313725490196 0.7111111111111111 0.3366013071895425 0.7086419753086419 0.3382352941176471 0.7111111111111111 0.35130718954248363 0.7111111111111111 0.35294117647058826 0.7135802469135802
0 0.4133986928104575 0.6469135802469136 0.4199346405228758 0.6518518518518519 0.42483660130718953 0.6518518518518519 0.43790849673202614 0.6641975308641975 0.44281045751633985 0.6641975308641975 0.4395424836601307 0.671604938271605 0.42810457516339867 0.6765432098765433 0.4117647058823529 0.6765432098765433 0.39215686274509803 0.6641975308641975 0.39052287581699346 0.6592592592592592 0.39215686274509803 0.6518518518518519 0.4117647058823529 0.6469135802469136
0 0.12254901960784313 0.9358024691358025 0.12745098039215685 0.9432098765432099 0.13398692810457516 0.945679012345679 0.14705882352941177 0.9580246913580247 0.16666666666666666 0.9654320987654321 0.17647058823529413 0.9654320987654321 0.18627450980392157 0.9728395061728395 0.1895424836601307 0.9777777777777777 0.1895424836601307 0.9851851851851852 0.18627450980392157 0.9925925925925926 0.17973856209150327 0.9975308641975309 0.10620915032679738 0.9950617283950617 0.10457516339869281 0.9925925925925926 0.08333333333333333 0.9925925925925926 0.08169934640522876 0.9901234567901235 0.07516339869281045 0.9901234567901235 0.07352941176470588 0.9925925925925926 0.05228758169934641 0.980246913580247 0.049019607843137254 0.9753086419753086 0.049019607843137254 0.9703703703703703 0.05392156862745098 0.9629629629629629 0.06372549019607843 0.9580246913580247 0.06535947712418301 0.9555555555555556 0.06045751633986928 0.9530864197530864 0.06372549019607843 0.9506172839506173 0.06699346405228758 0.9530864197530864 0.06862745098039216 0.9481481481481482 0.08169934640522876 0.9358024691358025 0.10130718954248366 0.928395061728395 0.11437908496732026 0.9308641975308642 0.12091503267973856 0.9358024691358025
0 0.3758169934640523 0.6518518518518519 0.38235294117647056 0.6567901234567901 0.38235294117647056 0.6641975308641975 0.37745098039215685 0.6691358024691358 0.36437908496732024 0.6666666666666666 0.35130718954248363 0.6592592592592592 0.3480392156862745 0.654320987654321 0.34967320261437906 0.6518518518518519 0.3741830065359477 0.6518518518518519