0 0.7320261437908496 0.7807881773399015 0.738562091503268 0.7832512315270936 0.7401960784313726 0.7857142857142857 0.738562091503268 0.7906403940886699 0.7303921568627451 0.7955665024630542 0.7189542483660131 0.7955665024630542 0.7124183006535948 0.8004926108374384 0.7026143790849673 0.8004926108374384 0.6879084967320261 0.7906403940886699 0.6879084967320261 0.7857142857142857 0.6928104575163399 0.7832512315270936 0.7107843137254902 0.7832512315270936 0.7124183006535948 0.7807881773399015 0.7303921568627451 0.7807881773399015
0 0.3382352941176471 0.9236453201970444 0.3431372549019608 0.9310344827586207 0.3431372549019608 0.9359605911330049 0.3366013071895425 0.9458128078817734 0.31862745098039214 0.958128078817734 0.29901960784313725 0.958128078817734 0.29248366013071897 0.9556650246305419 0.28594771241830064 0.9482758620689655 0.2826797385620915 0.9408866995073891 0.2826797385620915 0.9359605911330049 0.3088235294117647 0.9187192118226601 0.32679738562091504 0.9187192118226601 0.3366013071895425 0.9236453201970444
0 0.8464052287581699 0.8472906403940886 0.8496732026143791 0.8399014778325123 0.8562091503267973 0.8374384236453202 0.8856209150326797 0.8399014778325123 0.8872549019607843 0.8497536945812808 0.8839869281045751 0.8522167487684729 0.8594771241830066 0.854679802955665 0.8480392156862745 0.8472906403940886
0 0.049019607843137254 0.8177339901477833 0.049019607843137254 0.8226600985221675 0.04411764705882353 0.8275862068965517 0.024509803921568627 0.8349753694581281 0.014705882352941176 0.8349753694581281 0.011437908496732025 0.8325123152709359 0.00980392156862745 0.8300492610837439 0.011437908496732025 0.8201970443349754 0.032679738562091505 0.8177339901477833 0.03431372549019608 0.8152709359605911 0.0457516339869281 0.8152709359605911 0.04738562091503268 0.8177339901477833
0 0.7091503267973857 0.7832512315270936 0.7140522875816994 0.7807881773399015 0.7352941176470589 0.7807881773399015 0.7418300653594772 0.7857142857142857 0.7369281045751634 0.7931034482758621 0.7303921568627451 0.7955665024630542 0.7156862745098039 0.7955665024630542 0.7091503267973857 0.7857142857142857
0 0.9395424836601307 0.8719211822660099 0.9607843137254902 0.8842364532019704 0.9591503267973857 0.8916256157635468 0.9264705882352942 0.8916256157635468 0.9248366013071896 0.8891625615763546 0.9133986928104575 0.8891625615763546 0.9101307189542484 0.8866995073891626 0.9101307189542484 0.8817733990147784 0.9150326797385621 0.8768472906403941 0.9264705882352942 0.8719211822660099 0.9379084967320261 0.8719211822660099
0 0.5 0.8201970443349754 0.5016339869281046 0.8226600985221675 0.511437908496732 0.8226600985221675 0.5212418300653595 0.8300492610837439 0.5212418300653595 0.8349753694581281 0.5179738562091504 0.8374384236453202 0.5016339869281046 0.8399014778325123 0.5 0.8423645320197044 0.4934640522875817 0.8423645320197044 0.4803921568627451 0.8349753694581281 0.4869281045751634 0.8226600985221675 0.49836601307189543 0.8201970443349754
0 0.9101307189542484 0.9482758620689655 0.9117647058823529 0.9507389162561576 0.9199346405228758 0.9507389162561576 0.9379084967320261 0.9655172413793104 0.9428104575163399 0.9729064039408867 0.9428104575163399 0.9802955665024631 0.9362745098039216 0.9876847290640394 0.9199346405228758 0.9876847290640394 0.9068627450980392 0.9926108374384236 0.8872549019607843 0.9926108374384236 0.8627450980392157 0.9827586206896551 0.8562091503267973 0.9753694581280788 0.8529411764705882 0.958128078817734 0.8562091503267973 0.9532019704433498 0.8676470588235294 0.9482758620689655 0.9084967320261438 0.9482758620689655
0 0.49019607843137253 0.9261083743842364 0.49673202614379086 0.9310344827586207 0.5049019607843137 0.9310344827586207 0.5065359477124183 0.9334975369458128 0.5245098039215687 0.9334975369458128 0.5277777777777778 0.9384236453201971 0.5245098039215687 0.9482758620689655 0.5098039215686274 0.958128078817734 0.5 0.958128078817734 0.49836601307189543 0.9605911330049262 0.4803921568627451 0.9556650246305419 0.47058823529411764 0.9433497536945813 0.47058823529411764 0.9359605911330049 0.4738562091503268 0.9310344827586207 0.4803921568627451 0.9261083743842364 0.48856209150326796 0.9261083743842364
0 0.029411764705882353 0.8669950738916257 0.03104575163398693 0.8694581280788177 0.0392156862745098 0.8694581280788177 0.042483660130718956 0.8793103448275862 0.032679738562091505 0.8916256157635468 0.006535947712418301 0.8916256157635468 0.004901960784313725 0.8891625615763546 0.011437908496732025 0.8768472906403941 0.014705882352941176 0.8768472906403941 0.024509803921568627 0.8645320197044335 0.027777777777777776 0.8669950738916257
0 0.31209150326797386 0.8374384236453202 0.31699346405228757 0.8448275862068966 0.31209150326797386 0.8522167487684729 0.29901960784313725 0.8571428571428571 0.2973856209150327 0.854679802955665 0.28431372549019607 0.8522167487684729 0.27941176470588236 0.8448275862068966 0.28431372549019607 0.8399014778325123 0.2908496732026144 0.8399014778325123 0.29248366013071897 0.8374384236453202 0.3022875816993464 0.8374384236453202 0.30392156862745096 0.8349753694581281 0.3104575163398693 0.8374384236453202
0 0.10620915032679738 0.9002463054187192 0.058823529411764705 0.03694581280788178
0 0.38562091503267976 0.8349753694581281 0.3888888888888889 0.8374384236453202 0.39052287581699346 0.8472906403940886 0.3709150326797386 0.8571428571428571 0.3627450980392157 0.8571428571428571 0.34967320261437906 0.8522167487684729 0.3431372549019608 0.8423645320197044 0.36764705882352944 0.8325123152709359 0.3839869281045752 0.8349753694581281
0 0.10457516339869281 0.8399014778325123 0.10620915032679738 0.8325123152709359 0.11601307189542484 0.8275862068965517 0.13398692810457516 0.8275862068965517 0.13562091503267973 0.8349753694581281 0.1323529411764706 0.8399014778325123 0.12581699346405228 0.8448275862068966 0.11274509803921569 0.8448275862068966 0.10620915032679738 0.8399014778325123
0 0.22875816993464052 0.7192118226600985 0.23039215686274508 0.7241379310344828 0.21895424836601307 0.7315270935960592 0.21241830065359477 0.7315270935960592 0.20261437908496732 0.7241379310344828 0.20915032679738563 0.7192118226600985 0.22712418300653595 0.7192118226600985
0 0.06045751633986928 0.8866995073891626 0.06372549019607843 0.8916256157635468 0.06372549019607843 0.896551724137931 0.06045751633986928 0.9014778325123153 0.049019607843137254 0.9137931034482759 0.03431372549019608 0.9211822660098522 0.017973856209150325 0.9187192118226601 0.013071895424836602 0.9113300492610837 0.013071895424836602 0.9039408866995073 0.016339869281045753 0.8990147783251231 0.03431372549019608 0.8916256157635468 0.049019607843137254 0.8891625615763546 0.05065359477124183 0.8866995073891626 0.058823529411764705 0.8866995073891626
0 0.9656862745098039 0.9187192118226601 0.9673202614379085 0.9211822660098522 0.9771241830065359 0.9211822660098522 0.9950980392156863 0.9310344827586207 0.9950980392156863 0.9433497536945813 0.9918300653594772 0.9482758620689655 0.9591503267973857 0.9482758620689655 0.946078431372549 0.9433497536945813 0.9362745098039216 0.9334975369458128 0.934640522875817 0.9285714285714286 0.9379084967320261 0.9236453201970444 0.9411764705882353 0.9211822660098522 0.9509803921568627 0.9211822660098522 0.9526143790849673 0.9187192118226601 0.9640522875816994 0.9211822660098522
0 0.5147058823529411 0.9039408866995073 0.5163398692810458 0.9064039408866995 0.5294117647058824 0.9064039408866995 0.5359477124183006 0.9113300492610837 0.5375816993464052 0.916256157635468 0.5359477124183006 0.9211822660098522 0.5310457516339869 0.9285714285714286 0.5261437908496732 0.9310344827586207 0.5065359477124183 0.9310344827586207 0.4869281045751634 0.9236453201970444 0.4869281045751634 0.916256157635468 0.4918300653594771 0.9088669950738916 0.5130718954248366 0.9064039408866995
0 0.5277777777777778 0.9064039408866995 0.5359477124183006 0.9137931034482759 0.5359477124183006 0.9211822660098522 0.5294117647058824 0.9310344827586207 0.5277777777777778 0.9433497536945813 0.5147058823529411 0.9556650246305419 0.5 0.958128078817734 0.49836601307189543 0.9605911330049262 0.4803921568627451 0.9556650246305419 0.47058823529411764 0.9433497536945813 0.47058823529411764 0.9359605911330049 0.47549019607843135 0.9285714285714286 0.4820261437908497 0.9261083743842364 0.4934640522875817 0.9088669950738916 0.5261437908496732 0.9064039408866995
0 0.6715686274509803 0.9137931034482759 0.6879084967320261 0.9211822660098522 0.6895424836601307 0.9285714285714286 0.6879084967320261 0.9334975369458128 0.6699346405228758 0.9433497536945813 0.6454248366013072 0.9433497536945813 0.6339869281045751 0.9384236453201971 0.6241830065359477 0.9285714285714286 0.6258169934640523 0.9187192118226601 0.6372549019607843 0.9113300492610837 0.6699346405228758 0.9137931034482759
0 0.3790849673202614 0.7536945812807881 0.39052287581699346 0.7610837438423645 0.3888888888888889 0.7684729064039408 0.38235294117647056 0.770935960591133 0.3611111111111111 0.7660098522167488 0.3545751633986928 0.7610837438423645 0.3562091503267974 0.7536945812807881 0.37745098039215685 0.7536945812807881
0 0.18790849673202614 0.8817733990147784 0.1895424836601307 0.8842364532019704 0.19117647058823528 0.8817733990147784 0.1977124183006536 0.8817733990147784 0.2107843137254902 0.896551724137931 0.2107843137254902 0.9039408866995073 0.19281045751633988 0.9187192118226601 0.184640522875817 0.9187192118226601 0.1830065359477124 0.9211822660098522 0.1715686274509804 0.9211822660098522 0.16176470588235295 0.9137931034482759 0.16013071895424835 0.9113300492610837 0.16013071895424835 0.9014778325123153 0.1650326797385621 0.8916256157635468 0.16339869281045752 0.8866995073891626 0.1650326797385621 0.8842364532019704 0.16830065359477125 0.8817733990147784 0.18627450980392157 0.8817733990147784
0 0.4591503267973856 0.7746305418719212 0.03594771241830065 0.017241379310344827
0 0.738562091503268 0.8201970443349754 0.7549019607843137 0.812807881773399 0.7696078431372549 0.812807881773399 0.7826797385620915 0.8177339901477833 0.7859477124183006 0.8226600985221675 0.7826797385620915 0.8300492610837439 0.7761437908496732 0.8349753694581281 0.75 0.8349753694581281 0.7401960784313726 0.8275862068965517 0.738562091503268 0.8226600985221675
0 0.024509803921568627 0.8596059113300493 0.029411764705882353 0.8669950738916257 0.024509803921568627 0.874384236453202 0.011437908496732025 0.8817733990147784 0.008169934640522876 0.8866995073891626 0.00980392156862745 0.8891625615763546 0.006535947712418301 0.8891625615763546 0.006535947712418301 0.8842364532019704 0 0.8793103448275862 0 0.8620689655172413 0.0032679738562091504 0.8596059113300493 0.014705882352941176 0.8596059113300493 0.016339869281045753 0.8571428571428571 0.02287581699346405 0.8596059113300493
0 0.18137254901960784 0.8349753694581281 0.03594771241830065 0.019704433497536946
0 0.2826797385620915 0.8891625615763546 0.2875816993464052 0.8916256157635468 0.2908496732026144 0.9014778325123153 0.28594771241830064 0.9088669950738916 0.27450980392156865 0.9187192118226601 0.2549019607843137 0.9187192118226601 0.25 0.916256157635468 0.24673202614379086 0.9113300492610837 0.24673202614379086 0.8990147783251231 0.25 0.8940886699507389 0.25980392156862747 0.8891625615763546 0.28104575163398693 0.8891625615763546
0 0.6013071895424836 0.7758620689655172 0.6127450980392157 0.7807881773399015 0.6127450980392157 0.7857142857142857 0.5996732026143791 0.7881773399014779 0.5980392156862745 0.7906403940886699 0.5882352941176471 0.7881773399014779 0.5866013071895425 0.7807881773399015 0.5915032679738562 0.7758620689655172 0.5996732026143791 0.7758620689655172
0 0.6535947712418301 0.8300492610837439 0.6568627450980392 0.8374384236453202 0.6486928104575164 0.8423645320197044 0.6372549019607843 0.8423645320197044 0.6356209150326797 0.8448275862068966 0.619281045751634 0.8399014778325123 0.6160130718954249 0.8349753694581281 0.6176470588235294 0.8300492610837439 0.6225490196078431 0.8275862068965517 0.6503267973856209 0.8275862068965517 0.6519607843137255 0.8300492610837439
0 0.16830065359477125 0.8177339901477833 0.16993464052287582 0.8201970443349754 0.16666666666666666 0.8251231527093597 0.1503267973856209 0.8275862068965517 0.14869281045751634 0.8300492610837439 0.1388888888888889 0.8300492610837439 0.13562091503267973 0.8275862068965517 0.13398692810457516 0.8226600985221675 0.13725490196078433 0.8201970443349754 0.14705882352941177 0.8152709359605911 0.16176470588235295 0.8152709359605911 0.16666666666666666 0.8177339901477833
0 0.8366013071895425 0.7783251231527094 0.8415032679738562 0.7758620689655172 0.8660130718954249 0.7783251231527094 0.8790849673202614 0.7881773399014779 0.8823529411764706 0.7955665024630542 0.880718954248366 0.8054187192118226 0.8709150326797386 0.8054187192118226 0.869281045751634 0.8078817733990148 0.8676470588235294 0.8054187192118226 0.8545751633986928 0.8054187192118226 0.8496732026143791 0.8029556650246306 0.8366013071895425 0.7807881773399015
0 0.5686274509803921 0.8325123152709359 0.5702614379084967 0.8349753694581281 0.5784313725490197 0.8349753694581281 0.5816993464052288 0.8399014778325123 0.5784313725490197 0.8472906403940886 0.5702614379084967 0.8522167487684729 0.5571895424836601 0.8522167487684729 0.5473856209150327 0.8448275862068966 0.5490196078431373 0.8374384236453202 0.5669934640522876 0.8325123152709359
0 0.8447712418300654 0.8497536945812808 0.8529411764705882 0.8571428571428571 0.8545751633986928 0.8645320197044335 0.8513071895424836 0.8669950738916257 0.8415032679738562 0.8669950738916257 0.8398692810457516 0.8694581280788177 0.8218954248366013 0.8669950738916257 0.8202614379084967 0.8571428571428571 0.8316993464052288 0.8497536945812808 0.8431372549019608 0.8497536945812808
0 0.04411764705882353 0.9507389162561576 0.05392156862745098 0.958128078817734 0.05718954248366013 0.9729064039408867 0.05392156862745098 0.9778325123152709 0.04084967320261438 0.9827586206896551 0.03431372549019608 0.9802955665024631 0.027777777777777776 0.9729064039408867 0.02287581699346405 0.9729064039408867 0.021241830065359478 0.9704433497536946 0.021241830065359478 0.9605911330049262 0.03104575163398693 0.9507389162561576 0.042483660130718956 0.9507389162561576
0 0.39869281045751637 0.7068965517241379 0.40522875816993464 0.7093596059113301 0.40522875816993464 0.7142857142857143 0.3954248366013072 0.7192118226600985 0.380718954248366 0.7167487684729064 0.37745098039215685 0.7142857142857143 0.37745098039215685 0.7093596059113301 0.3790849673202614 0.7068965517241379 0.39705882352941174 0.7068965517241379
0 0.9313725490196079 0.8399014778325123 0.9411764705882353 0.8448275862068966 0.9444444444444444 0.8522167487684729 0.9411764705882353 0.8596059113300493 0.934640522875817 0.8620689655172413 0.9084967320261438 0.8620689655172413 0.8905228758169934 0.8522167487684729 0.8905228758169934 0.8448275862068966 0.8986928104575164 0.8399014778325123 0.9297385620915033 0.8399014778325123
0 0.8055555555555556 0.9556650246305419 0.8071895424836601 0.958128078817734 0.8316993464052288 0.9605911330049262 0.8349673202614379 0.9630541871921182 0.8349673202614379 0.9729064039408867 0.8284313725490197 0.9827586206896551 0.8218954248366013 0.9876847290640394 0.7973856209150327 0.9901477832512315 0.795751633986928 0.9926108374384236 0.7826797385620915 0.9901477832512315 0.7679738562091504 0.9802955665024631 0.761437908496732 0.9704433497536946 0.761437908496732 0.9630541871921182 0.7696078431372549 0.958128078817734 0.803921568627451 0.958128078817734
0 0.4477124183006536 0.8300492610837439 0.03594771241830065 0.019704433497536946
0 0.28921568627450983 0.7167487684729064 0.2908496732026144 0.7118226600985221 0.2973856209150327 0.7093596059113301 0.3137254901960784 0.7118226600985221 0.31209150326797386 0.7192118226600985 0.2973856209150327 0.7216748768472906 0.2908496732026144 0.7167487684729064
0 0.4411764705882353 0.9137931034482759 0.4477124183006536 0.9187192118226601 0.45751633986928103 0.9211822660098522 0.4591503267973856 0.9285714285714286 0.44607843137254904 0.9408866995073891 0.4411764705882353 0.9408866995073891 0.4362745098039216 0.9458128078817734 0.42320261437908496 0.9458128078817734 0.4150326797385621 0.9507389162561576 0.39705882352941174 0.9507389162561576 0.39215686274509803 0.9482758620689655 0.38235294117647056 0.9408866995073891 0.38235294117647056 0.9334975369458128 0.39215686274509803 0.9236453201970444 0.41013071895424835 0.9211822660098522 0.42810457516339867 0.9137931034482759 0.4395424836601307 0.9137931034482759
0 0.1454248366013072 0.7216748768472906 0.14705882352941177 0.7241379310344828 0.14215686274509803 0.7315270935960592 0.12581699346405228 0.7315270935960592 0.12091503267973856 0.7241379310344828 0.12254901960784313 0.7216748768472906 0.1437908496732026 0.7216748768472906
0 0.5735294117647058 0.7660098522167488 0.6013071895424836 0.7783251231527094 0.6078431372549019 0.7783251231527094 0.6111111111111112 0.7807881773399015 0.6111111111111112 0.7857142857142857 0.6045751633986928 0.7881773399014779 0.5882352941176471 0.7881773399014779 0.576797385620915 0.7832512315270936 0.565359477124183 0.7832512315270936 0.5571895424836601 0.7733990147783252 0.5571895424836601 0.7684729064039408 0.5604575163398693 0.7660098522167488 0.5718954248366013 0.7660098522167488
0 0.696078431372549 0.9458128078817734 0.7091503267973857 0.9556650246305419 0.7189542483660131 0.958128078817734 0.7303921568627451 0.9655172413793104 0.7303921568627451 0.9729064039408867 0.7189542483660131 0.9876847290640394 0.6993464052287581 0.9950738916256158 0.6764705882352942 0.9876847290640394 0.6650326797385621 0.9802955665024631 0.6601307189542484 0.9729064039408867 0.6601307189542484 0.9655172413793104 0.6650326797385621 0.958128078817734 0.6781045751633987 0.9532019704433498 0.6911764705882353 0.9433497536945813 0.6944444444444444 0.9458128078817734
0 0.7401960784313726 0.9261083743842364 0.7516339869281046 0.9334975369458128 0.7532679738562091 0.9433497536945813 0.75 0.9482758620689655 0.7369281045751634 0.9556650246305419 0.7173202614379085 0.9556650246305419 0.6977124183006536 0.9433497536945813 0.696078431372549 0.9359605911330049 0.7026143790849673 0.9285714285714286 0.7091503267973857 0.9285714285714286 0.7107843137254902 0.9261083743842364 0.738562091503268 0.9261083743842364
0 0.5571895424836601 0.7684729064039408 0.5604575163398693 0.7660098522167488 0.5718954248366013 0.7660098522167488 0.5784313725490197 0.770935960591133 0.5882352941176471 0.7733990147783252 0.5849673202614379 0.7807881773399015 0.5702614379084967 0.7832512315270936 0.5604575163398693 0.7783251231527094 0.5571895424836601 0.770935960591133
0 0.7140522875816994 0.8054187192118226 0.7156862745098039 0.8078817733990148 0.7238562091503268 0.8078817733990148 0.7336601307189542 0.8152709359605911 0.7303921568627451 0.8226600985221675 0.7156862745098039 0.8251231527093597 0.7140522875816994 0.8275862068965517 0.6977124183006536 0.8251231527093597 0.6895424836601307 0.8201970443349754 0.6911764705882353 0.812807881773399 0.696078431372549 0.8078817733990148 0.7124183006535948 0.8054187192118226
0 0.6029411764705882 0.9679802955665024 0.6078431372549019 0.9753694581280788 0.6062091503267973 0.9852216748768473 0.6013071895424836 0.9926108374384236 0.5898692810457516 0.9975369458128078 0.5571895424836601 0.9950738916256158 0.5490196078431373 0.9802955665024631 0.5490196078431373 0.9753694581280788 0.553921568627451 0.9679802955665024 0.5588235294117647 0.9655172413793104 0.5915032679738562 0.9630541871921182 0.6013071895424836 0.9679802955665024
0 0.24754901960784315 0.8312807881773399 0.03758169934640523 0.022167487684729065
0 0.24019607843137256 0.9285714285714286 0.24183006535947713 0.9408866995073891 0.238562091503268 0.9458128078817734 0.21405228758169934 0.958128078817734 0.20588235294117646 0.958128078817734 0.19444444444444445 0.9507389162561576 0.19444444444444445 0.9384236453201971 0.19934640522875818 0.9310344827586207 0.2173202614379085 0.9236453201970444 0.2369281045751634 0.9261083743842364 0.238562091503268 0.9285714285714286
0 0.30392156862745096 0.9064039408866995 0.31209150326797386 0.896551724137931 0.3284313725490196 0.8891625615763546 0.33986928104575165 0.8891625615763546 0.34967320261437906 0.8940886699507389 0.35294117647058826 0.8990147783251231 0.35294117647058826 0.9064039408866995 0.33986928104575165 0.916256157635468 0.3202614379084967 0.916256157635468 0.31862745098039214 0.9137931034482759 0.3104575163398693 0.9137931034482759 0.3055555555555556 0.9088669950738916