0 0.40032679738562094 0.282798833819242 0.4035947712418301 0.27988338192419826 0.4150326797385621 0.27988338192419826 0.42483660130718953 0.2915451895043732 0.42483660130718953 0.29737609329446063 0.40522875816993464 0.29737609329446063 0.40032679738562094 0.2857142857142857
0 0.3741830065359477 0.10204081632653061 0.38235294117647056 0.11078717201166181 0.380718954248366 0.11661807580174927 0.36764705882352944 0.11370262390670553 0.3660130718954248 0.10495626822157435 0.36764705882352944 0.10204081632653061 0.37254901960784315 0.10204081632653061
0 0.369281045751634 0.0058309037900874635 0.37745098039215685 0.011661807580174927 0.380718954248366 0.01749271137026239 0.380718954248366 0.026239067055393587 0.3741830065359477 0.037900874635568516 0.36764705882352944 0.037900874635568516 0.35784313725490197 0.029154518950437316 0.3562091503267974 0.011661807580174927 0.35947712418300654 0.0058309037900874635 0.36764705882352944 0.0058309037900874635
0 0.4215686274509804 0.46938775510204084 0.42810457516339867 0.4752186588921283 0.4362745098039216 0.4897959183673469 0.4362745098039216 0.5043731778425656 0.4297385620915033 0.5102040816326531 0.41830065359477125 0.5102040816326531 0.4117647058823529 0.5160349854227405 0.39052287581699346 0.5160349854227405 0.3888888888888889 0.5131195335276968 0.37254901960784315 0.5102040816326531 0.3709150326797386 0.5043731778425656 0.38235294117647056 0.4897959183673469 0.39215686274509803 0.4839650145772595 0.3954248366013072 0.46938775510204084 0.4199346405228758 0.46938775510204084
0 0.5261437908496732 0.011661807580174927 0.5277777777777778 0.014577259475218658 0.545751633986928 0.02040816326530612 0.5506535947712419 0.026239067055393587 0.5490196078431373 0.029154518950437316 0.5212418300653595 0.02040816326530612 0.5179738562091504 0.01749271137026239 0.5179738562091504 0.014577259475218658 0.5196078431372549 0.011661807580174927 0.5245098039215687 0.011661807580174927
0 0.3888888888888889 0.6909620991253644 0.40032679738562094 0.6997084548104956 0.4084967320261438 0.7142857142857143 0.4117647058823529 0.7259475218658892 0.4068627450980392 0.7317784256559767 0.3872549019607843 0.7317784256559767 0.3741830065359477 0.7142857142857143 0.37254901960784315 0.7084548104956269 0.3741830065359477 0.7026239067055393 0.3790849673202614 0.6938775510204082 0.3872549019607843 0.6909620991253644
0 0.4395424836601307 0.9446064139941691 0.4444444444444444 0.9475218658892128 0.4591503267973856 0.9708454810495627 0.4591503267973856 0.9912536443148688 0.45751633986928103 0.9941690962099126 0.43790849673202614 0.9941690962099126 0.4362745098039216 0.9970845481049563 0.4166666666666667 0.9970845481049563 0.4133986928104575 0.9912536443148688 0.4133986928104575 0.9708454810495627 0.41830065359477125 0.9475218658892128 0.42320261437908496 0.9416909620991254 0.4264705882352941 0.9387755102040817 0.434640522875817 0.9387755102040817 0.43790849673202614 0.9446064139941691
0 0.4035947712418301 0.6122448979591837 0.4084967320261438 0.6151603498542274 0.42320261437908496 0.6355685131195336 0.42320261437908496 0.6443148688046647 0.4150326797385621 0.6530612244897959 0.3954248366013072 0.6501457725947521 0.3872549019607843 0.6443148688046647 0.3839869281045752 0.6384839650145773 0.3839869281045752 0.6209912536443148 0.3872549019607843 0.6151603498542274 0.39052287581699346 0.6122448979591837 0.4019607843137255 0.6122448979591837
0 0.40032679738562094 0.3032069970845481 0.4035947712418301 0.30612244897959184 0.40522875816993464 0.3177842565597668 0.39869281045751637 0.3236151603498542 0.3954248366013072 0.3206997084548105 0.3839869281045752 0.3206997084548105 0.38235294117647056 0.3177842565597668 0.38235294117647056 0.3119533527696793 0.38562091503267976 0.30612244897959184 0.39869281045751637 0.3032069970845481
0 0.37254901960784315 0.41690962099125367 0.37745098039215685 0.4227405247813411 0.3790849673202614 0.42857142857142855 0.37745098039215685 0.43440233236151604 0.3627450980392157 0.43440233236151604 0.35947712418300654 0.42857142857142855 0.35947712418300654 0.4198250728862974 0.3627450980392157 0.41690962099125367 0.3709150326797386 0.41690962099125367
0 0.4068627450980392 0.4198250728862974 0.41013071895424835 0.41690962099125367 0.41830065359477125 0.41690962099125367 0.4444444444444444 0.43731778425655976 0.45588235294117646 0.4402332361516035 0.46078431372549017 0.4489795918367347 0.46078431372549017 0.4606413994169096 0.4624183006535948 0.46355685131195334 0.4591503267973856 0.46938775510204084 0.4362745098039216 0.46938775510204084 0.4297385620915033 0.46355685131195334 0.4150326797385621 0.46355685131195334 0.4117647058823529 0.4606413994169096 0.41013071895424835 0.44314868804664725 0.40522875816993464 0.4314868804664723 0.4068627450980392 0.4227405247813411
0 0.39869281045751637 0.24489795918367346 0.40522875816993464 0.2536443148688047 0.40522875816993464 0.26239067055393583 0.40032679738562094 0.26822157434402333 0.38562091503267976 0.26822157434402333 0.3839869281045752 0.2653061224489796 0.3790849673202614 0.2653061224489796 0.3741830065359477 0.2565597667638484 0.3741830065359477 0.2536443148688047 0.38235294117647056 0.24198250728862974 0.39052287581699346 0.239067055393586 0.39705882352941174 0.24489795918367346
0 0.4362745098039216 0.5510204081632653 0.4477124183006536 0.5685131195335277 0.4493464052287582 0.5801749271137027 0.45098039215686275 0.5860058309037901 0.45588235294117646 0.5918367346938775 0.45588235294117646 0.597667638483965 0.44607843137254904 0.597667638483965 0.434640522875817 0.6064139941690962 0.42810457516339867 0.6064139941690962 0.4166666666666667 0.597667638483965 0.41013071895424835 0.5830903790087464 0.3888888888888889 0.5830903790087464 0.3758169934640523 0.5685131195335277 0.3758169934640523 0.5626822157434402 0.3954248366013072 0.5568513119533528 0.41013071895424835 0.5481049562682215 0.42810457516339867 0.5451895043731778 0.434640522875817 0.5510204081632653
0 0.4395424836601307 0.6355685131195336 0.4477124183006536 0.6297376093294461 0.4673202614379085 0.6326530612244898 0.47549019607843135 0.6384839650145773 0.47549019607843135 0.6443148688046647 0.4803921568627451 0.6559766763848397 0.4803921568627451 0.6647230320699709 0.47549019607843135 0.6705539358600583 0.47058823529411764 0.6705539358600583 0.46895424836601307 0.673469387755102 0.4493464052287582 0.673469387755102 0.434640522875817 0.6647230320699709 0.43300653594771243 0.6588921282798834 0.43790849673202614 0.6501457725947521 0.43790849673202614 0.641399416909621 0.4395424836601307 0.6384839650145773
0 0.36764705882352944 0.0728862973760933 0.37745098039215685 0.0728862973760933 0.39215686274509803 0.08746355685131195 0.39215686274509803 0.09037900874635568 0.3660130718954248 0.09037900874635568 0.36437908496732024 0.08746355685131195 0.36764705882352944 0.07580174927113703
0 0.380718954248366 0.18950437317784258 0.4068627450980392 0.18950437317784258 0.41013071895424835 0.19533527696793002 0.4084967320261438 0.19825072886297376 0.41013071895424835 0.20408163265306123 0.4150326797385621 0.21282798833819241 0.4133986928104575 0.21574344023323616 0.4150326797385621 0.21865889212827988 0.4133986928104575 0.22157434402332363 0.4133986928104575 0.23323615160349853 0.3872549019607843 0.23323615160349853 0.37254901960784315 0.21574344023323616 0.37254901960784315 0.21282798833819241 0.3790849673202614 0.2099125364431487 0.38235294117647056 0.20408163265306123 0.380718954248366 0.1924198250728863
0 0.44607843137254904 0.8425655976676385 0.4526143790849673 0.8571428571428571 0.4526143790849673 0.8629737609329446 0.45588235294117646 0.8717201166180758 0.45588235294117646 0.880466472303207 0.44607843137254904 0.892128279883382 0.4215686274509804 0.8862973760932945 0.4084967320261438 0.8658892128279884 0.4084967320261438 0.8542274052478134 0.4215686274509804 0.8338192419825073 0.43300653594771243 0.8338192419825073 0.4444444444444444 0.8425655976676385
0 0.38235294117647056 0.35276967930029157 0.4035947712418301 0.3673469387755102 0.40522875816993464 0.37026239067055394 0.40522875816993464 0.37900874635568516 0.3872549019607843 0.37900874635568516 0.38562091503267976 0.3760932944606414 0.3660130718954248 0.37026239067055394 0.36437908496732024 0.3673469387755102 0.3660130718954248 0.36151603498542273 0.3758169934640523 0.35276967930029157 0.380718954248366 0.35276967930029157
0 0.3888888888888889 0.061224489795918366 0.39705882352941174 0.0728862973760933 0.3954248366013072 0.07580174927113703 0.3839869281045752 0.07580174927113703 0.380718954248366 0.0728862973760933 0.3758169934640523 0.061224489795918366 0.3790849673202614 0.05539358600583091 0.3839869281045752 0.05539358600583091 0.3872549019607843 0.061224489795918366