0 0.8461277173913043 0.04732789855072464 0.852921195652174 0.050498188405797104 0.8746603260869565 0.05344202898550725 0.8865489130434783 0.058197463768115944 0.9008152173913043 0.06046195652173913 0.9144021739130435 0.07767210144927536 0.9317255434782609 0.08718297101449275 0.9408967391304348 0.09533514492753623 0.9402173913043478 0.09895833333333333 0.9245923913043478 0.10258152173913043 0.8807744565217391 0.10348731884057971 0.8641304347826086 0.10552536231884058 0.8491847826086957 0.10507246376811594 0.8186141304347826 0.09918478260869565 0.796875 0.08990036231884058 0.7866847826086957 0.08197463768115942 0.7683423913043478 0.07835144927536232 0.7506793478260869 0.06793478260869565 0.7523777173913043 0.06408514492753623 0.7588315217391305 0.06136775362318841 0.7894021739130435 0.05344202898550725 0.8172554347826086 0.04846014492753623 0.8457880434782609 0.04732789855072464
0 0.9354619565217391 0.050271739130434784 0.9578804347826086 0.05298913043478261 0.9816576086956522 0.06182065217391304 0.9996603260869565 0.06408514492753623 0.9996603260869565 0.09420289855072464 0.9898097826086957 0.09556159420289854 0.9538043478260869 0.09103260869565218 0.9459918478260869 0.09216485507246377 0.9385190217391305 0.0901268115942029 0.9116847826086957 0.07631340579710146 0.9008152173913043 0.06544384057971014 0.8834918478260869 0.058650362318840576 0.8838315217391305 0.05389492753623189 0.8930027173913043 0.050951086956521736 0.9351222826086957 0.050271739130434784
0 0.6929347826086957 0.48596014492753625 0.7065217391304348 0.48777173913043476 0.7241847826086957 0.49343297101449274 0.7415081521739131 0.4947916666666667 0.7533967391304348 0.49818840579710144 0.7652853260869565 0.5047554347826086 0.7686820652173914 0.5049818840579711 0.7764945652173914 0.5009057971014492 0.7829483695652174 0.5015851449275363 0.8016304347826086 0.5124547101449275 0.8074048913043478 0.5190217391304348 0.8070652173913043 0.5260416666666666 0.7944972826086957 0.5301177536231884 0.7615489130434783 0.5274003623188406 0.7411684782608695 0.5221920289855072 0.7116168478260869 0.521286231884058 0.688858695652174 0.5237771739130435 0.6579483695652174 0.5190217391304348 0.6266983695652174 0.5230978260869565 0.6127717391304348 0.5215126811594203 0.6066576086956522 0.5160778985507246 0.608016304347826 0.511322463768116 0.6124320652173914 0.5088315217391305 0.631453804347826 0.5031702898550725 0.6372282608695652 0.499320652173913 0.6542119565217391 0.4988677536231884 0.6749320652173914 0.49320652173913043 0.6807065217391305 0.48777173913043476 0.6925951086956522 0.48596014492753625
0 0.9996603260869565 0.8874547101449275 0.9996603260869565 0.9764492753623188 0.9945652173913043 0.9771286231884058 0.9741847826086957 0.973052536231884 0.9663722826086957 0.9612771739130435 0.9656929347826086 0.954483695652174 0.9714673913043478 0.9035326086956522 0.9799592391304348 0.8956068840579711 0.9993206521739131 0.8874547101449275
0 0.7105978260869565 0.19134963768115942 0.7156929347826086 0.19316123188405798 0.7207880434782609 0.19202898550724637 0.7306385869565217 0.19519927536231885 0.7445652173913043 0.19519927536231885 0.7544157608695652 0.19791666666666666 0.7863451086956522 0.19769021739130435 0.8012907608695652 0.20267210144927536 0.8070652173913043 0.20969202898550723 0.7938179347826086 0.21693840579710144 0.787703804347826 0.22305253623188406 0.7853260869565217 0.23505434782608695 0.7795516304347826 0.23528079710144928 0.7686820652173914 0.22576992753623187 0.7523777173913043 0.22010869565217392 0.7258831521739131 0.21784420289855072 0.7143342391304348 0.22010869565217392 0.7065217391304348 0.22735507246376813 0.7061820652173914 0.23143115942028986 0.7099184782608695 0.23550724637681159 0.7289402173913043 0.24094202898550723 0.7299592391304348 0.24456521739130435 0.7275815217391305 0.245018115942029 0.6837635869565217 0.2427536231884058 0.6586277173913043 0.23777173913043478 0.6555706521739131 0.2346014492753623 0.6545516304347826 0.22327898550724637 0.6321331521739131 0.2067481884057971 0.6334918478260869 0.2033514492753623 0.6399456521739131 0.2067481884057971 0.6463994565217391 0.20471014492753623 0.6610054347826086 0.20493659420289856 0.6858016304347826 0.19316123188405798 0.7102581521739131 0.19134963768115942
0 0.6694972826086957 0.18636775362318841 0.6844429347826086 0.18840579710144928 0.6851222826086957 0.192481884057971 0.6630434782608695 0.20629528985507245 0.6606657608695652 0.2105978260869565 0.6511548913043478 0.21422101449275363 0.6382472826086957 0.21331521739130435 0.6287364130434783 0.2028985507246377 0.6477581521739131 0.19270833333333334 0.6691576086956522 0.18636775362318841
0 0.35971467391304346 0.24433876811594202 0.3841711956521739 0.25339673913043476 0.38552989130434784 0.2586050724637681 0.3804347826086957 0.2617753623188406 0.34816576086956524 0.2617753623188406 0.29483695652173914 0.2651721014492754 0.28023097826086957 0.26290760869565216 0.28091032608695654 0.2597373188405797 0.28464673913043476 0.25792572463768115 0.30434782608695654 0.25249094202898553 0.359375 0.24433876811594202
0 0.374320652173913 0.6659873188405797 0.4116847826086957 0.6741394927536232 0.4201766304347826 0.6850090579710145 0.4201766304347826 0.6890851449275363 0.4157608695652174 0.6940670289855072 0.39741847826086957 0.6985960144927537 0.38688858695652173 0.6976902173913043 0.3733016304347826 0.7038043478260869 0.34816576086956524 0.7047101449275363 0.33491847826086957 0.7085597826086957 0.3033288043478261 0.7112771739130435 0.2890625 0.7189764492753623 0.2669836956521739 0.7210144927536232 0.25747282608695654 0.7203351449275363 0.25101902173913043 0.7171648550724637 0.24558423913043478 0.7099184782608695 0.24592391304347827 0.7062952898550725 0.2516983695652174 0.6983695652173914 0.27785326086956524 0.6886322463768116 0.2836277173913043 0.6802536231884058 0.3250679347826087 0.6684782608695652 0.37398097826086957 0.6659873188405797
0 0.265625 0.07110507246376811 0.2798913043478261 0.07314311594202899 0.28940217391304346 0.078125 0.29110054347826086 0.08152173913043478 0.2673233695652174 0.08333333333333333 0.2516983695652174 0.08718297101449275 0.21297554347826086 0.08310688405797101 0.20889945652173914 0.08152173913043478 0.21025815217391305 0.078125 0.23641304347826086 0.07246376811594203 0.26528532608695654 0.07110507246376811
0 0.40964673913043476 0.798233695652174 0.41779891304347827 0.8002717391304348 0.4296875 0.806838768115942 0.45108695652173914 0.8120471014492754 0.46773097826086957 0.8222373188405797 0.4779211956521739 0.8226902173913043 0.4904891304347826 0.8186141304347826 0.5010190217391305 0.8199728260869565 0.5084918478260869 0.8285778985507246 0.5363451086956522 0.8369565217391305 0.5438179347826086 0.8523550724637681 0.5397418478260869 0.860733695652174 0.5180027173913043 0.8713768115942029 0.5152853260869565 0.8777173913043478 0.5010190217391305 0.8817934782608695 0.48811141304347827 0.8881340579710145 0.46365489130434784 0.8937952898550725 0.4422554347826087 0.9024003623188406 0.42934782608695654 0.9053442028985508 0.41745923913043476 0.9055706521739131 0.38009510869565216 0.8967391304347826 0.35903532608695654 0.9024003623188406 0.33152173913043476 0.9024003623188406 0.328125 0.9008152173913043 0.33152173913043476 0.8899456521739131 0.32608695652173914 0.8824728260869565 0.320991847826087 0.8799818840579711 0.3094429347826087 0.8845108695652174 0.297554347826087 0.8851902173913043 0.272758152173913 0.8808876811594203 0.2632472826086957 0.8729619565217391 0.258491847826087 0.8568840579710145 0.2591711956521739 0.8453351449275363 0.264945652173913 0.8349184782608695 0.28328804347826086 0.8247282608695652 0.32404891304347827 0.8154438405797102 0.3624320652173913 0.8018568840579711 0.3733016304347826 0.801177536231884 0.38722826086956524 0.8034420289855072 0.3970788043478261 0.7984601449275363 0.4093070652173913 0.798233695652174
0 0.4663722826086957 0.1453804347826087 0.4983016304347826 0.15285326086956522 0.5010190217391305 0.15443840579710144 0.499320652173913 0.15783514492753623 0.4500679347826087 0.16394927536231885 0.43478260869565216 0.16145833333333334 0.4320652173913043 0.15896739130434784 0.42085597826086957 0.1560235507246377 0.41847826086956524 0.15443840579710144 0.4205163043478261 0.15104166666666666 0.4388586956521739 0.145606884057971 0.46603260869565216 0.1453804347826087
0 0.4127038043478261 0.029891304347826088 0.4673913043478261 0.03917572463768116 0.4656929347826087 0.043251811594202896 0.44633152173913043 0.04528985507246377 0.4391983695652174 0.04868659420289855 0.43240489130434784 0.04868659420289855 0.421875 0.043478260869565216 0.3882472826086957 0.043478260869565216 0.37941576086956524 0.041440217391304345 0.37873641304347827 0.03917572463768116 0.38485054347826086 0.036458333333333336 0.40421195652173914 0.030344202898550724 0.4123641304347826 0.029891304347826088
0 0.2758152173913043 0.29981884057971014 0.28872282608695654 0.30480072463768115 0.30740489130434784 0.3063858695652174 0.31759510869565216 0.30978260869565216 0.32438858695652173 0.31023550724637683 0.3359375 0.307518115942029 0.3569972826086957 0.3122735507246377 0.3658288043478261 0.317481884057971 0.3671875 0.3211050724637681 0.34782608695652173 0.32653985507246375 0.34273097826086957 0.3319746376811594 0.32846467391304346 0.33582427536231885 0.2829483695652174 0.3367300724637681 0.25577445652173914 0.32993659420289856 0.21637228260869565 0.3285778985507246 0.21161684782608695 0.323143115942029 0.21705163043478262 0.3129528985507246 0.25509510869565216 0.30502717391304346 0.2686820652173913 0.3041213768115942 0.27547554347826086 0.30004528985507245
0 0.4327445652173913 0.10756340579710146 0.4466711956521739 0.11911231884057971 0.44327445652173914 0.12318840579710146 0.4358016304347826 0.125 0.4266304347826087 0.12318840579710146 0.4201766304347826 0.11616847826086957 0.4235733695652174 0.10960144927536232 0.43240489130434784 0.10756340579710146
0 0.8182744565217391 0.1587409420289855 0.845108695652174 0.161231884057971 0.8495244565217391 0.16508152173913043 0.8406929347826086 0.1721014492753623 0.828125 0.17527173913043478 0.8274456521739131 0.18568840579710144 0.8209918478260869 0.18840579710144928 0.8175951086956522 0.1875 0.8074048913043478 0.1899909420289855 0.8036684782608695 0.19270833333333334 0.8002717391304348 0.19202898550724637 0.7965353260869565 0.1949728260869565 0.7894021739130435 0.1947463768115942 0.7897418478260869 0.19678442028985507 0.796875 0.19746376811594202 0.8070652173913043 0.20516304347826086 0.8084239130434783 0.20991847826086957 0.7961956521739131 0.21693840579710144 0.7853260869565217 0.2269021739130435 0.7873641304347826 0.2341485507246377 0.7792119565217391 0.2346014492753623 0.7771739130434783 0.23007246376811594 0.759171195652174 0.2212409420289855 0.720108695652174 0.21739130434782608 0.7129755434782609 0.22010869565217392 0.7055027173913043 0.22803442028985507 0.709578804347826 0.23641304347826086 0.7282608695652174 0.24116847826086957 0.717391304347826 0.24343297101449277 0.6820652173913043 0.24207427536231885 0.6606657608695652 0.23777173913043478 0.6559103260869565 0.2341485507246377 0.654891304347826 0.223731884057971 0.6328125 0.2103713768115942 0.6294157608695652 0.20199275362318841 0.6436820652173914 0.19429347826086957 0.6647418478260869 0.18659420289855072 0.686141304347826 0.18704710144927536 0.7211277173913043 0.17617753623188406 0.7449048913043478 0.1646286231884058 0.7758152173913043 0.16055253623188406 0.8179347826086957 0.1587409420289855
0 0.31148097826086957 0.09578804347826086 0.3345788043478261 0.09963768115942029 0.35122282608695654 0.09873188405797101 0.3617527173913043 0.10212862318840579 0.36277173913043476 0.1057518115942029 0.3372961956521739 0.11277173913043478 0.297554347826087 0.11480978260869565 0.25985054347826086 0.11163949275362318 0.2523777173913043 0.10914855072463768 0.2523777173913043 0.1057518115942029 0.26154891304347827 0.10190217391304347 0.27615489130434784 0.09918478260869565 0.29585597826086957 0.09601449275362318 0.3111413043478261 0.09578804347826086
0 0.3814538043478261 0.017889492753623188 0.397758152173913 0.018795289855072464 0.4079483695652174 0.022418478260869564 0.41372282608695654 0.026494565217391304 0.40183423913043476 0.029211956521739132 0.3685461956521739 0.028985507246376812 0.35360054347826086 0.026041666666666668 0.35529891304347827 0.022418478260869564 0.367866847826087 0.018568840579710144 0.3811141304347826 0.017889492753623188
0 0.5862771739130435 0.40783514492753625 0.5988451086956522 0.40919384057971014 0.6229619565217391 0.41870471014492755 0.6413043478260869 0.4164402173913043 0.6511548913043478 0.41961050724637683 0.6579483695652174 0.42527173913043476 0.65625 0.42957427536231885 0.6368885869565217 0.4427083333333333 0.5927309782608695 0.45131340579710144 0.578125 0.45063405797101447 0.5648777173913043 0.4461050724637681 0.5546875 0.43908514492753625 0.5563858695652174 0.4316123188405797 0.5509510869565217 0.427536231884058 0.5360054347826086 0.427536231884058 0.5288722826086957 0.42595108695652173 0.5244565217391305 0.4223278985507246 0.5251358695652174 0.4182518115942029 0.5390625 0.4110054347826087 0.5859375 0.40783514492753625
0 0.5509510869565217 0.18206521739130435 0.571671195652174 0.18568840579710144 0.5764266304347826 0.18908514492753623 0.5760869565217391 0.1933876811594203 0.5991847826086957 0.203125 0.5883152173913043 0.20516304347826086 0.5472146739130435 0.20629528985507245 0.5088315217391305 0.20108695652173914 0.4945652173913043 0.20199275362318841 0.4704483695652174 0.1995018115942029 0.4748641304347826 0.19904891304347827 0.4819972826086957 0.19202898550724637 0.49422554347826086 0.18817934782608695 0.5084918478260869 0.1875 0.5394021739130435 0.1816123188405797 0.5506114130434783 0.18206521739130435
0 0.8325407608695652 0.15828804347826086 0.8488451086956522 0.16168478260869565 0.8491847826086957 0.16666666666666666 0.8413722826086957 0.171875 0.7900815217391305 0.1743659420289855 0.7510190217391305 0.17391304347826086 0.7387907608695652 0.17074275362318841 0.7381114130434783 0.1682518115942029 0.7438858695652174 0.16485507246376813 0.7764945652173914 0.16032608695652173 0.8322010869565217 0.15828804347826086
0 0.9898097826086957 0.36277173913043476 0.020380434782608696 0.024003623188405796