0 0.974609375 0.5 0.982421875 0.5052083333333334 0.982421875 0.5086805555555556 0.9794921875 0.5121527777777778 0.9677734375 0.5121527777777778 0.962890625 0.5069444444444444 0.9638671875 0.5017361111111112 0.9736328125 0.5
0 0.76171875 0.8055555555555556 0.79296875 0.8246527777777778 0.79296875 0.8315972222222222 0.7890625 0.8385416666666666 0.7880859375 0.8454861111111112 0.7822265625 0.8541666666666666 0.7734375 0.8611111111111112 0.76171875 0.8611111111111112 0.755859375 0.8559027777777778 0.7529296875 0.8489583333333334 0.7529296875 0.8368055555555556 0.7568359375 0.8333333333333334 0.7548828125 0.8072916666666666 0.7607421875 0.8055555555555556
0 0.83984375 0.6197916666666666 0.8447265625 0.625 0.85546875 0.6197916666666666 0.8662109375 0.6197916666666666 0.8759765625 0.625 0.8759765625 0.6319444444444444 0.8671875 0.6371527777777778 0.8525390625 0.6336805555555556 0.845703125 0.6267361111111112 0.837890625 0.6354166666666666 0.8212890625 0.6354166666666666 0.8173828125 0.6284722222222222 0.8193359375 0.6215277777777778 0.8388671875 0.6197916666666666
0 0.916015625 0.5659722222222222 0.91796875 0.5746527777777778 0.9091796875 0.5815972222222222 0.896484375 0.578125 0.8935546875 0.5746527777777778 0.8935546875 0.5694444444444444 0.9013671875 0.5642361111111112 0.9150390625 0.5659722222222222
0 0.9248046875 0.6041666666666666 0.935546875 0.6076388888888888 0.9375 0.6145833333333334 0.9287109375 0.6215277777777778 0.919921875 0.6197916666666666 0.9140625 0.6111111111111112 0.91796875 0.6059027777777778 0.923828125 0.6059027777777778
0 0.6240234375 0.7847222222222222 0.64453125 0.8194444444444444 0.62890625 0.8420138888888888 0.6298828125 0.8559027777777778 0.6279296875 0.8628472222222222 0.62109375 0.8715277777777778 0.61328125 0.875 0.6025390625 0.8715277777777778 0.595703125 0.8559027777777778 0.5732421875 0.8506944444444444 0.56640625 0.8402777777777778 0.564453125 0.8315972222222222 0.572265625 0.8020833333333334 0.5810546875 0.7934027777777778 0.59375 0.7899305555555556 0.6044921875 0.796875 0.6123046875 0.796875 0.6162109375 0.7951388888888888 0.619140625 0.7864583333333334 0.623046875 0.7847222222222222
0 0.42529296875 0.75 0.0302734375 0.027777777777777776
0 0.7939453125 0.6840277777777778 0.796875 0.6875 0.7958984375 0.6944444444444444 0.7861328125 0.703125 0.77734375 0.7048611111111112 0.765625 0.703125 0.76171875 0.6961805555555556 0.76171875 0.6857638888888888 0.763671875 0.6822916666666666 0.79296875 0.6840277777777778
0 0.9453125 0.5399305555555556 0.9462890625 0.5364583333333334 0.95703125 0.5364583333333334 0.970703125 0.5434027777777778 0.9736328125 0.546875 0.9736328125 0.5503472222222222 0.966796875 0.5555555555555556 0.9541015625 0.5538194444444444 0.9462890625 0.5399305555555556
0 0.6826171875 0.7552083333333334 0.6943359375 0.7743055555555556 0.69921875 0.7777777777777778 0.7138671875 0.7743055555555556 0.716796875 0.7777777777777778 0.7275390625 0.7795138888888888 0.73046875 0.7829861111111112 0.7333984375 0.7951388888888888 0.7412109375 0.8020833333333334 0.7392578125 0.8125 0.736328125 0.8159722222222222 0.7265625 0.8177083333333334 0.71484375 0.828125 0.69921875 0.8229166666666666 0.6923828125 0.8090277777777778 0.677734375 0.7934027777777778 0.6640625 0.7881944444444444 0.6494140625 0.7760416666666666 0.6455078125 0.7690972222222222 0.6435546875 0.7604166666666666 0.6474609375 0.7534722222222222 0.654296875 0.75 0.677734375 0.7517361111111112 0.681640625 0.7552083333333334
0 0.61328125 0.734375 0.6220703125 0.7413194444444444 0.626953125 0.7534722222222222 0.626953125 0.7586805555555556 0.6162109375 0.7673611111111112 0.6015625 0.765625 0.5703125 0.7482638888888888 0.5712890625 0.7413194444444444 0.6123046875 0.734375
0 0.6923828125 0.7743055555555556 0.69921875 0.7777777777777778 0.703125 0.7777777777777778 0.705078125 0.7743055555555556 0.7138671875 0.7743055555555556 0.7265625 0.7795138888888888 0.73046875 0.7829861111111112 0.7333984375 0.7934027777777778 0.744140625 0.8020833333333334 0.7451171875 0.8107638888888888 0.7373046875 0.8194444444444444 0.716796875 0.8298611111111112 0.703125 0.8263888888888888 0.6982421875 0.8229166666666666 0.6953125 0.8142361111111112 0.67578125 0.7899305555555556 0.6767578125 0.7829861111111112 0.69140625 0.7760416666666666
0 0.72265625 0.7395833333333334 0.755859375 0.7395833333333334 0.7626953125 0.7430555555555556 0.767578125 0.75 0.767578125 0.7534722222222222 0.7626953125 0.7586805555555556 0.751953125 0.7604166666666666 0.7412109375 0.7517361111111112 0.7294921875 0.7517361111111112 0.72265625 0.7447916666666666 0.72265625 0.7413194444444444
0 0.8232421875 0.6597222222222222 0.8271484375 0.6666666666666666 0.8369140625 0.6597222222222222 0.8525390625 0.6631944444444444 0.85546875 0.6684027777777778 0.8466796875 0.6770833333333334 0.8359375 0.6753472222222222 0.828125 0.6666666666666666 0.822265625 0.671875 0.810546875 0.671875 0.8037109375 0.6684027777777778 0.7998046875 0.6631944444444444 0.8037109375 0.6579861111111112 0.81640625 0.65625 0.822265625 0.6597222222222222
0 0.77783203125 0.7274305555555556 0.0263671875 0.017361111111111112