0 0.7919921875 0.8090277777777778 0.7978515625 0.8090277777777778 0.8095703125 0.8177083333333334 0.8173828125 0.8194444444444444 0.828125 0.8263888888888888 0.8310546875 0.8315972222222222 0.8232421875 0.84375 0.8251953125 0.8506944444444444 0.8203125 0.859375 0.8076171875 0.8663194444444444 0.7978515625 0.8645833333333334 0.7939453125 0.8611111111111112 0.791015625 0.8524305555555556 0.791015625 0.84375 0.796875 0.828125 0.7919921875 0.8107638888888888
0 0.876953125 0.6232638888888888 0.8837890625 0.6284722222222222 0.904296875 0.6232638888888888 0.912109375 0.6267361111111112 0.9150390625 0.6319444444444444 0.9091796875 0.640625 0.8828125 0.6371527777777778 0.8779296875 0.6440972222222222 0.861328125 0.6371527777777778 0.8564453125 0.6302083333333334 0.861328125 0.6232638888888888 0.8759765625 0.6232638888888888
0 0.658203125 0.7864583333333334 0.6640625 0.7916666666666666 0.6787109375 0.8159722222222222 0.6806640625 0.8246527777777778 0.6748046875 0.8350694444444444 0.666015625 0.8385416666666666 0.658203125 0.8489583333333334 0.66015625 0.8559027777777778 0.6650390625 0.859375 0.6630859375 0.8663194444444444 0.6484375 0.8767361111111112 0.6396484375 0.8732638888888888 0.634765625 0.8611111111111112 0.6298828125 0.8576388888888888 0.6083984375 0.8559027777777778 0.5986328125 0.8402777777777778 0.5986328125 0.8315972222222222 0.6044921875 0.8211805555555556 0.6083984375 0.8055555555555556 0.6181640625 0.7951388888888888 0.623046875 0.7916666666666666 0.6435546875 0.7951388888888888 0.6474609375 0.7881944444444444 0.6572265625 0.7864583333333334
0 0.76171875 0.78125 0.7685546875 0.7864583333333334 0.7744140625 0.8003472222222222 0.7841796875 0.8107638888888888 0.779296875 0.8159722222222222 0.76171875 0.8211805555555556 0.75390625 0.8315972222222222 0.7431640625 0.8315972222222222 0.7392578125 0.828125 0.7255859375 0.8072916666666666 0.720703125 0.8038194444444444 0.712890625 0.7881944444444444 0.7294921875 0.7795138888888888 0.7607421875 0.78125
0 0.5009765625 0.6458333333333334 0.5107421875 0.6510416666666666 0.5068359375 0.6631944444444444 0.5126953125 0.671875 0.5126953125 0.6770833333333334 0.5068359375 0.6822916666666666 0.494140625 0.6822916666666666 0.486328125 0.6770833333333334 0.486328125 0.6684027777777778 0.4892578125 0.6631944444444444 0.486328125 0.6527777777777778 0.4912109375 0.6475694444444444 0.5 0.6458333333333334
0 0.4609375 0.75 0.029296875 0.027777777777777776
0 0.8232421875 0.6857638888888888 0.8310546875 0.6875 0.8349609375 0.6927083333333334 0.8330078125 0.6979166666666666 0.8212890625 0.7083333333333334 0.802734375 0.7065972222222222 0.7978515625 0.6996527777777778 0.7978515625 0.6927083333333334 0.8017578125 0.6857638888888888 0.822265625 0.6857638888888888
0 0.796875 0.7447916666666666 0.8056640625 0.7534722222222222 0.8046875 0.7586805555555556 0.7978515625 0.7638888888888888 0.7666015625 0.7552083333333334 0.7587890625 0.7465277777777778 0.76171875 0.7413194444444444 0.7958984375 0.7447916666666666
0 0.853515625 0.6597222222222222 0.865234375 0.6684027777777778 0.869140625 0.6649305555555556 0.890625 0.6666666666666666 0.89453125 0.6736111111111112 0.8837890625 0.6822916666666666 0.87890625 0.6822916666666666 0.8662109375 0.671875 0.861328125 0.6770833333333334 0.8505859375 0.6770833333333334 0.8408203125 0.671875 0.837890625 0.6684027777777778 0.837890625 0.6649305555555556 0.8525390625 0.6597222222222222
0 0.8212890625 0.7239583333333334 0.828125 0.7274305555555556 0.82421875 0.7361111111111112 0.8212890625 0.7378472222222222 0.810546875 0.7378472222222222 0.802734375 0.7309027777777778 0.802734375 0.7256944444444444 0.806640625 0.7222222222222222 0.8203125 0.7239583333333334
