0 0.7467320261437909 0 0.7630718954248366 0 0.7745098039215687 0.007481296758104738 0.7810457516339869 0.017456359102244388 0.7875816993464052 0.022443890274314215 0.795751633986928 0.03740648379052369 0.8431372549019608 0.0798004987531172 0.8513071895424836 0.09476309226932668 0.8594771241830066 0.09975062344139651 0.8627450980392157 0.10723192019950124 0.8725490196078431 0.11471321695760599 0.8709150326797386 0.12219451371571072 0.8725490196078431 0.12967581047381546 0.8823529411764706 0.13216957605985039 0.8905228758169934 0.1396508728179551 0.8937908496732027 0.1396508728179551 0.9199346405228758 0.16708229426433915 0.923202614379085 0.16708229426433915 0.9330065359477124 0.17955112219451372 0.9411764705882353 0.18453865336658354 0.946078431372549 0.19201995012468828 0.9607843137254902 0.20448877805486285 0.9673202614379085 0.20698254364089774 0.9689542483660131 0.2194513715710723 0.9738562091503268 0.22942643391521197 0.9722222222222222 0.23192019950124687 0.9689542483660131 0.22942643391521197 0.954248366013072 0.22942643391521197 0.9493464052287581 0.2344139650872818 0.9428104575163399 0.2344139650872818 0.9362745098039216 0.22942643391521197 0.9248366013071896 0.23192019950124687 0.923202614379085 0.22942643391521197 0.9133986928104575 0.22942643391521197 0.9068627450980392 0.22443890274314215 0.8937908496732027 0.22443890274314215 0.8790849673202614 0.2169576059850374 0.8660130718954249 0.2169576059850374 0.8562091503267973 0.22194513715710723 0.8545751633986928 0.2194513715710723 0.8415032679738562 0.2169576059850374 0.8349673202614379 0.2119700748129676 0.8218954248366013 0.20947630922693267 0.8186274509803921 0.20448877805486285 0.7990196078431373 0.19201995012468828 0.7990196078431373 0.18952618453865336 0.8055555555555556 0.18703241895261846 0.8169934640522876 0.19451371571072318 0.8316993464052288 0.19201995012468828 0.8447712418300654 0.19950124688279303 0.8611111111111112 0.20199501246882792 0.869281045751634 0.20698254364089774 0.8774509803921569 0.20698254364089774 0.8790849673202614 0.20947630922693267 0.8823529411764706 0.20698254364089774 0.8954248366013072 0.20698254364089774 0.9035947712418301 0.2119700748129676 0.923202614379085 0.20947630922693267 0.9281045751633987 0.20199501246882792 0.9199346405228758 0.18204488778054864 0.9068627450980392 0.1745635910224439 0.9019607843137255 0.16708229426433915 0.8921568627450981 0.1596009975062344 0.8839869281045751 0.14713216957605985 0.8758169934640523 0.14713216957605985 0.8709150326797386 0.14214463840399003 0.8676470588235294 0.14214463840399003 0.8643790849673203 0.1371571072319202 0.8382352941176471 0.1172069825436409 0.8366013071895425 0.11471321695760599 0.8366013071895425 0.10473815461346633 0.8382352941176471 0.10224438902743142 0.8316993464052288 0.08728179551122195 0.8202614379084967 0.07481296758104738 0.8088235294117647 0.06733167082294264 0.803921568627451 0.059850374064837904 0.7908496732026143 0.05236907730673317 0.7826797385620915 0.03740648379052369 0.7777777777777778 0.034912718204488775 0.7663398692810458 0.017456359102244388 0.7516339869281046 0.007481296758104738 0.7483660130718954 0.0024937655860349127
0 0.3415032679738562 0.49625935162094764 0.35130718954248363 0.5037406483790524 0.3758169934640523 0.516209476309227 0.3839869281045752 0.516209476309227 0.3888888888888889 0.5211970074812967 0.39869281045751637 0.5236907730673317 0.41013071895424835 0.5311720698254364 0.4117647058823529 0.5361596009975063 0.4084967320261438 0.5386533665835411 0.39215686274509803 0.5386533665835411 0.38562091503267976 0.543640897755611 0.32679738562091504 0.543640897755611 0.32516339869281047 0.5411471321695761 0.3137254901960784 0.5411471321695761 0.3104575163398693 0.5336658354114713 0.30392156862745096 0.5286783042394015 0.29248366013071897 0.5261845386533666 0.2777777777777778 0.516209476309227 0.2761437908496732 0.5112219451371571 0.28104575163398693 0.5062344139650873 0.28431372549019607 0.5062344139650873 0.28921568627450983 0.49625935162094764 0.2973856209150327 0.49625935162094764 0.29901960784313725 0.49875311720698257 0.30718954248366015 0.49875311720698257 0.3088235294117647 0.49625935162094764 0.33986928104575165 0.49625935162094764
0 0.6666666666666666 0.1571072319201995 0.6764705882352942 0.16458852867830423 0.7026143790849673 0.16957605985037408 0.7369281045751634 0.18703241895261846 0.7565359477124183 0.18703241895261846 0.7581699346405228 0.18952618453865336 0.7826797385620915 0.18952618453865336 0.7843137254901961 0.18703241895261846 0.7908496732026143 0.18703241895261846 0.795751633986928 0.19201995012468828 0.7990196078431373 0.19201995012468828 0.7990196078431373 0.19451371571072318 0.7924836601307189 0.19950124688279303 0.7908496732026143 0.1970074812967581 0.7843137254901961 0.1970074812967581 0.7810457516339869 0.20199501246882792 0.7826797385620915 0.20947630922693267 0.7598039215686274 0.20698254364089774 0.7450980392156863 0.1970074812967581 0.7369281045751634 0.1970074812967581 0.7303921568627451 0.20199501246882792 0.7091503267973857 0.20199501246882792 0.704248366013072 0.2119700748129676 0.6895424836601307 0.20947630922693267 0.6813725490196079 0.20448877805486285 0.6781045751633987 0.20698254364089774 0.6617647058823529 0.20698254364089774 0.6568627450980392 0.20448877805486285 0.6535947712418301 0.20947630922693267 0.6552287581699346 0.2119700748129676 0.6535947712418301 0.2144638403990025 0.6454248366013072 0.2144638403990025 0.6372549019607843 0.22443890274314215 0.6372549019607843 0.23192019950124687 0.6339869281045751 0.23690773067331672 0.6388888888888888 0.24438902743142144 0.6339869281045751 0.24438902743142144 0.6258169934640523 0.23690773067331672 0.6176470588235294 0.2344139650872818 0.6094771241830066 0.24688279301745636 0.6143790849673203 0.2543640897755611 0.6225490196078431 0.2543640897755611 0.6225490196078431 0.26184538653366585 0.619281045751634 0.26184538653366585 0.6160130718954249 0.26683291770573564 0.6127450980392157 0.286783042394015 0.6176470588235294 0.2942643391521197 0.6225490196078431 0.2942643391521197 0.6258169934640523 0.29925187032418954 0.6356209150326797 0.30423940149625933 0.630718954248366 0.30174563591022446 0.6143790849673203 0.30423940149625933 0.6127450980392157 0.30673316708229426 0.6062091503267973 0.30423940149625933 0.6013071895424836 0.314214463840399 0.5964052287581699 0.3167082294264339 0.6045751633986928 0.32169576059850374 0.619281045751634 0.32169576059850374 0.6225490196078431 0.32917705735660846 0.6323529411764706 0.33665835411471323 0.6405228758169934 0.33915211970074816 0.6650326797385621 0.35910224438902744 0.6699346405228758 0.35910224438902744 0.6895424836601307 0.371571072319202 0.7091503267973857 0.3790523690773067 0.7189542483660131 0.3865336658354115 0.7189542483660131 0.38902743142144636 0.696078431372549 0.3865336658354115 0.6781045751633987 0.3790523690773067 0.6633986928104575 0.3790523690773067 0.6617647058823529 0.38154613466334164 0.6683006535947712 0.3865336658354115 0.673202614379085 0.3865336658354115 0.6813725490196079 0.3940149625935162 0.6862745098039216 0.3940149625935162 0.696078431372549 0.40648379052369077 0.7026143790849673 0.4089775561097257 0.7058823529411765 0.40648379052369077 0.7124183006535948 0.4164588528678304 0.7238562091503268 0.41895261845386533 0.7598039215686274 0.44139650872817954 0.7598039215686274 0.44389027431421446 0.738562091503268 0.44389027431421446 0.7336601307189542 0.4389027431421446 0.7271241830065359 0.4389027431421446 0.7254901960784313 0.43640897755610975 0.7140522875816994 0.43640897755610975 0.7124183006535948 0.4389027431421446 0.7173202614379085 0.44389027431421446 0.7271241830065359 0.4463840399002494 0.7287581699346405 0.4513715710723192 0.7369281045751634 0.4538653366583541 0.7516339869281046 0.4688279301745636 0.75 0.4713216957605985 0.7336601307189542 0.4713216957605985 0.7303921568627451 0.47880299251870323 0.7401960784313726 0.4912718204488778 0.7467320261437909 0.4937655860349127 0.7549019607843137 0.5037406483790524 0.7581699346405228 0.5037406483790524 0.7532679738562091 0.5087281795511222 0.7156862745098039 0.5062344139650873 0.7075163398692811 0.49875311720698257 0.6699346405228758 0.48129675810473815 0.6552287581699346 0.4688279301745636 0.6486928104575164 0.46633416458852867 0.6454248366013072 0.4613466334164589 0.6454248366013072 0.45885286783042395 0.6503267973856209 0.456359102244389 0.6584967320261438 0.456359102244389 0.6601307189542484 0.4513715710723192 0.6617647058823529 0.456359102244389 0.6666666666666666 0.456359102244389 0.6699346405228758 0.4488778054862843 0.6650326797385621 0.44139650872817954 0.6601307189542484 0.44389027431421446 0.6568627450980392 0.44139650872817954 0.6535947712418301 0.4463840399002494 0.6454248366013072 0.4463840399002494 0.6437908496732027 0.4389027431421446 0.6405228758169934 0.44389027431421446 0.6356209150326797 0.4389027431421446 0.6421568627450981 0.4314214463840399 0.6388888888888888 0.42643391521197005 0.630718954248366 0.42643391521197005 0.6258169934640523 0.4314214463840399 0.6160130718954249 0.4314214463840399 0.5931372549019608 0.4164588528678304 0.5915032679738562 0.4114713216957606 0.6045751633986928 0.4114713216957606 0.6062091503267973 0.4139650872817955 0.6160130718954249 0.4139650872817955 0.6258169934640523 0.41895261845386533 0.6290849673202614 0.4114713216957606 0.6290849673202614 0.40399002493765584 0.6241830065359477 0.39900249376558605 0.619281045751634 0.4014962593516209 0.6127450980392157 0.3940149625935162 0.6078431372549019 0.3940149625935162 0.5866013071895425 0.3765586034912718 0.5866013071895425 0.3740648379052369 0.5898692810457516 0.371571072319202 0.5947712418300654 0.3740648379052369 0.6078431372549019 0.3740648379052369 0.6094771241830066 0.371571072319202 0.6209150326797386 0.3740648379052369 0.6241830065359477 0.371571072319202 0.6258169934640523 0.3740648379052369 0.6290849673202614 0.3690773067331671 0.6241830065359477 0.3640897755610973 0.6013071895424836 0.36159600997506236 0.5964052287581699 0.3566084788029925 0.5898692810457516 0.3566084788029925 0.5866013071895425 0.3516209476309227 0.5833333333333334 0.3516209476309227 0.5800653594771242 0.35910224438902744 0.576797385620915 0.3541147132169576 0.5800653594771242 0.3491271820448878 0.576797385620915 0.34413965087281795 0.565359477124183 0.33665835411471323 0.5637254901960784 0.32917705735660846 0.5669934640522876 0.3316708229426434 0.5735294117647058 0.32917705735660846 0.5751633986928104 0.32169576059850374 0.5882352941176471 0.32169576059850374 0.5947712418300654 0.3167082294264339 0.5882352941176471 0.3092269326683292 0.5800653594771242 0.3092269326683292 0.5718954248366013 0.30423940149625933 0.565359477124183 0.30673316708229426 0.5473856209150327 0.30423940149625933 0.5277777777777778 0.286783042394015 0.5261437908496732 0.28428927680798005 0.5294117647058824 0.27680798004987534 0.5294117647058824 0.2718204488778055 0.5147058823529411 0.256857855361596 0.5212418300653595 0.24189526184538654 0.5326797385620915 0.23690773067331672 0.5359477124183006 0.22942643391521197 0.553921568627451 0.22194513715710723 0.5604575163398693 0.2119700748129676 0.5718954248366013 0.2119700748129676 0.5735294117647058 0.20947630922693267 0.5343137254901961 0.18204488778054864 0.5490196078431373 0.18453865336658354 0.5571895424836601 0.18952618453865336 0.565359477124183 0.18952618453865336 0.5686274509803921 0.18453865336658354 0.5588235294117647 0.17206982543640897 0.5702614379084967 0.17206982543640897 0.5735294117647058 0.16708229426433915 0.5800653594771242 0.16708229426433915 0.5866013071895425 0.1770573566084788 0.5915032679738562 0.1770573566084788 0.6029411764705882 0.16708229426433915 0.6405228758169934 0.16458852867830423 0.6421568627450981 0.16209476309226933 0.6552287581699346 0.16458852867830423 0.6650326797385621 0.1571072319201995
0 0.3349673202614379 0.4339152119700748 0.3562091503267974 0.4463840399002494 0.35784313725490197 0.4513715710723192 0.35130718954248363 0.456359102244389 0.3235294117647059 0.4538653366583541 0.32189542483660133 0.4488778054862843 0.32679738562091504 0.43640897755610975 0.3333333333333333 0.4339152119700748
0 0.2777777777777778 0.4488778054862843 0.28594771241830064 0.456359102244389 0.2826797385620915 0.4688279301745636 0.27941176470588236 0.4713216957605985 0.2549019607843137 0.4713216957605985 0.2434640522875817 0.4613466334164589 0.24509803921568626 0.4538653366583541 0.2630718954248366 0.4513715710723192 0.2647058823529412 0.4488778054862843 0.2761437908496732 0.4488778054862843
0 0.2957516339869281 0.49625935162094764 0.2973856209150327 0.49875311720698257 0.33986928104575165 0.49625935162094764 0.34967320261437906 0.5037406483790524 0.35784313725490197 0.5062344139650873 0.36764705882352944 0.513715710723192 0.369281045751634 0.5187032418952618 0.3660130718954248 0.5336658354114713 0.35784313725490197 0.543640897755611 0.32516339869281047 0.5411471321695761 0.30392156862745096 0.5261845386533666 0.2826797385620915 0.5187032418952618 0.2777777777777778 0.5112219451371571 0.28431372549019607 0.5087281795511222 0.28921568627450983 0.49625935162094764 0.29411764705882354 0.49625935162094764
0 0.5 0.4389027431421446 0.5016339869281046 0.44139650872817954 0.5294117647058824 0.4389027431421446 0.5310457516339869 0.44139650872817954 0.5473856209150327 0.44139650872817954 0.5490196078431373 0.44389027431421446 0.5718954248366013 0.44389027431421446 0.5833333333333334 0.4513715710723192 0.5915032679738562 0.4613466334164589 0.5898692810457516 0.46633416458852867 0.5833333333333334 0.46633416458852867 0.5816993464052288 0.4688279301745636 0.5620915032679739 0.4688279301745636 0.5294117647058824 0.456359102244389 0.49836601307189543 0.4488778054862843 0.4918300653594771 0.44389027431421446 0.4820261437908497 0.44139650872817954 0.48366013071895425 0.4389027431421446 0.49836601307189543 0.4389027431421446
0 0.09313725490196079 0.6807980049875312 0.1111111111111111 0.6982543640897756 0.1111111111111111 0.7032418952618454 0.10130718954248366 0.71571072319202 0.07516339869281045 0.7182044887780549 0.06535947712418301 0.7231920199501247 0.05392156862745098 0.7231920199501247 0.05065359477124183 0.7206982543640897 0.049019607843137254 0.71571072319202 0.058823529411764705 0.7032418952618454 0.058823529411764705 0.6957605985037406 0.049019607843137254 0.6807980049875312 0.049019607843137254 0.6758104738154613 0.058823529411764705 0.6683291770573566 0.07679738562091504 0.6683291770573566 0.08660130718954248 0.6733167082294265 0.0915032679738562 0.6807980049875312
0 0.25326797385620914 0.5236907730673317 0.26633986928104575 0.5336658354114713 0.2630718954248366 0.5386533665835411 0.2679738562091503 0.5511221945137157 0.26633986928104575 0.5561097256857855 0.23039215686274508 0.5536159600997507 0.22875816993464052 0.5511221945137157 0.21568627450980393 0.5486284289276808 0.20098039215686275 0.5361596009975063 0.20261437908496732 0.5286783042394015 0.22058823529411764 0.5187032418952618 0.25 0.5211970074812967 0.25163398692810457 0.5236907730673317
0 0.42483660130718953 0.4089775561097257 0.43137254901960786 0.4139650872817955 0.45098039215686275 0.41895261845386533 0.45588235294117646 0.4239401496259352 0.4542483660130719 0.428927680798005 0.4150326797385621 0.4239401496259352 0.4084967320261438 0.4164588528678304 0.4117647058823529 0.4114713216957606 0.42320261437908496 0.4089775561097257
0 0.184640522875817 0.5635910224438903 0.18627450980392157 0.5660847880299252 0.1977124183006536 0.5660847880299252 0.20588235294117646 0.571072319201995 0.21895424836601307 0.5885286783042394 0.21895424836601307 0.5935162094763092 0.20915032679738563 0.6034912718204489 0.1977124183006536 0.6034912718204489 0.19607843137254902 0.600997506234414 0.17647058823529413 0.600997506234414 0.17320261437908496 0.6034912718204489 0.1715686274509804 0.600997506234414 0.1650326797385621 0.600997506234414 0.16666666666666666 0.5960099750623441 0.17973856209150327 0.5860349127182045 0.17973856209150327 0.57356608478803 0.1781045751633987 0.571072319201995 0.17973856209150327 0.5660847880299252 0.1830065359477124 0.5660847880299252
0 0.34967320261437906 0.4014962593516209 0.35130718954248363 0.40399002493765584 0.369281045751634 0.40648379052369077 0.3758169934640523 0.4139650872817955 0.37254901960784315 0.41895261845386533 0.3627450980392157 0.41895261845386533 0.3611111111111111 0.4164588528678304 0.3415032679738562 0.41895261845386533 0.32516339869281047 0.4114713216957606 0.32189542483660133 0.40648379052369077 0.32679738562091504 0.4014962593516209 0.3480392156862745 0.4014962593516209
0 0.10620915032679738 0.5935162094763092 0.11437908496732026 0.600997506234414 0.1111111111111111 0.6159600997506235 0.10784313725490197 0.6209476309226932 0.09313725490196079 0.6234413965087282 0.0915032679738562 0.6259351620947631 0.07516339869281045 0.6259351620947631 0.07352941176470588 0.628428927680798 0.06045751633986928 0.628428927680798 0.058823529411764705 0.6259351620947631 0.042483660130718956 0.6234413965087282 0.032679738562091505 0.6134663341645885 0.032679738562091505 0.6084788029925187 0.03594771241830065 0.600997506234414 0.04084967320261438 0.5985037406483791 0.10457516339869281 0.5935162094763092
0 0.5915032679738562 0.4139650872817955 0.5931372549019608 0.4114713216957606 0.6013071895424836 0.4114713216957606 0.6274509803921569 0.42144638403990026 0.6290849673202614 0.4239401496259352 0.6274509803921569 0.4314214463840399 0.6143790849673203 0.4314214463840399 0.5931372549019608 0.4164588528678304
0 0.576797385620915 0.3316708229426434 0.5784313725490197 0.3341645885286783 0.5931372549019608 0.33665835411471323 0.5996732026143791 0.341645885286783 0.6045751633986928 0.3516209476309227 0.6029411764705882 0.3541147132169576 0.5915032679738562 0.3541147132169576 0.5686274509803921 0.33915211970074816 0.565359477124183 0.3341645885286783 0.5669934640522876 0.3316708229426434 0.5751633986928104 0.3316708229426434
0 0.45588235294117646 0.40648379052369077 0.45751633986928103 0.40399002493765584 0.48366013071895425 0.40648379052369077 0.5032679738562091 0.4164588528678304 0.5081699346405228 0.42144638403990026 0.5212418300653595 0.42643391521197005 0.5228758169934641 0.4314214463840399 0.5147058823529411 0.4314214463840399 0.49836601307189543 0.4239401496259352 0.4852941176470588 0.4239401496259352 0.4820261437908497 0.42643391521197005 0.45751633986928103 0.4089775561097257
