0 0.36953125 0.4888888888888889 0.37578125 0.4875 0.378125 0.49027777777777776 0.37421875 0.49722222222222223 0.36953125 0.49722222222222223 0.36953125 0.49027777777777776
0 0.60078125 0.7319444444444444 0.60390625 0.7375 0.6046875 0.7444444444444445 0.5984375 0.75 0.5921875 0.7486111111111111 0.5890625 0.7375 0.59375 0.7305555555555555 0.6 0.7319444444444444
0 0.24765625 0.6611111111111111 0.24765625 0.6694444444444444 0.24296875 0.675 0.2375 0.675 0.23515625 0.6666666666666666 0.2390625 0.6597222222222222 0.246875 0.6611111111111111
0 0.7421875 0.7472222222222222 0.74375 0.7555555555555555 0.7390625 0.7611111111111111 0.7328125 0.7597222222222222 0.7296875 0.7541666666666667 0.7296875 0.7472222222222222 0.73125 0.7444444444444445 0.74140625 0.7472222222222222
0 0.60234375 0.6194444444444445 0.60234375 0.6277777777777778 0.5953125 0.6305555555555555 0.590625 0.625 0.590625 0.6208333333333333 0.59453125 0.6166666666666667 0.6015625 0.6194444444444445
0 0.121875 0.8152777777777778 0.1234375 0.8222222222222222 0.1171875 0.8319444444444445 0.1125 0.8319444444444445 0.1109375 0.8208333333333333 0.11640625 0.8138888888888889 0.12109375 0.8152777777777778
0 0.5953125 0.6333333333333333 0.60078125 0.6375 0.60078125 0.6444444444444445 0.59765625 0.6486111111111111 0.58828125 0.6472222222222223 0.58828125 0.6361111111111111 0.59453125 0.6347222222222222
0 0.74609375 0.7791666666666667 0.759375 0.7833333333333333 0.76171875 0.7888888888888889 0.76171875 0.7930555555555555 0.7578125 0.8 0.7515625 0.8055555555555556 0.73984375 0.8041666666666667 0.7328125 0.7958333333333333 0.73125 0.7861111111111111 0.734375 0.7791666666666667 0.7453125 0.7791666666666667
0 0.1703125 0.7152777777777778 0.16953125 0.7222222222222222 0.16328125 0.7291666666666666 0.15703125 0.7291666666666666 0.15546875 0.7263888888888889 0.15703125 0.7194444444444444 0.16484375 0.7138888888888889 0.16953125 0.7152777777777778
0 0.6453125 0.55 0.65546875 0.5486111111111112 0.659375 0.5527777777777778 0.659375 0.5569444444444445 0.65625 0.5611111111111111 0.64765625 0.5611111111111111 0.64453125 0.5569444444444445 0.6453125 0.5513888888888889
0 0.3140625 0.5569444444444445 0.32109375 0.5541666666666667 0.325 0.5583333333333333 0.32265625 0.5666666666666667 0.31484375 0.5666666666666667 0.31328125 0.5638888888888889 0.3140625 0.5583333333333333
0 0.67578125 0.8 0.68125 0.8027777777777778 0.68359375 0.8097222222222222 0.6828125 0.8152777777777778 0.678125 0.8194444444444444 0.671875 0.8194444444444444 0.6671875 0.8097222222222222 0.66875 0.8013888888888889 0.675 0.8
0 0.803125 0.9375 0.80703125 0.9458333333333333 0.80703125 0.9569444444444445 0.8015625 0.9611111111111111 0.79296875 0.9569444444444445 0.7890625 0.9430555555555555 0.79375 0.9375 0.80234375 0.9375
0 0.3046875 0.5458333333333333 0.30546875 0.5513888888888889 0.30078125 0.5555555555555556 0.296875 0.5541666666666667 0.29609375 0.5472222222222223 0.29921875 0.5444444444444444 0.30390625 0.5458333333333333
0 0.68359375 0.6458333333333334 0.68671875 0.6513888888888889 0.684375 0.6652777777777777 0.675 0.6625 0.6703125 0.6513888888888889 0.67265625 0.6444444444444445 0.678125 0.6430555555555556 0.6828125 0.6458333333333334
0 0.6640625 0.8548611111111111 0.01875 0.02638888888888889
0 0.7828125 0.7833333333333333 0.790625 0.7972222222222223 0.790625 0.8055555555555556 0.7875 0.8083333333333333 0.77890625 0.8055555555555556 0.77421875 0.7972222222222223 0.775 0.7861111111111111 0.78203125 0.7833333333333333
0 0.50625 0.6805555555555556 0.51015625 0.6847222222222222 0.51015625 0.6888888888888889 0.50546875 0.6972222222222222 0.49765625 0.6972222222222222 0.49609375 0.6944444444444444 0.49609375 0.6847222222222222 0.49765625 0.6819444444444445 0.50546875 0.6805555555555556
0 0.3375 0.5694444444444444 0.3390625 0.5708333333333333 0.3390625 0.5777777777777777 0.33359375 0.5819444444444445 0.328125 0.5805555555555556 0.32734375 0.5736111111111111 0.33671875 0.5694444444444444
0 0.65546875 0.6166666666666667 0.6609375 0.6222222222222222 0.6609375 0.6291666666666667 0.65859375 0.6319444444444444 0.64453125 0.6305555555555555 0.64296875 0.6277777777777778 0.64375 0.6180555555555556 0.6546875 0.6166666666666667
0 0.10703125 0.8305555555555556 0.109375 0.8375 0.10546875 0.8458333333333333 0.1 0.85 0.09453125 0.8458333333333333 0.0953125 0.8375 0.10078125 0.8305555555555556 0.10625 0.8305555555555556
0 0.5046875 0.6125 0.5078125 0.6194444444444445 0.5046875 0.6263888888888889 0.49921875 0.6263888888888889 0.4953125 0.6194444444444445 0.49765625 0.6138888888888889 0.50390625 0.6125
0 0.16796875 0.825 0.1703125 0.8277777777777777 0.16953125 0.8375 0.165625 0.8430555555555556 0.1609375 0.8430555555555556 0.1578125 0.8388888888888889 0.15859375 0.8291666666666667 0.1671875 0.8263888888888888
0 0.36328125 0.5236111111111111 0.36640625 0.525 0.36640625 0.5319444444444444 0.359375 0.5361111111111111 0.35546875 0.5333333333333333 0.35546875 0.5263888888888889 0.3625 0.5236111111111111
0 0.703125 0.7180555555555556 0.70546875 0.7222222222222222 0.70546875 0.7305555555555555 0.7 0.7361111111111112 0.6953125 0.7361111111111112 0.690625 0.7277777777777777 0.69453125 0.7194444444444444 0.70234375 0.7180555555555556
0 0.2453125 0.7125 0.24453125 0.7041666666666667 0.2484375 0.7 0.2546875 0.7013888888888888 0.25546875 0.7097222222222223 0.2515625 0.7152777777777778 0.24609375 0.7125
0 0.65390625 0.5486111111111112 0.65859375 0.5541666666666667 0.65703125 0.5597222222222222 0.65 0.5597222222222222 0.64765625 0.5555555555555556 0.646875 0.55 0.653125 0.5486111111111112
0 0.746875 0.8972222222222223 0.75078125 0.9013888888888889 0.75078125 0.9125 0.74609375 0.9222222222222223 0.7375 0.9194444444444444 0.73359375 0.9097222222222222 0.73515625 0.8986111111111111 0.74375 0.8944444444444445 0.74609375 0.8972222222222223
0 0.771875 0.9111111111111111 0.771875 0.9055555555555556 0.7765625 0.9 0.784375 0.9013888888888889 0.7875 0.9069444444444444 0.78671875 0.9152777777777777 0.77890625 0.9194444444444444 0.77265625 0.9111111111111111
0 0.57578125 0.5222222222222223 0.58125 0.525 0.58203125 0.5291666666666667 0.578125 0.5333333333333333 0.5703125 0.5319444444444444 0.5703125 0.5236111111111111 0.575 0.5222222222222223
0 0.671875 0.7388888888888889 0.675 0.7444444444444445 0.675 0.7486111111111111 0.66953125 0.7555555555555555 0.6609375 0.7527777777777778 0.65859375 0.7472222222222222 0.65859375 0.7402777777777778 0.6609375 0.7361111111111112 0.67109375 0.7388888888888889
0 0.28671875 0.5875 0.28828125 0.5944444444444444 0.2859375 0.5986111111111111 0.27890625 0.5986111111111111 0.278125 0.5958333333333333 0.27890625 0.5888888888888889 0.2859375 0.5875
0 0.784375 0.8194444444444444 0.78828125 0.8222222222222222 0.79296875 0.8333333333333334 0.790625 0.8416666666666667 0.7859375 0.8444444444444444 0.778125 0.8416666666666667 0.77265625 0.8305555555555556 0.77421875 0.8208333333333333 0.78359375 0.8194444444444444
0 0.06484375 0.9138888888888889 0.06640625 0.9180555555555555 0.06484375 0.9236111111111112 0.05546875 0.9347222222222222 0.0515625 0.9458333333333333 0.04765625 0.95 0.04140625 0.9472222222222222 0.0421875 0.9347222222222222 0.0515625 0.9305555555555556 0.05234375 0.9208333333333333 0.05625 0.9125 0.0609375 0.9111111111111111 0.0640625 0.9138888888888889
0 0.6875 0.9194444444444444 0.6921875 0.925 0.69296875 0.9347222222222222 0.6890625 0.9430555555555555 0.68359375 0.9444444444444444 0.6703125 0.9402777777777778 0.66796875 0.9277777777777778 0.67109375 0.9208333333333333 0.68671875 0.9194444444444444
0 0.31328125 0.6319444444444444 0.3125 0.6236111111111111 0.315625 0.6194444444444445 0.32109375 0.6194444444444445 0.3234375 0.6263888888888889 0.3203125 0.6319444444444444 0.3140625 0.6319444444444444
0 0.20234375 0.6541666666666667 0.203125 0.6569444444444444 0.2 0.6625 0.19375 0.6625 0.1921875 0.6611111111111111 0.1921875 0.6555555555555556 0.1953125 0.6527777777777778 0.2015625 0.6541666666666667
0 0.8609375 0.8555555555555555 0.8703125 0.8625 0.87265625 0.8680555555555556 0.87265625 0.8777777777777778 0.8703125 0.8805555555555555 0.8578125 0.8791666666666667 0.8515625 0.8708333333333333 0.8515625 0.8583333333333333 0.85546875 0.8541666666666666 0.86015625 0.8555555555555555
0 0.49609375 0.8805555555555555 0.49921875 0.8833333333333333 0.5 0.8930555555555556 0.49765625 0.9013888888888889 0.49140625 0.9055555555555556 0.48359375 0.9 0.4828125 0.8861111111111111 0.48671875 0.8805555555555555 0.4953125 0.8805555555555555
0 0.61796875 0.4777777777777778 0.634375 0.4791666666666667 0.6375 0.48333333333333334 0.6359375 0.49444444444444446 0.6328125 0.5 0.62890625 0.5013888888888889 0.6234375 0.49027777777777776 0.6234375 0.48333333333333334 0.61796875 0.4791666666666667
0 0.68671875 0.5111111111111111 0.68984375 0.5180555555555556 0.6859375 0.5222222222222223 0.67890625 0.5208333333333334 0.67421875 0.5138888888888888 0.67578125 0.5083333333333333 0.6859375 0.5111111111111111
0 0.728125 0.7986111111111112 0.73125 0.8027777777777778 0.73203125 0.8111111111111111 0.72734375 0.8180555555555555 0.71953125 0.8166666666666667 0.71640625 0.8111111111111111 0.71640625 0.8041666666666667 0.71875 0.8 0.72265625 0.7972222222222223 0.72734375 0.7986111111111112
0 0.75625 0.8569444444444444 0.76171875 0.8597222222222223 0.76484375 0.8694444444444445 0.76171875 0.8805555555555555 0.759375 0.8819444444444444 0.75078125 0.8805555555555555 0.74765625 0.875 0.74765625 0.8652777777777778 0.7515625 0.8583333333333333 0.75546875 0.8569444444444444
0 0.33828125 0.5055555555555555 0.34140625 0.5055555555555555 0.3390625 0.5055555555555555 0.334375 0.5166666666666667 0.3234375 0.5152777777777777 0.3265625 0.5041666666666667 0.3375 0.5041666666666667
0 0.63515625 0.49027777777777776 0.640625 0.5041666666666667 0.6375 0.5111111111111111 0.63359375 0.5125 0.63046875 0.5180555555555556 0.63046875 0.5222222222222223 0.6265625 0.5222222222222223 0.62421875 0.5180555555555556 0.62421875 0.49444444444444446 0.628125 0.4888888888888889 0.634375 0.49027777777777776
0 0.91640625 0.8430555555555556 0.9203125 0.8541666666666666 0.91953125 0.8625 0.92109375 0.8652777777777778 0.9171875 0.8680555555555556 0.909375 0.8680555555555556 0.90234375 0.8583333333333333 0.90234375 0.8388888888888889 0.90390625 0.8347222222222223 0.9125 0.8347222222222223 0.915625 0.8430555555555556
0 0.48203125 0.775 0.48515625 0.7652777777777777 0.48984375 0.7625 0.49453125 0.7638888888888888 0.496875 0.7722222222222223 0.49296875 0.7805555555555556 0.484375 0.7819444444444444 0.4828125 0.7763888888888889
0 0.5875 0.9583333333333334 0.5953125 0.9652777777777778 0.59609375 0.975 0.59296875 0.9791666666666666 0.58203125 0.9819444444444444 0.5765625 0.9791666666666666 0.5765625 0.9652777777777778 0.58125 0.9583333333333334 0.58671875 0.9583333333333334
0 0.8046875 0.9416666666666667 0.8078125 0.9555555555555556 0.80703125 0.9611111111111111 0.8 0.9597222222222223 0.79296875 0.9527777777777777 0.8 0.9541666666666667 0.8 0.9416666666666667 0.80390625 0.9416666666666667
0 0.63515625 0.9013888888888889 0.63984375 0.9069444444444444 0.64140625 0.9138888888888889 0.64140625 0.9222222222222223 0.63828125 0.9277777777777778 0.6265625 0.9263888888888889 0.621875 0.9194444444444444 0.6203125 0.9125 0.6234375 0.9027777777777778 0.634375 0.9013888888888889
0 0.16484375 0.9055555555555556 0.16796875 0.9097222222222222 0.16796875 0.9180555555555555 0.16484375 0.9263888888888889 0.1609375 0.9291666666666667 0.15390625 0.9277777777777778 0.15234375 0.9166666666666666 0.15546875 0.9069444444444444 0.1640625 0.9055555555555556
0 0.515625 0.5805555555555556 0.51875 0.5847222222222223 0.51875 0.5916666666666667 0.515625 0.5944444444444444 0.5078125 0.5944444444444444 0.50546875 0.5916666666666667 0.50703125 0.5833333333333334 0.51484375 0.5805555555555556
0 0.59140625 0.5361111111111111 0.59609375 0.5402777777777777 0.59609375 0.5444444444444444 0.59140625 0.5486111111111112 0.58359375 0.5444444444444444 0.58515625 0.5388888888888889 0.590625 0.5361111111111111
0 0.21171875 0.7784722222222222 0.0125 0.018055555555555554
0 0.578125 0.6680555555555555 0.57734375 0.6569444444444444 0.58359375 0.6527777777777778 0.58984375 0.6541666666666667 0.59296875 0.6611111111111111 0.5921875 0.6680555555555555 0.58828125 0.6722222222222223 0.57890625 0.6680555555555555
0 0.7578125 0.6680555555555555 0.76796875 0.6791666666666667 0.778125 0.6805555555555556 0.78203125 0.6847222222222222 0.784375 0.6958333333333333 0.77734375 0.7013888888888888 0.76640625 0.6972222222222222 0.76484375 0.6861111111111111 0.7546875 0.6861111111111111 0.74765625 0.6791666666666667 0.74453125 0.6708333333333333 0.75703125 0.6680555555555555
0 0.57890625 0.7375 0.584375 0.7430555555555556 0.584375 0.75 0.58203125 0.7541666666666667 0.57109375 0.7541666666666667 0.56875 0.75 0.56796875 0.7430555555555556 0.56953125 0.7388888888888889 0.578125 0.7375
0 0.734375 0.6125 0.74140625 0.6208333333333333 0.74140625 0.6361111111111111 0.728125 0.6333333333333333 0.725 0.6263888888888889 0.72421875 0.6152777777777778 0.72578125 0.6125 0.73359375 0.6125
0 0.83203125 0.7513888888888889 0.8390625 0.7638888888888888 0.83984375 0.7680555555555556 0.83828125 0.7708333333333334 0.83125 0.7708333333333334 0.825 0.7652777777777777 0.82421875 0.7555555555555555 0.82734375 0.7513888888888889 0.83125 0.7513888888888889
0 0.59140625 0.475 0.59140625 0.4652777777777778 0.59921875 0.4666666666666667 0.59921875 0.4736111111111111 0.5921875 0.475
0 0.2828125 0.6208333333333333 0.2859375 0.6263888888888889 0.2828125 0.6319444444444444 0.275 0.6305555555555555 0.2765625 0.6222222222222222 0.28203125 0.6208333333333333
0 0.6890625 0.9680555555555556 0.703125 0.9805555555555555 0.7046875 0.9944444444444445 0.7015625 0.9986111111111111 0.68828125 0.9986111111111111 0.68515625 0.9930555555555556 0.68515625 0.9722222222222222 0.68828125 0.9680555555555556
0 0.694921875 0.7666666666666667 0.01484375 0.022222222222222223
0 0.625 0.4486111111111111 0.63671875 0.4486111111111111 0.6390625 0.45555555555555555 0.6296875 0.45694444444444443 0.6265625 0.45555555555555555 0.625 0.45
0 0.20234375 0.7652777777777777 0.2015625 0.7583333333333333 0.20625 0.75 0.21328125 0.75 0.2140625 0.7597222222222222 0.2078125 0.7680555555555556 0.203125 0.7652777777777777
0 0.61796875 0.4625 0.625 0.475 0.62578125 0.48194444444444445 0.615625 0.48055555555555557 0.6140625 0.4638888888888889 0.6171875 0.4625
0 0.275 0.7055555555555556 0.2765625 0.7125 0.2734375 0.7180555555555556 0.2671875 0.7180555555555556 0.26484375 0.7111111111111111 0.2671875 0.7055555555555556 0.27421875 0.7055555555555556
0 0.2484375 0.7833333333333333 0.2515625 0.7875 0.2515625 0.7972222222222223 0.2484375 0.8013888888888889 0.2390625 0.8013888888888889 0.23671875 0.7986111111111112 0.2375 0.7861111111111111 0.24765625 0.7833333333333333
0 0.609375 0.5555555555555556 0.61328125 0.5625 0.61171875 0.5666666666666667 0.60546875 0.5694444444444444 0.60234375 0.5680555555555555 0.6 0.5597222222222222 0.603125 0.5555555555555556 0.60859375 0.5555555555555556
0 0.66953125 0.5944444444444444 0.675 0.6 0.6734375 0.6097222222222223 0.665625 0.6097222222222223 0.6609375 0.6055555555555555 0.66171875 0.5986111111111111 0.66875 0.5944444444444444
0 0.678125 0.7013888888888888 0.6828125 0.7055555555555556 0.6859375 0.7152777777777778 0.68515625 0.7208333333333333 0.68125 0.725 0.6765625 0.725 0.67109375 0.7194444444444444 0.66953125 0.7138888888888889 0.6703125 0.7055555555555556 0.67734375 0.7027777777777777
0 0.5765625 0.5833333333333334 0.5796875 0.5875 0.5796875 0.5930555555555556 0.575 0.5972222222222222 0.56796875 0.5972222222222222 0.5640625 0.5944444444444444 0.56328125 0.5902777777777778 0.5671875 0.5847222222222223 0.57578125 0.5833333333333334
0 0.84765625 0.9236111111111112 0.85078125 0.9333333333333333 0.85078125 0.9416666666666667 0.8453125 0.95 0.83359375 0.9458333333333333 0.83125 0.9347222222222222 0.8375 0.9208333333333333 0.84296875 0.9194444444444444 0.846875 0.9236111111111112
0 0.57421875 0.3958333333333333 0.57109375 0.3902777777777778 0.5796875 0.3861111111111111 0.58046875 0.3902777777777778 0.578125 0.39444444444444443 0.575 0.39444444444444443
0 0.7953125 0.7166666666666667 0.8 0.7180555555555556 0.80546875 0.7263888888888889 0.8046875 0.7305555555555555 0.79921875 0.7347222222222223 0.7890625 0.7333333333333333 0.78515625 0.7263888888888889 0.7859375 0.7180555555555556 0.7890625 0.7138888888888889 0.79453125 0.7166666666666667
0 0.11875 0.8138888888888889 0.12265625 0.8166666666666667 0.12265625 0.825 0.10078125 0.85 0.0953125 0.8472222222222222 0.0953125 0.8388888888888889 0.09921875 0.8319444444444445 0.1078125 0.8263888888888888 0.1125 0.8166666666666667 0.11796875 0.8138888888888889
0 0.16953125 0.9861111111111112 0.1734375 0.9916666666666667 0.1734375 0.9986111111111111 0.1546875 0.9986111111111111 0.15390625 0.9944444444444445 0.1578125 0.9875 0.16875 0.9861111111111112
0 0.684375 0.5430555555555555 0.68828125 0.5458333333333333 0.69140625 0.5527777777777778 0.690625 0.5597222222222222 0.68671875 0.5625 0.67578125 0.5625 0.6734375 0.5597222222222222 0.67578125 0.5458333333333333 0.68359375 0.5430555555555555
0 0.2265625 0.5993055555555555 0.0140625 0.02361111111111111
0 0.75859375 0.6152777777777778 0.7625 0.6180555555555556 0.76484375 0.625 0.76484375 0.6319444444444444 0.75859375 0.6388888888888888 0.7546875 0.6388888888888888 0.74609375 0.6291666666666667 0.75234375 0.6152777777777778 0.7578125 0.6152777777777778
0 0.88125 0.9736111111111111 0.8859375 0.9763888888888889 0.88984375 0.9833333333333333 0.89296875 0.9944444444444445 0.8921875 0.9986111111111111 0.875 0.9986111111111111 0.87265625 0.9819444444444444 0.87578125 0.975 0.88046875 0.9736111111111111
0 0.76171875 0.75 0.76640625 0.7513888888888889 0.7703125 0.7569444444444444 0.76953125 0.7680555555555556 0.7625 0.7708333333333334 0.75625 0.7652777777777777 0.7546875 0.7611111111111111 0.75546875 0.7555555555555555 0.7609375 0.7513888888888889
0 0.52734375 0.35694444444444445 0.528125 0.3625 0.525 0.36527777777777776 0.521875 0.36527777777777776 0.51875 0.3597222222222222 0.5265625 0.35694444444444445
0 0.6734375 0.6333333333333333 0.67578125 0.6375 0.67578125 0.6430555555555556 0.671875 0.6472222222222223 0.665625 0.6458333333333334 0.66015625 0.6402777777777777 0.659375 0.6361111111111111 0.66484375 0.6319444444444444 0.67265625 0.6333333333333333
0 0.1234375 0.9208333333333333 0.12890625 0.9180555555555555 0.13515625 0.925 0.13359375 0.9375 0.12734375 0.9388888888888889 0.121875 0.9319444444444445 0.1234375 0.9222222222222223
0 0.65390625 0.6902777777777778 0.65703125 0.6986111111111111 0.65703125 0.7041666666666667 0.6546875 0.7069444444444445 0.646875 0.7055555555555556 0.64296875 0.6986111111111111 0.64609375 0.6902777777777778 0.653125 0.6902777777777778
0 0.64140625 0.6638888888888889 0.646875 0.6708333333333333 0.646875 0.6763888888888889 0.64140625 0.6805555555555556 0.6359375 0.6791666666666667 0.63359375 0.675 0.63359375 0.6680555555555555 0.640625 0.6638888888888889
0 0.515625 0.5291666666666667 0.51640625 0.5361111111111111 0.5125 0.5402777777777777 0.50625 0.5388888888888889 0.50546875 0.5333333333333333 0.509375 0.5291666666666667 0.51484375 0.5291666666666667
0 0.8484375 0.8152777777777778 0.85546875 0.825 0.85625 0.8402777777777778 0.85390625 0.8430555555555556 0.8453125 0.8430555555555556 0.840625 0.8375 0.8390625 0.8305555555555556 0.840625 0.8208333333333333 0.84765625 0.8166666666666667
0 0.68359375 0.9027777777777778 0.6875 0.9111111111111111 0.6875 0.9180555555555555 0.68046875 0.925 0.67109375 0.9222222222222223 0.66875 0.9097222222222222 0.671875 0.9041666666666667 0.6828125 0.9027777777777778
0 0.83125 0.9986111111111111 0.83046875 0.9847222222222223 0.83203125 0.9791666666666666 0.8359375 0.9708333333333333 0.840625 0.9680555555555556 0.8453125 0.9694444444444444 0.84765625 0.9833333333333333 0.8515625 0.9847222222222223 0.8546875 0.9902777777777778 0.85078125 0.9944444444444445 0.8515625 0.9986111111111111 0.83203125 0.9986111111111111
0 0.7125 0.9125 0.72265625 0.9194444444444444 0.72890625 0.9305555555555556 0.73046875 0.9402777777777778 0.72265625 0.9486111111111111 0.71484375 0.9486111111111111 0.70625 0.9388888888888889 0.70234375 0.9305555555555556 0.70234375 0.9180555555555555 0.70546875 0.9138888888888889 0.71171875 0.9125
0 0.201171875 0.8902777777777777 0.01484375 0.019444444444444445
0 0.60078125 0.5847222222222223 0.60078125 0.5916666666666667 0.5984375 0.5944444444444444 0.5921875 0.5944444444444444 0.58828125 0.5902777777777778 0.5875 0.5847222222222223 0.5921875 0.5805555555555556 0.6 0.5847222222222223
0 0.67265625 0.7680555555555556 0.67890625 0.775 0.68828125 0.7777777777777778 0.690625 0.7819444444444444 0.690625 0.7861111111111111 0.6859375 0.7944444444444444 0.68046875 0.7944444444444444 0.675 0.7888888888888889 0.6703125 0.7902777777777777 0.6640625 0.7847222222222222 0.66484375 0.7694444444444445 0.671875 0.7680555555555556
0 0.521875 0.4888888888888889 0.5234375 0.49166666666666664 0.521875 0.49722222222222223 0.515625 0.49722222222222223 0.5140625 0.49444444444444446 0.515625 0.4888888888888889 0.52109375 0.4888888888888889
0 0.58359375 0.8388888888888889 0.596875 0.8458333333333333 0.59765625 0.8569444444444444 0.5921875 0.8666666666666667 0.578125 0.8666666666666667 0.57421875 0.8597222222222223 0.57265625 0.8513888888888889 0.57421875 0.8430555555555556 0.57734375 0.8388888888888889 0.5828125 0.8388888888888889
0 0.6109375 0.7763888888888889 0.61484375 0.7791666666666667 0.61640625 0.7847222222222222 0.61640625 0.7888888888888889 0.6109375 0.7958333333333333 0.60234375 0.7958333333333333 0.5984375 0.7888888888888889 0.6 0.7791666666666667 0.61015625 0.7763888888888889
0 0.26875 0.5333333333333333 0.2703125 0.5388888888888889 0.2625 0.5541666666666667 0.2578125 0.5541666666666667 0.25703125 0.5486111111111112 0.26171875 0.5347222222222222 0.26796875 0.5333333333333333
0 0.59921875 0.6847222222222222 0.60546875 0.6819444444444445 0.6109375 0.6861111111111111 0.61328125 0.6916666666666667 0.61171875 0.6972222222222222 0.60390625 0.6986111111111111 0.5984375 0.6916666666666667 0.59921875 0.6861111111111111
0 0.634375 0.5597222222222222 0.6421875 0.5666666666666667 0.64296875 0.5694444444444444 0.63984375 0.575 0.63125 0.575 0.625 0.5680555555555555 0.6265625 0.5625 0.63359375 0.5597222222222222
0 0.684375 0.9041666666666667 0.69296875 0.9291666666666667 0.6921875 0.9375 0.6875 0.9430555555555555 0.6734375 0.9416666666666667 0.6703125 0.9375 0.66953125 0.9319444444444445 0.66875 0.9097222222222222 0.67578125 0.9027777777777778 0.68359375 0.9041666666666667
0 0.63828125 0.5763888888888888 0.646875 0.5819444444444445 0.64921875 0.5875 0.64921875 0.5916666666666667 0.64375 0.5972222222222222 0.6390625 0.5972222222222222 0.63203125 0.5888888888888889 0.6328125 0.5791666666666667 0.6375 0.5763888888888888
0 0.696484375 0.8006944444444445 0.01640625 0.02361111111111111
0 0.59765625 0.5027777777777778 0.60078125 0.5083333333333333 0.59765625 0.5152777777777777 0.59140625 0.5152777777777777 0.5875 0.5111111111111111 0.58828125 0.5041666666666667 0.5921875 0.5013888888888889 0.596875 0.5027777777777778
0 0.65078125 0.7055555555555556 0.6609375 0.7055555555555556 0.6640625 0.7083333333333334 0.665625 0.7180555555555556 0.6609375 0.7236111111111111 0.6578125 0.7236111111111111 0.6546875 0.7194444444444444 0.6515625 0.7069444444444445
0 0.64140625 0.5152777777777777 0.64296875 0.5208333333333334 0.63671875 0.5263888888888889 0.6296875 0.5236111111111111 0.628125 0.5180555555555556 0.63359375 0.5125 0.640625 0.5152777777777777
0 0.74765625 0.7180555555555556 0.7515625 0.7236111111111111 0.7515625 0.7305555555555555 0.7484375 0.7361111111111112 0.7390625 0.7347222222222223 0.734375 0.7263888888888889 0.7390625 0.7180555555555556 0.746875 0.7180555555555556
0 0.80703125 0.8638888888888889 0.8171875 0.8833333333333333 0.8140625 0.8958333333333334 0.803125 0.8930555555555556 0.796875 0.8875 0.79453125 0.8819444444444444 0.79609375 0.8722222222222222 0.79921875 0.8666666666666667 0.80625 0.8638888888888889
0 0.56796875 0.4847222222222222 0.5765625 0.48333333333333334 0.578125 0.4861111111111111 0.57421875 0.49166666666666664 0.56875 0.49166666666666664 0.56796875 0.4861111111111111
0 0.5921875 0.42916666666666664 0.59453125 0.43472222222222223 0.59453125 0.44166666666666665 0.59140625 0.4486111111111111 0.59296875 0.45694444444444443 0.58828125 0.45555555555555555 0.58828125 0.4486111111111111 0.58515625 0.44305555555555554 0.58515625 0.4375 0.59140625 0.42916666666666664
0 0.46953125 0.9701388888888889 0.0203125 0.02638888888888889
0 0.834375 0.8486111111111111 0.8390625 0.85 0.84296875 0.8555555555555555 0.8453125 0.8652777777777778 0.84453125 0.8763888888888889 0.84140625 0.8805555555555555 0.8328125 0.8805555555555555 0.828125 0.875 0.82734375 0.8541666666666666 0.83359375 0.85
0 0.728125 0.8625 0.73203125 0.8666666666666667 0.734375 0.875 0.73359375 0.8819444444444444 0.72890625 0.8861111111111111 0.72109375 0.8833333333333333 0.71796875 0.875 0.71796875 0.8666666666666667 0.7203125 0.8625 0.72734375 0.8625
0 0.58515625 0.4486111111111111 0.584375 0.45555555555555555 0.575 0.45555555555555555 0.57421875 0.4527777777777778 0.5765625 0.44722222222222224 0.584375 0.4486111111111111
