0 0.5686274509803921 0.4673202614379085 0.5833333333333334 0.4673202614379085 0.5931372549019608 0.47058823529411764 0.5931372549019608 0.4738562091503268 0.5759803921568627 0.477124183006536 0.5686274509803921 0.4738562091503268 0.5661764705882353 0.47058823529411764 0.5686274509803921 0.46895424836601307
0 0.6200980392156863 0.38235294117647056 0.6421568627450981 0.38235294117647056 0.6421568627450981 0.38562091503267976 0.6372549019607843 0.3872549019607843 0.625 0.3872549019607843 0.6200980392156863 0.3839869281045752
0 0.6568627450980392 0.7941176470588235 0.6666666666666666 0.8006535947712419 0.6691176470588235 0.8088235294117647 0.6617647058823529 0.8186274509803921 0.6495098039215687 0.8284313725490197 0.6397058823529411 0.8284313725490197 0.6299019607843137 0.8202614379084967 0.6225490196078431 0.8186274509803921 0.6151960784313726 0.8137254901960784 0.6102941176470589 0.8055555555555556 0.6127450980392157 0.8006535947712419 0.6299019607843137 0.7924836601307189 0.6544117647058824 0.7941176470588235
0 0.6127450980392157 0.4068627450980392 0.6323529411764706 0.4068627450980392 0.6348039215686274 0.4084967320261438 0.6323529411764706 0.4117647058823529 0.6151960784313726 0.4117647058823529 0.6127450980392157 0.4084967320261438
0 0.678921568627451 0.9019607843137255 0.6813725490196079 0.9035947712418301 0.6911764705882353 0.9035947712418301 0.6985294117647058 0.9068627450980392 0.7107843137254902 0.9183006535947712 0.7107843137254902 0.9297385620915033 0.7058823529411765 0.9330065359477124 0.7009803921568627 0.9330065359477124 0.6887254901960784 0.9379084967320261 0.6715686274509803 0.934640522875817 0.6544117647058824 0.923202614379085 0.6446078431372549 0.9133986928104575 0.6446078431372549 0.9101307189542484 0.6495098039215687 0.9052287581699346 0.6764705882352942 0.9019607843137255
0 0.5588235294117647 0.5571895424836601 0.5833333333333334 0.5571895424836601 0.5882352941176471 0.5588235294117647 0.5882352941176471 0.5637254901960784 0.5759803921568627 0.5702614379084967 0.571078431372549 0.5702614379084967 0.5612745098039216 0.565359477124183 0.5563725490196079 0.5620915032679739 0.5588235294117647 0.5588235294117647
0 0.6200980392156863 0.7189542483660131 0.6299019607843137 0.7238562091503268 0.6299019607843137 0.7271241830065359 0.625 0.7303921568627451 0.6151960784313726 0.7320261437908496 0.5857843137254902 0.7320261437908496 0.5808823529411765 0.7303921568627451 0.5784313725490197 0.7238562091503268 0.5906862745098039 0.7189542483660131 0.6176470588235294 0.7189542483660131
0 0.5735294117647058 0.6797385620915033 0.5784313725490197 0.6781045751633987 0.6102941176470589 0.6781045751633987 0.6176470588235294 0.6813725490196079 0.6176470588235294 0.6879084967320261 0.6029411764705882 0.6928104575163399 0.5784313725490197 0.6911764705882353 0.5735294117647058 0.6879084967320261 0.5735294117647058 0.6813725490196079
0 0.5735294117647058 0.4869281045751634 0.5906862745098039 0.49019607843137253 0.5906862745098039 0.4950980392156863 0.5857843137254902 0.49673202614379086 0.571078431372549 0.49673202614379086 0.5661764705882353 0.4950980392156863 0.5612745098039216 0.4918300653594771 0.5612745098039216 0.48856209150326796 0.571078431372549 0.4869281045751634
0 0.5882352941176471 0.5816993464052288 0.5906862745098039 0.5882352941176471 0.5857843137254902 0.5915032679738562 0.5686274509803921 0.5915032679738562 0.5563725490196079 0.5849673202614379 0.5588235294117647 0.5816993464052288 0.5857843137254902 0.5816993464052288
0 0.7107843137254902 0.9754901960784313 0.7205882352941176 0.9803921568627451 0.7254901960784313 0.9869281045751634 0.7279411764705882 0.9934640522875817 0.7254901960784313 0.9983660130718954 0.7132352941176471 0.9983660130718954 0.7083333333333334 0.9950980392156863 0.7034313725490197 0.9950980392156863 0.696078431372549 0.9983660130718954 0.6813725490196079 0.9983660130718954 0.6617647058823529 0.9934640522875817 0.6593137254901961 0.9901960784313726 0.6593137254901961 0.9787581699346405 0.6617647058823529 0.9771241830065359 0.6666666666666666 0.9754901960784313 0.7083333333333334 0.9754901960784313
0 0.6127450980392157 0.4362745098039216 0.6151960784313726 0.4395424836601307 0.6029411764705882 0.44281045751633985 0.5980392156862745 0.44607843137254904 0.5931372549019608 0.4444444444444444 0.5906862745098039 0.43790849673202614 0.5931372549019608 0.4362745098039216 0.6102941176470589 0.4362745098039216
0 0.5612745098039216 0.6111111111111112 0.5906862745098039 0.6111111111111112 0.5955882352941176 0.6143790849673203 0.5955882352941176 0.619281045751634 0.5882352941176471 0.6258169934640523 0.5808823529411765 0.6274509803921569 0.5686274509803921 0.6225490196078431 0.5612745098039216 0.6160130718954249 0.5612745098039216 0.6127450980392157
0 0.6813725490196079 0.8447712418300654 0.6911764705882353 0.8513071895424836 0.6936274509803921 0.8562091503267973 0.6887254901960784 0.869281045751634 0.678921568627451 0.8790849673202614 0.6568627450980392 0.8758169934640523 0.6299019607843137 0.8578431372549019 0.6323529411764706 0.8496732026143791 0.6593137254901961 0.8496732026143791 0.6666666666666666 0.8464052287581699 0.678921568627451 0.8447712418300654
0 0.5931372549019608 0.6388888888888888 0.6053921568627451 0.6421568627450981 0.6078431372549019 0.6470588235294118 0.6053921568627451 0.6519607843137255 0.5906862745098039 0.6584967320261438 0.5661764705882353 0.6503267973856209 0.5637254901960784 0.6454248366013072 0.5661764705882353 0.6405228758169934 0.5906862745098039 0.6388888888888888
0 0.6004901960784313 0.4493464052287582 0.6053921568627451 0.45098039215686275 0.6053921568627451 0.45588235294117646 0.5955882352941176 0.4591503267973856 0.5833333333333334 0.4591503267973856 0.5784313725490197 0.45588235294117646 0.5784313725490197 0.4526143790849673 0.5857843137254902 0.4493464052287582 0.5980392156862745 0.4493464052287582
0 0.5661764705882353 0.5310457516339869 0.5686274509803921 0.5326797385620915 0.5833333333333334 0.5326797385620915 0.5931372549019608 0.5375816993464052 0.5882352941176471 0.5424836601307189 0.5759803921568627 0.545751633986928 0.5686274509803921 0.545751633986928 0.5637254901960784 0.5424836601307189 0.553921568627451 0.5408496732026143 0.553921568627451 0.5343137254901961 0.5637254901960784 0.5310457516339869
0 0.625 0.7549019607843137 0.6372549019607843 0.7581699346405228 0.6348039215686274 0.7647058823529411 0.6372549019607843 0.7696078431372549 0.6348039215686274 0.7712418300653595 0.6225490196078431 0.7712418300653595 0.6029411764705882 0.761437908496732 0.6029411764705882 0.7565359477124183 0.6078431372549019 0.7549019607843137 0.6200980392156863 0.7549019607843137 0.6225490196078431 0.7565359477124183
