0 0.8790849673202614 0.16707616707616707 0.8790849673202614 0.17444717444717445 0.8741830065359477 0.17936117936117937 0.8611111111111112 0.17936117936117937 0.8496732026143791 0.18427518427518427 0.8398692810457516 0.18427518427518427 0.8366013071895425 0.18181818181818182 0.8366013071895425 0.1769041769041769 0.8398692810457516 0.17444717444717445 0.8611111111111112 0.16461916461916462 0.8774509803921569 0.16707616707616707
0 0.7638888888888888 0.21621621621621623 0.04411764705882353 0.029484029484029485
0 0.14869281045751634 0.7837837837837838 0.15849673202614378 0.8132678132678133 0.14052287581699346 0.8304668304668305 0.119281045751634 0.8378378378378378 0.10947712418300654 0.8452088452088452 0.08006535947712418 0.8427518427518428 0.0718954248366013 0.8378378378378378 0.06535947712418301 0.828009828009828 0.06535947712418301 0.8230958230958231 0.06209150326797386 0.8157248157248157 0.06372549019607843 0.8083538083538083 0.0718954248366013 0.7960687960687961 0.08006535947712418 0.7886977886977887 0.10784313725490197 0.7764127764127764 0.1323529411764706 0.7764127764127764 0.14705882352941177 0.7837837837837838
0 0.47794117647058826 0.44717444717444715 0.05718954248366013 0.04914004914004914
0 0.12091503267973856 0.8427518427518428 0.12254901960784313 0.8525798525798526 0.11764705882352941 0.8648648648648649 0.11764705882352941 0.8746928746928747 0.12418300653594772 0.8943488943488943 0.12418300653594772 0.9041769041769042 0.12091503267973856 0.9164619164619164 0.11437908496732026 0.9238329238329238 0.10130718954248366 0.9287469287469288 0.0915032679738562 0.9287469287469288 0.06862745098039216 0.9434889434889435 0.05555555555555555 0.941031941031941 0.0457516339869281 0.9336609336609336 0.0392156862745098 0.9336609336609336 0.032679738562091505 0.9262899262899262 0.0392156862745098 0.9164619164619164 0.04084967320261438 0.8918918918918919 0.049019607843137254 0.8697788697788698 0.058823529411764705 0.8574938574938575 0.07516339869281045 0.8452088452088452 0.0915032679738562 0.8452088452088452 0.09313725490196079 0.8476658476658476 0.10784313725490197 0.8501228501228502 0.119281045751634 0.8427518427518428
0 0.5326797385620915 0.3857493857493858 0.5375816993464052 0.3931203931203931 0.5294117647058824 0.40540540540540543 0.5277777777777778 0.41277641277641275 0.5147058823529411 0.41277641277641275 0.49673202614379086 0.4201474201474201 0.4934640522875817 0.4201474201474201 0.48856209150326796 0.4152334152334152 0.48856209150326796 0.40786240786240785 0.4918300653594771 0.40294840294840295 0.5212418300653595 0.3832923832923833 0.5294117647058824 0.3832923832923833 0.5310457516339869 0.3857493857493858
0 0.3839869281045752 0.5233415233415234 0.3872549019607843 0.5282555282555282 0.3741830065359477 0.5503685503685504 0.3741830065359477 0.5675675675675675 0.3758169934640523 0.5724815724815725 0.37254901960784315 0.5773955773955773 0.3611111111111111 0.5823095823095823 0.35130718954248363 0.5823095823095823 0.3415032679738562 0.5872235872235873 0.32516339869281047 0.5872235872235873 0.3235294117647059 0.5896805896805897 0.30718954248366015 0.5798525798525799 0.3022875816993464 0.5675675675675675 0.3022875816993464 0.5601965601965602 0.3104575163398693 0.5454545454545454 0.32679738562091504 0.538083538083538 0.3464052287581699 0.5356265356265356 0.3709150326797386 0.5233415233415234 0.38235294117647056 0.5233415233415234
0 0.272875816993464 0.6167076167076168 0.2826797385620915 0.6240786240786241 0.2875816993464052 0.6314496314496314 0.2875816993464052 0.6388206388206388 0.2826797385620915 0.6486486486486487 0.27941176470588236 0.6486486486486487 0.27124183006535946 0.6560196560196561 0.26633986928104575 0.6560196560196561 0.26143790849673204 0.6609336609336609 0.24183006535947713 0.6609336609336609 0.23366013071895425 0.6658476658476659 0.21568627450980393 0.6658476658476659 0.20098039215686275 0.6511056511056511 0.20261437908496732 0.6363636363636364 0.2107843137254902 0.6240786240786241 0.21895424836601307 0.6167076167076168 0.238562091503268 0.6142506142506142 0.24019607843137256 0.6117936117936118 0.2581699346405229 0.6117936117936118 0.27124183006535946 0.6167076167076168
0 0.24183006535947713 0.6756756756756757 0.2434640522875817 0.6781326781326781 0.238562091503268 0.6953316953316954 0.238562091503268 0.7076167076167076 0.24183006535947713 0.7174447174447175 0.24673202614379086 0.7223587223587223 0.24836601307189543 0.7297297297297297 0.23202614379084968 0.7493857493857494 0.2173202614379085 0.7493857493857494 0.19607843137254902 0.7616707616707616 0.1830065359477124 0.7616707616707616 0.18137254901960784 0.7592137592137592 0.17320261437908496 0.7592137592137592 0.16666666666666666 0.7542997542997543 0.16013071895424835 0.7542997542997543 0.16013071895424835 0.7469287469287469 0.16339869281045752 0.7469287469287469 0.16666666666666666 0.742014742014742 0.16339869281045752 0.7272727272727273 0.16339869281045752 0.7174447174447175 0.16830065359477125 0.6953316953316954 0.17320261437908496 0.6904176904176904 0.17973856209150327 0.6904176904176904 0.1977124183006536 0.683046683046683 0.2107843137254902 0.683046683046683 0.2238562091503268 0.6732186732186732 0.238562091503268 0.6732186732186732 0.24019607843137256 0.6756756756756757
0 0.3872549019607843 0.4950859950859951 0.0718954248366013 0.051597051597051594
0 0.6797385620915033 0.24078624078624078 0.6944444444444444 0.23587223587223588 0.7058823529411765 0.2285012285012285 0.7173202614379085 0.2285012285012285 0.7189542483660131 0.2334152334152334 0.7140522875816994 0.2457002457002457 0.7075163398692811 0.24815724815724816 0.6813725490196079 0.25061425061425063 0.6781045751633987 0.2457002457002457 0.6797385620915033 0.24324324324324326
0 0.6143790849673203 0.3316953316953317 0.619281045751634 0.3415233415233415 0.6127450980392157 0.35135135135135137 0.6078431372549019 0.36609336609336607 0.5915032679738562 0.371007371007371 0.5866013071895425 0.3759213759213759 0.5751633986928104 0.3759213759213759 0.5702614379084967 0.36855036855036855 0.5718954248366013 0.35872235872235875 0.5931372549019608 0.3415233415233415 0.6127450980392157 0.3316953316953317
0 0.6209150326797386 0.3071253071253071 0.06209150326797386 0.03931203931203931
0 0.7630718954248366 0.18673218673218672 0.7745098039215687 0.18181818181818182 0.7990196078431373 0.17936117936117937 0.8006535947712419 0.1769041769041769 0.815359477124183 0.1769041769041769 0.8169934640522876 0.17936117936117937 0.8120915032679739 0.18673218673218672 0.795751633986928 0.1941031941031941 0.7663398692810458 0.19656019656019655 0.761437908496732 0.19164619164619165 0.7630718954248366 0.1891891891891892
0 0.6830065359477124 0.26535626535626533 0.684640522875817 0.2678132678132678 0.7009803921568627 0.2702702702702703 0.7058823529411765 0.2751842751842752 0.7058823529411765 0.28255528255528256 0.6944444444444444 0.28992628992628994 0.6862745098039216 0.28992628992628994 0.6715686274509803 0.2972972972972973 0.6650326797385621 0.2972972972972973 0.6584967320261438 0.29238329238329236 0.6568627450980392 0.28255528255528256 0.6699346405228758 0.2678132678132678 0.6813725490196079 0.26535626535626533
