0 0.3431372549019608 0.49078341013824883 0.35294117647058826 0.49539170506912444 0.3545751633986928 0.5 0.34967320261437906 0.5046082949308756 0.3431372549019608 0.5046082949308756 0.3415032679738562 0.5069124423963134 0.3333333333333333 0.5023041474654378 0.33169934640522875 0.5046082949308756 0.31699346405228757 0.5046082949308756 0.3137254901960784 0.5023041474654378 0.31699346405228757 0.49078341013824883 0.3235294117647059 0.4861751152073733 0.3349673202614379 0.4861751152073733 0.3415032679738562 0.49078341013824883
0 0.6928104575163399 0.4377880184331797 0.7026143790849673 0.4447004608294931 0.6993464052287581 0.44930875576036866 0.6928104575163399 0.45161290322580644 0.684640522875817 0.45161290322580644 0.6797385620915033 0.4470046082949309 0.6797385620915033 0.4423963133640553 0.6862745098039216 0.4377880184331797 0.6911764705882353 0.4377880184331797
0 0.4477124183006536 0.8110599078341014 0.4591503267973856 0.8225806451612904 0.4591503267973856 0.8341013824884793 0.4542483660130719 0.847926267281106 0.4542483660130719 0.8548387096774194 0.46078431372549017 0.8640552995391705 0.4738562091503268 0.8755760368663594 0.4852941176470588 0.8986175115207373 0.4852941176470588 0.9078341013824884 0.4803921568627451 0.9147465437788018 0.4673202614379085 0.9124423963133641 0.4395424836601307 0.8824884792626728 0.434640522875817 0.880184331797235 0.43300653594771243 0.8824884792626728 0.4035947712418301 0.8824884792626728 0.39705882352941174 0.8778801843317973 0.39215686274509803 0.868663594470046 0.39215686274509803 0.8571428571428571 0.39869281045751637 0.8387096774193549 0.40522875816993464 0.8341013824884793 0.4166666666666667 0.8317972350230415 0.43300653594771243 0.8087557603686636 0.4444444444444444 0.8087557603686636 0.44607843137254904 0.8110599078341014
0 0.7549019607843137 0.5253456221198156 0.761437908496732 0.532258064516129 0.761437908496732 0.5368663594470046 0.7581699346405228 0.5414746543778802 0.7483660130718954 0.5414746543778802 0.7418300653594772 0.5345622119815668 0.7450980392156863 0.5253456221198156 0.7532679738562091 0.5253456221198156
0 0.5147058823529411 0.3387096774193548 0.5196078431372549 0.34101382488479265 0.5228758169934641 0.3456221198156682 0.5228758169934641 0.35023041474654376 0.5212418300653595 0.35253456221198154 0.5098039215686274 0.35253456221198154 0.5081699346405228 0.3548387096774194 0.4950980392156863 0.3548387096774194 0.4918300653594771 0.35023041474654376 0.5 0.34101382488479265 0.5130718954248366 0.3387096774193548
0 0.6633986928104575 0.4308755760368664 0.6683006535947712 0.423963133640553 0.673202614379085 0.4216589861751152 0.6797385620915033 0.423963133640553 0.6797385620915033 0.4308755760368664 0.6748366013071896 0.43548387096774194 0.6666666666666666 0.43548387096774194 0.6650326797385621 0.43317972350230416
0 0.553921568627451 0.38940092165898615 0.5588235294117647 0.39631336405529954 0.5571895424836601 0.4009216589861751 0.5326797385620915 0.41013824884792627 0.5147058823529411 0.41013824884792627 0.5098039215686274 0.4078341013824885 0.5081699346405228 0.4009216589861751 0.5179738562091504 0.39631336405529954 0.5245098039215687 0.39631336405529954 0.5326797385620915 0.3870967741935484 0.5506535947712419 0.3870967741935484 0.5522875816993464 0.38940092165898615
0 0.826797385620915 0.619815668202765 0.8316993464052288 0.6221198156682027 0.8333333333333334 0.6290322580645161 0.8300653594771242 0.6336405529953917 0.8186274509803921 0.6405529953917051 0.803921568627451 0.6382488479262672 0.7990196078431373 0.6336405529953917 0.7990196078431373 0.6267281105990783 0.803921568627451 0.619815668202765 0.8088235294117647 0.6175115207373272 0.8251633986928104 0.619815668202765
0 0.35130718954248363 0.3294930875576037 0.3545751633986928 0.33410138248847926 0.3464052287581699 0.3433179723502304 0.3333333333333333 0.3433179723502304 0.3300653594771242 0.34101382488479265 0.3333333333333333 0.33640552995391704 0.3366013071895425 0.33640552995391704 0.34477124183006536 0.3294930875576037 0.34967320261437906 0.3294930875576037
0 0.3480392156862745 0.4377880184331797 0.35294117647058826 0.4447004608294931 0.35130718954248363 0.44930875576036866 0.3480392156862745 0.45622119815668205 0.3382352941176471 0.4608294930875576 0.3284313725490196 0.45852534562211983 0.32679738562091504 0.4539170506912442 0.3333333333333333 0.4423963133640553 0.3464052287581699 0.4377880184331797
0 0.36437908496732024 0.23732718894009217 0.3758169934640523 0.2350230414746544 0.3790849673202614 0.23963133640552994 0.37254901960784315 0.24423963133640553 0.3660130718954248 0.24423963133640553 0.36437908496732024 0.23963133640552994
0 0.3464052287581699 0.4377880184331797 0.35130718954248363 0.4423963133640553 0.35130718954248363 0.4470046082949309 0.34477124183006536 0.45852534562211983 0.3284313725490196 0.4608294930875576 0.32679738562091504 0.4631336405529954 0.31209150326797386 0.4631336405529954 0.30718954248366015 0.45622119815668205 0.3104575163398693 0.45161290322580644 0.32679738562091504 0.44930875576036866 0.3366013071895425 0.4400921658986175 0.34477124183006536 0.4377880184331797
0 0.5359477124183006 0.5253456221198156 0.5506535947712419 0.5368663594470046 0.553921568627451 0.5414746543778802 0.553921568627451 0.5460829493087558 0.545751633986928 0.5529953917050692 0.5375816993464052 0.5552995391705069 0.5196078431372549 0.5668202764976958 0.5049019607843137 0.5668202764976958 0.5016339869281046 0.5645161290322581 0.48856209150326796 0.5460829493087558 0.48856209150326796 0.5391705069124424 0.49836601307189543 0.5299539170506913 0.5032679738562091 0.5299539170506913 0.5098039215686274 0.5253456221198156 0.5343137254901961 0.5253456221198156
0 0.8970588235294118 0.7027649769585254 0.9084967320261438 0.7188940092165899 0.9084967320261438 0.7235023041474654 0.9035947712418301 0.728110599078341 0.8872549019607843 0.728110599078341 0.8823529411764706 0.7258064516129032 0.8725490196078431 0.7119815668202765 0.8725490196078431 0.7073732718894009 0.8774509803921569 0.7027649769585254 0.8954248366013072 0.7027649769585254
0 0.4624183006535948 0.271889400921659 0.46405228758169936 0.28110599078341014 0.46078431372549017 0.2834101382488479 0.45098039215686275 0.2834101382488479 0.4444444444444444 0.27880184331797236 0.4493464052287582 0.271889400921659 0.46078431372549017 0.271889400921659
0 0.32679738562091504 0.29493087557603687 0.3300653594771242 0.29723502304147464 0.3300653594771242 0.30184331797235026 0.32516339869281047 0.3064516129032258 0.3137254901960784 0.3064516129032258 0.31209150326797386 0.30414746543778803 0.31699346405228757 0.29723502304147464 0.32516339869281047 0.29493087557603687
0 0.5326797385620915 0.42857142857142855 0.5359477124183006 0.4400921658986175 0.5245098039215687 0.4470046082949309 0.4869281045751634 0.4470046082949309 0.4820261437908497 0.4447004608294931 0.4820261437908497 0.4400921658986175 0.49673202614379086 0.4308755760368664 0.5049019607843137 0.4308755760368664 0.5147058823529411 0.42626728110599077 0.5310457516339869 0.42857142857142855
0 0.4133986928104575 0.6705069124423964 0.4215686274509804 0.6797235023041475 0.42320261437908496 0.6935483870967742 0.4199346405228758 0.7050691244239631 0.4084967320261438 0.7096774193548387 0.3937908496732026 0.7073732718894009 0.37254901960784315 0.6889400921658986 0.3709150326797386 0.6912442396313364 0.3627450980392157 0.6912442396313364 0.35130718954248363 0.6797235023041475 0.35130718954248363 0.6728110599078341 0.3562091503267974 0.6658986175115207 0.369281045751634 0.6612903225806451 0.3872549019607843 0.6405529953917051 0.4035947712418301 0.6428571428571429 0.4084967320261438 0.6497695852534562 0.4084967320261438 0.6658986175115207 0.4117647058823529 0.6705069124423964
0 0.8627450980392157 0.6543778801843319 0.8741830065359477 0.6612903225806451 0.8774509803921569 0.6658986175115207 0.8774509803921569 0.6705069124423964 0.8725490196078431 0.6774193548387096 0.8676470588235294 0.6797235023041475 0.8562091503267973 0.6774193548387096 0.8480392156862745 0.6705069124423964 0.8480392156862745 0.6589861751152074 0.8496732026143791 0.6566820276497696 0.8611111111111112 0.6543778801843319
0 0.36764705882352944 0.7350230414746544 0.3790849673202614 0.7396313364055299 0.3888888888888889 0.7511520737327189 0.4035947712418301 0.7557603686635944 0.4035947712418301 0.7695852534562212 0.39705882352941174 0.7764976958525346 0.39052287581699346 0.7764976958525346 0.3888888888888889 0.7788018433179723 0.38235294117647056 0.7788018433179723 0.3660130718954248 0.7672811059907834 0.3611111111111111 0.7672811059907834 0.3545751633986928 0.7626728110599078 0.3431372549019608 0.7672811059907834 0.3333333333333333 0.7672811059907834 0.32679738562091504 0.7603686635944701 0.32679738562091504 0.7534562211981567 0.3300653594771242 0.7488479262672811 0.3366013071895425 0.7465437788018433 0.3464052287581699 0.7373271889400922 0.3562091503267974 0.7327188940092166 0.3660130718954248 0.7350230414746544
0 0.4477124183006536 0.2903225806451613 0.4526143790849673 0.29493087557603687 0.45098039215686275 0.2995391705069124 0.4362745098039216 0.2995391705069124 0.4297385620915033 0.29493087557603687 0.43137254901960786 0.2903225806451613 0.44607843137254904 0.2903225806451613
0 0.4820261437908497 0.3248847926267281 0.4852941176470588 0.3294930875576037 0.4820261437908497 0.33640552995391704 0.4722222222222222 0.33640552995391704 0.46405228758169936 0.3317972350230415 0.46405228758169936 0.3271889400921659 0.47058823529411764 0.3225806451612903 0.47875816993464054 0.3225806451612903 0.4803921568627451 0.3248847926267281
0 0.5261437908496732 0.3663594470046083 0.5310457516339869 0.37327188940092165 0.5310457516339869 0.38018433179723504 0.5277777777777778 0.3824884792626728 0.5130718954248366 0.3824884792626728 0.5065359477124183 0.3778801843317972 0.5065359477124183 0.3709677419354839 0.5098039215686274 0.3663594470046083 0.5245098039215687 0.3663594470046083
0 0.3006535947712418 0.39631336405529954 0.3022875816993464 0.38940092165898615 0.3137254901960784 0.3870967741935484 0.3300653594771242 0.3778801843317972 0.3349673202614379 0.3778801843317972 0.3382352941176471 0.3824884792626728 0.3284313725490196 0.39631336405529954 0.3137254901960784 0.39631336405529954 0.31209150326797386 0.3986175115207373 0.3022875816993464 0.39631336405529954
0 0.3741830065359477 0.5253456221198156 0.3758169934640523 0.5276497695852534 0.3741830065359477 0.5414746543778802 0.37745098039215685 0.5483870967741935 0.3790849673202614 0.5599078341013825 0.37254901960784315 0.5691244239631337 0.3562091503267974 0.5668202764976958 0.35130718954248363 0.5599078341013825 0.3366013071895425 0.5529953917050692 0.3333333333333333 0.5483870967741935 0.3333333333333333 0.5460829493087558 0.3415032679738562 0.543778801843318 0.3611111111111111 0.5253456221198156 0.37254901960784315 0.5253456221198156
0 0.7908496732026143 0.8271889400921659 0.8088235294117647 0.8525345622119815 0.826797385620915 0.8617511520737328 0.8333333333333334 0.8732718894009217 0.8333333333333334 0.8847926267281107 0.8251633986928104 0.8963133640552995 0.8055555555555556 0.9032258064516129 0.8006535947712419 0.9147465437788018 0.7892156862745098 0.9285714285714286 0.7810457516339869 0.9285714285714286 0.7794117647058824 0.9308755760368663 0.75 0.9285714285714286 0.7336601307189542 0.9216589861751152 0.7140522875816994 0.9193548387096774 0.6928104575163399 0.8986175115207373 0.6895424836601307 0.8894009216589862 0.6895424836601307 0.8709677419354839 0.7091503267973857 0.8410138248847926 0.7222222222222222 0.8341013824884793 0.738562091503268 0.8317972350230415 0.75 0.8202764976958525 0.7745098039215687 0.8202764976958525 0.7892156862745098 0.8271889400921659
0 0.3333333333333333 0.35944700460829493 0.3366013071895425 0.3640552995391705 0.33169934640522875 0.3686635944700461 0.32189542483660133 0.3686635944700461 0.3137254901960784 0.3617511520737327 0.31862745098039214 0.35714285714285715 0.33169934640522875 0.35944700460829493
0 0.31862745098039214 0.41244239631336405 0.32679738562091504 0.41705069124423966 0.3349673202614379 0.41705069124423966 0.3366013071895425 0.423963133640553 0.3300653594771242 0.42857142857142855 0.32189542483660133 0.42857142857142855 0.30718954248366015 0.4216589861751152 0.3088235294117647 0.4147465437788018 0.31699346405228757 0.41244239631336405
0 0.7058823529411765 0.4815668202764977 0.7173202614379085 0.4792626728110599 0.7271241830065359 0.4838709677419355 0.7238562091503268 0.49078341013824883 0.7189542483660131 0.4930875576036866 0.7107843137254902 0.49078341013824883 0.7058823529411765 0.4838709677419355
0 0.7745098039215687 0.5576036866359447 0.7794117647058824 0.5645161290322581 0.7712418300653595 0.5737327188940092 0.7581699346405228 0.5714285714285714 0.7516339869281046 0.5622119815668203 0.7565359477124183 0.5552995391705069 0.7728758169934641 0.5576036866359447
0 0.5049019607843137 0.9470046082949308 0.5016339869281046 0.9539170506912442 0.5049019607843137 0.9585253456221198 0.5081699346405228 0.9723502304147466 0.5065359477124183 0.9792626728110599 0.5 0.9838709677419355 0.49836601307189543 0.9907834101382489 0.5 0.9930875576036866 0.4950980392156863 0.9976958525345622 0.45588235294117646 0.9976958525345622 0.4542483660130719 0.9953917050691244 0.43790849673202614 0.9953917050691244 0.4362745098039216 0.9976958525345622 0.42320261437908496 0.9976958525345622 0.4215686274509804 0.9953917050691244 0.37745098039215685 0.9976958525345622 0.3758169934640523 0.9953917050691244 0.3758169934640523 0.9861751152073732 0.38235294117647056 0.9723502304147466 0.39869281045751637 0.9539170506912442 0.42320261437908496 0.9423963133640553 0.44281045751633985 0.9400921658986175 0.44607843137254904 0.9354838709677419 0.46078431372549017 0.9262672811059908 0.4722222222222222 0.9262672811059908 0.477124183006536 0.9331797235023042 0.4918300653594771 0.9354838709677419 0.5 0.9470046082949308 0.5032679738562091 0.9470046082949308
0 0.946078431372549 0.7488479262672811 0.954248366013072 0.7534562211981567 0.9624183006535948 0.7626728110599078 0.9624183006535948 0.771889400921659 0.9575163398692811 0.7788018433179723 0.9411764705882353 0.7764976958525346 0.9281045751633987 0.7672811059907834 0.9248366013071896 0.7580645161290323 0.9281045751633987 0.7511520737327189 0.9444444444444444 0.7488479262672811
0 0.2696078431372549 0.3225806451612903 0.27450980392156865 0.3271889400921659 0.27450980392156865 0.3317972350230415 0.2581699346405229 0.3387096774193548 0.24673202614379086 0.3387096774193548 0.2434640522875817 0.3317972350230415 0.24509803921568626 0.3271889400921659 0.25 0.3225806451612903 0.2679738562091503 0.3225806451612903
0 0.9820261437908496 0.8110599078341014 0.9983660130718954 0.8179723502304147 0.9983660130718954 0.8433179723502304 0.9771241830065359 0.8410138248847926 0.9591503267973857 0.8225806451612904 0.9591503267973857 0.8179723502304147 0.9656862745098039 0.8110599078341014 0.9803921568627451 0.8110599078341014
0 0.684640522875817 0.4608294930875576 0.6879084967320261 0.45852534562211983 0.6993464052287581 0.45852534562211983 0.7075163398692811 0.46543778801843316 0.704248366013072 0.4700460829493088 0.6944444444444444 0.47235023041474655 0.6928104575163399 0.4700460829493088 0.6862745098039216 0.4700460829493088 0.6830065359477124 0.46543778801843316 0.684640522875817 0.4631336405529954
0 0.5931372549019608 0.5737327188940092 0.6045751633986928 0.5852534562211982 0.6143790849673203 0.5875576036866359 0.6241830065359477 0.5944700460829493 0.6323529411764706 0.6082949308755761 0.6323529411764706 0.6105990783410138 0.6274509803921569 0.6129032258064516 0.6078431372549019 0.6105990783410138 0.6062091503267973 0.6082949308755761 0.5931372549019608 0.6082949308755761 0.5866013071895425 0.6059907834101382 0.5718954248366013 0.5944700460829493 0.5702614379084967 0.5852534562211982 0.576797385620915 0.576036866359447 0.5800653594771242 0.5737327188940092 0.5915032679738562 0.5737327188940092
0 0.45588235294117646 0.3064516129032258 0.4591503267973856 0.30414746543778803 0.477124183006536 0.30414746543778803 0.47549019607843135 0.31336405529953915 0.4591503267973856 0.31336405529953915 0.45588235294117646 0.3087557603686636
0 0.6078431372549019 0.6382488479262672 0.630718954248366 0.652073732718894 0.6437908496732027 0.652073732718894 0.6486928104575164 0.6705069124423964 0.6405228758169934 0.6820276497695853 0.630718954248366 0.6889400921658986 0.5947712418300654 0.7050691244239631 0.5800653594771242 0.7050691244239631 0.5669934640522876 0.7004608294930875 0.5604575163398693 0.695852534562212 0.5490196078431373 0.6774193548387096 0.5506535947712419 0.6682027649769585 0.5588235294117647 0.6566820276497696 0.576797385620915 0.6428571428571429 0.5898692810457516 0.6405529953917051 0.5915032679738562 0.6382488479262672 0.6062091503267973 0.6382488479262672
0 0.9395424836601307 0.9585253456221198 0.9558823529411765 0.9654377880184332 0.9705882352941176 0.9792626728110599 0.9738562091503268 0.9792626728110599 0.988562091503268 0.9930875576036866 0.9869281045751634 0.9976958525345622 0.8480392156862745 0.9976958525345622 0.8545751633986928 0.9838709677419355 0.8676470588235294 0.9723502304147466 0.8986928104575164 0.9723502304147466 0.9003267973856209 0.9746543778801844 0.9101307189542484 0.9608294930875576 0.9166666666666666 0.9585253456221198 0.9379084967320261 0.9585253456221198
0 0.7352941176470589 0.7235023041474654 0.7418300653594772 0.7304147465437788 0.7483660130718954 0.7465437788018433 0.7761437908496732 0.771889400921659 0.7810457516339869 0.7811059907834101 0.7810457516339869 0.7903225806451613 0.7647058823529411 0.7903225806451613 0.7401960784313726 0.7764976958525346 0.7336601307189542 0.7764976958525346 0.7254901960784313 0.7811059907834101 0.7140522875816994 0.7926267281105991 0.6895424836601307 0.7949308755760369 0.6879084967320261 0.7972350230414746 0.6699346405228758 0.7926267281105991 0.6470588235294118 0.7603686635944701 0.6454248366013072 0.7534562211981567 0.6470588235294118 0.7396313364055299 0.6601307189542484 0.7235023041474654 0.6748366013071896 0.716589861751152 0.7189542483660131 0.716589861751152 0.7336601307189542 0.7235023041474654
0 0.5522875816993464 0.4700460829493088 0.5637254901960784 0.49078341013824883 0.5637254901960784 0.49539170506912444 0.5604575163398693 0.5 0.5310457516339869 0.49539170506912444 0.511437908496732 0.5023041474654378 0.5016339869281046 0.5023041474654378 0.49019607843137253 0.4976958525345622 0.49019607843137253 0.48847926267281105 0.4934640522875817 0.4815668202764977 0.5081699346405228 0.47235023041474655 0.5343137254901961 0.4631336405529954 0.5473856209150327 0.46543778801843316 0.5506535947712419 0.4700460829493088
0 0.6601307189542484 0.39400921658986177 0.6666666666666666 0.4009216589861751 0.6633986928104575 0.4055299539170507 0.6535947712418301 0.4055299539170507 0.6486928104575164 0.4009216589861751 0.6503267973856209 0.39631336405529954 0.6584967320261438 0.39400921658986177
0 0.7303921568627451 0.7995391705069125 0.7320261437908496 0.8018433179723502 0.738562091503268 0.7995391705069125 0.75 0.7995391705069125 0.7516339869281046 0.8018433179723502 0.7532679738562091 0.7995391705069125 0.7598039215686274 0.7995391705069125 0.7728758169934641 0.8179723502304147 0.7941176470588235 0.8294930875576036 0.8088235294117647 0.8525345622119815 0.815359477124183 0.8571428571428571 0.8202614379084967 0.8571428571428571 0.8316993464052288 0.868663594470046 0.8333333333333334 0.8755760368663594 0.8316993464052288 0.8894009216589862 0.8169934640522876 0.9009216589861752 0.8071895424836601 0.9032258064516129 0.7924836601307189 0.9262672811059908 0.7843137254901961 0.9308755760368663 0.7581699346405228 0.9308755760368663 0.738562091503268 0.923963133640553 0.7254901960784313 0.923963133640553 0.7222222222222222 0.9285714285714286 0.7238562091503268 0.9308755760368663 0.7189542483660131 0.9308755760368663 0.7091503267973857 0.923963133640553 0.6928104575163399 0.9032258064516129 0.6781045751633987 0.9032258064516129 0.6535947712418301 0.8894009216589862 0.6519607843137255 0.8847926267281107 0.6552287581699346 0.8709677419354839 0.6813725490196079 0.8317972350230415 0.6977124183006536 0.8133640552995391 0.7091503267973857 0.804147465437788 0.7205882352941176 0.7995391705069125 0.7287581699346405 0.7995391705069125
0 0.35784313725490197 0.6036866359447005 0.3627450980392157 0.6059907834101382 0.36437908496732024 0.6129032258064516 0.35130718954248363 0.619815668202765 0.32679738562091504 0.6129032258064516 0.3235294117647059 0.6082949308755761 0.3235294117647059 0.5990783410138248 0.3300653594771242 0.5921658986175116 0.34477124183006536 0.5921658986175116 0.34967320261437906 0.5944700460829493 0.35294117647058826 0.6036866359447005 0.3562091503267974 0.6036866359447005
0 0.7124183006535948 0.5069124423963134 0.7173202614379085 0.5023041474654378 0.7287581699346405 0.5023041474654378 0.7369281045751634 0.5092165898617511 0.7336601307189542 0.5161290322580645 0.7205882352941176 0.5161290322580645 0.7124183006535948 0.511520737327189 0.7124183006535948 0.5092165898617511
0 0.803921568627451 0.5829493087557603 0.8120915032679739 0.5898617511520737 0.8104575163398693 0.5944700460829493 0.8022875816993464 0.6013824884792627 0.795751633986928 0.6013824884792627 0.7859477124183006 0.5944700460829493 0.7859477124183006 0.5898617511520737 0.7908496732026143 0.5829493087557603 0.8022875816993464 0.5829493087557603
