0 0.39052287581699346 0.36764705882352944 0.39215686274509803 0.3700980392156863 0.39215686274509803 0.3799019607843137 0.40032679738562094 0.39705882352941174 0.40522875816993464 0.4019607843137255 0.4166666666666667 0.40441176470588236 0.42810457516339867 0.41421568627450983 0.43137254901960786 0.41421568627450983 0.44281045751633985 0.4264705882352941 0.45098039215686275 0.43137254901960786 0.4591503267973856 0.44362745098039214 0.4673202614379085 0.45098039215686275 0.46895424836601307 0.4632352941176471 0.46568627450980393 0.47058823529411764 0.4526143790849673 0.48284313725490197 0.4411764705882353 0.4877450980392157 0.4215686274509804 0.4877450980392157 0.4166666666666667 0.4852941176470588 0.4133986928104575 0.47794117647058826 0.40522875816993464 0.47549019607843135 0.4035947712418301 0.46568627450980393 0.40032679738562094 0.46078431372549017 0.39705882352941174 0.4632352941176471 0.3937908496732026 0.45098039215686275 0.3872549019607843 0.4485294117647059 0.38562091503267976 0.4411764705882353 0.3872549019607843 0.43137254901960786 0.3758169934640523 0.4166666666666667 0.37745098039215685 0.41421568627450983 0.3758169934640523 0.40441176470588236 0.380718954248366 0.39950980392156865 0.37745098039215685 0.3946078431372549 0.380718954248366 0.3897058823529412 0.380718954248366 0.38235294117647056 0.3741830065359477 0.375 0.38562091503267976 0.36519607843137253 0.3888888888888889 0.36764705882352944
0 0.07352941176470588 0.10294117647058823 0.10130718954248366 0.11519607843137254 0.1111111111111111 0.12745098039215685 0.1111111111111111 0.13480392156862744 0.10620915032679738 0.14215686274509803 0.10784313725490197 0.1642156862745098 0.10947712418300654 0.16666666666666666 0.10784313725490197 0.17401960784313725 0.10130718954248366 0.18627450980392157 0.08986928104575163 0.19607843137254902 0.049019607843137254 0.2034313725490196 0.042483660130718956 0.20833333333333334 0.026143790849673203 0.20833333333333334 0.021241830065359478 0.20588235294117646 0.0032679738562091504 0.18627450980392157 0 0.17647058823529413 0 0.12254901960784313 0.014705882352941176 0.12009803921568628 0.024509803921568627 0.11519607843137254 0.0392156862745098 0.10049019607843138 0.06372549019607843 0.10049019607843138 0.06535947712418301 0.10294117647058823 0.0718954248366013 0.10294117647058823
0 0.9787581699346405 0.00980392156862745 0.9901960784313726 0.007352941176470588 0.9934640522875817 0 0.9983660130718954 0 0.9983660130718954 0.061274509803921566 0.9820261437908496 0.03676470588235294 0.9787581699346405 0.022058823529411766 0.9787581699346405 0.012254901960784314
0 0.8594771241830066 0.3431372549019608 0.8676470588235294 0.35294117647058826 0.8741830065359477 0.35294117647058826 0.8758169934640523 0.35049019607843135 0.8937908496732027 0.35294117647058826 0.9003267973856209 0.3627450980392157 0.9281045751633987 0.3799019607843137 0.9395424836601307 0.39950980392156865 0.9428104575163399 0.41421568627450983 0.9411764705882353 0.4166666666666667 0.9411764705882353 0.44362745098039214 0.9379084967320261 0.4485294117647059 0.9166666666666666 0.4485294117647059 0.9052287581699346 0.4411764705882353 0.8954248366013072 0.4387254901960784 0.8823529411764706 0.42892156862745096 0.8578431372549019 0.42892156862745096 0.8529411764705882 0.42401960784313725 0.8480392156862745 0.42401960784313725 0.8415032679738562 0.41911764705882354 0.8366013071895425 0.4117647058823529 0.8366013071895425 0.39950980392156865 0.8333333333333334 0.39215686274509803 0.8349673202614379 0.3897058823529412 0.8333333333333334 0.3872549019607843 0.8349673202614379 0.375 0.8431372549019608 0.3602941176470588 0.8447712418300654 0.34558823529411764 0.8480392156862745 0.34068627450980393 0.8562091503267973 0.34068627450980393 0.8578431372549019 0.3431372549019608
0 0.021241830065359478 0 0.02287581699346405 0.0024509803921568627 0.03431372549019608 0.0024509803921568627 0.03594771241830065 0 0.03758169934640523 0.0024509803921568627 0.04084967320261438 0 0.0457516339869281 0.0024509803921568627 0.05718954248366013 0.0024509803921568627 0.058823529411764705 0 0.06535947712418301 0.0024509803921568627 0.07679738562091504 0.0024509803921568627 0.0784313725490196 0 0.08660130718954248 0 0.08823529411764706 0.0024509803921568627 0.08986928104575163 0 0.12091503267973856 0.0024509803921568627 0.12254901960784313 0.004901960784313725 0.12254901960784313 0.01715686274509804 0.11437908496732026 0.022058823529411766 0.08006535947712418 0.024509803921568627 0.0784313725490196 0.02696078431372549 0.0718954248366013 0.024509803921568627 0.06535947712418301 0.024509803921568627 0.06372549019607843 0.02696078431372549 0 0.02696078431372549 0 0.004901960784313725 0.0032679738562091504 0.0024509803921568627 0.008169934640522876 0.004901960784313725 0.0196078431372549 0.0024509803921568627
0 0.272875816993464 0.5416666666666666 0.27941176470588236 0.5465686274509803 0.29248366013071897 0.5465686274509803 0.3006535947712418 0.5416666666666666 0.3104575163398693 0.5416666666666666 0.31699346405228757 0.5465686274509803 0.3480392156862745 0.5906862745098039 0.34967320261437906 0.6004901960784313 0.3562091503267974 0.6176470588235294 0.35294117647058826 0.6544117647058824 0.3480392156862745 0.6617647058823529 0.33986928104575165 0.6642156862745098 0.3235294117647059 0.678921568627451 0.32516339869281047 0.6813725490196079 0.32516339869281047 0.7009803921568627 0.3202614379084967 0.7205882352941176 0.31699346405228757 0.7254901960784313 0.31699346405228757 0.7303921568627451 0.31209150326797386 0.7377450980392157 0.3022875816993464 0.7450980392156863 0.2777777777777778 0.7573529411764706 0.23366013071895425 0.7549019607843137 0.22875816993464052 0.75 0.21895424836601307 0.75 0.21568627450980393 0.7549019607843137 0.20588235294117646 0.7549019607843137 0.20261437908496732 0.7450980392156863 0.18790849673202614 0.7450980392156863 0.1781045751633987 0.7352941176470589 0.17483660130718953 0.7279411764705882 0.17483660130718953 0.7181372549019608 0.16830065359477125 0.7058823529411765 0.16993464052287582 0.7034313725490197 0.16993464052287582 0.6911764705882353 0.16666666666666666 0.6862745098039216 0.16666666666666666 0.6691176470588235 0.16830065359477125 0.6666666666666666 0.16666666666666666 0.6642156862745098 0.16666666666666666 0.6495098039215687 0.20098039215686275 0.5931372549019608 0.23366013071895425 0.5759803921568627 0.24019607843137256 0.5833333333333334 0.2434640522875817 0.5833333333333334 0.24673202614379086 0.5906862745098039 0.25 0.5857843137254902 0.25 0.5735294117647058 0.2565359477124183 0.553921568627451 0.2630718954248366 0.5441176470588235 0.27124183006535946 0.5416666666666666
0 0.2581699346405229 0.0392156862745098 0.27124183006535946 0.049019607843137254 0.28921568627450983 0.049019607843137254 0.3006535947712418 0.058823529411764705 0.31699346405228757 0.058823529411764705 0.32189542483660133 0.061274509803921566 0.3300653594771242 0.07107843137254902 0.3333333333333333 0.08333333333333333 0.33986928104575165 0.08823529411764706 0.3415032679738562 0.10294117647058823 0.3349673202614379 0.11764705882352941 0.31862745098039214 0.12745098039215685 0.29411764705882354 0.12745098039215685 0.29248366013071897 0.12990196078431374 0.28431372549019607 0.12990196078431374 0.272875816993464 0.12254901960784313 0.2581699346405229 0.12254901960784313 0.238562091503268 0.10784313725490197 0.23366013071895425 0.08823529411764706 0.23529411764705882 0.0784313725490196 0.24019607843137256 0.0661764705882353 0.24836601307189543 0.056372549019607844 0.25163398692810457 0.041666666666666664 0.2565359477124183 0.0392156862745098
0 0.6241830065359477 0.21323529411764705 0.6258169934640523 0.21568627450980393 0.6454248366013072 0.21568627450980393 0.6683006535947712 0.22549019607843138 0.6813725490196079 0.23529411764705882 0.6895424836601307 0.24754901960784315 0.6879084967320261 0.2647058823529412 0.6928104575163399 0.2769607843137255 0.6928104575163399 0.2867647058823529 0.6781045751633987 0.2916666666666667 0.6715686274509803 0.2965686274509804 0.6650326797385621 0.30637254901960786 0.6568627450980392 0.3112745098039216 0.6552287581699346 0.3088235294117647 0.6470588235294118 0.3088235294117647 0.6356209150326797 0.30392156862745096 0.6339869281045751 0.30637254901960786 0.6209150326797386 0.3014705882352941 0.6094771241830066 0.3014705882352941 0.6013071895424836 0.2965686274509804 0.5947712418300654 0.2867647058823529 0.5882352941176471 0.25980392156862747 0.5882352941176471 0.24509803921568626 0.5898692810457516 0.2426470588235294 0.5915032679738562 0.22058823529411764 0.5931372549019608 0.2181372549019608 0.6013071895424836 0.2181372549019608 0.6062091503267973 0.2107843137254902 0.6225490196078431 0.21323529411764705
0 0.4362745098039216 0.3333333333333333 0.43790849673202614 0.33578431372549017 0.45588235294117646 0.33578431372549017 0.4591503267973856 0.34068627450980393 0.47058823529411764 0.3480392156862745 0.4918300653594771 0.35294117647058826 0.5016339869281046 0.36519607843137253 0.5016339869281046 0.37254901960784315 0.5065359477124183 0.38480392156862747 0.5065359477124183 0.3946078431372549 0.5081699346405228 0.39705882352941174 0.5032679738562091 0.4166666666666667 0.49673202614379086 0.42892156862745096 0.48856209150326796 0.4362745098039216 0.48366013071895425 0.4362745098039216 0.477124183006536 0.4411764705882353 0.46895424836601307 0.45588235294117646 0.46895424836601307 0.46568627450980393 0.45751633986928103 0.4803921568627451 0.4477124183006536 0.4852941176470588 0.4166666666666667 0.4852941176470588 0.4133986928104575 0.47794117647058826 0.40522875816993464 0.47549019607843135 0.4035947712418301 0.4730392156862745 0.40522875816993464 0.4681372549019608 0.4035947712418301 0.4632352941176471 0.40032679738562094 0.46078431372549017 0.39705882352941174 0.4632352941176471 0.3937908496732026 0.4583333333333333 0.3954248366013072 0.45588235294117646 0.3937908496732026 0.45098039215686275 0.3888888888888889 0.4534313725490196 0.3790849673202614 0.4387254901960784 0.3758169934640523 0.4387254901960784 0.37254901960784315 0.4338235294117647 0.3741830065359477 0.43137254901960786 0.369281045751634 0.4264705882352941 0.36764705882352944 0.4215686274509804 0.369281045751634 0.4166666666666667 0.36437908496732024 0.40931372549019607 0.36437908496732024 0.39215686274509803 0.3709150326797386 0.3700980392156863 0.38235294117647056 0.3627450980392157 0.39052287581699346 0.36519607843137253 0.3937908496732026 0.35784313725490197 0.40032679738562094 0.35784313725490197 0.4117647058823529 0.34068627450980393 0.42483660130718953 0.33088235294117646 0.43300653594771243 0.33088235294117646 0.434640522875817 0.3333333333333333
0 0.44607843137254904 0 0.5163398692810458 0 0.5196078431372549 0.00980392156862745 0.5196078431372549 0.024509803921568627 0.5212418300653595 0.02696078431372549 0.5196078431372549 0.0392156862745098 0.5147058823529411 0.04656862745098039 0.5049019607843137 0.051470588235294115 0.4722222222222222 0.051470588235294115 0.47058823529411764 0.049019607843137254 0.46078431372549017 0.049019607843137254 0.45588235294117646 0.04656862745098039 0.44607843137254904 0.03431372549019608 0.4444444444444444 0.02696078431372549 0.4444444444444444 0.007352941176470588 0.44607843137254904 0.0024509803921568627
