0 0.6748366013071896 0.8390596745027125 0.704248366013072 0.8481012658227848 0.7140522875816994 0.8535262206148282 0.7222222222222222 0.864376130198915 0.7271241830065359 0.8661844484629295 0.7320261437908496 0.8752260397830018 0.7320261437908496 0.8842676311030742 0.7352941176470589 0.8896925858951176 0.7418300653594772 0.8933092224231465 0.7549019607843137 0.9077757685352622 0.761437908496732 0.918625678119349 0.761437908496732 0.9312839059674503 0.7434640522875817 0.9312839059674503 0.7369281045751634 0.9276672694394213 0.7205882352941176 0.9276672694394213 0.7173202614379085 0.9258589511754068 0.7075163398692811 0.8896925858951176 0.6748366013071896 0.8535262206148282 0.673202614379085 0.840867992766727
0 0.5245098039215687 0.7142857142857143 0.5326797385620915 0.7160940325497287 0.545751633986928 0.7233273056057866 0.5506535947712419 0.72875226039783 0.5522875816993464 0.7432188065099458 0.5490196078431373 0.7450271247739603 0.5326797385620915 0.7432188065099458 0.5163398692810458 0.72875226039783 0.5147058823529411 0.7179023508137432 0.5179738562091504 0.7142857142857143 0.5228758169934641 0.7142857142857143
0 0.795751633986928 0.9204339963833634 0.8202614379084967 0.9312839059674503 0.8349673202614379 0.945750452079566 0.8513071895424836 0.9529837251356239 0.8545751633986928 0.9602169981916817 0.8529411764705882 0.976491862567812 0.8709150326797386 0.9945750452079566 0.8709150326797386 0.9981916817359855 0.8316993464052288 0.9981916817359855 0.826797385620915 0.9927667269439421 0.826797385620915 0.976491862567812 0.8186274509803921 0.9674502712477396 0.8006535947712419 0.9547920433996383 0.7826797385620915 0.9349005424954792 0.7810457516339869 0.9240506329113924 0.7859477124183006 0.9204339963833634 0.7941176470588235 0.9204339963833634
0 0.6111111111111112 0.810126582278481 0.6258169934640523 0.8083182640144665 0.6388888888888888 0.8137432188065099 0.6486928104575164 0.8264014466546112 0.6535947712418301 0.8390596745027125 0.6519607843137255 0.8517179023508138 0.6470588235294118 0.8535262206148282 0.6290849673202614 0.8517179023508138 0.6111111111111112 0.8354430379746836 0.6094771241830066 0.8300180831826401 0.6094771241830066 0.8137432188065099 0.6111111111111112 0.8119349005424955
0 0.4297385620915033 0.6184448462929476 0.43790849673202614 0.6220614828209765 0.44281045751633985 0.6274864376130199 0.4411764705882353 0.6329113924050633 0.43790849673202614 0.6347197106690777 0.4264705882352941 0.6347197106690777 0.4199346405228758 0.6292947558770343 0.41830065359477125 0.6256781193490054 0.4199346405228758 0.6220614828209765 0.42320261437908496 0.6184448462929476 0.42810457516339867 0.6184448462929476
0 0.48366013071895425 0.6889692585895117 0.48856209150326796 0.6907775768535263 0.49836601307189543 0.701627486437613 0.49836601307189543 0.7124773960216998 0.4803921568627451 0.7106690777576854 0.47058823529411764 0.7034358047016275 0.4722222222222222 0.6943942133815552 0.4820261437908497 0.6889692585895117
0 0.43137254901960786 0.6618444846292948 0.42320261437908496 0.650994575045208 0.42320261437908496 0.6455696202531646 0.4297385620915033 0.6383363471971067 0.434640522875817 0.6365280289330922 0.4395424836601307 0.6365280289330922 0.44607843137254904 0.64376130198915 0.45098039215686275 0.6564195298372514 0.4444444444444444 0.6618444846292948 0.43300653594771243 0.6618444846292948
0 0.4019607843137255 0.593128390596745 0.4068627450980392 0.6039783001808319 0.40522875816993464 0.6148282097649186 0.39215686274509803 0.6148282097649186 0.38562091503267976 0.6094032549728752 0.38235294117647056 0.6021699819168174 0.38235294117647056 0.5949367088607594 0.39052287581699346 0.5949367088607594 0.39705882352941174 0.5913200723327305 0.40032679738562094 0.593128390596745
0 0.7254901960784313 0.8824593128390597 0.7303921568627451 0.8842676311030742 0.7532679738562091 0.9077757685352622 0.7598039215686274 0.9204339963833634 0.7581699346405228 0.9294755877034359 0.7565359477124183 0.9276672694394213 0.738562091503268 0.9276672694394213 0.7320261437908496 0.9240506329113924 0.7222222222222222 0.9240506329113924 0.7173202614379085 0.9204339963833634 0.7091503267973857 0.8933092224231465 0.7140522875816994 0.8860759493670886 0.7238562091503268 0.8824593128390597
0 0.46895424836601307 0.6654611211573237 0.4918300653594771 0.6708860759493671 0.5 0.6817359855334539 0.5 0.6853526220614828 0.49673202614379086 0.6889692585895117 0.48366013071895425 0.6871609403254972 0.46405228758169936 0.6781193490054249 0.4591503267973856 0.6726943942133815 0.4591503267973856 0.6672694394213382 0.4673202614379085 0.6654611211573237
0 0.5441176470588235 0.7468354430379747 0.5555555555555556 0.7522603978300181 0.5620915032679739 0.7631103074141049 0.5604575163398693 0.7721518987341772 0.5555555555555556 0.7757685352622061 0.5392156862745098 0.7721518987341772 0.5277777777777778 0.759493670886076 0.5277777777777778 0.7504520795660036 0.5326797385620915 0.7450271247739603 0.5424836601307189 0.7468354430379747
0 0.5882352941176471 0.7721518987341772 0.5964052287581699 0.7775768535262206 0.6111111111111112 0.779385171790235 0.619281045751634 0.783001808318264 0.6225490196078431 0.786618444846293 0.6225490196078431 0.7974683544303798 0.619281045751634 0.8010849909584087 0.6078431372549019 0.8010849909584087 0.5849673202614379 0.7902350813743219 0.5800653594771242 0.7848101265822784 0.5800653594771242 0.7757685352622061 0.5866013071895425 0.7721518987341772
0 0.673202614379085 0.840867992766727 0.6813725490196079 0.840867992766727 0.6862745098039216 0.8444846292947559 0.704248366013072 0.8481012658227848 0.7156862745098039 0.8553345388788427 0.7189542483660131 0.8625678119349005 0.7156862745098039 0.8698010849909584 0.7075163398692811 0.8716094032549728 0.704248366013072 0.8752260397830018 0.696078431372549 0.8752260397830018 0.6862745098039216 0.8625678119349005 0.6748366013071896 0.8535262206148282 0.673202614379085 0.8426763110307414
