0 0.33984375 0.8097222222222222 0.3421875 0.8125 0.34375 0.8236111111111111 0.3421875 0.8305555555555556 0.33515625 0.8388888888888889 0.325 0.8444444444444444 0.3125 0.8430555555555556 0.28671875 0.8527777777777777 0.28203125 0.8527777777777777 0.278125 0.8458333333333333 0.27890625 0.8263888888888888 0.2859375 0.8152777777777778 0.29765625 0.8152777777777778 0.3046875 0.8097222222222222 0.3390625 0.8097222222222222
0 0.39453125 0.8861111111111111 0.4015625 0.8902777777777777 0.40234375 0.9055555555555556 0.39921875 0.9291666666666667 0.39453125 0.9375 0.39140625 0.9388888888888889 0.384375 0.9333333333333333 0.38203125 0.9069444444444444 0.38359375 0.8916666666666667 0.38828125 0.8861111111111111 0.39375 0.8861111111111111
0 0.19453125 0.7402777777777778 0.196875 0.7458333333333333 0.19453125 0.7597222222222222 0.19140625 0.7638888888888888 0.18046875 0.7666666666666667 0.175 0.7638888888888888 0.175 0.7430555555555556 0.18046875 0.7375 0.190625 0.7375 0.19375 0.7402777777777778
0 0.240625 0.5708333333333333 0.25234375 0.5791666666666667 0.2515625 0.5944444444444444 0.2421875 0.6013888888888889 0.234375 0.6013888888888889 0.23046875 0.5972222222222222 0.23359375 0.575 0.23984375 0.5708333333333333
0 0.32265625 0.8791666666666667 0.33125 0.9097222222222222 0.33828125 0.9222222222222223 0.34140625 0.9347222222222222 0.33828125 0.9486111111111111 0.32734375 0.9541666666666667 0.3140625 0.95 0.303125 0.9277777777777778 0.3015625 0.9152777777777777 0.30234375 0.9027777777777778 0.30546875 0.8930555555555556 0.3171875 0.8777777777777778 0.321875 0.8791666666666667
0 0.2828125 0.5777777777777777 0.284375 0.5805555555555556 0.284375 0.5902777777777778 0.2828125 0.5986111111111111 0.28046875 0.6013888888888889 0.26484375 0.5972222222222222 0.2625 0.5916666666666667 0.2625 0.5847222222222223 0.26640625 0.5763888888888888 0.28203125 0.5777777777777777
0 0.29609375 0.7430555555555556 0.2984375 0.75 0.29765625 0.7652777777777777 0.29453125 0.7722222222222223 0.2859375 0.7791666666666667 0.275 0.7791666666666667 0.27265625 0.7763888888888889 0.27109375 0.7722222222222223 0.271875 0.7569444444444444 0.2796875 0.7444444444444445 0.28828125 0.7402777777777778 0.29375 0.7402777777777778 0.2953125 0.7430555555555556
0 0.14609375 0.8638888888888889 0.15078125 0.8708333333333333 0.14765625 0.8888888888888888 0.14453125 0.8972222222222223 0.134375 0.9041666666666667 0.13046875 0.9041666666666667 0.1265625 0.8972222222222223 0.128125 0.8736111111111111 0.13125 0.8666666666666667 0.13515625 0.8638888888888889 0.1453125 0.8638888888888889
0 0.36640625 0.5791666666666667 0.36953125 0.5833333333333334 0.3703125 0.5930555555555556 0.36328125 0.6138888888888889 0.359375 0.6194444444444445 0.3546875 0.6194444444444445 0.34765625 0.6097222222222223 0.34765625 0.5875 0.3515625 0.5805555555555556 0.365625 0.5791666666666667
0 0.54375 0.9152777777777777 0.546875 0.9180555555555555 0.5484375 0.9263888888888889 0.546875 0.9458333333333333 0.54140625 0.9486111111111111 0.5359375 0.9430555555555555 0.53203125 0.9430555555555555 0.5265625 0.95 0.5125 0.9277777777777778 0.5140625 0.9055555555555556 0.51796875 0.8958333333333334 0.52421875 0.8888888888888888 0.53984375 0.8833333333333333 0.54140625 0.8875 0.53984375 0.9055555555555556 0.54296875 0.9152777777777777
0 0.26328125 0.48194444444444445 0.2640625 0.4888888888888889 0.2609375 0.49583333333333335 0.2515625 0.5 0.24765625 0.4986111111111111 0.24765625 0.4861111111111111 0.25234375 0.48194444444444445 0.2625 0.48194444444444445
0 0.38671875 0.8388888888888889 0.390625 0.8430555555555556 0.39375 0.8527777777777777 0.3953125 0.8625 0.39375 0.8708333333333333 0.38828125 0.8763888888888889 0.37578125 0.8805555555555555 0.37265625 0.8777777777777778 0.36953125 0.8666666666666667 0.36875 0.8486111111111111 0.37109375 0.8444444444444444 0.3859375 0.8402777777777778
0 0.371875 0.9347222222222222 0.38046875 0.9444444444444444 0.3875 0.9430555555555555 0.3953125 0.9486111111111111 0.4 0.9680555555555556 0.3984375 0.9833333333333333 0.3953125 0.9930555555555556 0.3625 0.9958333333333333 0.36015625 0.9986111111111111 0.3375 0.9944444444444445 0.340625 0.9819444444444444 0.35 0.9722222222222222 0.34921875 0.9472222222222222 0.35078125 0.9416666666666667 0.35546875 0.9375 0.37109375 0.9347222222222222
0 0.13046875 0.925 0.134375 0.9277777777777778 0.1359375 0.9458333333333333 0.13359375 0.9680555555555556 0.1296875 0.9736111111111111 0.115625 0.9722222222222222 0.1125 0.9652777777777778 0.1125 0.9472222222222222 0.115625 0.9388888888888889 0.1296875 0.925
0 0.29453125 0.5236111111111111 0.29609375 0.5263888888888889 0.2953125 0.5361111111111111 0.29140625 0.5416666666666666 0.2828125 0.5458333333333333 0.27890625 0.5416666666666666 0.2796875 0.5291666666666667 0.2875 0.5222222222222223 0.29375 0.5236111111111111
0 0.2140625 0.55625 0.0265625 0.029166666666666667
0 0.2171875 0.75 0.2234375 0.7569444444444444 0.2234375 0.775 0.21796875 0.7875 0.20859375 0.7930555555555555 0.2015625 0.7902777777777777 0.19921875 0.7805555555555556 0.19921875 0.7694444444444445 0.2046875 0.7541666666666667 0.21640625 0.75
0 0.16484375 0.6805555555555556 0.17421875 0.6833333333333333 0.17734375 0.6888888888888889 0.17578125 0.7041666666666667 0.16484375 0.7152777777777778 0.15625 0.7138888888888889 0.153125 0.7 0.15390625 0.6861111111111111 0.15703125 0.6805555555555556 0.1640625 0.6805555555555556
0 0.2484375 0.65 0.25234375 0.6527777777777778 0.25390625 0.6597222222222222 0.253125 0.6722222222222223 0.2484375 0.6805555555555556 0.23828125 0.6805555555555556 0.23359375 0.6777777777777778 0.23203125 0.6736111111111112 0.23203125 0.6638888888888889 0.2359375 0.6527777777777778 0.24765625 0.65
0 0.25546875 0.8083333333333333 0.2640625 0.8111111111111111 0.26875 0.8166666666666667 0.26875 0.8347222222222223 0.265625 0.8430555555555556 0.2515625 0.85 0.24296875 0.8458333333333333 0.24140625 0.8222222222222222 0.2453125 0.8111111111111111 0.2546875 0.8083333333333333
0 0.325 0.5888888888888889 0.32890625 0.5930555555555556 0.33359375 0.6097222222222223 0.3390625 0.6138888888888889 0.340625 0.6222222222222222 0.3390625 0.6361111111111111 0.32890625 0.6444444444444445 0.31015625 0.6388888888888888 0.29921875 0.6430555555555556 0.2953125 0.6361111111111111 0.29609375 0.6208333333333333 0.3046875 0.6069444444444444 0.3046875 0.6013888888888889 0.3078125 0.5944444444444444 0.32421875 0.5888888888888889
0 0.2640625 0.9666666666666667 0.26953125 0.9763888888888889 0.2703125 0.9986111111111111 0.2453125 0.9986111111111111 0.24375 0.9958333333333333 0.24453125 0.9833333333333333 0.24765625 0.9736111111111111 0.26015625 0.9652777777777778 0.26328125 0.9666666666666667
0 0.15625 0.7513888888888889 0.16328125 0.7680555555555556 0.15390625 0.7833333333333333 0.14453125 0.7791666666666667 0.1421875 0.7680555555555556 0.14609375 0.7555555555555555 0.15078125 0.75 0.15546875 0.7513888888888889
0 0.61015625 0.9777777777777777 0.61484375 0.975 0.6265625 0.9777777777777777 0.63203125 0.9930555555555556 0.63203125 0.9986111111111111 0.60859375 0.9986111111111111 0.6078125 0.9902777777777778 0.61015625 0.9791666666666666
0 0.23203125 0.8111111111111111 0.2359375 0.8152777777777778 0.2375 0.825 0.234375 0.8444444444444444 0.23046875 0.8486111111111111 0.21328125 0.8430555555555556 0.21171875 0.8402777777777778 0.21171875 0.8305555555555556 0.215625 0.8194444444444444 0.22578125 0.8111111111111111 0.23125 0.8111111111111111
0 0.3265625 0.6694444444444444 0.33515625 0.6722222222222223 0.33671875 0.6805555555555556 0.32890625 0.6958333333333333 0.31875 0.7 0.31015625 0.6972222222222222 0.3078125 0.6916666666666667 0.3078125 0.6833333333333333 0.31328125 0.6736111111111112 0.31875 0.6694444444444444 0.32578125 0.6694444444444444
0 0.346875 0.7055555555555556 0.35234375 0.725 0.35234375 0.7361111111111112 0.346875 0.7486111111111111 0.33828125 0.7527777777777778 0.3296875 0.7513888888888889 0.32734375 0.7472222222222222 0.32734375 0.7222222222222222 0.33125 0.7083333333333334 0.33671875 0.7041666666666667 0.34609375 0.7055555555555556
0 0.234375 0.9777777777777777 0.2375 0.9805555555555555 0.2390625 0.9986111111111111 0.20703125 0.9972222222222222 0.20859375 0.9875 0.21328125 0.9819444444444444 0.23359375 0.9777777777777777
