0 0.48366013071895425 0.553921568627451 0.4869281045751634 0.5514705882352942 0.49019607843137253 0.553921568627451 0.49019607843137253 0.5588235294117647 0.48366013071895425 0.5563725490196079
0 0.4934640522875817 0.6053921568627451 0.49673202614379086 0.6004901960784313 0.5016339869281046 0.6004901960784313 0.5032679738562091 0.6029411764705882 0.5016339869281046 0.6078431372549019 0.4950980392156863 0.6078431372549019
0 0.5702614379084967 0.8431372549019608 0.576797385620915 0.8357843137254902 0.5931372549019608 0.8382352941176471 0.5964052287581699 0.8455882352941176 0.5882352941176471 0.8529411764705882 0.5784313725490197 0.8529411764705882 0.5735294117647058 0.8504901960784313 0.5718954248366013 0.8455882352941176
0 0.5171568627450981 0.6740196078431373 0.017973856209150325 0.014705882352941176
0 0.4673202614379085 0.5 0.4738562091503268 0.5 0.47549019607843135 0.5024509803921569 0.4738562091503268 0.5049019607843137 0.4673202614379085 0.5049019607843137 0.4673202614379085 0.5024509803921569
0 0.2630718954248366 0.5147058823529411 0.2647058823529412 0.5171568627450981 0.25980392156862747 0.5220588235294118 0.25326797385620914 0.5196078431372549 0.2565359477124183 0.5147058823529411 0.26143790849673204 0.5147058823529411
0 0.6094771241830066 0.928921568627451 0.6127450980392157 0.9264705882352942 0.6274509803921569 0.9264705882352942 0.6323529411764706 0.9313725490196079 0.6356209150326797 0.9313725490196079 0.6372549019607843 0.9362745098039216 0.6372549019607843 0.9411764705882353 0.6323529411764706 0.946078431372549 0.6143790849673203 0.946078431372549 0.6094771241830066 0.9411764705882353 0.6078431372549019 0.9362745098039216 0.6094771241830066 0.9313725490196079
0 0.4820261437908497 0.5318627450980392 0.48366013071895425 0.5343137254901961 0.4820261437908497 0.5392156862745098 0.477124183006536 0.5367647058823529 0.4803921568627451 0.5318627450980392
0 0.28921568627450983 0.5049019607843137 0.29248366013071897 0.5 0.3006535947712418 0.5 0.29901960784313725 0.5073529411764706 0.2908496732026144 0.5073529411764706
0 0.5081699346405228 0.6323529411764706 0.5081699346405228 0.6397058823529411 0.49836601307189543 0.6397058823529411 0.49836601307189543 0.6348039215686274 0.5065359477124183 0.6323529411764706
0 0.5245098039215687 0.7205882352941176 0.5294117647058824 0.7132352941176471 0.5375816993464052 0.7132352941176471 0.5392156862745098 0.7181372549019608 0.5343137254901961 0.7230392156862745 0.5277777777777778 0.7230392156862745 0.5261437908496732 0.7205882352941176
0 0.4934640522875817 0.5759803921568627 0.4918300653594771 0.5833333333333334 0.4852941176470588 0.5808823529411765 0.4869281045751634 0.5759803921568627 0.4918300653594771 0.5759803921568627
0 0.553921568627451 0.7671568627450981 0.5571895424836601 0.7647058823529411 0.565359477124183 0.7647058823529411 0.5669934640522876 0.7671568627450981 0.5669934640522876 0.7720588235294118 0.5620915032679739 0.7769607843137255 0.5555555555555556 0.7745098039215687 0.553921568627451 0.7696078431372549
