0 0.49754901960784315 0.5882352941176471 0.04411764705882353 0.029411764705882353
0 0.4362745098039216 0.5392156862745098 0.4387254901960784 0.5343137254901961 0.44607843137254904 0.5294117647058824 0.4632352941176471 0.5277777777777778 0.4730392156862745 0.5375816993464052 0.47058823529411764 0.5441176470588235 0.4583333333333333 0.5490196078431373 0.4485294117647059 0.5490196078431373 0.4387254901960784 0.5441176470588235 0.4387254901960784 0.5408496732026143
0 0.45588235294117646 0.4624183006535948 0.4583333333333333 0.46405228758169936 0.4583333333333333 0.477124183006536 0.45588235294117646 0.4803921568627451 0.43137254901960786 0.4803921568627451 0.42892156862745096 0.47875816993464054 0.42892156862745096 0.4722222222222222 0.4338235294117647 0.4673202614379085 0.44607843137254904 0.4624183006535948 0.4534313725490196 0.4624183006535948
0 0.4730392156862745 0.434640522875817 0.47794117647058826 0.43790849673202614 0.48284313725490197 0.44607843137254904 0.48284313725490197 0.4526143790849673 0.4803921568627451 0.4542483660130719 0.4632352941176471 0.4542483660130719 0.45588235294117646 0.45098039215686275 0.4534313725490196 0.4444444444444444 0.45588235294117646 0.4362745098039216 0.4583333333333333 0.434640522875817 0.47058823529411764 0.434640522875817
0 0.5784313725490197 0.49019607843137253 0.5857843137254902 0.5016339869281046 0.5857843137254902 0.511437908496732 0.5808823529411765 0.5163398692810458 0.5661764705882353 0.5147058823529411 0.5563725490196079 0.5081699346405228 0.5514705882352942 0.5 0.5514705882352942 0.4950980392156863 0.5588235294117647 0.49019607843137253 0.5661764705882353 0.48856209150326796 0.5759803921568627 0.49019607843137253
0 0.5171568627450981 0.380718954248366 0.5147058823529411 0.3937908496732026 0.5318627450980392 0.39869281045751637 0.5343137254901961 0.3839869281045752
0 0.5 0.4117647058823529 0.5024509803921569 0.42483660130718953 0.5171568627450981 0.4215686274509804 0.5147058823529411 0.4068627450980392
0 0.47549019607843135 0.3709150326797386 0.47549019607843135 0.3790849673202614 0.49264705882352944 0.380718954248366 0.49019607843137253 0.369281045751634
0 0.45588235294117646 0.3415032679738562 0.45098039215686275 0.34967320261437906 0.47549019607843135 0.3480392156862745 0.47058823529411764 0.3415032679738562
0 0.6004901960784313 0.39705882352941174 0.6078431372549019 0.40522875816993464 0.6323529411764706 0.4035947712418301 0.6225490196078431 0.3954248366013072
0 0.696078431372549 0.4526143790849673 0.6985294117647058 0.4624183006535948 0.7181372549019608 0.46405228758169936 0.7132352941176471 0.45098039215686275
0 0.49754901960784315 0.29901960784313725 0.4950980392156863 0.3104575163398693 0.5147058823529411 0.315359477124183 0.5147058823529411 0.30392156862745096
0 0.8137254901960784 0.39052287581699346 0.8088235294117647 0.39705882352941174 0.8308823529411765 0.40032679738562094
0 0.8529411764705882 0.41013071895424835 0.8529411764705882 0.4166666666666667 0.8774509803921569 0.41830065359477125 0.8700980392156863 0.41013071895424835
0 0.8308823529411765 0.44607843137254904 0.8308823529411765 0.45588235294117646 0.8578431372549019 0.45751633986928103 0.8504901960784313 0.44607843137254904
0 0.8480392156862745 0.545751633986928 0.8259803921568627 0.545751633986928 0.8406862745098039 0.5620915032679739 0.8627450980392157 0.565359477124183 0.8823529411764706 0.5588235294117647 0.8799019607843137 0.5522875816993464
0 0.9583333333333334 0.46895424836601307 0.9705882352941176 0.4820261437908497 0.9877450980392157 0.4803921568627451 0.9779411764705882 0.47058823529411764
0 0.5980392156862745 0.2875816993464052 0.5931372549019608 0.29248366013071897 0.6078431372549019 0.29411764705882354
0 0.6715686274509803 0.31862745098039214 0.6691176470588235 0.3284313725490196 0.6862745098039216 0.3300653594771242
0 0.32598039215686275 0.3382352941176471 0.32598039215686275 0.3464052287581699 0.3480392156862745 0.3431372549019608 0.34068627450980393 0.3333333333333333
0 0.3235294117647059 0.29411764705882354 0.3137254901960784 0.30718954248366015 0.3382352941176471 0.30718954248366015 0.34068627450980393 0.29901960784313725
0 0.4411764705882353 0.2777777777777778 0.4485294117647059 0.28921568627450983 0.46568627450980393 0.28431372549019607 0.4583333333333333 0.2777777777777778
0 0.3480392156862745 0.23039215686274508 0.3431372549019608 0.2369281045751634 0.35784313725490197 0.238562091503268 0.3602941176470588 0.23366013071895425
0 0.47549019607843135 0.24836601307189543 0.47058823529411764 0.25326797385620914 0.4877450980392157 0.2581699346405229 0.4877450980392157 0.25
0 0.5294117647058824 0.2434640522875817 0.5245098039215687 0.25163398692810457 0.5367647058823529 0.25326797385620914 0.5392156862745098 0.24509803921568626
