0 0.35784313725490197 0.7140522875816994 0.3627450980392157 0.7156862745098039 0.3602941176470588 0.7205882352941176 0.34558823529411764 0.7287581699346405 0.3088235294117647 0.7271241830065359 0.30637254901960786 0.7238562091503268 0.32598039215686275 0.7173202614379085 0.3553921568627451 0.7140522875816994
0 0.18627450980392157 0.8104575163398693 0.19117647058823528 0.8137254901960784 0.18872549019607843 0.8202614379084967 0.1568627450980392 0.826797385620915 0.14460784313725492 0.8251633986928104 0.13970588235294118 0.8202614379084967 0.14705882352941177 0.8120915032679739 0.15931372549019607 0.8088235294117647 0.18137254901960784 0.8088235294117647 0.18382352941176472 0.8104575163398693
0 0.11519607843137254 0.8594771241830066 0.15196078431372548 0.8480392156862745 0.16666666666666666 0.8480392156862745 0.16911764705882354 0.8464052287581699 0.18872549019607843 0.8480392156862745 0.19117647058823528 0.8545751633986928 0.18137254901960784 0.8676470588235294 0.17401960784313725 0.8725490196078431 0.1642156862745098 0.8725490196078431 0.1568627450980392 0.869281045751634 0.13970588235294118 0.8660130718954249 0.12745098039215685 0.8660130718954249 0.11764705882352941 0.8611111111111112
0 0.6372549019607843 0.5980392156862745 0.6397058823529411 0.6029411764705882 0.625 0.6029411764705882 0.6200980392156863 0.6013071895424836 0.6225490196078431 0.5980392156862745 0.6348039215686274 0.5980392156862745
0 0.6593137254901961 0.6143790849673203 0.6838235294117647 0.6143790849673203 0.6862745098039216 0.6160130718954249 0.6838235294117647 0.619281045751634 0.6617647058823529 0.619281045751634 0.6593137254901961 0.6160130718954249
0 0.7990196078431373 0.6388888888888888 0.803921568627451 0.6405228758169934 0.8014705882352942 0.6454248366013072 0.7769607843137255 0.6454248366013072 0.7745098039215687 0.6437908496732027 0.7720588235294118 0.6405228758169934 0.7769607843137255 0.6372549019607843 0.7941176470588235 0.6372549019607843 0.7965686274509803 0.6388888888888888
0 0.3112745098039216 0.6993464052287581 0.3235294117647059 0.6944444444444444 0.3333333333333333 0.6944444444444444 0.33578431372549017 0.6928104575163399 0.35049019607843135 0.6944444444444444 0.35049019607843135 0.6993464052287581 0.3431372549019608 0.7026143790849673 0.3284313725490196 0.7026143790849673 0.3235294117647059 0.704248366013072 0.3112745098039216 0.7009803921568627
0 0.9485294117647058 0.6715686274509803 0.9583333333333334 0.6748366013071896 0.9607843137254902 0.6813725490196079 0.9264705882352942 0.6813725490196079 0.9166666666666666 0.6781045751633987 0.9117647058823529 0.6748366013071896 0.9215686274509803 0.6699346405228758 0.946078431372549 0.6715686274509803
0 0.40441176470588236 0.6715686274509803 0.40931372549019607 0.6748366013071896 0.4019607843137255 0.6797385620915033 0.3946078431372549 0.6813725490196079 0.375 0.6813725490196079 0.37254901960784315 0.6781045751633987 0.38235294117647056 0.673202614379085 0.4019607843137255 0.6715686274509803
0 0.8259803921568627 0.6552287581699346 0.8284313725490197 0.6568627450980392 0.8406862745098039 0.6568627450980392 0.8455882352941176 0.6601307189542484 0.8431372549019608 0.6633986928104575 0.8137254901960784 0.6633986928104575 0.8088235294117647 0.6601307189542484 0.8137254901960784 0.6568627450980392 0.8235294117647058 0.6552287581699346
0 0.3762254901960784 0.6568627450980392 0.051470588235294115 0.0196078431372549
0 0.46078431372549017 0.6160130718954249 0.46568627450980393 0.6209150326797386 0.4583333333333333 0.6241830065359477 0.4387254901960784 0.6241830065359477 0.4362745098039216 0.6225490196078431 0.4411764705882353 0.6160130718954249 0.4583333333333333 0.6160130718954249
0 0.28921568627450983 0.7712418300653595 0.2916666666666667 0.7728758169934641 0.28921568627450983 0.7794117647058824 0.27450980392156865 0.7892156862745098 0.2181372549019608 0.7859477124183006 0.21568627450980393 0.7826797385620915 0.22058823529411764 0.7794117647058824 0.2426470588235294 0.7745098039215687 0.26715686274509803 0.7728758169934641 0.2696078431372549 0.7712418300653595 0.2867647058823529 0.7712418300653595
0 0.25 0.7467320261437909 0.2622549019607843 0.7418300653594772 0.28431372549019607 0.7418300653594772 0.28921568627450983 0.7467320261437909 0.28921568627450983 0.7516339869281046 0.27450980392156865 0.7549019607843137 0.25735294117647056 0.7549019607843137 0.24754901960784315 0.7516339869281046 0.25 0.7483660130718954
0 0.7156862745098039 0.6258169934640523 0.7230392156862745 0.6290849673202614 0.7230392156862745 0.6323529411764706 0.7009803921568627 0.6323529411764706 0.6936274509803921 0.630718954248366 0.696078431372549 0.6258169934640523 0.7132352941176471 0.6258169934640523
0 0.9803921568627451 0.6977124183006536 0.9975490196078431 0.6977124183006536 0.9975490196078431 0.7026143790849673 0.9901960784313726 0.704248366013072 0.9828431372549019 0.704248366013072 0.9803921568627451 0.6993464052287581
0 0.10784313725490197 0.9493464052287581 0.11274509803921569 0.9526143790849673 0.11274509803921569 0.9558823529411765 0.10049019607843138 0.9624183006535948 0.10049019607843138 0.9820261437908496 0.09558823529411764 0.9852941176470589 0.08088235294117647 0.9836601307189542 0.08088235294117647 0.9771241830065359 0.0784313725490196 0.9754901960784313 0.05392156862745098 0.9771241830065359 0.051470588235294115 0.9754901960784313 0.014705882352941176 0.9738562091503268 0.007352941176470588 0.9771241830065359 0 0.9771241830065359 0 0.9705882352941176 0.022058823529411766 0.9640522875816994 0.031862745098039214 0.9591503267973857 0.0392156862745098 0.9591503267973857 0.04656862745098039 0.954248366013072 0.058823529411764705 0.9509803921568627 0.08333333333333333 0.9493464052287581 0.0857843137254902 0.9477124183006536 0.10294117647058823 0.9477124183006536 0.1053921568627451 0.9493464052287581
0 0.4264705882352941 0.6405228758169934 0.42892156862745096 0.6437908496732027 0.4166666666666667 0.6486928104575164 0.39705882352941174 0.6486928104575164 0.39705882352941174 0.6454248366013072 0.4019607843137255 0.6421568627450981 0.42401960784313725 0.6405228758169934
0 0.49019607843137253 0.6078431372549019 0.49264705882352944 0.6045751633986928 0.5 0.6029411764705882 0.5122549019607843 0.6029411764705882 0.5147058823529411 0.6045751633986928 0.5049019607843137 0.6094771241830066 0.49264705882352944 0.6078431372549019
0 0.07598039215686274 0.8970588235294118 0.09068627450980392 0.9035947712418301 0.09558823529411764 0.9068627450980392 0.09558823529411764 0.9101307189542484 0.08088235294117647 0.9150326797385621 0.061274509803921566 0.9166666666666666 0.049019607843137254 0.9199346405228758 0.03431372549019608 0.9166666666666666 0.024509803921568627 0.9166666666666666 0.0196078431372549 0.9133986928104575 0.022058823529411766 0.9035947712418301 0.02696078431372549 0.9003267973856209 0.049019607843137254 0.8954248366013072 0.07107843137254902 0.8954248366013072 0.07352941176470588 0.8970588235294118
0 0.4166666666666667 0.630718954248366 0.41911764705882354 0.6339869281045751 0.4068627450980392 0.6372549019607843 0.39705882352941174 0.6372549019607843 0.39215686274509803 0.6356209150326797 0.39215686274509803 0.6323529411764706 0.39705882352941174 0.630718954248366 0.41421568627450983 0.630718954248366
