0 0.4730392156862745 0.7193627450980392 0.03431372549019608 0.02696078431372549
0 0.46568627450980393 0.6495098039215687 0.4852941176470588 0.6470588235294118 0.4918300653594771 0.6495098039215687 0.4934640522875817 0.6544117647058824 0.49019607843137253 0.6642156862745098 0.4820261437908497 0.6666666666666666 0.4722222222222222 0.6617647058823529 0.46568627450980393 0.6519607843137255
0 0.47549019607843135 0.6274509803921569 0.4918300653594771 0.625 0.4950980392156863 0.6274509803921569 0.49836601307189543 0.6372549019607843 0.49836601307189543 0.6421568627450981 0.4934640522875817 0.6446078431372549 0.4803921568627451 0.6397058823529411 0.47549019607843135 0.6299019607843137
0 0.40032679738562094 0.9068627450980392 0.4019607843137255 0.9093137254901961 0.41013071895424835 0.9093137254901961 0.4133986928104575 0.9166666666666666 0.4068627450980392 0.9509803921568627 0.39215686274509803 0.9558823529411765 0.38562091503267976 0.9705882352941176 0.369281045751634 0.9583333333333334 0.36437908496732024 0.9509803921568627 0.3627450980392157 0.9411764705882353 0.369281045751634 0.9264705882352942 0.3888888888888889 0.9093137254901961 0.39869281045751637 0.9093137254901961
0 0.45098039215686275 0.7647058823529411 0.45098039215686275 0.7475490196078431 0.4526143790849673 0.7450980392156863 0.477124183006536 0.7450980392156863 0.4803921568627451 0.75 0.4803921568627451 0.7573529411764706 0.48366013071895425 0.7671568627450981 0.48366013071895425 0.7720588235294118 0.47058823529411764 0.7745098039215687 0.46895424836601307 0.7720588235294118 0.46078431372549017 0.7720588235294118 0.4526143790849673 0.7647058823529411
0 0.4133986928104575 0.8504901960784313 0.41830065359477125 0.8480392156862745 0.4362745098039216 0.8480392156862745 0.4411764705882353 0.8431372549019608 0.4493464052287582 0.8431372549019608 0.4526143790849673 0.8480392156862745 0.44607843137254904 0.8799019607843137 0.43790849673202614 0.8897058823529411 0.42483660130718953 0.8897058823529411 0.4133986928104575 0.8823529411764706 0.4117647058823529 0.8799019607843137 0.4133986928104575 0.8529411764705882
0 0.42320261437908496 0.7916666666666666 0.43300653594771243 0.7867647058823529 0.44607843137254904 0.7867647058823529 0.4477124183006536 0.7843137254901961 0.4624183006535948 0.7843137254901961 0.46568627450980393 0.7892156862745098 0.46568627450980393 0.7941176470588235 0.4591503267973856 0.8088235294117647 0.45098039215686275 0.8112745098039216 0.44281045751633985 0.8186274509803921 0.4297385620915033 0.8088235294117647 0.42320261437908496 0.7990196078431373 0.42320261437908496 0.7941176470588235
0 0.46895424836601307 0.6004901960784313 0.47549019607843135 0.6127450980392157 0.4869281045751634 0.6078431372549019 0.4852941176470588 0.6004901960784313
0 0.4738562091503268 0.5637254901960784 0.47058823529411764 0.571078431372549 0.4869281045751634 0.5735294117647058
0 0.46895424836601307 0.5367647058823529 0.46405228758169936 0.5392156862745098 0.47058823529411764 0.5465686274509803 0.4803921568627451 0.5441176470588235
0 0.47058823529411764 0.5367647058823529 0.46405228758169936 0.5392156862745098 0.4803921568627451 0.5441176470588235
