0 0.44717444717444715 0.184640522875817 0.4643734643734644 0.19117647058823528 0.4692874692874693 0.19607843137254902 0.4692874692874693 0.19934640522875818 0.4643734643734644 0.20261437908496732 0.44471744471744473 0.20751633986928106 0.42997542997543 0.20751633986928106 0.4275184275184275 0.20588235294117646 0.40540540540540543 0.2042483660130719 0.3931203931203931 0.19934640522875818 0.3857493857493858 0.19281045751633988 0.3882063882063882 0.18790849673202614 0.40540540540540543 0.1830065359477124 0.43734643734643736 0.1830065359477124 0.44471744471744473 0.184640522875817
0 0.4619164619164619 0.5212418300653595 0.4643734643734644 0.5228758169934641 0.48402948402948404 0.5245098039215687 0.5135135135135135 0.5375816993464052 0.5257985257985258 0.5473856209150327 0.5257985257985258 0.5571895424836601 0.5085995085995086 0.5637254901960784 0.5012285012285013 0.5637254901960784 0.4914004914004914 0.5669934640522876 0.4594594594594595 0.565359477124183 0.43734643734643736 0.5604575163398693 0.4275184275184275 0.553921568627451 0.42997542997543 0.5326797385620915 0.4348894348894349 0.5294117647058824 0.45454545454545453 0.5228758169934641 0.4594594594594595 0.5228758169934641
0 0.5184275184275184 0.3415032679738562 0.5528255528255528 0.3480392156862745 0.5601965601965602 0.3545751633986928 0.5577395577395577 0.3660130718954248 0.547911547911548 0.37254901960784315 0.538083538083538 0.3741830065359477 0.5036855036855037 0.37254901960784315 0.48894348894348894 0.369281045751634 0.47174447174447176 0.35784313725490197 0.47174447174447176 0.3480392156862745 0.47911547911547914 0.3431372549019608 0.48402948402948404 0.3415032679738562 0.515970515970516 0.3415032679738562
0 0.4594594594594595 0.0032679738562091504 0.4668304668304668 0.006535947712418301 0.47174447174447176 0.006535947712418301 0.47911547911547914 0.011437908496732025 0.47911547911547914 0.0196078431372549 0.47665847665847666 0.021241830065359478 0.44717444717444715 0.021241830065359478 0.44471744471744473 0.0196078431372549 0.4348894348894349 0.0196078431372549 0.4201474201474201 0.014705882352941176 0.4201474201474201 0.011437908496732025 0.4348894348894349 0.0032679738562091504 0.457002457002457 0.0032679738562091504
0 0.6240786240786241 0.9281045751633987 0.6437346437346437 0.9330065359477124 0.6609336609336609 0.9411764705882353 0.6707616707616708 0.9493464052287581 0.6707616707616708 0.954248366013072 0.6781326781326781 0.9624183006535948 0.6805896805896806 0.9722222222222222 0.6732186732186732 0.9836601307189542 0.6683046683046683 0.9869281045751634 0.6707616707616708 0.9934640522875817 0.6707616707616708 0.9901960784313726 0.6633906633906634 0.988562091503268 0.6584766584766585 0.9950980392156863 0.6535626535626535 0.9934640522875817 0.6486486486486487 0.9950980392156863 0.597051597051597 0.9950980392156863 0.5896805896805897 0.9934640522875817 0.5749385749385749 0.9869281045751634 0.5601965601965602 0.9771241830065359 0.5528255528255528 0.9689542483660131 0.5528255528255528 0.9558823529411765 0.5651105651105651 0.9428104575163399 0.5823095823095823 0.9411764705882353 0.5945945945945946 0.9362745098039216 0.6068796068796068 0.9264705882352942 0.6191646191646192 0.9264705882352942 0.6216216216216216 0.9281045751633987
0 0.4987714987714988 0.22712418300653595 0.5135135135135135 0.2369281045751634 0.5085995085995086 0.2434640522875817 0.5012285012285013 0.24836601307189543 0.49385749385749383 0.25 0.4594594594594595 0.24836601307189543 0.44226044226044225 0.24183006535947713 0.4348894348894349 0.2369281045751634 0.4348894348894349 0.23366013071895425 0.44717444717444715 0.22875816993464052 0.4643734643734644 0.22712418300653595 0.4742014742014742 0.2238562091503268 0.4864864864864865 0.2238562091503268 0.4963144963144963 0.22712418300653595
0 0.5257985257985258 0.3937908496732026 0.5282555282555282 0.3954248366013072 0.5307125307125307 0.3937908496732026 0.5331695331695332 0.3954248366013072 0.538083538083538 0.3937908496732026 0.5724815724815725 0.3937908496732026 0.5823095823095823 0.3954248366013072 0.5945945945945946 0.40032679738562094 0.5847665847665847 0.4150326797385621 0.5552825552825553 0.4215686274509804 0.5282555282555282 0.4215686274509804 0.5233415233415234 0.41830065359477125 0.5184275184275184 0.41830065359477125 0.5012285012285013 0.4117647058823529 0.4914004914004914 0.4035947712418301 0.4963144963144963 0.39705882352941174 0.5233415233415234 0.3954248366013072
0 0.4987714987714988 0.07026143790849673 0.5085995085995086 0.07352941176470588 0.5085995085995086 0.0784313725490196 0.4963144963144963 0.08823529411764706 0.48894348894348894 0.0915032679738562 0.4643734643734644 0.0915032679738562 0.4619164619164619 0.09313725490196079 0.43734643734643736 0.08823529411764706 0.42997542997543 0.08333333333333333 0.42997542997543 0.08006535947712418 0.4348894348894349 0.07679738562091504 0.4398034398034398 0.07679738562091504 0.44717444717444715 0.07352941176470588 0.4668304668304668 0.07352941176470588 0.4692874692874693 0.0718954248366013 0.4914004914004914 0.0718954248366013 0.4963144963144963 0.07026143790849673
0 0.547911547911548 0.6062091503267973 0.5503685503685504 0.6078431372549019 0.5601965601965602 0.6078431372549019 0.5626535626535627 0.6062091503267973 0.5724815724815725 0.6078431372549019 0.597051597051597 0.6209150326797386 0.597051597051597 0.6258169934640523 0.5847665847665847 0.6372549019607843 0.5675675675675675 0.6421568627450981 0.5552825552825553 0.6421568627450981 0.5528255528255528 0.6437908496732027 0.5282555282555282 0.6421568627450981 0.5135135135135135 0.6372549019607843 0.4987714987714988 0.6258169934640523 0.4987714987714988 0.6160130718954249 0.5061425061425061 0.6078431372549019 0.5135135135135135 0.6062091503267973 0.5454545454545454 0.6062091503267973
0 0.5700245700245701 0.8071895424836601 0.5896805896805897 0.8104575163398693 0.597051597051597 0.815359477124183 0.6068796068796068 0.8169934640522876 0.628992628992629 0.8251633986928104 0.6339066339066339 0.8349673202614379 0.6339066339066339 0.8480392156862745 0.6265356265356266 0.8627450980392157 0.6191646191646192 0.869281045751634 0.6044226044226044 0.8741830065359477 0.5552825552825553 0.8774509803921569 0.5528255528255528 0.8758169934640523 0.5331695331695332 0.8741830065359477 0.5110565110565111 0.8660130718954249 0.5012285012285013 0.8660130718954249 0.4963144963144963 0.8627450980392157 0.4963144963144963 0.8562091503267973 0.5036855036855037 0.8513071895424836 0.5061425061425061 0.8464052287581699 0.5061425061425061 0.8398692810457516 0.5012285012285013 0.8333333333333334 0.5036855036855037 0.826797385620915 0.515970515970516 0.8235294117647058 0.5208845208845209 0.8251633986928104 0.5282555282555282 0.8235294117647058 0.5307125307125307 0.8186274509803921 0.5454545454545454 0.8104575163398693 0.5675675675675675 0.8088235294117647
0 0.6486486486486487 0.5931372549019608 0.6584766584766585 0.5980392156862745 0.6584766584766585 0.6029411764705882 0.6437346437346437 0.6111111111111112 0.6216216216216216 0.6160130718954249 0.5945945945945946 0.6160130718954249 0.5872235872235873 0.6143790849673203 0.5798525798525799 0.6078431372549019 0.5798525798525799 0.5980392156862745 0.5847665847665847 0.5947712418300654 0.6093366093366094 0.5898692810457516 0.6314496314496314 0.5898692810457516 0.6461916461916462 0.5931372549019608
0 0.5061425061425061 0.10457516339869281 0.5233415233415234 0.10947712418300654 0.5257985257985258 0.11437908496732026 0.5184275184275184 0.119281045751634 0.5012285012285013 0.12254901960784313 0.48402948402948404 0.12254901960784313 0.47174447174447176 0.119281045751634 0.4594594594594595 0.11274509803921569 0.4594594594594595 0.10784313725490197 0.47911547911547914 0.10294117647058823 0.5036855036855037 0.10457516339869281
