0 0.6043478260869565 0.5392156862745098 0.03768115942028986 0.016339869281045753
0 0.6811594202898551 0.8872549019607843 0.7014492753623188 0.9003267973856209 0.7043478260869566 0.9101307189542484 0.7159420289855073 0.9183006535947712 0.7188405797101449 0.923202614379085 0.7188405797101449 0.9297385620915033 0.7217391304347827 0.9313725490196079 0.7188405797101449 0.9362745098039216 0.7072463768115942 0.9395424836601307 0.672463768115942 0.9281045751633987 0.6521739130434783 0.9068627450980392 0.6521739130434783 0.8986928104575164 0.6579710144927536 0.8921568627450981 0.6695652173913044 0.8872549019607843 0.6782608695652174 0.8872549019607843
0 0.6550724637681159 0.8055555555555556 0.6753623188405797 0.8104575163398693 0.6927536231884058 0.8218954248366013 0.6927536231884058 0.8333333333333334 0.6840579710144927 0.8382352941176471 0.6753623188405797 0.8382352941176471 0.672463768115942 0.8398692810457516 0.6550724637681159 0.8366013071895425 0.6347826086956522 0.826797385620915 0.6318840579710145 0.8137254901960784 0.6434782608695652 0.8055555555555556 0.6521739130434783 0.8055555555555556
0 0.6550724637681159 0.6241830065359477 0.6666666666666666 0.6323529411764706 0.663768115942029 0.6405228758169934 0.6550724637681159 0.6437908496732027 0.6376811594202898 0.6437908496732027 0.6318840579710145 0.6421568627450981 0.6202898550724638 0.6339869281045751 0.6202898550724638 0.6274509803921569 0.6260869565217392 0.6241830065359477 0.6347826086956522 0.6225490196078431 0.6492753623188405 0.6225490196078431 0.6521739130434783 0.6241830065359477
0 0.11014492753623188 0.6584967320261438 0.12753623188405797 0.6650326797385621 0.13333333333333333 0.6650326797385621 0.1391304347826087 0.6699346405228758 0.1391304347826087 0.6764705882352942 0.13043478260869565 0.6895424836601307 0.11304347826086956 0.6944444444444444 0.028985507246376812 0.6928104575163399 0.005797101449275362 0.6879084967320261 0.005797101449275362 0.6813725490196079 0.028985507246376812 0.6699346405228758 0.04927536231884058 0.6650326797385621 0.08115942028985507 0.6633986928104575 0.0927536231884058 0.6584967320261438 0.1072463768115942 0.6584967320261438
0 0.6 0.8627450980392157 0.591304347826087 0.8513071895424836 0.591304347826087 0.8316993464052288 0.5971014492753624 0.826797385620915 0.6057971014492753 0.826797385620915 0.6318840579710145 0.8447712418300654 0.6318840579710145 0.8529411764705882 0.6289855072463768 0.8562091503267973 0.6144927536231884 0.8643790849673203 0.6057971014492753 0.8643790849673203 0.6028985507246377 0.8627450980392157
0 0.5159420289855072 0.8513071895424836 0.518840579710145 0.8529411764705882 0.527536231884058 0.8529411764705882 0.5420289855072464 0.8611111111111112 0.5449275362318841 0.8660130718954249 0.5449275362318841 0.8856209150326797 0.5333333333333333 0.8937908496732027 0.5101449275362319 0.9003267973856209 0.4985507246376812 0.9003267973856209 0.4782608695652174 0.8954248366013072 0.4579710144927536 0.8856209150326797 0.45507246376811594 0.8758169934640523 0.463768115942029 0.8660130718954249 0.4782608695652174 0.8578431372549019 0.48695652173913045 0.8545751633986928 0.4985507246376812 0.8545751633986928 0.5130434782608696 0.8513071895424836
0 0.5898550724637681 0.9714052287581699 0.07246376811594203 0.05718954248366013
0 0.6318840579710145 0.5669934640522876 0.6463768115942029 0.5735294117647058 0.6463768115942029 0.5784313725490197 0.6405797101449275 0.5816993464052288 0.6260869565217392 0.5849673202614379 0.6144927536231884 0.5833333333333334 0.6057971014492753 0.5784313725490197 0.6028985507246377 0.5735294117647058 0.6144927536231884 0.5669934640522876 0.6289855072463768 0.5669934640522876
0 0.4057971014492754 0.6013071895424836 0.4115942028985507 0.6045751633986928 0.4115942028985507 0.6127450980392157 0.4 0.619281045751634 0.36231884057971014 0.6209150326797386 0.3565217391304348 0.6225490196078431 0.336231884057971 0.6356209150326797 0.3333333333333333 0.6405228758169934 0.3217391304347826 0.6437908496732027 0.2927536231884058 0.6437908496732027 0.2811594202898551 0.6388888888888888 0.2811594202898551 0.6356209150326797 0.3159420289855073 0.6225490196078431 0.32463768115942027 0.6176470588235294 0.33043478260869563 0.6094771241830066 0.34202898550724636 0.6029411764705882 0.3710144927536232 0.5947712418300654 0.391304347826087 0.5947712418300654 0.4028985507246377 0.6013071895424836
0 0.48405797101449277 0.9035947712418301 0.4927536231884058 0.9068627450980392 0.5130434782608696 0.9199346405228758 0.5217391304347826 0.9281045751633987 0.5217391304347826 0.9411764705882353 0.518840579710145 0.9428104575163399 0.518840579710145 0.9477124183006536 0.5043478260869565 0.9607843137254902 0.5043478260869565 0.9705882352941176 0.5014492753623189 0.9738562091503268 0.4811594202898551 0.9722222222222222 0.47246376811594204 0.9689542483660131 0.45217391304347826 0.9689542483660131 0.4318840579710145 0.9624183006535948 0.42318840579710143 0.9558823529411765 0.42318840579710143 0.9362745098039216 0.42028985507246375 0.934640522875817 0.43478260869565216 0.9248366013071896 0.4434782608695652 0.9133986928104575 0.4492753623188406 0.9084967320261438 0.4666666666666667 0.9003267973856209 0.4811594202898551 0.9035947712418301
0 0.5739130434782609 0.7647058823529411 0.5710144927536231 0.7728758169934641 0.5884057971014492 0.7794117647058824 0.6086956521739131 0.7777777777777778 0.6173913043478261 0.7696078431372549 0.5942028985507246 0.7581699346405228
0 0.5043478260869565 0.7336601307189542 0.4985507246376812 0.7450980392156863 0.5072463768115942 0.7516339869281046 0.5217391304347826 0.7549019607843137 0.5420289855072464 0.7467320261437909 0.527536231884058 0.7320261437908496
0 0.5449275362318841 0.6388888888888888 0.5362318840579711 0.6437908496732027 0.5449275362318841 0.6503267973856209 0.5710144927536231 0.6486928104575164 0.5710144927536231 0.6372549019607843
0 0.043478260869565216 0.9983660130718954 0 0.9983660130718954 0 0.9983660130718954 0.5478260869565217 0.9983660130718954 0.5594202898550724 0.9983660130718954 0.9971014492753624 0.9983660130718954 0.9971014492753624 0.9983660130718954 0.9971014492753624 0.9983660130718954 0.9971014492753624 0.9983660130718954 0.9971014492753624 0.9983660130718954 0.9971014492753624 0.9983660130718954 0.9971014492753624 0.9983660130718954 0.9971014492753624 0.9983660130718954 0.9971014492753624 0.9983660130718954 0.9971014492753624 0.9983660130718954 0.9971014492753624 0.9983660130718954 0.9971014492753624 0.9983660130718954 0.9971014492753624 0.9983660130718954 0.9971014492753624 0.9983660130718954 0.9971014492753624 0.9983660130718954 0.9971014492753624 0.9983660130718954 0.9971014492753624 0.9983660130718954 0.9971014492753624 0.9983660130718954 0.9971014492753624 0.9983660130718954 0.9971014492753624 0.9983660130718954 0.9971014492753624 0.9983660130718954 0.9971014492753624 0.9983660130718954 0.9971014492753624 0.9983660130718954 0.9971014492753624 0.9983660130718954 0.9971014492753624 0.9983660130718954 0.9971014492753624 0.9983660130718954 0.9971014492753624 0.9983660130718954 0.9971014492753624 0.9983660130718954 0.9971014492753624 0.9983660130718954 0.9971014492753624 0 0.9971014492753624 0 0.9971014492753624 0.0196078431372549 0.9971014492753624 0.006535947712418301 0.9971014492753624 0.004901960784313725 0.9971014492753624 0.016339869281045753 0.9971014492753624 0.03104575163398693 0.9971014492753624 0.032679738562091505 0.9971014492753624 0.06372549019607843 0.9971014492753624 0.029411764705882353 0.9971014492753624 0.03104575163398693 0.9971014492753624 0.058823529411764705 0.9971014492753624 0.06209150326797386 0.9971014492753624 0.05718954248366013 0.9971014492753624 0.0032679738562091504 0.9971014492753624 0.011437908496732025 0.9971014492753624 0.006535947712418301 0.9971014492753624 0.00980392156862745 0.9971014492753624 0.021241830065359478 0.9971014492753624 0.032679738562091505 0.9971014492753624 0.029411764705882353 0.9971014492753624 0 0.9971014492753624 0 0.9971014492753624 0.008169934640522876 0.9971014492753624 0.008169934640522876 0.9971014492753624 0 0.9971014492753624 0.008169934640522876 0.9971014492753624 0.004901960784313725 0.9971014492753624 0.014705882352941176 0.9971014492753624 0.04411764705882353 0.9971014492753624 0.06862745098039216 0.9971014492753624 0.09640522875816994 0.9971014492753624 0.15522875816993464 0.9971014492753624 0.17647058823529413 0.9971014492753624 0.17647058823529413 0.9971014492753624 0.16666666666666666 0.9971014492753624 0.1715686274509804 0.9971014492753624 0.10294117647058823 0.9971014492753624 0.08169934640522876 0.9971014492753624 0.029411764705882353 0.9971014492753624 0.004901960784313725 0.9971014492753624 0.011437908496732025 0.9971014492753624 0 0.6869565217391305 0.014705882352941176 0.6811594202898551 0.00980392156862745 0.6144927536231884 0.006535947712418301 0.5826086956521739 0.011437908496732025 0.5681159420289855 0.006535947712418301 0.4492753623188406 0.004901960784313725 0.43768115942028984 0.011437908496732025 0.32463768115942027 0.006535947712418301 0.28695652173913044 0.013071895424836602 0.27246376811594203 0.026143790849673203 0.2579710144927536 0.1437908496732026 0.2492753623188406 0.18137254901960784 0.23478260869565218 0.1977124183006536 0.19420289855072465 0.3954248366013072 0.16521739130434782 0.45588235294117646
0 0.3507246376811594 0.27450980392156865 0.34782608695652173 0.2957516339869281 0.3652173913043478 0.32516339869281047 0.4434782608695652 0.3888888888888889 0.463768115942029 0.42810457516339867 0.4666666666666667 0.46895424836601307 0.48695652173913045 0.5163398692810458 0.4811594202898551 0.5294117647058824 0.48985507246376814 0.5343137254901961 0.48985507246376814 0.5996732026143791 0.4753623188405797 0.6062091503267973 0.4666666666666667 0.6356209150326797 0.48405797101449277 0.7107843137254902 0.4666666666666667 0.7369281045751634 0.4666666666666667 0.7630718954248366 0.4782608695652174 0.7745098039215687 0.463768115942029 0.8137254901960784 0.4811594202898551 0.8513071895424836 0.45507246376811594 0.8676470588235294 0.4608695652173913 0.8954248366013072 0.43768115942028984 0.9199346405228758 0.4405797101449275 0.9591503267973857 0.4666666666666667 0.9624183006535948 0.4782608695652174 0.9738562091503268 0.5014492753623189 0.9738562091503268 0.518840579710145 0.9983660130718954 0.5739130434782609 0.9983660130718954 0.5971014492753624 0.9918300653594772 0.6115942028985507 0.9771241830065359 0.6057971014492753 0.9183006535947712 0.6144927536231884 0.8986928104575164 0.6057971014492753 0.880718954248366 0.6318840579710145 0.8529411764705882 0.6144927536231884 0.8202614379084967 0.6231884057971014 0.7859477124183006 0.6115942028985507 0.7287581699346405 0.6144927536231884 0.6535947712418301 0.6289855072463768 0.6405228758169934 0.6202898550724638 0.6258169934640523 0.6289855072463768 0.6209150326797386 0.6057971014492753 0.5882352941176471 0.6028985507246377 0.5702614379084967 0.6144927536231884 0.5669934640522876 0.6 0.5588235294117647 0.591304347826087 0.5326797385620915 0.6028985507246377 0.5245098039215687 0.5855072463768116 0.49673202614379086 0.6115942028985507 0.46405228758169936 0.5594202898550724 0.4264705882352941 0.5594202898550724 0.4068627450980392 0.5710144927536231 0.39705882352941174 0.5478260869565217 0.3888888888888889 0.5391304347826087 0.37745098039215685 0.5304347826086957 0.3366013071895425 0.5043478260869565 0.315359477124183 0.5014492753623189 0.2973856209150327 0.463768115942029 0.3022875816993464 0.43478260869565216 0.272875816993464 0.4434782608695652 0.25163398692810457 0.4608695652173913 0.24673202614379086 0.4405797101449275 0.1715686274509804 0.48695652173913045 0.10294117647058823 0.5159420289855072 0.0915032679738562 0.5246376811594203 0.0784313725490196 0.5159420289855072 0.06372549019607843 0.5043478260869565 0.06535947712418301 0.48695652173913045 0.0915032679738562 0.4666666666666667 0.09967320261437909 0.4289855072463768 0.14215686274509803 0.4115942028985507 0.1503267973856209 0.4028985507246377 0.21405228758169934 0.3855072463768116 0.24509803921568626
