0 0.79921875 0.9555555555555556 0.80625 0.9611111111111111 0.81171875 0.9736111111111111 0.81171875 0.9833333333333333 0.8015625 0.9944444444444445 0.79296875 0.9930555555555556 0.78515625 0.9777777777777777 0.78515625 0.9652777777777778 0.7875 0.9611111111111111 0.7984375 0.9555555555555556
0 0.7765625 0.7555555555555555 0.78828125 0.7666666666666667 0.7953125 0.7791666666666667 0.79609375 0.7902777777777777 0.78984375 0.7958333333333333 0.784375 0.7944444444444444 0.77578125 0.7833333333333333 0.76875 0.7819444444444444 0.76328125 0.7722222222222223 0.7609375 0.7652777777777777 0.76328125 0.7597222222222222 0.77578125 0.7555555555555555
0 0.7875 0.8305555555555556 0.7953125 0.8361111111111111 0.80078125 0.8486111111111111 0.80078125 0.8555555555555555 0.79453125 0.8666666666666667 0.78671875 0.8666666666666667 0.78203125 0.8625 0.775 0.8458333333333333 0.77421875 0.8375 0.7765625 0.8305555555555556 0.78671875 0.8305555555555556
0 0.8265625 0.9006944444444445 0.034375 0.06527777777777778
0 0.3 0.9263888888888889 0.30859375 0.9305555555555556 0.31875 0.9430555555555555 0.3203125 0.9583333333333334 0.31796875 0.9680555555555556 0.309375 0.9791666666666666 0.290625 0.9777777777777777 0.28828125 0.9736111111111111 0.2828125 0.9555555555555556 0.284375 0.9402777777777778 0.28984375 0.9291666666666667 0.29921875 0.9277777777777778
0 0.42890625 0.7472222222222222 0.43359375 0.7513888888888889 0.4359375 0.7611111111111111 0.4328125 0.7694444444444445 0.4265625 0.7736111111111111 0.41796875 0.7736111111111111 0.41484375 0.7680555555555556 0.4140625 0.7611111111111111 0.41796875 0.75 0.428125 0.7472222222222222
0 0.3265625 0.8430555555555556 0.328125 0.85 0.31953125 0.8888888888888888 0.30703125 0.8958333333333334 0.2984375 0.8944444444444445 0.29453125 0.8861111111111111 0.30234375 0.8513888888888889 0.30703125 0.8430555555555556 0.31015625 0.8416666666666667 0.32578125 0.8430555555555556
0 0.7109375 0.7416666666666667 0.71484375 0.7513888888888889 0.715625 0.7611111111111111 0.7140625 0.7666666666666667 0.709375 0.7694444444444445 0.69921875 0.7666666666666667 0.6953125 0.7611111111111111 0.69375 0.7486111111111111 0.69921875 0.7402777777777778 0.70703125 0.7388888888888889 0.71015625 0.7416666666666667
0 0.3546875 0.8666666666666667 0.36015625 0.8708333333333333 0.3625 0.8833333333333333 0.3609375 0.8944444444444445 0.35390625 0.9041666666666667 0.34140625 0.9013888888888889 0.3359375 0.8916666666666667 0.33671875 0.8763888888888889 0.3390625 0.8708333333333333 0.3453125 0.8638888888888889 0.35390625 0.8666666666666667
0 0.446875 0.8555555555555555 0.453125 0.8611111111111112 0.4546875 0.8722222222222222 0.4546875 0.8888888888888888 0.44921875 0.9055555555555556 0.44140625 0.9041666666666667 0.4328125 0.8972222222222223 0.428125 0.8833333333333333 0.428125 0.875 0.43203125 0.8625 0.44609375 0.8555555555555555
0 0.85234375 0.9805555555555555 0.86015625 0.9875 0.8625 0.9986111111111111 0.83828125 0.9986111111111111 0.8375 0.9944444444444445 0.8390625 0.9902777777777778 0.8515625 0.9805555555555555
0 0.5015625 0.10277777777777777 0.50546875 0.1125 0.503125 0.11527777777777778 0.50390625 0.11805555555555555 0.50625 0.12083333333333333 0.51640625 0.11944444444444445 0.51875 0.125 0.51640625 0.13055555555555556 0.5265625 0.13333333333333333 0.51953125 0.1388888888888889 0.52890625 0.14305555555555555 0.5234375 0.15 0.5265625 0.15416666666666667 0.51328125 0.15694444444444444 0.51484375 0.1597222222222222 0.5234375 0.16111111111111112 0.52265625 0.1736111111111111 0.51640625 0.17777777777777778 0.51796875 0.18333333333333332 0.5265625 0.1875 0.5328125 0.18055555555555555 0.5328125 0.1736111111111111 0.5359375 0.17777777777777778 0.54140625 0.175 0.5484375 0.18194444444444444 0.5453125 0.19166666666666668 0.54921875 0.19722222222222222 0.55703125 0.19305555555555556 0.5609375 0.19583333333333333 0.5640625 0.20277777777777778 0.565625 0.2125 0.5640625 0.2152777777777778 0.56484375 0.2263888888888889 0.56328125 0.23194444444444445 0.559375 0.23055555555555557 0.55546875 0.23472222222222222 0.56484375 0.24027777777777778 0.56328125 0.24444444444444444 0.565625 0.24722222222222223 0.565625 0.2611111111111111 0.5640625 0.26805555555555555 0.559375 0.27361111111111114 0.56015625 0.2777777777777778 0.56328125 0.27361111111111114 0.5640625 0.2763888888888889 0.55625 0.2861111111111111 0.55234375 0.2861111111111111 0.55078125 0.28888888888888886 0.55234375 0.29583333333333334 0.5625 0.29583333333333334 0.56328125 0.3013888888888889 0.57421875 0.3055555555555556 0.578125 0.30277777777777776 0.5796875 0.30833333333333335 0.5828125 0.30972222222222223 0.59921875 0.30972222222222223 0.60546875 0.2986111111111111 0.6046875 0.2847222222222222 0.6015625 0.2791666666666667 0.6046875 0.275 0.59765625 0.26805555555555555 0.5984375 0.24722222222222223 0.6015625 0.24583333333333332 0.60546875 0.2513888888888889 0.6125 0.24583333333333332 0.61484375 0.2513888888888889 0.609375 0.25416666666666665 0.6109375 0.2569444444444444 0.61015625 0.2625 0.6125 0.2652777777777778 0.615625 0.2638888888888889 0.61796875 0.2722222222222222 0.62265625 0.275 0.62265625 0.2791666666666667 0.6265625 0.2847222222222222 0.6328125 0.2777777777777778 0.63359375 0.26944444444444443 0.63671875 0.27361111111111114 0.64375 0.2708333333333333 0.64765625 0.275 0.646875 0.28194444444444444 0.64609375 0.2791666666666667 0.6421875 0.2791666666666667 0.63671875 0.28888888888888886 0.640625 0.2986111111111111 0.64609375 0.30277777777777776 0.6484375 0.31666666666666665 0.646875 0.3277777777777778 0.6484375 0.33055555555555555 0.6546875 0.33611111111111114 0.66015625 0.33055555555555555 0.6609375 0.31666666666666665 0.6640625 0.31666666666666665 0.66171875 0.33194444444444443 0.66328125 0.33611111111111114 0.66640625 0.33611111111111114 0.67109375 0.325 0.675 0.33611111111111114 0.68125 0.33611111111111114 0.6828125 0.3388888888888889 0.68359375 0.34444444444444444 0.6890625 0.35138888888888886 0.68125 0.35555555555555557 0.684375 0.35833333333333334 0.6828125 0.36527777777777776 0.690625 0.37222222222222223 0.68984375 0.3902777777777778 0.6921875 0.4013888888888889 0.6984375 0.3972222222222222 0.69921875 0.3861111111111111 0.709375 0.3861111111111111 0.71171875 0.39305555555555555 0.7109375 0.39861111111111114 0.715625 0.40555555555555556 0.7234375 0.40694444444444444 0.72421875 0.4097222222222222 0.721875 0.41388888888888886 0.7296875 0.42083333333333334 0.73125 0.42916666666666664 0.734375 0.43194444444444446 0.7328125 0.44027777777777777 0.734375 0.4444444444444444 0.74609375 0.4486111111111111 0.74453125 0.4527777777777778 0.7484375 0.4597222222222222 0.7484375 0.4666666666666667 0.74609375 0.46944444444444444 0.746875 0.48055555555555557 0.74453125 0.4888888888888889 0.74453125 0.5027777777777778 0.7390625 0.5097222222222222 0.734375 0.5097222222222222 0.7328125 0.5152777777777777 0.75859375 0.5180555555555556 0.7609375 0.5236111111111111 0.7609375 0.5333333333333333 0.76328125 0.5361111111111111 0.76015625 0.5388888888888889 0.753125 0.5638888888888889 0.74921875 0.5708333333333333 0.74453125 0.5986111111111111 0.73984375 0.6013888888888889 0.74296875 0.6083333333333333 0.7390625 0.6152777777777778 0.74375 0.6208333333333333 0.75625 0.625 0.75859375 0.6291666666666667 0.7546875 0.6277777777777778 0.75390625 0.6305555555555555 0.76484375 0.6430555555555556 0.7609375 0.6458333333333334 0.7578125 0.6541666666666667 0.7609375 0.6583333333333333 0.75546875 0.6666666666666666 0.75703125 0.6694444444444444 0.76484375 0.6708333333333333 0.76796875 0.6666666666666666 0.76796875 0.6611111111111111 0.77265625 0.6541666666666667 0.771875 0.6513888888888889 0.76875 0.6541666666666667 0.76640625 0.65 0.76796875 0.6472222222222223 0.7734375 0.6513888888888889 0.7890625 0.6527777777777778 0.7921875 0.6541666666666667 0.7921875 0.6569444444444444 0.78828125 0.6597222222222222 0.78671875 0.6680555555555555 0.80625 0.6805555555555556 0.8078125 0.6888888888888889 0.80625 0.6972222222222222 0.80234375 0.7 0.796875 0.6986111111111111 0.79375 0.7041666666666667 0.7890625 0.7041666666666667 0.78984375 0.7194444444444444 0.778125 0.7375 0.78046875 0.7402777777777778 0.7875 0.7402777777777778 0.78984375 0.7458333333333333 0.79296875 0.7472222222222222 0.81015625 0.7305555555555555 0.81875 0.7305555555555555 0.82734375 0.7402777777777778 0.8296875 0.7513888888888889 0.83515625 0.7555555555555555 0.834375 0.7597222222222222 0.83046875 0.7611111111111111 0.834375 0.7638888888888888 0.83515625 0.7694444444444445 0.82890625 0.7722222222222223 0.82734375 0.7777777777777778 0.83203125 0.7875 0.83984375 0.7916666666666666 0.84375 0.7986111111111112 0.853125 0.8069444444444445 0.85078125 0.8097222222222222 0.853125 0.8138888888888889 0.84765625 0.8236111111111111 0.8484375 0.8277777777777777 0.85390625 0.8375 0.8578125 0.8375 0.859375 0.8333333333333334 0.8625 0.8388888888888889 0.86328125 0.8458333333333333 0.86640625 0.8513888888888889 0.865625 0.8583333333333333 0.8703125 0.8666666666666667 0.8703125 0.8777777777777778 0.87890625 0.8791666666666667 0.87578125 0.8833333333333333 0.87734375 0.8902777777777777 0.865625 0.8930555555555556 0.86796875 0.8972222222222223 0.86328125 0.9013888888888889 0.86484375 0.9111111111111111 0.86953125 0.9152777777777777 0.8734375 0.9277777777777778 0.89140625 0.9263888888888889 0.89375 0.9208333333333333 0.89453125 0.925 0.8921875 0.9277777777777778 0.8921875 0.9319444444444445 0.90078125 0.9361111111111111 0.9 0.9402777777777778 0.90625 0.9416666666666667 0.90859375 0.9458333333333333 0.90546875 0.95 0.9109375 0.9527777777777777 0.90703125 0.9527777777777777 0.90546875 0.9583333333333334 0.91640625 0.9638888888888889 0.909375 0.9680555555555556 0.91171875 0.9861111111111112 0.91484375 0.9930555555555556 0.909375 0.9916666666666667 0.9078125 0.9875 0.90078125 0.9875 0.89296875 0.9736111111111111 0.890625 0.9638888888888889 0.8796875 0.9680555555555556 0.8765625 0.9763888888888889 0.8765625 0.9819444444444444 0.87265625 0.9791666666666666 0.8703125 0.9833333333333333 0.871875 0.9888888888888889 0.8765625 0.9888888888888889 0.8765625 0.9916666666666667 0.865625 0.9930555555555556 0.86484375 0.9694444444444444 0.86796875 0.9569444444444445 0.86484375 0.9486111111111111 0.865625 0.9444444444444444 0.86171875 0.9388888888888889 0.8578125 0.9388888888888889 0.85625 0.9416666666666667 0.85703125 0.95 0.85546875 0.9513888888888888 0.85234375 0.9472222222222222 0.83984375 0.9555555555555556 0.8484375 0.9611111111111111 0.84921875 0.9666666666666667 0.85546875 0.9736111111111111 0.8515625 0.9819444444444444 0.84765625 0.9833333333333333 0.846875 0.9875 0.84921875 0.9916666666666667 0.85859375 0.9930555555555556 0.859375 0.9986111111111111 0.84375 0.9986111111111111 0.84140625 0.9930555555555556 0.834375 0.9958333333333333 0.82890625 0.9875 0.82109375 0.9847222222222223 0.81484375 0.9944444444444445 0.8015625 0.9944444444444445 0.8 0.9875 0.7953125 0.9875 0.7953125 0.9944444444444445 0.79140625 0.9986111111111111 0.78515625 0.9986111111111111 0.7796875 0.9930555555555556 0.76953125 0.9958333333333333 0.7578125 0.9930555555555556 0.74375 0.9958333333333333 0.7421875 0.9986111111111111 0.7203125 0.9986111111111111 0.70390625 0.9916666666666667 0.696875 0.9916666666666667 0.68359375 0.9986111111111111 0.66328125 0.9986111111111111 0.66171875 0.9958333333333333 0.64765625 0.9944444444444445 0.59765625 0.9944444444444445 0.5671875 0.9986111111111111 0.5625 0.9916666666666667 0.5359375 0.9916666666666667 0.51875 0.9958333333333333 0.50390625 0.9944444444444445 0.5015625 0.9847222222222223 0.49921875 0.9930555555555556 0.4953125 0.9888888888888889 0.484375 0.9916666666666667 0.48046875 0.9819444444444444 0.475 0.9805555555555555 0.47578125 0.9777777777777777 0.471875 0.9736111111111111 0.4703125 0.9611111111111111 0.46328125 0.95 0.47109375 0.9430555555555555 0.46875 0.9375 0.45703125 0.9375 0.45390625 0.9416666666666667 0.4546875 0.9458333333333333 0.453125 0.95 0.44140625 0.9541666666666667 0.4421875 0.9611111111111111 0.4484375 0.9611111111111111 0.45390625 0.9694444444444444 0.45234375 0.9763888888888889 0.4453125 0.9833333333333333 0.4484375 0.9930555555555556 0.44296875 0.9958333333333333 0.41484375 0.9944444444444445 0.4125 0.9916666666666667 0.37890625 0.9944444444444445 0.371875 0.9902777777777778 0.36171875 0.9902777777777778 0.35859375 0.9944444444444445 0.3328125 0.9944444444444445 0.31015625 0.9902777777777778 0.28125 0.9944444444444445 0.27578125 0.9986111111111111 0.27421875 0.9958333333333333 0.2609375 0.9972222222222222 0.25 0.9944444444444445 0.24140625 0.9944444444444445 0.23515625 0.9986111111111111 0.23203125 0.9958333333333333 0.221875 0.9958333333333333 0.21953125 0.9986111111111111 0.2171875 0.9944444444444445 0.22109375 0.9902777777777778 0.221875 0.9777777777777777 0.2375 0.9777777777777777 0.2390625 0.9694444444444444 0.23671875 0.9652777777777778 0.22890625 0.9638888888888889 0.2234375 0.9666666666666667 0.221875 0.975 0.215625 0.975 0.21328125 0.9805555555555555 0.20703125 0.9777777777777777 0.2125 0.9666666666666667 0.21875 0.9652777777777778 0.21875 0.9527777777777777 0.20625 0.9388888888888889 0.2078125 0.9347222222222222 0.203125 0.9236111111111112 0.19921875 0.925 0.196875 0.9194444444444444 0.190625 0.9180555555555555 0.1890625 0.9097222222222222 0.18359375 0.9125 0.18671875 0.9180555555555555 0.1828125 0.9222222222222223 0.1890625 0.9305555555555556 0.18984375 0.9388888888888889 0.184375 0.9402777777777778 0.1796875 0.9458333333333333 0.184375 0.9569444444444445 0.18359375 0.9625 0.19375 0.9736111111111111 0.18828125 0.9722222222222222 0.18203125 0.9805555555555555 0.190625 0.9833333333333333 0.1921875 0.9777777777777777 0.19453125 0.9902777777777778 0.19921875 0.9861111111111112 0.203125 0.9902777777777778 0.2 0.9944444444444445 0.19140625 0.9944444444444445 0.1921875 0.9902777777777778 0.1890625 0.9861111111111112 0.178125 0.9888888888888889 0.17578125 0.9847222222222223 0.17109375 0.9875 0.16953125 0.9944444444444445 0.14921875 0.9944444444444445 0.14609375 0.9875 0.140625 0.9875 0.13671875 0.9944444444444445 0.13359375 0.9861111111111112 0.12578125 0.9875 0.1234375 0.9902777777777778 0.12578125 0.9930555555555556 0.1078125 0.9944444444444445 0.09609375 0.9875 0.096875 0.9805555555555555 0.0953125 0.9777777777777777 0.0875 0.9805555555555555 0.08828125 0.9763888888888889 0.08515625 0.9736111111111111 0.08125 0.975 0.07890625 0.9805555555555555 0.071875 0.9819444444444444 0.07109375 0.9916666666666667 0.05703125 0.9916666666666667 0.06875 0.9888888888888889 0.0703125 0.9861111111111112 0.06484375 0.9763888888888889 0.06640625 0.9694444444444444 0.06015625 0.9625 0.06015625 0.95 0.0625 0.9444444444444444 0.06796875 0.9375 0.07109375 0.9375 0.078125 0.9458333333333333 0.08515625 0.9472222222222222 0.0859375 0.9388888888888889 0.08125 0.9388888888888889 0.08046875 0.9347222222222222 0.08671875 0.9333333333333333 0.08828125 0.9361111111111111 0.09453125 0.9263888888888889 0.09140625 0.9208333333333333 0.09375 0.9180555555555555 0.09453125 0.9083333333333333 0.0921875 0.8972222222222223 0.08828125 0.8972222222222223 0.08984375 0.8930555555555556 0.08359375 0.8861111111111111 0.08515625 0.8805555555555555 0.08046875 0.8736111111111111 0.071875 0.8805555555555555 0.071875 0.8888888888888888 0.0734375 0.8916666666666667 0.07734375 0.8902777777777777 0.08046875 0.8930555555555556 0.0796875 0.8958333333333334 0.065625 0.8986111111111111 0.06484375 0.9041666666666667 0.06015625 0.9069444444444444 0.065625 0.9125 0.06484375 0.9194444444444444 0.06796875 0.9236111111111112 0.0515625 0.925 0.046875 0.9208333333333333 0.04296875 0.9277777777777778 0.04375 0.9361111111111111 0.0390625 0.9361111111111111 0.03828125 0.9305555555555556 0.03359375 0.925 0.0359375 0.9180555555555555 0.0453125 0.9208333333333333 0.05 0.9180555555555555 0.04296875 0.9138888888888889 0.0453125 0.9097222222222222 0.04609375 0.9 0.04296875 0.8958333333333334 0.040625 0.8986111111111111 0.0328125 0.8986111111111111 0.0296875 0.8902777777777777 0.02421875 0.8888888888888888 0.025 0.8791666666666667 0.021875 0.875 0.034375 0.8583333333333333 0.0328125 0.8555555555555555 0.01875 0.8555555555555555 0.015625 0.8388888888888889 0.00390625 0.8347222222222223 0.00390625 0.8305555555555556 0.00703125 0.8291666666666667 0.00859375 0.8236111111111111 0.0046875 0.8208333333333333 0.00546875 0.8166666666666667 0 0.8041666666666667 0.00703125 0.7958333333333333 0.0046875 0.7930555555555555 0.01015625 0.7902777777777777 0.01171875 0.7861111111111111 0.01171875 0.7819444444444444 0.0046875 0.7722222222222223 0.0140625 0.7666666666666667 0.01640625 0.7611111111111111 0.0203125 0.7597222222222222 0.02109375 0.7555555555555555 0.0171875 0.7527777777777778 0.015625 0.7472222222222222 0.01171875 0.7541666666666667 0.01015625 0.7513888888888889 0.0109375 0.7472222222222222 0.009375 0.7444444444444445 0.01328125 0.7416666666666667 0.01171875 0.7305555555555555 0.01015625 0.7277777777777777 0.003125 0.7305555555555555 0 0.725 0 0.7083333333333334 0.003125 0.7083333333333334 0.0078125 0.7138888888888889 0.0125 0.7069444444444445 0.015625 0.7138888888888889 0.0203125 0.7138888888888889 0.02265625 0.7069444444444445 0.01796875 0.7041666666666667 0.0171875 0.6986111111111111 0.02734375 0.6972222222222222 0.0328125 0.7013888888888888 0.03515625 0.6986111111111111 0.03359375 0.6916666666666667 0.0390625 0.6833333333333333 0.05 0.6791666666666667 0.0515625 0.675 0.04453125 0.6708333333333333 0.0453125 0.6652777777777777 0.04375 0.6625 0.03828125 0.6625 0.03671875 0.6680555555555555 0.03359375 0.6694444444444444 0.02890625 0.6652777777777777 0.034375 0.6583333333333333 0.03203125 0.6416666666666667 0.03984375 0.6361111111111111 0.0328125 0.6333333333333333 0.03046875 0.6291666666666667 0.04296875 0.6277777777777778 0.0453125 0.6319444444444444 0.05078125 0.6319444444444444 0.0546875 0.625 0.0640625 0.6263888888888889 0.0671875 0.6125 0.0734375 0.6055555555555555 0.071875 0.5986111111111111 0.078125 0.5944444444444444 0.0734375 0.5847222222222223 0.08203125 0.5833333333333334 0.09296875 0.5708333333333333 0.09140625 0.5625 0.08828125 0.5708333333333333 0.0875 0.5625 0.08515625 0.5597222222222222 0.09296875 0.5486111111111112 0.09140625 0.5402777777777777 0.0890625 0.5430555555555555 0.0875 0.5402777777777777 0.096875 0.5388888888888889 0.09609375 0.5430555555555555 0.10078125 0.5458333333333333 0.10703125 0.5402777777777777 0.11015625 0.5319444444444444 0.115625 0.5277777777777778 0.115625 0.5111111111111111 0.11796875 0.5055555555555555 0.11953125 0.5041666666666667 0.1265625 0.5097222222222222 0.13046875 0.4986111111111111 0.14375 0.49444444444444446 0.14765625 0.49722222222222223 0.15078125 0.4875 0.15390625 0.4888888888888889 0.1578125 0.4777777777777778 0.16328125 0.475 0.16640625 0.46944444444444444 0.165625 0.4666666666666667 0.16171875 0.4597222222222222 0.15625 0.4597222222222222 0.1546875 0.4527777777777778 0.1609375 0.4444444444444444 0.16875 0.44166666666666665 0.1703125 0.4388888888888889 0.1703125 0.42916666666666664 0.17734375 0.4222222222222222 0.17265625 0.41388888888888886 0.178125 0.4083333333333333 0.17578125 0.4013888888888889 0.1765625 0.39861111111111114 0.1875 0.39861111111111114 0.19140625 0.39166666666666666 0.19921875 0.3902777777777778 0.19609375 0.3861111111111111 0.19765625 0.37916666666666665 0.1921875 0.3763888888888889 0.1984375 0.37083333333333335 0.1984375 0.36527777777777776 0.203125 0.36527777777777776 0.2046875 0.3625 0.203125 0.35833333333333334 0.21640625 0.35833333333333334 0.21953125 0.34444444444444444 0.24140625 0.3347222222222222 0.265625 0.33611111111111114 0.265625 0.33194444444444443 0.24375 0.33194444444444443 0.2453125 0.3277777777777778 0.24296875 0.32083333333333336 0.24921875 0.31527777777777777 0.25703125 0.3194444444444444 0.26875 0.31805555555555554 0.26171875 0.3055555555555556 0.26328125 0.30972222222222223 0.26796875 0.3125 0.271875 0.30972222222222223 0.27421875 0.31527777777777777 0.27421875 0.3236111111111111 0.27890625 0.3263888888888889 0.28125 0.32083333333333336 0.28125 0.30972222222222223 0.2859375 0.2972222222222222 0.2953125 0.29583333333333334 0.2984375 0.30277777777777776 0.303125 0.3013888888888889 0.3078125 0.30416666666666664 0.32265625 0.2972222222222222 0.33515625 0.29583333333333334 0.33828125 0.3055555555555556 0.34140625 0.30416666666666664 0.33203125 0.3111111111111111 0.3375 0.3194444444444444 0.33359375 0.3236111111111111 0.34296875 0.3277777777777778 0.340625 0.33055555555555555 0.34140625 0.3347222222222222 0.3515625 0.3277777777777778 0.359375 0.3333333333333333 0.365625 0.3277777777777778 0.3703125 0.3277777777777778 0.37265625 0.3236111111111111 0.3765625 0.3236111111111111 0.378125 0.30972222222222223 0.37578125 0.30694444444444446 0.37734375 0.30277777777777776 0.37265625 0.29305555555555557 0.3734375 0.2902777777777778 0.3765625 0.2875 0.3796875 0.2986111111111111 0.38359375 0.29583333333333334 0.3875 0.2972222222222222 0.3921875 0.29305555555555557 0.39140625 0.28888888888888886 0.39375 0.28194444444444444 0.39296875 0.275 0.390625 0.2722222222222222 0.39140625 0.2652777777777778 0.3859375 0.24027777777777778 0.38671875 0.23055555555555557 0.3828125 0.22361111111111112 0.38515625 0.2125 0.3828125 0.20694444444444443 0.38125 0.19305555555555556 0.38359375 0.18472222222222223 0.38984375 0.18333333333333332 0.39375 0.19305555555555556 0.4 0.19166666666666668 0.4046875 0.2013888888888889 0.40859375 0.2013888888888889 0.4109375 0.20555555555555555 0.41875 0.20416666666666666 0.421875 0.1875 0.42734375 0.18472222222222223 0.42890625 0.18055555555555555 0.4375 0.18611111111111112 0.4390625 0.19027777777777777 0.4390625 0.18472222222222223 0.44609375 0.18333333333333332 0.44921875 0.17777777777777778 0.45078125 0.18333333333333332 0.45625 0.18472222222222223 0.453125 0.19166666666666668 0.4546875 0.1986111111111111 0.47421875 0.19722222222222222 0.471875 0.2152777777777778 0.4734375 0.22083333333333333 0.471875 0.2375 0.47578125 0.24166666666666667 0.4734375 0.24583333333333332 0.4546875 0.24444444444444444 0.453125 0.2513888888888889 0.4546875 0.25416666666666665 0.4671875 0.25416666666666665 0.46875 0.26666666666666666 0.4671875 0.3 0.471875 0.30833333333333335 0.4796875 0.30694444444444446 0.4765625 0.3138888888888889 0.48203125 0.31666666666666665 0.478125 0.32083333333333336 0.478125 0.33055555555555555 0.48203125 0.3375 0.4875 0.3375 0.4890625 0.3347222222222222 0.48828125 0.33055555555555555 0.48203125 0.3277777777777778 0.4875 0.32222222222222224 0.48984375 0.3138888888888889 0.48828125 0.3013888888888889 0.48515625 0.2972222222222222 0.4859375 0.2847222222222222 0.484375 0.28194444444444444 0.4859375 0.2791666666666667 0.4828125 0.275 0.48515625 0.2722222222222222 0.4828125 0.26805555555555555 0.4875 0.25555555555555554 0.48671875 0.24722222222222223 0.4890625 0.23472222222222222 0.48671875 0.23055555555555557 0.4859375 0.21388888888888888 0.48125 0.20555555555555555 0.484375 0.20416666666666666 0.4859375 0.19722222222222222 0.48515625 0.17083333333333334 0.48125 0.16111111111111112 0.47734375 0.15833333333333333 0.48359375 0.15555555555555556 0.49375 0.14027777777777778 0.490625 0.12638888888888888 0.484375 0.12083333333333333 0.48046875 0.10972222222222222 0.4828125 0.10555555555555556 0.4828125 0.09722222222222222 0.4875 0.09583333333333334 0.496875 0.10416666666666667 0.50078125 0.10277777777777777
0 0.2171875 0.9277777777777778 0.21875 0.9194444444444444 0.2265625 0.9097222222222222 0.23046875 0.9097222222222222 0.240625 0.9013888888888889 0.24765625 0.9013888888888889 0.2515625 0.9111111111111111 0.2515625 0.925 0.23828125 0.9430555555555555 0.22421875 0.9472222222222222 0.21875 0.9416666666666667 0.21796875 0.9291666666666667
0 0.41484375 0.95 0.421875 0.9569444444444445 0.42734375 0.9722222222222222 0.42734375 0.9861111111111112 0.42265625 0.9930555555555556 0.4171875 0.9944444444444445 0.40078125 0.9944444444444445 0.39609375 0.9902777777777778 0.3921875 0.9805555555555555 0.39296875 0.9680555555555556 0.39609375 0.9611111111111111 0.40703125 0.95 0.4140625 0.95
0 0.69921875 0.6611111111111111 0.70703125 0.6680555555555555 0.71328125 0.7 0.71328125 0.7069444444444445 0.7109375 0.7111111111111111 0.70390625 0.7152777777777778 0.6953125 0.7111111111111111 0.690625 0.7013888888888888 0.69296875 0.6888888888888889 0.690625 0.675 0.69140625 0.6694444444444444 0.69453125 0.6625 0.6984375 0.6611111111111111
