0 0.2769607843137255 0.31699346405228757 0.29411764705882354 0.3235294117647059 0.3014705882352941 0.3300653594771242 0.30637254901960786 0.33169934640522875 0.3088235294117647 0.3300653594771242 0.3161764705882353 0.3349673202614379 0.32107843137254904 0.3300653594771242 0.3284313725490196 0.3284313725490196 0.3284313725490196 0.32516339869281047 0.3333333333333333 0.32189542483660133 0.34558823529411764 0.3284313725490196 0.35049019607843135 0.3349673202614379 0.35049019607843135 0.3431372549019608 0.34558823529411764 0.3480392156862745 0.34558823529411764 0.3545751633986928 0.35049019607843135 0.35947712418300654 0.35049019607843135 0.37254901960784315 0.3431372549019608 0.38235294117647056 0.33578431372549017 0.38562091503267976 0.3235294117647059 0.3839869281045752 0.31862745098039214 0.3758169934640523 0.30392156862745096 0.36764705882352944 0.2965686274509804 0.36764705882352944 0.2867647058823529 0.3709150326797386 0.27450980392156865 0.3660130718954248 0.25735294117647056 0.3627450980392157 0.25 0.35784313725490197 0.25 0.3545751633986928 0.2622549019607843 0.33986928104575165 0.2622549019607843 0.32679738562091504 0.25980392156862747 0.3235294117647059 0.26715686274509803 0.31699346405228757 0.27450980392156865 0.31699346405228757
0 0.35049019607843135 0.4852941176470588 0.3627450980392157 0.48856209150326796 0.3872549019607843 0.48856209150326796 0.39215686274509803 0.49019607843137253 0.4068627450980392 0.5 0.4117647058823529 0.5065359477124183 0.4117647058823529 0.5179738562091504 0.4019607843137255 0.5261437908496732 0.39215686274509803 0.5294117647058824 0.37745098039215685 0.5261437908496732 0.36764705882352944 0.5261437908496732 0.3627450980392157 0.5228758169934641 0.35294117647058826 0.5228758169934641 0.34068627450980393 0.5310457516339869 0.3333333333333333 0.5506535947712419 0.3235294117647059 0.5441176470588235 0.29901960784313725 0.5408496732026143 0.28431372549019607 0.5310457516339869 0.27205882352941174 0.5261437908496732 0.2647058823529412 0.5147058823529411 0.2622549019607843 0.5049019607843137 0.25735294117647056 0.5016339869281046 0.2549019607843137 0.48366013071895425 0.2622549019607843 0.4803921568627451 0.2965686274509804 0.5032679738562091 0.30392156862745096 0.5032679738562091 0.32107843137254904 0.4918300653594771 0.32598039215686275 0.4918300653594771 0.34068627450980393 0.4852941176470588 0.3480392156862745 0.4852941176470588
0 0 0.5392156862745098 0.01715686274509804 0.5522875816993464 0.029411764705882353 0.5555555555555556 0.041666666666666664 0.5637254901960784 0.049019607843137254 0.5669934640522876 0.05392156862745098 0.5669934640522876 0.07352941176470588 0.5784313725490197 0.09803921568627451 0.5947712418300654 0.10049019607843138 0.5996732026143791 0.12009803921568628 0.6111111111111112 0.12009803921568628 0.6160130718954249 0.125 0.619281045751634 0.1323529411764706 0.619281045751634 0.14460784313725492 0.6241830065359477 0.14950980392156862 0.6405228758169934 0.15441176470588236 0.6437908496732027 0.15441176470588236 0.6601307189542484 0.15196078431372548 0.6617647058823529 0.15196078431372548 0.6715686274509803 0.14705882352941177 0.6781045751633987 0.14950980392156862 0.6813725490196079 0.14705882352941177 0.6879084967320261 0.12009803921568628 0.704248366013072 0.09803921568627451 0.7091503267973857 0.08823529411764706 0.704248366013072 0.08088235294117647 0.7058823529411765 0.0784313725490196 0.704248366013072 0.06372549019607843 0.704248366013072 0.049019607843137254 0.696078431372549 0.041666666666666664 0.7009803921568627 0.03676470588235294 0.696078431372549 0.031862745098039214 0.6977124183006536 0.024509803921568627 0.6911764705882353 0.01715686274509804 0.696078431372549 0.014705882352941176 0.7009803921568627 0.00980392156862745 0.7026143790849673 0.004901960784313725 0.696078431372549 0.007352941176470588 0.6830065359477124 0.00980392156862745 0.6781045751633987 0.01715686274509804 0.6748366013071896 0.01715686274509804 0.6715686274509803 0.024509803921568627 0.6683006535947712 0.02696078431372549 0.6633986928104575 0.024509803921568627 0.6584967320261438 0.012254901960784314 0.6535947712418301 0.00980392156862745 0.6503267973856209 0.004901960784313725 0.6437908496732027 0.004901960784313725 0.6339869281045751 0 0.6274509803921569 0 0.6127450980392157 0.004901960784313725 0.6111111111111112 0.007352941176470588 0.6062091503267973 0.007352941176470588 0.5980392156862745 0 0.5866013071895425 0 0.5408496732026143
0 0.14950980392156862 0.0457516339869281 0.15196078431372548 0.04738562091503268 0.18137254901960784 0.0457516339869281 0.18872549019607843 0.049019607843137254 0.19117647058823528 0.05392156862745098 0.18627450980392157 0.06699346405228758 0.17401960784313725 0.0784313725490196 0.16176470588235295 0.08333333333333333 0.15196078431372548 0.08333333333333333 0.14460784313725492 0.08006535947712418 0.12990196078431374 0.0784313725490196 0.11029411764705882 0.0718954248366013 0.1053921568627451 0.06699346405228758 0.11029411764705882 0.06209150326797386 0.11519607843137254 0.0457516339869281 0.12009803921568628 0.042483660130718956 0.13725490196078433 0.042483660130718956 0.14705882352941177 0.0457516339869281
0 0.40441176470588236 0.021241830065359478 0.40931372549019607 0.02287581699346405 0.4166666666666667 0.0196078431372549 0.42401960784313725 0.0196078431372549 0.42892156862745096 0.02287581699346405 0.43137254901960786 0.03431372549019608 0.4215686274509804 0.04411764705882353 0.41421568627450983 0.04411764705882353 0.40931372549019607 0.03758169934640523 0.39950980392156865 0.03431372549019608 0.3897058823529412 0.032679738562091505 0.37254901960784315 0.03431372549019608 0.37254901960784315 0.027777777777777776 0.38480392156862747 0.017973856209150325 0.39705882352941174 0.016339869281045753 0.4019607843137255 0.021241830065359478
0 0.16176470588235295 0.17647058823529413 0.1715686274509804 0.1830065359477124 0.1715686274509804 0.19607843137254902 0.16176470588235295 0.20261437908496732 0.14705882352941177 0.20588235294117646 0.14215686274509803 0.20915032679738563 0.14215686274509803 0.21568627450980393 0.13970588235294118 0.2173202614379085 0.1323529411764706 0.2107843137254902 0.11764705882352941 0.2107843137254902 0.11274509803921569 0.20751633986928106 0.10294117647058823 0.20588235294117646 0.09558823529411764 0.19934640522875818 0.09313725490196079 0.18790849673202614 0.10049019607843138 0.18137254901960784 0.11519607843137254 0.18137254901960784 0.12009803921568628 0.184640522875817 0.13725490196078433 0.18627450980392157 0.14950980392156862 0.17647058823529413 0.15441176470588236 0.17483660130718953 0.15931372549019607 0.17647058823529413
0 0.2769607843137255 0.31699346405228757 0.2916666666666667 0.3235294117647059 0.2965686274509804 0.3235294117647059 0.3014705882352941 0.3284313725490196 0.3137254901960784 0.3333333333333333 0.32107843137254904 0.3300653594771242 0.32598039215686275 0.3300653594771242 0.33088235294117646 0.32189542483660133 0.33578431372549017 0.32189542483660133 0.3431372549019608 0.32516339869281047 0.35049019607843135 0.33169934640522875 0.35294117647058826 0.3431372549019608 0.3602941176470588 0.35130718954248363 0.37254901960784315 0.3545751633986928 0.37745098039215685 0.35294117647058826 0.39215686274509803 0.3545751633986928 0.40931372549019607 0.36437908496732024 0.4117647058823529 0.37745098039215685 0.40931372549019607 0.38235294117647056 0.39950980392156865 0.3872549019607843 0.39215686274509803 0.3839869281045752 0.38480392156862747 0.3839869281045752 0.375 0.380718954248366 0.375 0.37745098039215685 0.3700980392156863 0.3741830065359477 0.36519607843137253 0.37745098039215685 0.3627450980392157 0.3758169934640523 0.3553921568627451 0.38235294117647056 0.3480392156862745 0.38235294117647056 0.33578431372549017 0.3872549019607843 0.3235294117647059 0.3872549019607843 0.31862745098039214 0.37745098039215685 0.30392156862745096 0.369281045751634 0.2818627450980392 0.3709150326797386 0.2549019607843137 0.3627450980392157 0.25 0.35947712418300654 0.25 0.35294117647058826 0.25735294117647056 0.3464052287581699 0.25735294117647056 0.3415032679738562 0.2622549019607843 0.3349673202614379 0.25980392156862747 0.3235294117647059 0.26715686274509803 0.31699346405228757 0.27450980392156865 0.31699346405228757
0 0.8995098039215687 0.05392156862745098 0.9117647058823529 0.06209150326797386 0.9264705882352942 0.06699346405228758 0.9411764705882353 0.0784313725490196 0.9411764705882353 0.0915032679738562 0.9338235294117647 0.10457516339869281 0.9264705882352942 0.10947712418300654 0.9191176470588235 0.10947712418300654 0.9117647058823529 0.11274509803921569 0.8995098039215687 0.11274509803921569 0.8700980392156863 0.11764705882352941 0.8357843137254902 0.12581699346405228 0.7818627450980392 0.12254901960784313 0.7720588235294118 0.11601307189542484 0.7524509803921569 0.10947712418300654 0.7132352941176471 0.0915032679738562 0.7058823529411765 0.08496732026143791 0.7058823529411765 0.07026143790849673 0.7083333333333334 0.06862745098039216 0.7083333333333334 0.06045751633986928 0.7181372549019608 0.04738562091503268 0.7303921568627451 0.042483660130718956 0.7818627450980392 0.04084967320261438 0.8161764705882353 0.04738562091503268 0.8186274509803921 0.0457516339869281 0.8406862745098039 0.0457516339869281 0.8504901960784313 0.049019607843137254 0.8651960784313726 0.049019607843137254 0.8676470588235294 0.05065359477124183 0.8946078431372549 0.05228758169934641 0.8970588235294118 0.05392156862745098
0 0.6421568627450981 0.8447712418300654 0.6544117647058824 0.8464052287581699 0.6666666666666666 0.8513071895424836 0.678921568627451 0.8676470588235294 0.6887254901960784 0.8709150326797386 0.7009803921568627 0.8790849673202614 0.7083333333333334 0.8872549019607843 0.7107843137254902 0.8921568627450981 0.7083333333333334 0.8954248366013072 0.7083333333333334 0.9052287581699346 0.6985294117647058 0.9183006535947712 0.6985294117647058 0.9379084967320261 0.7034313725490197 0.9444444444444444 0.7205882352941176 0.954248366013072 0.7205882352941176 0.9591503267973857 0.7132352941176471 0.9640522875816994 0.7058823529411765 0.9656862745098039 0.6911764705882353 0.954248366013072 0.6740196078431373 0.9493464052287581 0.6593137254901961 0.9411764705882353 0.6495098039215687 0.9411764705882353 0.6348039215686274 0.9444444444444444 0.6102941176470589 0.954248366013072 0.5955882352941176 0.9526143790849673 0.5857843137254902 0.9444444444444444 0.5857843137254902 0.934640522875817 0.5784313725490197 0.9281045751633987 0.5784313725490197 0.9199346405228758 0.571078431372549 0.9101307189542484 0.571078431372549 0.9035947712418301 0.5661764705882353 0.8937908496732027 0.5588235294117647 0.8888888888888888 0.5514705882352942 0.8888888888888888 0.5490196078431373 0.8839869281045751 0.5416666666666666 0.8872549019607843 0.5416666666666666 0.8823529411764706 0.5490196078431373 0.880718954248366 0.5441176470588235 0.8725490196078431 0.5465686274509803 0.8660130718954249 0.5686274509803921 0.8545751633986928 0.5833333333333334 0.8529411764705882 0.5906862745098039 0.8578431372549019 0.6078431372549019 0.8611111111111112 0.6127450980392157 0.8578431372549019 0.6274509803921569 0.8562091503267973 0.6421568627450981 0.8464052287581699
0 0.4730392156862745 0.6241830065359477 0.4852941176470588 0.630718954248366 0.4950980392156863 0.6454248366013072 0.5147058823529411 0.6568627450980392 0.5294117647058824 0.6617647058823529 0.5392156862745098 0.6683006535947712 0.5465686274509803 0.6781045751633987 0.5465686274509803 0.6911764705882353 0.5122549019607843 0.7156862745098039 0.5098039215686274 0.7254901960784313 0.5 0.7303921568627451 0.4877450980392157 0.7287581699346405 0.4803921568627451 0.7254901960784313 0.47058823529411764 0.7254901960784313 0.44362745098039214 0.7124183006535948 0.4411764705882353 0.7091503267973857 0.4411764705882353 0.6993464052287581 0.4362745098039216 0.696078431372549 0.4264705882352941 0.6813725490196079 0.4264705882352941 0.6683006535947712 0.43137254901960786 0.6617647058823529 0.42892156862745096 0.6584967320261438 0.43137254901960786 0.6519607843137255 0.4264705882352941 0.6486928104575164 0.39950980392156865 0.6470588235294118 0.3946078431372549 0.6437908496732027 0.39950980392156865 0.6372549019607843 0.4215686274509804 0.630718954248366 0.4264705882352941 0.630718954248366 0.4338235294117647 0.6372549019607843 0.4387254901960784 0.6372549019607843 0.44607843137254904 0.6290849673202614 0.4534313725490196 0.6258169934640523 0.47058823529411764 0.6241830065359477
0 0.35294117647058826 0.761437908496732 0.35784313725490197 0.761437908496732 0.3627450980392157 0.7647058823529411 0.375 0.7826797385620915 0.39215686274509803 0.7924836601307189 0.39705882352941174 0.8022875816993464 0.41421568627450983 0.8120915032679739 0.43137254901960786 0.8284313725490197 0.4534313725490196 0.8431372549019608 0.4730392156862745 0.8464052287581699 0.48284313725490197 0.8562091503267973 0.49754901960784315 0.8611111111111112 0.5147058823529411 0.8709150326797386 0.5245098039215687 0.869281045751634 0.5318627450980392 0.8627450980392157 0.5465686274509803 0.8578431372549019 0.553921568627451 0.8578431372549019 0.5612745098039216 0.8529411764705882 0.5735294117647058 0.8496732026143791 0.5833333333333334 0.8496732026143791 0.5980392156862745 0.8562091503267973 0.6004901960784313 0.8513071895424836 0.6348039215686274 0.8480392156862745 0.6397058823529411 0.8447712418300654 0.6519607843137255 0.8447712418300654 0.6617647058823529 0.8496732026143791 0.6666666666666666 0.8496732026143791 0.678921568627451 0.8643790849673203 0.6887254901960784 0.8709150326797386 0.6985294117647058 0.8741830065359477 0.7083333333333334 0.8823529411764706 0.7107843137254902 0.9068627450980392 0.7083333333333334 0.9084967320261438 0.7083333333333334 0.9166666666666666 0.7034313725490197 0.9215686274509803 0.7058823529411765 0.9264705882352942 0.7058823529411765 0.9428104575163399 0.7230392156862745 0.9558823529411765 0.7230392156862745 0.9591503267973857 0.7107843137254902 0.9673202614379085 0.7058823529411765 0.9673202614379085 0.6936274509803921 0.9591503267973857 0.6887254901960784 0.9591503267973857 0.6813725490196079 0.954248366013072 0.6642156862745098 0.9526143790849673 0.6544117647058824 0.9477124183006536 0.6446078431372549 0.946078431372549 0.625 0.9509803921568627 0.6102941176470589 0.9575163398692811 0.5980392156862745 0.9575163398692811 0.5931372549019608 0.954248366013072 0.5735294117647058 0.9509803921568627 0.5686274509803921 0.9477124183006536 0.5612745098039216 0.9362745098039216 0.5612745098039216 0.9264705882352942 0.5563725490196079 0.9248366013071896 0.553921568627451 0.9183006535947712 0.5490196078431373 0.9215686274509803 0.5441176470588235 0.9183006535947712 0.5465686274509803 0.9101307189542484 0.5416666666666666 0.9084967320261438 0.5392156862745098 0.9101307189542484 0.5392156862745098 0.9166666666666666 0.5318627450980392 0.923202614379085 0.5269607843137255 0.9526143790849673 0.5098039215686274 0.9558823529411765 0.5147058823529411 0.9575163398692811 0.5147058823529411 0.9607843137254902 0.5098039215686274 0.9640522875816994 0.5122549019607843 0.9689542483660131 0.5024509803921569 0.9754901960784313 0.49019607843137253 0.9754901960784313 0.47058823529411764 0.9640522875816994 0.4411764705882353 0.9379084967320261 0.42892156862745096 0.9215686274509803 0.40931372549019607 0.9068627450980392 0.3946078431372549 0.9035947712418301 0.39215686274509803 0.9052287581699346 0.38235294117647056 0.9035947712418301 0.38480392156862747 0.9003267973856209 0.3799019607843137 0.8970588235294118 0.37254901960784315 0.8970588235294118 0.36764705882352944 0.9003267973856209 0.36764705882352944 0.9035947712418301 0.35784313725490197 0.9035947712418301 0.35049019607843135 0.9003267973856209 0.34558823529411764 0.9052287581699346 0.3333333333333333 0.9084967320261438 0.32107843137254904 0.9019607843137255 0.3161764705882353 0.8954248366013072 0.3088235294117647 0.8937908496732027 0.27450980392156865 0.8709150326797386 0.25980392156862747 0.8709150326797386 0.2549019607843137 0.869281045751634 0.25245098039215685 0.8660130718954249 0.2549019607843137 0.8513071895424836 0.25735294117647056 0.8496732026143791 0.2549019607843137 0.8447712418300654 0.2549019607843137 0.8300653594771242 0.25 0.826797385620915 0.24019607843137256 0.8251633986928104 0.23774509803921567 0.826797385620915 0.22794117647058823 0.826797385620915 0.22549019607843138 0.8251633986928104 0.2107843137254902 0.826797385620915 0.20588235294117646 0.8251633986928104 0.20098039215686275 0.803921568627451 0.19607843137254902 0.7990196078431373 0.19607843137254902 0.7892156862745098 0.2034313725490196 0.7745098039215687 0.20833333333333334 0.7712418300653595 0.2181372549019608 0.7696078431372549 0.23774509803921567 0.7810457516339869 0.23774509803921567 0.7843137254901961 0.24754901960784315 0.7908496732026143 0.2622549019607843 0.7908496732026143 0.26715686274509803 0.7875816993464052 0.27450980392156865 0.7892156862745098 0.2769607843137255 0.7875816993464052 0.28431372549019607 0.7990196078431373 0.2965686274509804 0.8071895424836601 0.30637254901960786 0.8071895424836601 0.3235294117647059 0.7990196078431373 0.3284313725490196 0.8006535947712419 0.3333333333333333 0.7990196078431373 0.33578431372549017 0.7924836601307189 0.34068627450980393 0.7908496732026143 0.3431372549019608 0.7761437908496732 0.3480392156862745 0.7728758169934641 0.35294117647058826 0.7630718954248366
0 0.3553921568627451 0.2238562091503268 0.35784313725490197 0.22549019607843138 0.38235294117647056 0.22549019607843138 0.40441176470588236 0.2369281045751634 0.41911764705882354 0.2369281045751634 0.41911764705882354 0.2434640522875817 0.4068627450980392 0.25326797385620914 0.39950980392156865 0.2549019607843137 0.37745098039215685 0.2549019607843137 0.375 0.2565359477124183 0.3602941176470588 0.25163398692810457 0.3480392156862745 0.2434640522875817 0.34068627450980393 0.24183006535947713 0.3382352941176471 0.2434640522875817 0.3161764705882353 0.2434640522875817 0.3137254901960784 0.24183006535947713 0.3137254901960784 0.23529411764705882 0.31862745098039214 0.22875816993464052 0.3284313725490196 0.2222222222222222 0.3382352941176471 0.21895424836601307 0.34558823529411764 0.21895424836601307 0.35294117647058826 0.2238562091503268
0 0.39950980392156865 0.14215686274509803 0.39950980392156865 0.13725490196078433 0.40931372549019607 0.12418300653594772 0.41911764705882354 0.119281045751634 0.43137254901960786 0.12254901960784313 0.4583333333333333 0.12091503267973856 0.46568627450980393 0.12581699346405228 0.4681372549019608 0.14052287581699346 0.46568627450980393 0.1437908496732026 0.45588235294117646 0.14215686274509803 0.40441176470588236 0.1437908496732026 0.4019607843137255 0.14215686274509803
