0 0.34945054945054943 0.09640522875816994 0.35384615384615387 0.09803921568627451 0.35384615384615387 0.10130718954248366 0.34945054945054943 0.10294117647058823 0.33406593406593404 0.10130718954248366 0.3362637362637363 0.09640522875816994 0.34285714285714286 0.09477124183006536 0.34725274725274724 0.09640522875816994
0 0.512087912087912 0.20751633986928106 0.5142857142857142 0.20915032679738563 0.5142857142857142 0.21568627450980393 0.5076923076923077 0.21895424836601307 0.4901098901098901 0.21895424836601307 0.4835164835164835 0.21241830065359477 0.4835164835164835 0.20588235294117646 0.4857142857142857 0.2042483660130719 0.5010989010989011 0.2042483660130719 0.5098901098901099 0.20751633986928106
0 0.378021978021978 0 0.389010989010989 0 0.3934065934065934 0.0032679738562091504 0.3934065934065934 0.004901960784313725 0.3824175824175824 0.006535947712418301 0.3758241758241758 0.004901960784313725 0.378021978021978 0.0016339869281045752
0 0.46813186813186813 0.26633986928104575 0.4747252747252747 0.27124183006535946 0.4747252747252747 0.2777777777777778 0.46813186813186813 0.28431372549019607 0.4593406593406593 0.28594771241830064 0.45494505494505494 0.28594771241830064 0.44395604395604393 0.28104575163398693 0.43956043956043955 0.2696078431372549 0.44835164835164837 0.2647058823529412 0.46373626373626375 0.2647058823529412 0.46593406593406594 0.26633986928104575
0 0.45274725274725275 0.30392156862745096 0.46373626373626375 0.30718954248366015 0.4703296703296703 0.3137254901960784 0.4703296703296703 0.31699346405228757 0.46153846153846156 0.3235294117647059 0.45494505494505494 0.32516339869281047 0.45274725274725275 0.3235294117647059 0.45054945054945056 0.32516339869281047 0.4351648351648352 0.32516339869281047 0.42637362637362636 0.3202614379084967 0.42417582417582417 0.315359477124183 0.42417582417582417 0.31209150326797386 0.432967032967033 0.3055555555555556 0.45054945054945056 0.30392156862745096
0 0.3626373626373626 0.016339869281045753 0.3648351648351648 0.017973856209150325 0.36043956043956044 0.021241830065359478 0.34945054945054943 0.021241830065359478 0.34505494505494505 0.017973856209150325 0.34725274725274724 0.014705882352941176 0.35824175824175825 0.014705882352941176 0.36043956043956044 0.016339869281045753
0 0.35824175824175825 0.12745098039215685 0.37362637362637363 0.12581699346405228 0.3824175824175824 0.13071895424836602 0.3824175824175824 0.13562091503267973 0.378021978021978 0.13725490196078433 0.36043956043956044 0.13398692810457516 0.35824175824175825 0.12908496732026145
0 0.36923076923076925 0.006535947712418301 0.37142857142857144 0.008169934640522876 0.36923076923076925 0.013071895424836602 0.35824175824175825 0.013071895424836602 0.35384615384615387 0.008169934640522876 0.367032967032967 0.006535947712418301
0 0.5802197802197803 0.6862745098039216 0.5846153846153846 0.6895424836601307 0.5868131868131868 0.7009803921568627 0.5802197802197803 0.7107843137254902 0.5824175824175825 0.7222222222222222 0.5736263736263736 0.7287581699346405 0.5516483516483517 0.7287581699346405 0.5428571428571428 0.7238562091503268 0.5384615384615384 0.7124183006535948 0.5318681318681319 0.7107843137254902 0.5230769230769231 0.7026143790849673 0.5230769230769231 0.6879084967320261 0.5296703296703297 0.6830065359477124 0.5318681318681319 0.6764705882352942 0.5428571428571428 0.6699346405228758 0.5626373626373626 0.6699346405228758 0.567032967032967 0.673202614379085 0.5692307692307692 0.6797385620915033 0.578021978021978 0.6862745098039216
0 0.3274725274725275 0.06699346405228758 0.34725274725274724 0.06535947712418301 0.3516483516483517 0.06862745098039216 0.34945054945054943 0.07352941176470588 0.3384615384615385 0.07352941176470588 0.3274725274725275 0.06862745098039216
0 0.4087912087912088 0.16993464052287582 0.4153846153846154 0.17320261437908496 0.4175824175824176 0.1781045751633987 0.4065934065934066 0.18137254901960784 0.3956043956043956 0.17973856209150327 0.389010989010989 0.17483660130718953 0.3956043956043956 0.16993464052287582 0.4065934065934066 0.16993464052287582
0 0.5208791208791209 0.4803921568627451 0.5274725274725275 0.4918300653594771 0.5274725274725275 0.49836601307189543 0.5032967032967033 0.5163398692810458 0.49230769230769234 0.5147058823529411 0.48131868131868133 0.5 0.48131868131868133 0.49019607843137253 0.49230769230769234 0.4803921568627451 0.5010989010989011 0.47875816993464054 0.5164835164835165 0.47875816993464054 0.5186813186813187 0.4803921568627451
0 0.4065934065934066 0.5735294117647058 0.4175824175824176 0.5800653594771242 0.4307692307692308 0.5800653594771242 0.43736263736263736 0.5882352941176471 0.43736263736263736 0.5980392156862745 0.432967032967033 0.6013071895424836 0.4351648351648352 0.6078431372549019 0.432967032967033 0.6143790849673203 0.42637362637362636 0.619281045751634 0.41318681318681316 0.6225490196078431 0.3978021978021978 0.6225490196078431 0.3934065934065934 0.6209150326797386 0.38461538461538464 0.6111111111111112 0.37142857142857144 0.6013071895424836 0.37142857142857144 0.5947712418300654 0.38461538461538464 0.5784313725490197 0.3956043956043956 0.5784313725490197 0.4043956043956044 0.5735294117647058
0 0.4065934065934066 0.1323529411764706 0.41318681318681316 0.13562091503267973 0.41318681318681316 0.14052287581699346 0.4065934065934066 0.1437908496732026 0.3978021978021978 0.1437908496732026 0.38461538461538464 0.13725490196078433 0.38461538461538464 0.13398692810457516 0.389010989010989 0.1323529411764706 0.4043956043956044 0.1323529411764706
0 0.34505494505494505 0.07679738562091504 0.34945054945054943 0.08006535947712418 0.34725274725274724 0.08496732026143791 0.3274725274725275 0.08496732026143791 0.3230769230769231 0.08169934640522876 0.3230769230769231 0.08006535947712418 0.33186813186813185 0.07679738562091504 0.34285714285714286 0.07679738562091504
0 0.29010989010989013 0.10947712418300654 0.3010989010989011 0.10784313725490197 0.31648351648351647 0.1111111111111111 0.3142857142857143 0.11601307189542484 0.2923076923076923 0.11437908496732026 0.29010989010989013 0.1111111111111111
0 0.4087912087912088 0.16993464052287582 0.421978021978022 0.1781045751633987 0.4307692307692308 0.1781045751633987 0.43736263736263736 0.1830065359477124 0.43956043956043955 0.18790849673202614 0.43736263736263736 0.19117647058823528 0.4153846153846154 0.19117647058823528 0.4021978021978022 0.18137254901960784 0.3912087912087912 0.1781045751633987 0.389010989010989 0.17483660130718953 0.3956043956043956 0.16993464052287582 0.4065934065934066 0.16993464052287582
0 0.46813186813186813 0.23202614379084968 0.47692307692307695 0.22875816993464052 0.4879120879120879 0.22875816993464052 0.5054945054945055 0.23529411764705882 0.5054945054945055 0.238562091503268 0.4945054945054945 0.2434640522875817 0.4703296703296703 0.2434640522875817 0.46593406593406594 0.238562091503268 0.46813186813186813 0.23366013071895425
0 0.36923076923076925 0.03104575163398693 0.378021978021978 0.03594771241830065 0.3758241758241758 0.0392156862745098 0.35824175824175825 0.0392156862745098 0.35824175824175825 0.03431372549019608 0.367032967032967 0.03104575163398693
0 0.47692307692307695 0.4019607843137255 0.4879120879120879 0.4035947712418301 0.49230769230769234 0.4150326797385621 0.5032967032967033 0.4199346405228758 0.5032967032967033 0.42810457516339867 0.4879120879120879 0.4395424836601307 0.4747252747252747 0.4411764705882353 0.4725274725274725 0.4395424836601307 0.4593406593406593 0.4395424836601307 0.45274725274725275 0.434640522875817 0.44835164835164837 0.42483660130718953 0.45054945054945056 0.41830065359477125 0.47692307692307695 0.4035947712418301
0 0.5296703296703297 0.8071895424836601 0.5384615384615384 0.815359477124183 0.5494505494505495 0.815359477124183 0.5582417582417583 0.8235294117647058 0.5604395604395604 0.8333333333333334 0.567032967032967 0.8382352941176471 0.5736263736263736 0.8382352941176471 0.578021978021978 0.8415032679738562 0.578021978021978 0.8594771241830066 0.5758241758241758 0.8643790849673203 0.5626373626373626 0.8741830065359477 0.5560439560439561 0.8872549019607843 0.5428571428571428 0.8954248366013072 0.5230769230769231 0.8954248366013072 0.512087912087912 0.8921568627450981 0.5032967032967033 0.8921568627450981 0.4967032967032967 0.8872549019607843 0.49230769230769234 0.8790849673202614 0.4967032967032967 0.8660130718954249 0.4857142857142857 0.8545751633986928 0.4857142857142857 0.8480392156862745 0.4901098901098901 0.8415032679738562 0.49230769230769234 0.8300653594771242 0.5054945054945055 0.8300653594771242 0.512087912087912 0.8251633986928104 0.5208791208791209 0.8104575163398693 0.5274725274725275 0.8071895424836601
0 0.36923076923076925 0.024509803921568627 0.37362637362637363 0.02287581699346405 0.3868131868131868 0.024509803921568627 0.38461538461538464 0.029411764705882353 0.37362637362637363 0.029411764705882353 0.36923076923076925 0.026143790849673203
0 0.5032967032967033 0.3464052287581699 0.5186813186813187 0.3545751633986928 0.5186813186813187 0.3660130718954248 0.5098901098901099 0.37254901960784315 0.5010989010989011 0.37254901960784315 0.4879120879120879 0.36764705882352944 0.47692307692307695 0.35784313725490197 0.47692307692307695 0.35130718954248363 0.4835164835164835 0.3464052287581699 0.4879120879120879 0.34477124183006536 0.4989010989010989 0.34477124183006536 0.5010989010989011 0.3464052287581699
0 0.35824175824175825 0.042483660130718956 0.3648351648351648 0.0457516339869281 0.3626373626373626 0.049019607843137254 0.34725274725274724 0.049019607843137254 0.34725274725274724 0.0457516339869281 0.35604395604395606 0.042483660130718956
