0 0.4875 0.9695550351288056 0.034375 0.06088992974238876
0 0.4953125 0.9110070257611241 0.028125 0.02810304449648712
0 0.515625 0.7892271662763466 0.040625 0.0468384074941452
0 0.50859375 0.8430913348946136 0.0359375 0.0234192037470726
0 0.58046875 0.8782201405152225 0.0296875 0.04215456674473068
0 0.57109375 0.9285714285714286 0.0359375 0.053864168618266976
0 0.571875 0.7927400468384075 0.028125 0.03044496487119438
0 0.59296875 0.7611241217798594 0.0390625 0.0234192037470726
0 0.52265625 0.680327868852459 0.0453125 0.03044496487119438
0 0.51484375 0.7189695550351288 0.0453125 0.02810304449648712
0 0.58671875 0.6323185011709602 0.0390625 0.06088992974238876
0 0.51796875 0.4812646370023419 0.0484375 0.0351288056206089
0 0.51796875 0.5163934426229508 0.0515625 0.02107728337236534
0 0.51796875 0.5714285714285714 0.0390625 0.02810304449648712
0 0.5796875 0.5421545667447307 0.034375 0.02576112412177986
0 0.56484375 0.5772833723653396 0.0171875 0.02576112412177986
0 0.52109375 0.40398126463700235 0.0328125 0.02576112412177986
0 0.53125 0.3395784543325527 0.040625 0.03278688524590164
0 0.57578125 0.3360655737704918 0.0234375 0.04918032786885246
0 0.575 0.4028103044496487 0.034375 0.03747072599531616
0 0.57890625 0.47423887587822017 0.0453125 0.04918032786885246
0 0.5625 0.2728337236533958 0.025 0.0351288056206089
0 0.52578125 0.2892271662763466 0.0359375 0.0351288056206089
0 0.5171875 0.22950819672131148 0.03125 0.03278688524590164
0 0.565625 0.21662763466042154 0.034375 0.02576112412177986
0 0.52265625 0.17681498829039813 0.0234375 0.02576112412177986
0 0.5609375 0.16744730679156908 0.034375 0.02576112412177986
0 0.5375 0.13114754098360656 0.05 0.03278688524590164
