0 0.982421875 0.5833333333333334 0.9892578125 0.5902777777777778 0.9892578125 0.5954861111111112 0.986328125 0.6006944444444444 0.9736328125 0.609375 0.9638671875 0.6111111111111112 0.94921875 0.6059027777777778 0.9443359375 0.6006944444444444 0.9443359375 0.5954861111111112 0.95703125 0.59375 0.96875 0.5833333333333334 0.9814453125 0.5833333333333334
0 0.8076171875 0.8246527777777778 0.818359375 0.8263888888888888 0.8251953125 0.8333333333333334 0.83984375 0.8402777777777778 0.8447265625 0.8472222222222222 0.8447265625 0.8506944444444444 0.833984375 0.8715277777777778 0.822265625 0.8802083333333334 0.8134765625 0.8802083333333334 0.8056640625 0.8697916666666666 0.8037109375 0.8611111111111112 0.8115234375 0.84375 0.8076171875 0.8263888888888888
0 0.8974609375 0.6371527777777778 0.9052734375 0.6388888888888888 0.91015625 0.6440972222222222 0.919921875 0.6388888888888888 0.9326171875 0.6388888888888888 0.939453125 0.6423611111111112 0.9423828125 0.6458333333333334 0.94140625 0.6510416666666666 0.9287109375 0.6579861111111112 0.9111328125 0.6493055555555556 0.9052734375 0.6579861111111112 0.884765625 0.6527777777777778 0.8818359375 0.6458333333333334 0.8828125 0.640625 0.896484375 0.6371527777777778
0 0.884765625 0.6788194444444444 0.888671875 0.6822916666666666 0.9150390625 0.6822916666666666 0.91796875 0.6857638888888888 0.91796875 0.6909722222222222 0.9091796875 0.6979166666666666 0.9013671875 0.6979166666666666 0.8916015625 0.6892361111111112 0.873046875 0.6909722222222222 0.8662109375 0.6875 0.861328125 0.6805555555555556 0.8671875 0.6753472222222222 0.8798828125 0.6753472222222222 0.8837890625 0.6788194444444444
0 0.623046875 0.7465277777777778 0.62890625 0.7517361111111112 0.6611328125 0.7465277777777778 0.6787109375 0.7482638888888888 0.693359375 0.7534722222222222 0.6962890625 0.7569444444444444 0.6962890625 0.7621527777777778 0.6904296875 0.7673611111111112 0.6826171875 0.7690972222222222 0.6689453125 0.78125 0.6611328125 0.78125 0.6337890625 0.7708333333333334 0.6328125 0.7673611111111112 0.6220703125 0.7604166666666666 0.6201171875 0.75 0.6220703125 0.7482638888888888
0 0.599609375 0.7222222222222222 0.6064453125 0.7274305555555556 0.6064453125 0.734375 0.599609375 0.7430555555555556 0.57421875 0.7413194444444444 0.5703125 0.7378472222222222 0.5703125 0.7326388888888888 0.5732421875 0.7274305555555556 0.5810546875 0.7222222222222222 0.5986328125 0.7222222222222222
0 0.8369140625 0.7378472222222222 0.845703125 0.7395833333333334 0.8486328125 0.7430555555555556 0.8486328125 0.7465277777777778 0.83984375 0.7534722222222222 0.830078125 0.7517361111111112 0.822265625 0.7430555555555556 0.82421875 0.7378472222222222 0.828125 0.7361111111111112 0.8359375 0.7378472222222222
0 0.673828125 0.796875 0.6826171875 0.8090277777777778 0.6865234375 0.8211805555555556 0.6923828125 0.8298611111111112 0.693359375 0.8368055555555556 0.6875 0.8454861111111112 0.673828125 0.8541666666666666 0.67578125 0.8611111111111112 0.67578125 0.8784722222222222 0.673828125 0.8819444444444444 0.6591796875 0.890625 0.6484375 0.8871527777777778 0.6396484375 0.8715277777777778 0.619140625 0.8663194444444444 0.611328125 0.8559027777777778 0.609375 0.84375 0.6181640625 0.8298611111111112 0.62109375 0.8142361111111112 0.6259765625 0.8090277777777778 0.6416015625 0.8038194444444444 0.65625 0.8159722222222222 0.66015625 0.8159722222222222 0.6728515625 0.796875
0 0.853515625 0.7013888888888888 0.8564453125 0.7048611111111112 0.8564453125 0.7100694444444444 0.845703125 0.7204861111111112 0.8349609375 0.7239583333333334 0.8203125 0.71875 0.8193359375 0.7048611111111112 0.8212890625 0.7013888888888888 0.826171875 0.6979166666666666 0.8525390625 0.7013888888888888
0 0.4853515625 0.7447916666666666 0.490234375 0.75 0.4892578125 0.7552083333333334 0.4775390625 0.7673611111111112 0.4697265625 0.7673611111111112 0.462890625 0.7534722222222222 0.462890625 0.7482638888888888 0.4658203125 0.7447916666666666 0.4794921875 0.7413194444444444 0.484375 0.7447916666666666
0 0.9990234375 0.6267361111111112 0.9990234375 0.6423611111111112 0.990234375 0.6423611111111112 0.982421875 0.6354166666666666 0.982421875 0.6319444444444444 0.9873046875 0.6267361111111112 0.998046875 0.6267361111111112
0 0.7529296875 0.7934027777777778 0.759765625 0.7951388888888888 0.765625 0.7916666666666666 0.78125 0.796875 0.7841796875 0.8003472222222222 0.7841796875 0.8072916666666666 0.7919921875 0.8194444444444444 0.791015625 0.8246527777777778 0.7626953125 0.8454861111111112 0.75390625 0.8402777777777778 0.728515625 0.8038194444444444 0.728515625 0.8003472222222222 0.7333984375 0.7951388888888888 0.744140625 0.7916666666666666 0.751953125 0.7934027777777778
0 0.8125 0.7569444444444444 0.82421875 0.7673611111111112 0.8232421875 0.7725694444444444 0.81640625 0.7777777777777778 0.80859375 0.7777777777777778 0.79296875 0.7673611111111112 0.7861328125 0.7690972222222222 0.77734375 0.7604166666666666 0.77734375 0.7569444444444444 0.78125 0.7534722222222222 0.7939453125 0.7534722222222222 0.802734375 0.7586805555555556 0.8115234375 0.7569444444444444
