0 0.70625 0.7902777777777777 0.71875 0.8013888888888889 0.7234375 0.8138888888888889 0.7234375 0.8277777777777777 0.721875 0.8319444444444445 0.71015625 0.8388888888888889 0.70234375 0.8361111111111111 0.69765625 0.8277777777777777 0.696875 0.8069444444444445 0.6984375 0.7958333333333333 0.7015625 0.7902777777777777 0.70546875 0.7902777777777777
0 0.6671875 0.9611111111111111 0.6703125 0.9638888888888889 0.678125 0.9833333333333333 0.678125 0.9861111111111112 0.67421875 0.9875 0.67734375 0.9944444444444445 0.6734375 0.9986111111111111 0.6421875 0.9986111111111111 0.64140625 0.9958333333333333 0.64609375 0.9763888888888889 0.65390625 0.9625 0.66640625 0.9611111111111111
0 0.675 0.7069444444444445 0.68046875 0.7138888888888889 0.68359375 0.725 0.67890625 0.7458333333333333 0.67265625 0.7541666666666667 0.65390625 0.7527777777777778 0.6515625 0.7402777777777778 0.6578125 0.7125 0.665625 0.7069444444444445 0.67421875 0.7069444444444445
0 0.625 0.5819444444444445 0.63046875 0.5916666666666667 0.63046875 0.6166666666666667 0.62265625 0.6402777777777777 0.61640625 0.6472222222222223 0.61171875 0.6472222222222223 0.60390625 0.6361111111111111 0.60390625 0.6097222222222223 0.60546875 0.6027777777777777 0.609375 0.6 0.61640625 0.5861111111111111 0.62421875 0.5819444444444445
0 0.56328125 0.7486111111111111 0.571875 0.7638888888888888 0.57265625 0.7875 0.56953125 0.8263888888888888 0.5671875 0.8305555555555556 0.5609375 0.8319444444444445 0.55 0.8291666666666667 0.54609375 0.825 0.54375 0.7986111111111112 0.5453125 0.7736111111111111 0.55 0.7541666666666667 0.55546875 0.7486111111111111 0.5625 0.7486111111111111
0 0.73203125 0.5944444444444444 0.740625 0.5916666666666667 0.7546875 0.5986111111111111 0.75859375 0.6041666666666666 0.76015625 0.6152777777777778 0.76015625 0.6361111111111111 0.7578125 0.6430555555555556 0.74765625 0.6486111111111111 0.740625 0.6486111111111111 0.72734375 0.6208333333333333 0.72734375 0.6125 0.73203125 0.5958333333333333
0 0.88359375 0 0.88828125 0.005555555555555556 0.8859375 0.011111111111111112 0.8875 0.018055555555555554 0.8921875 0.018055555555555554 0.8953125 0.011111111111111112 0.90078125 0.0125 0.90546875 0.008333333333333333 0.91875 0.011111111111111112 0.9234375 0.008333333333333333 0.925 0.004166666666666667 0.93125 0.011111111111111112 0.94609375 0.018055555555555554 0.9578125 0.018055555555555554 0.959375 0.019444444444444445 0.9546875 0.025 0.95859375 0.029166666666666667 0.9734375 0.030555555555555555 0.9703125 0.04027777777777778 0.96640625 0.04027777777777778 0.96328125 0.029166666666666667 0.95625 0.04027777777777778 0.94453125 0.04027777777777778 0.94453125 0.044444444444444446 0.9484375 0.04861111111111111 0.96171875 0.04722222222222222 0.959375 0.05138888888888889 0.95234375 0.05277777777777778 0.96015625 0.059722222222222225 0.95546875 0.06388888888888888 0.95234375 0.07222222222222222 0.9421875 0.07222222222222222 0.940625 0.06527777777777778 0.9375 0.0625 0.93515625 0.07361111111111111 0.93671875 0.07777777777777778 0.9234375 0.0763888888888889 0.92265625 0.08055555555555556 0.93671875 0.09305555555555556 0.940625 0.09027777777777778 0.946875 0.09166666666666666 0.94921875 0.08611111111111111 0.953125 0.08611111111111111 0.959375 0.07777777777777778 0.965625 0.08472222222222223 0.9578125 0.09166666666666666 0.9625 0.09861111111111111 0.98203125 0.09166666666666666 0.9875 0.09444444444444444 0.98671875 0.09722222222222222 0.98046875 0.09722222222222222 0.97734375 0.10138888888888889 0.98046875 0.10555555555555556 0.98671875 0.10555555555555556 0.98359375 0.10694444444444444 0.98046875 0.11388888888888889 0.98046875 0.12777777777777777 0.9828125 0.13333333333333333 0.984375 0.15 0.978125 0.15555555555555556 0.97578125 0.1638888888888889 0.98125 0.16527777777777777 0.98359375 0.17083333333333334 0.9875 0.17083333333333334 0.98046875 0.17222222222222222 0.9765625 0.16944444444444445 0.971875 0.175 0.9828125 0.18194444444444444 0.9875 0.17916666666666667 0.9875 0.18611111111111112 0.9859375 0.18194444444444444 0.97734375 0.18333333333333332 0.9734375 0.18611111111111112 0.9703125 0.19305555555555556 0.971875 0.19722222222222222 0.97109375 0.20277777777777778 0.9734375 0.20555555555555555 0.9875 0.1986111111111111 0.98984375 0.19444444444444445 0.99453125 0.1986111111111111 0.99140625 0.20555555555555555 0.9921875 0.2152777777777778 0.9875 0.22083333333333333 0.98671875 0.22777777777777777 0.98046875 0.22777777777777777 0.97890625 0.23055555555555557 0.9828125 0.2361111111111111 0.9828125 0.24166666666666667 0.98515625 0.24583333333333332 0.9921875 0.24861111111111112 0.9921875 0.2513888888888889 0.98828125 0.25416666666666665 0.9875 0.26944444444444443 0.9828125 0.2763888888888889 0.98828125 0.2861111111111111 0.99921875 0.29444444444444445 0.99921875 0.3 0.99453125 0.30833333333333335 0.98984375 0.30694444444444446 0.98828125 0.30972222222222223 0.98984375 0.33055555555555555 0.99921875 0.33611111111111114 0.99921875 0.37222222222222223 0.996875 0.37222222222222223 0.990625 0.3875 0.99375 0.40694444444444444 0.990625 0.42083333333333334 0.99453125 0.42083333333333334 0.98828125 0.42916666666666664 0.9890625 0.4361111111111111 0.99453125 0.4444444444444444 0.9921875 0.4513888888888889 0.9953125 0.47638888888888886 0.99296875 0.48055555555555557 0.99453125 0.4875 0.9890625 0.4986111111111111 0.99140625 0.5055555555555555 0.98984375 0.5111111111111111 0.99375 0.5152777777777777 0.99375 0.525 0.99140625 0.5333333333333333 0.99453125 0.5472222222222223 0.9921875 0.5569444444444445 0.99453125 0.5597222222222222 0.99296875 0.5638888888888889 0.99921875 0.5694444444444444 0.99921875 0.6055555555555555 0.99140625 0.6055555555555555 0.98984375 0.6083333333333333 0.99140625 0.6194444444444445 0.98828125 0.6305555555555555 0.98984375 0.6333333333333333 0.9890625 0.6430555555555556 0.99453125 0.6527777777777778 0.99296875 0.6680555555555555 0.990625 0.6708333333333333 0.99609375 0.6819444444444445 0.99296875 0.6888888888888889 0.99921875 0.6930555555555555 0.99921875 0.7527777777777778 0.996875 0.7541666666666667 0.99375 0.7666666666666667 0.98984375 0.7680555555555556 0.98671875 0.7819444444444444 0.98984375 0.8 0.98828125 0.8027777777777778 0.98984375 0.8111111111111111 0.98828125 0.825 0.990625 0.85 0.9921875 0.8513888888888889 0.990625 0.8555555555555555 0.99375 0.8597222222222223 0.98828125 0.8625 0.9875 0.8847222222222222 0.9828125 0.8847222222222222 0.98046875 0.8902777777777777 0.98359375 0.8930555555555556 0.9828125 0.9041666666666667 0.9875 0.9083333333333333 0.9859375 0.9111111111111111 0.9734375 0.9138888888888889 0.97578125 0.9180555555555555 0.97421875 0.925 0.975 0.9361111111111111 0.9734375 0.9388888888888889 0.975 0.9416666666666667 0.9875 0.9416666666666667 0.98984375 0.9527777777777777 0.99453125 0.9569444444444445 0.98984375 0.9597222222222223 0.9875 0.9680555555555556 0.98125 0.9763888888888889 0.97734375 0.9777777777777777 0.9734375 0.9930555555555556 0.9703125 0.9930555555555556 0.9671875 0.9875 0.96171875 0.9902777777777778 0.95390625 0.9875 0.953125 0.9902777777777778 0.95390625 0.9875 0.94765625 0.9805555555555555 0.93984375 0.9805555555555555 0.94375 0.9763888888888889 0.9390625 0.975 0.9375 0.9875 0.93359375 0.9944444444444445 0.8859375 0.9958333333333333 0.86953125 0.9916666666666667 0.8625 0.9944444444444445 0.83671875 0.9944444444444445 0.83515625 0.9916666666666667 0.83125 0.9930555555555556 0.82734375 0.9875 0.821875 0.9902777777777778 0.8125 0.9902777777777778 0.81015625 0.9875 0.80703125 0.9930555555555556 0.79453125 0.9888888888888889 0.78984375 0.9930555555555556 0.78125 0.9944444444444445 0.77578125 0.9944444444444445 0.77265625 0.9875 0.7671875 0.9875 0.765625 0.9930555555555556 0.76171875 0.9944444444444445 0.76171875 0.9861111111111112 0.765625 0.9861111111111112 0.775 0.9694444444444444 0.771875 0.9625 0.76796875 0.9611111111111111 0.765625 0.9638888888888889 0.75703125 0.9625 0.746875 0.9708333333333333 0.740625 0.9722222222222222 0.7390625 0.9763888888888889 0.73984375 0.9833333333333333 0.734375 0.9930555555555556 0.678125 0.9958333333333333 0.6015625 0.9944444444444445 0.59453125 0.9861111111111112 0.58828125 0.9944444444444445 0.584375 0.9888888888888889 0.57734375 0.9986111111111111 0.5703125 0.9861111111111112 0.56640625 0.9875 0.565625 0.975 0.56015625 0.9763888888888889 0.5609375 0.9805555555555555 0.5515625 0.9805555555555555 0.54921875 0.975 0.54453125 0.9736111111111111 0.54453125 0.9708333333333333 0.55 0.9652777777777778 0.54609375 0.9583333333333334 0.54609375 0.9527777777777777 0.55 0.9527777777777777 0.5515625 0.9597222222222223 0.55 0.9652777777777778 0.5515625 0.9680555555555556 0.5640625 0.9694444444444444 0.578125 0.9652777777777778 0.5796875 0.9625 0.578125 0.9583333333333334 0.575 0.9611111111111111 0.5734375 0.9583333333333334 0.58046875 0.9430555555555555 0.58359375 0.925 0.58125 0.9180555555555555 0.57421875 0.9083333333333333 0.553125 0.9041666666666667 0.553125 0.9 0.55078125 0.8972222222222223 0.53671875 0.8986111111111111 0.5234375 0.8958333333333334 0.525 0.8930555555555556 0.5375 0.8916666666666667 0.540625 0.8875 0.5390625 0.8777777777777778 0.540625 0.8694444444444445 0.53046875 0.8625 0.528125 0.8555555555555555 0.5296875 0.8513888888888889 0.5265625 0.8472222222222222 0.53046875 0.8416666666666667 0.5328125 0.8305555555555556 0.534375 0.8333333333333334 0.53984375 0.8305555555555556 0.54140625 0.8277777777777777 0.53984375 0.8236111111111111 0.546875 0.8222222222222222 0.55 0.8263888888888888 0.55625 0.8180555555555555 0.55 0.8097222222222222 0.54296875 0.8069444444444445 0.54921875 0.8027777777777778 0.5453125 0.7972222222222223 0.5515625 0.7930555555555555 0.55 0.7833333333333333 0.553125 0.7791666666666667 0.55703125 0.7819444444444444 0.55703125 0.7916666666666666 0.559375 0.7958333333333333 0.5578125 0.8027777777777778 0.5640625 0.8097222222222222 0.5640625 0.8125 0.559375 0.8138888888888889 0.55703125 0.8180555555555555 0.5640625 0.8277777777777777 0.56875 0.8236111111111111 0.56953125 0.8152777777777778 0.56796875 0.8097222222222222 0.5703125 0.8041666666666667 0.56953125 0.7972222222222223 0.5734375 0.7875 0.571875 0.7819444444444444 0.57265625 0.7652777777777777 0.56875 0.7472222222222222 0.55703125 0.75 0.55390625 0.7541666666666667 0.5546875 0.7583333333333333 0.55234375 0.7625 0.5390625 0.7680555555555556 0.53828125 0.7638888888888888 0.53984375 0.7611111111111111 0.53828125 0.7541666666666667 0.54375 0.7486111111111111 0.54296875 0.7444444444444445 0.5390625 0.7375 0.5359375 0.7388888888888889 0.52890625 0.7347222222222223 0.53203125 0.7361111111111112 0.53359375 0.7333333333333333 0.53515625 0.7263888888888889 0.53203125 0.7222222222222222 0.5359375 0.7166666666666667 0.54453125 0.7180555555555556 0.559375 0.7097222222222223 0.55703125 0.7041666666666667 0.55078125 0.7027777777777777 0.5515625 0.6972222222222222 0.55 0.6944444444444444 0.54609375 0.6930555555555555 0.54296875 0.6861111111111111 0.5390625 0.6833333333333333 0.53828125 0.6708333333333333 0.54140625 0.6680555555555555 0.5359375 0.6625 0.5359375 0.6569444444444444 0.53984375 0.6541666666666667 0.53671875 0.6430555555555556 0.5328125 0.6375 0.52890625 0.6388888888888888 0.5265625 0.6444444444444445 0.525 0.6430555555555556 0.525 0.6361111111111111 0.53125 0.6361111111111111 0.5328125 0.6291666666666667 0.5375 0.6222222222222222 0.53125 0.6180555555555556 0.5234375 0.6180555555555556 0.52265625 0.6152777777777778 0.525 0.6083333333333333 0.521875 0.6055555555555555 0.521875 0.5972222222222222 0.525 0.5930555555555556 0.528125 0.6013888888888889 0.53203125 0.6013888888888889 0.53359375 0.5972222222222222 0.53515625 0.5875 0.5328125 0.5805555555555556 0.53671875 0.5819444444444445 0.5375 0.5777777777777777 0.5328125 0.5736111111111111 0.53203125 0.5638888888888889 0.53515625 0.5638888888888889 0.534375 0.5680555555555555 0.5359375 0.5708333333333333 0.5375 0.5680555555555555 0.53671875 0.5638888888888889 0.53984375 0.5597222222222222 0.53984375 0.5527777777777778 0.5375 0.5486111111111112 0.5375 0.5319444444444444 0.5328125 0.5291666666666667 0.5359375 0.5180555555555556 0.54140625 0.5166666666666667 0.54453125 0.5097222222222222 0.5421875 0.5041666666666667 0.534375 0.49722222222222223 0.5359375 0.49444444444444446 0.53515625 0.48333333333333334 0.53203125 0.48055555555555557 0.53203125 0.46944444444444444 0.5296875 0.4625 0.5234375 0.4666666666666667 0.52109375 0.475 0.5140625 0.48333333333333334 0.515625 0.49166666666666664 0.521875 0.49583333333333335 0.521875 0.5013888888888889 0.52421875 0.5041666666666667 0.521875 0.5083333333333333 0.51875 0.5111111111111111 0.50859375 0.5097222222222222 0.5046875 0.5055555555555555 0.50390625 0.49722222222222223 0.50859375 0.49722222222222223 0.51171875 0.49166666666666664 0.509375 0.4875 0.5109375 0.48333333333333334 0.50859375 0.4736111111111111 0.5046875 0.4736111111111111 0.5046875 0.46944444444444444 0.509375 0.46805555555555556 0.509375 0.4625 0.5171875 0.46111111111111114 0.51640625 0.45555555555555555 0.52109375 0.45555555555555555 0.52109375 0.46111111111111114 0.5296875 0.4597222222222222 0.52421875 0.45416666666666666 0.5234375 0.4486111111111111 0.52578125 0.44583333333333336 0.52421875 0.44166666666666665 0.51875 0.4361111111111111 0.5109375 0.43472222222222223 0.5109375 0.42916666666666664 0.51484375 0.425 0.50703125 0.41805555555555557 0.50625 0.40694444444444444 0.50703125 0.4 0.51171875 0.4041666666666667 0.5171875 0.4 0.528125 0.4041666666666667 0.5296875 0.4 0.53515625 0.39861111111111114 0.53984375 0.39305555555555555 0.54296875 0.39305555555555555 0.55 0.40694444444444444 0.55859375 0.3972222222222222 0.553125 0.3958333333333333 0.55 0.3861111111111111 0.5328125 0.38472222222222224 0.53125 0.36944444444444446 0.52890625 0.36666666666666664 0.51953125 0.37083333333333335 0.51796875 0.3736111111111111 0.5234375 0.37777777777777777 0.52421875 0.3819444444444444 0.521875 0.38472222222222224 0.51484375 0.3819444444444444 0.515625 0.3861111111111111 0.51171875 0.3861111111111111 0.5109375 0.37916666666666665 0.5171875 0.3763888888888889 0.5046875 0.3638888888888889 0.496875 0.36944444444444446 0.490625 0.36944444444444446 0.4921875 0.36527777777777776 0.50078125 0.36527777777777776 0.503125 0.3625 0.5015625 0.35555555555555557 0.5046875 0.35138888888888886 0.50234375 0.3458333333333333 0.50703125 0.3416666666666667 0.50390625 0.3375 0.5046875 0.3333333333333333 0.50703125 0.3375 0.51015625 0.3347222222222222 0.50703125 0.32916666666666666 0.50703125 0.325 0.51171875 0.32083333333333336 0.51640625 0.32222222222222224 0.5171875 0.31666666666666665 0.5203125 0.3138888888888889 0.51875 0.30833333333333335 0.51171875 0.3138888888888889 0.5046875 0.3055555555555556 0.50546875 0.3013888888888889 0.50859375 0.30277777777777776 0.51171875 0.29583333333333334 0.51640625 0.29305555555555557 0.5125 0.28888888888888886 0.50546875 0.28888888888888886 0.5015625 0.27361111111111114 0.49140625 0.26805555555555555 0.49453125 0.26666666666666666 0.496875 0.25972222222222224 0.49140625 0.25972222222222224 0.490625 0.2569444444444444 0.509375 0.23194444444444445 0.50390625 0.21944444444444444 0.50546875 0.21388888888888888 0.51328125 0.20555555555555555 0.52421875 0.20277777777777778 0.5265625 0.19583333333333333 0.52578125 0.19166666666666668 0.53359375 0.18194444444444444 0.5328125 0.175 0.53515625 0.16527777777777777 0.53515625 0.16111111111111112 0.53125 0.15694444444444444 0.5296875 0.14722222222222223 0.51953125 0.1486111111111111 0.5203125 0.15416666666666667 0.5171875 0.1597222222222222 0.5234375 0.16805555555555557 0.521875 0.18472222222222223 0.51875 0.18333333333333332 0.51484375 0.1736111111111111 0.50859375 0.175 0.5046875 0.18194444444444444 0.4984375 0.18611111111111112 0.49140625 0.18333333333333332 0.49140625 0.17916666666666667 0.49375 0.17916666666666667 0.4953125 0.175 0.49453125 0.17083333333333334 0.50078125 0.16805555555555557 0.503125 0.16111111111111112 0.5078125 0.15833333333333333 0.5015625 0.15 0.5015625 0.14583333333333334 0.49765625 0.14722222222222223 0.49765625 0.1388888888888889 0.50546875 0.13055555555555556 0.5046875 0.12222222222222222 0.5203125 0.11944444444444445 0.5203125 0.11388888888888889 0.51875 0.1125 0.521875 0.10555555555555556 0.525 0.1125 0.52890625 0.1125 0.53125 0.10416666666666667 0.5390625 0.1 0.5421875 0.10138888888888889 0.54609375 0.1111111111111111 0.55 0.10972222222222222 0.55234375 0.11388888888888889 0.55859375 0.11388888888888889 0.56015625 0.10833333333333334 0.5671875 0.10416666666666667 0.5640625 0.1125 0.57265625 0.11527777777777778 0.57578125 0.10555555555555556 0.5859375 0.10138888888888889 0.58984375 0.09444444444444444 0.58828125 0.08888888888888889 0.59765625 0.0875 0.59296875 0.1 0.596875 0.10694444444444444 0.6015625 0.10972222222222222 0.609375 0.10555555555555556 0.61015625 0.10833333333333334 0.6265625 0.10694444444444444 0.63359375 0.09305555555555556 0.63984375 0.09444444444444444 0.640625 0.09027777777777778 0.63359375 0.07916666666666666 0.6296875 0.08333333333333333 0.62890625 0.0763888888888889 0.63125 0.07361111111111111 0.62265625 0.07083333333333333 0.625 0.06666666666666667 0.63125 0.06666666666666667 0.6359375 0.07222222222222222 0.6453125 0.06944444444444445 0.64453125 0.07916666666666666 0.646875 0.08472222222222223 0.6515625 0.07777777777777778 0.65 0.07361111111111111 0.653125 0.06666666666666667 0.65 0.06388888888888888 0.65078125 0.06111111111111111 0.65546875 0.059722222222222225 0.66015625 0.0625 0.66015625 0.05277777777777778 0.66796875 0.05138888888888889 0.67109375 0.04583333333333333 0.66484375 0.043055555555555555 0.66484375 0.04027777777777778 0.671875 0.03611111111111111 0.66875 0.03194444444444444 0.6859375 0.030555555555555555 0.69453125 0.018055555555555554 0.70859375 0.029166666666666667 0.71640625 0.018055555555555554 0.725 0.018055555555555554 0.73046875 0.030555555555555555 0.72109375 0.03611111111111111 0.715625 0.034722222222222224 0.7140625 0.041666666666666664 0.70859375 0.0375 0.70546875 0.043055555555555555 0.6984375 0.043055555555555555 0.6953125 0.03611111111111111 0.69296875 0.0375 0.6875 0.04861111111111111 0.6828125 0.06527777777777778 0.671875 0.06666666666666667 0.6609375 0.06111111111111111 0.6625 0.08055555555555556 0.653125 0.09166666666666666 0.671875 0.10694444444444444 0.70234375 0.0875 0.709375 0.0875 0.71484375 0.09166666666666666 0.73828125 0.09027777777777778 0.740625 0.0875 0.73984375 0.0763888888888889 0.7421875 0.07361111111111111 0.740625 0.07222222222222222 0.740625 0.06666666666666667 0.74375 0.07222222222222222 0.74765625 0.07361111111111111 0.7515625 0.06527777777777778 0.7546875 0.07083333333333333 0.75234375 0.07361111111111111 0.75546875 0.0763888888888889 0.76015625 0.09305555555555556 0.77265625 0.1 0.77421875 0.10555555555555556 0.778125 0.10833333333333334 0.7828125 0.10833333333333334 0.7765625 0.1111111111111111 0.76875 0.10972222222222222 0.76640625 0.11527777777777778 0.76640625 0.13055555555555556 0.77421875 0.14305555555555555 0.7671875 0.15416666666666667 0.77109375 0.16111111111111112 0.76796875 0.16805555555555557 0.7703125 0.1736111111111111 0.77265625 0.1763888888888889 0.775 0.1736111111111111 0.77421875 0.17083333333333334 0.778125 0.16805555555555557 0.775 0.1638888888888889 0.78046875 0.1638888888888889 0.78515625 0.1736111111111111 0.7890625 0.175 0.79765625 0.17083333333333334 0.8 0.1638888888888889 0.803125 0.1638888888888889 0.80234375 0.16805555555555557 0.80859375 0.1736111111111111 0.81171875 0.21666666666666667 0.8203125 0.23194444444444445 0.8234375 0.2611111111111111 0.8234375 0.2763888888888889 0.81484375 0.2847222222222222 0.81328125 0.28888888888888886 0.8140625 0.29305555555555557 0.82734375 0.3013888888888889 0.8328125 0.29305555555555557 0.83125 0.2902777777777778 0.8328125 0.2777777777777778 0.83125 0.275 0.83046875 0.2361111111111111 0.82734375 0.21944444444444444 0.828125 0.21388888888888888 0.83359375 0.22083333333333333 0.8359375 0.23333333333333334 0.83671875 0.25833333333333336 0.840625 0.275 0.8375 0.2861111111111111 0.83828125 0.2902777777777778 0.8359375 0.2916666666666667 0.83828125 0.29583333333333334 0.83671875 0.3 0.8390625 0.30277777777777776 0.8375 0.30694444444444446 0.8453125 0.31527777777777777 0.8515625 0.30972222222222223 0.853125 0.30416666666666664 0.84609375 0.26944444444444443 0.846875 0.2375 0.8421875 0.20694444444444443 0.84375 0.15555555555555556 0.84140625 0.15 0.8359375 0.10555555555555556 0.83125 0.09583333333333334 0.8328125 0.09027777777777778 0.83125 0.07361111111111111 0.834375 0.07222222222222222 0.83828125 0.0763888888888889 0.84609375 0.07361111111111111 0.84296875 0.0763888888888889 0.84296875 0.08055555555555556 0.8484375 0.08611111111111111 0.85234375 0.07777777777777778 0.85 0.07222222222222222 0.85703125 0.06666666666666667 0.85703125 0.058333333333333334 0.8546875 0.05138888888888889 0.8484375 0.04722222222222222 0.8484375 0.05694444444444444 0.84296875 0.06111111111111111 0.83125 0.06111111111111111 0.83046875 0.04583333333333333 0.82734375 0.041666666666666664 0.83125 0.03611111111111111 0.8296875 0.027777777777777776 0.8421875 0.030555555555555555 0.8453125 0.025 0.84453125 0.004166666666666667 0.85234375 0.008333333333333333 0.86171875 0 0.8828125 0
0 0.699609375 0.6958333333333333 0.03359375 0.06388888888888888
0 0.6125 0.8861111111111111 0.6203125 0.8888888888888888 0.62265625 0.8916666666666667 0.62421875 0.9 0.6234375 0.9291666666666667 0.61796875 0.9388888888888889 0.6 0.9291666666666667 0.5953125 0.9152777777777777 0.59921875 0.8986111111111111 0.60390625 0.8902777777777777 0.61171875 0.8861111111111111
0 0.628125 0.7305555555555555 0.63359375 0.7347222222222223 0.6359375 0.7444444444444445 0.63515625 0.7583333333333333 0.63203125 0.7708333333333334 0.63125 0.7902777777777777 0.6265625 0.7986111111111112 0.6125 0.8013888888888889 0.6078125 0.7986111111111112 0.60546875 0.7888888888888889 0.6078125 0.7430555555555556 0.61484375 0.7333333333333333 0.62734375 0.7305555555555555
0 0.553125 0.9 0.559375 0.9013888888888889 0.565625 0.9083333333333333 0.5734375 0.9097222222222222 0.5796875 0.9208333333333333 0.58046875 0.9319444444444445 0.578125 0.9472222222222222 0.56796875 0.9708333333333333 0.5640625 0.9736111111111111 0.55625 0.9736111111111111 0.553125 0.9694444444444444 0.53828125 0.9708333333333333 0.52578125 0.9680555555555556 0.521875 0.9611111111111111 0.5265625 0.9069444444444444 0.5328125 0.9 0.55234375 0.9
