0 0.42483660130718953 0.44607843137254904 0.4264705882352941 0.4485294117647059 0.42483660130718953 0.45588235294117646 0.4199346405228758 0.4534313725490196 0.4199346405228758 0.4485294117647059 0.42320261437908496 0.44607843137254904
0 0.2973856209150327 0.6740196078431373 0.31209150326797386 0.6813725490196079 0.31209150326797386 0.6862745098039216 0.3055555555555556 0.6911764705882353 0.2777777777777778 0.6911764705882353 0.2761437908496732 0.6887254901960784 0.2777777777777778 0.678921568627451 0.2957516339869281 0.6740196078431373
0 0.42892156862745096 0.39705882352941174 0.008169934640522876 0.029411764705882353
0 0.4150326797385621 0.47794117647058826 0.4166666666666667 0.48284313725490197 0.4117647058823529 0.4877450980392157 0.40522875816993464 0.4877450980392157 0.40522875816993464 0.48284313725490197 0.4084967320261438 0.47794117647058826 0.4133986928104575 0.47794117647058826
0 0.40522875816993464 0.5 0.4068627450980392 0.5024509803921569 0.4035947712418301 0.5098039215686274 0.39705882352941174 0.5098039215686274 0.39705882352941174 0.5049019607843137 0.4035947712418301 0.5
0 0.4133986928104575 0.49019607843137253 0.4133986928104575 0.4950980392156863 0.41013071895424835 0.49754901960784315 0.4068627450980392 0.4950980392156863 0.4068627450980392 0.49019607843137253 0.4084967320261438 0.4877450980392157 0.4117647058823529 0.49019607843137253
0 0.31209150326797386 0.6495098039215687 0.31699346405228757 0.6544117647058824 0.3137254901960784 0.6593137254901961 0.30392156862745096 0.6642156862745098 0.2908496732026144 0.6642156862745098 0.28921568627450983 0.6593137254901961 0.2973856209150327 0.6519607843137255 0.3104575163398693 0.6495098039215687
0 0.3333333333333333 0.6299019607843137 0.3382352941176471 0.6323529411764706 0.3415032679738562 0.6397058823529411 0.3300653594771242 0.6446078431372549 0.32516339869281047 0.6446078431372549 0.3235294117647059 0.6348039215686274 0.33169934640522875 0.6299019607843137
0 0.4019607843137255 0.5098039215686274 0.40032679738562094 0.5171568627450981 0.3937908496732026 0.5171568627450981 0.3954248366013072 0.5098039215686274 0.40032679738562094 0.5098039215686274
0 0.4223856209150327 0.4950980392156863 0.008169934640522876 0.00980392156862745
0 0.3627450980392157 0.5735294117647058 0.35784313725490197 0.5808823529411765 0.35294117647058826 0.5808823529411765 0.35130718954248363 0.5759803921568627 0.35294117647058826 0.5735294117647058 0.3611111111111111 0.5735294117647058
0 0.369281045751634 0.5906862745098039 0.3709150326797386 0.5931372549019608 0.369281045751634 0.6004901960784313 0.35784313725490197 0.6004901960784313 0.3562091503267974 0.5980392156862745 0.35947712418300654 0.5906862745098039 0.36764705882352944 0.5906862745098039
0 0.1781045751633987 0.8504901960784313 0.18137254901960784 0.8529411764705882 0.18137254901960784 0.8602941176470589 0.17320261437908496 0.8700980392156863 0.1650326797385621 0.8700980392156863 0.14869281045751634 0.8774509803921569 0.13071895424836602 0.8774509803921569 0.12908496732026145 0.8799019607843137 0.12091503267973856 0.8799019607843137 0.119281045751634 0.8700980392156863 0.13398692810457516 0.8578431372549019 0.1388888888888889 0.8578431372549019 0.1503267973856209 0.8504901960784313 0.1715686274509804 0.8504901960784313 0.17647058823529413 0.8529411764705882
0 0.36764705882352944 0.5465686274509803 0.36764705882352944 0.5514705882352942 0.36437908496732024 0.553921568627451 0.35947712418300654 0.553921568627451 0.35784313725490197 0.5490196078431373 0.3660130718954248 0.5465686274509803
0 0.3954248366013072 0.5049019607843137 0.4019607843137255 0.5 0.4035947712418301 0.5049019607843137 0.39705882352941174 0.5073529411764706
0 0.2549019607843137 0.6936274509803921 0.2581699346405229 0.696078431372549 0.2581699346405229 0.7009803921568627 0.24836601307189543 0.7107843137254902 0.23529411764705882 0.7107843137254902 0.23366013071895425 0.7083333333333334 0.2369281045751634 0.7034313725490197 0.24019607843137256 0.7034313725490197 0.25326797385620914 0.6936274509803921
0 0.20915032679738563 0.7598039215686274 0.21568627450980393 0.7671568627450981 0.21241830065359477 0.7720588235294118 0.20261437908496732 0.7769607843137255 0.184640522875817 0.7769607843137255 0.1830065359477124 0.7696078431372549 0.18627450980392157 0.7647058823529411 0.19444444444444445 0.7622549019607843 0.20261437908496732 0.7549019607843137 0.20751633986928106 0.7598039215686274
0 0.4150326797385621 0.47058823529411764 0.4166666666666667 0.47549019607843135 0.4133986928104575 0.4803921568627451 0.4068627450980392 0.47794117647058826 0.4068627450980392 0.4730392156862745 0.41013071895424835 0.4681372549019608 0.4133986928104575 0.47058823529411764
0 0.24019607843137256 0.7303921568627451 0.24509803921568626 0.7352941176470589 0.24509803921568626 0.7401960784313726 0.24183006535947713 0.7401960784313726 0.2369281045751634 0.7450980392156863 0.22712418300653595 0.7450980392156863 0.2238562091503268 0.7426470588235294 0.2222222222222222 0.7328431372549019 0.22875816993464052 0.7279411764705882 0.238562091503268 0.7303921568627451
0 0.35784313725490197 0.5588235294117647 0.3611111111111111 0.5563725490196079 0.36764705882352944 0.5588235294117647 0.36764705882352944 0.5637254901960784 0.3627450980392157 0.5661764705882353 0.35784313725490197 0.5637254901960784 0.35784313725490197 0.5612745098039216
0 0.42810457516339867 0.40441176470588236 0.43137254901960786 0.40931372549019607 0.42483660130718953 0.4117647058823529 0.42320261437908496 0.4068627450980392 0.4264705882352941 0.4068627450980392
0 0.3839869281045752 0.5257352941176471 0.013071895424836602 0.012254901960784314
0 0.11601307189542484 0.9142156862745098 0.12418300653594772 0.928921568627451 0.12254901960784313 0.9411764705882353 0.10457516339869281 0.9558823529411765 0.09313725490196079 0.9558823529411765 0.08496732026143791 0.9436274509803921 0.08169934640522876 0.9362745098039216 0.08169934640522876 0.9313725490196079 0.08823529411764706 0.9264705882352942 0.09967320261437909 0.9240196078431373 0.10947712418300654 0.9142156862745098 0.11437908496732026 0.9142156862745098
0 0.4133986928104575 0.46078431372549017 0.4199346405228758 0.4632352941176471 0.4199346405228758 0.4681372549019608 0.4150326797385621 0.4681372549019608 0.4133986928104575 0.4632352941176471
0 0.19281045751633988 0.803921568627451 0.19934640522875818 0.8088235294117647 0.20751633986928106 0.8088235294117647 0.2107843137254902 0.8137254901960784 0.20915032679738563 0.821078431372549 0.19934640522875818 0.8284313725490197 0.184640522875817 0.8284313725490197 0.18137254901960784 0.8235294117647058 0.18137254901960784 0.8112745098039216 0.18627450980392157 0.803921568627451 0.19117647058823528 0.803921568627451
0 0.3839869281045752 0.5318627450980392 0.38562091503267976 0.5343137254901961 0.3839869281045752 0.5392156862745098 0.3790849673202614 0.5367647058823529 0.38235294117647056 0.5318627450980392
0 0.35784313725490197 0.6078431372549019 0.369281045751634 0.6176470588235294 0.369281045751634 0.6200980392156863 0.3627450980392157 0.6225490196078431 0.34967320261437906 0.6225490196078431 0.33986928104575165 0.6176470588235294 0.33986928104575165 0.6127450980392157 0.34477124183006536 0.6078431372549019 0.34967320261437906 0.6053921568627451 0.3562091503267974 0.6078431372549019
0 0.4199346405228758 0.4583333333333333 0.4199346405228758 0.46568627450980393 0.4150326797385621 0.46568627450980393 0.4117647058823529 0.46078431372549017 0.41830065359477125 0.4583333333333333
0 0.4133986928104575 0.4730392156862745 0.4150326797385621 0.4803921568627451 0.4117647058823529 0.48284313725490197 0.4068627450980392 0.4803921568627451 0.4068627450980392 0.47549019607843135 0.4117647058823529 0.4730392156862745
0 0.4133986928104575 0.4950980392156863 0.4150326797385621 0.5049019607843137 0.4084967320261438 0.5049019607843137 0.41013071895424835 0.49754901960784315 0.4117647058823529 0.49754901960784315
0 0.42320261437908496 0.3799019607843137 0.42810457516339867 0.375 0.4297385620915033 0.38235294117647056 0.42810457516339867 0.38480392156862747 0.42483660130718953 0.38235294117647056
