0 0.8055555555555556 0.014742014742014743 0.8071895424836601 0.022113022113022112 0.803921568627451 0.02702702702702703 0.7875816993464052 0.03931203931203931 0.7761437908496732 0.051597051597051594 0.7483660130718954 0.05405405405405406 0.7303921568627451 0.06142506142506143 0.7156862745098039 0.06142506142506143 0.7124183006535948 0.056511056511056514 0.7156862745098039 0.04914004914004914 0.7222222222222222 0.044226044226044224 0.7450980392156863 0.036855036855036855 0.7647058823529411 0.022113022113022112 0.7826797385620915 0.019656019656019656 0.7924836601307189 0.014742014742014743 0.803921568627451 0.014742014742014743
0 0.6127450980392157 0.31695331695331697 0.619281045751634 0.32432432432432434 0.619281045751634 0.32923832923832924 0.6111111111111112 0.3464373464373464 0.5931372549019608 0.35872235872235875 0.5669934640522876 0.36855036855036855 0.5571895424836601 0.36609336609336607 0.5490196078431373 0.35872235872235875 0.5277777777777778 0.3488943488943489 0.5228758169934641 0.3415233415233415 0.5212418300653595 0.33415233415233414 0.5228758169934641 0.32678132678132676 0.5310457516339869 0.3144963144963145 0.5637254901960784 0.3022113022113022 0.5686274509803921 0.2972972972972973 0.576797385620915 0.29484029484029484 0.5866013071895425 0.28501228501228504 0.5980392156862745 0.28501228501228504 0.6045751633986928 0.29484029484029484 0.6111111111111112 0.31695331695331697
0 0.545751633986928 0.2457002457002457 0.5522875816993464 0.25061425061425063 0.553921568627451 0.25552825552825553 0.553921568627451 0.2702702702702703 0.5506535947712419 0.2751842751842752 0.5375816993464052 0.28501228501228504 0.5343137254901961 0.28501228501228504 0.5310457516339869 0.28992628992628994 0.511437908496732 0.29238329238329236 0.5098039215686274 0.29484029484029484 0.4852941176470588 0.29484029484029484 0.48366013071895425 0.29238329238329236 0.4803921568627451 0.29484029484029484 0.4591503267973856 0.29484029484029484 0.45751633986928103 0.29238329238329236 0.4591503267973856 0.28501228501228504 0.4722222222222222 0.2727272727272727 0.5147058823529411 0.24324324324324326 0.5441176470588235 0.2457002457002457
0 0.8627450980392157 0.6904176904176904 0.8725490196078431 0.6953316953316954 0.8856209150326797 0.7125307125307125 0.8774509803921569 0.7248157248157249 0.8790849673202614 0.7321867321867321 0.8741830065359477 0.7321867321867321 0.869281045751634 0.7371007371007371 0.8529411764705882 0.7346437346437347 0.8496732026143791 0.7297297297297297 0.8382352941176471 0.7248157248157249 0.8333333333333334 0.7174447174447175 0.8366013071895425 0.7027027027027027 0.8464052287581699 0.6953316953316954 0.8611111111111112 0.6904176904176904
0 0.696078431372549 0.0687960687960688 0.7009803921568627 0.07371007371007371 0.696078431372549 0.08353808353808354 0.6813725490196079 0.09090909090909091 0.6666666666666666 0.10319410319410319 0.6519607843137255 0.10565110565110565 0.6421568627450981 0.11056511056511056 0.6323529411764706 0.11056511056511056 0.6274509803921569 0.10810810810810811 0.6274509803921569 0.10565110565110565 0.6437908496732027 0.085995085995086 0.6568627450980392 0.08108108108108109 0.6617647058823529 0.07616707616707617 0.6944444444444444 0.0687960687960688
0 0.9035947712418301 0.7960687960687961 0.049019607843137254 0.05896805896805897
0 0.43790849673202614 0.4348894348894349 0.4477124183006536 0.4201474201474201 0.46405228758169936 0.4226044226044226 0.46568627450980393 0.4275184275184275 0.45588235294117646 0.43734643734643736 0.4395424836601307 0.43734643734643736
0 0.6568627450980392 0.3857493857493858 0.6715686274509803 0.40786240786240785 0.673202614379085 0.4152334152334152 0.6715686274509803 0.43243243243243246 0.6535947712418301 0.4594594594594595 0.6372549019607843 0.4692874692874693 0.6176470588235294 0.47665847665847666 0.5931372549019608 0.47665847665847666 0.5866013071895425 0.47174447174447176 0.565359477124183 0.4520884520884521 0.5604575163398693 0.44471744471744473 0.5588235294117647 0.4275184275184275 0.5735294117647058 0.4103194103194103 0.5915032679738562 0.39803439803439805 0.6062091503267973 0.3955773955773956 0.6078431372549019 0.3931203931203931 0.6176470588235294 0.3931203931203931 0.619281045751634 0.3906633906633907 0.630718954248366 0.3906633906633907 0.6405228758169934 0.3857493857493858 0.6552287581699346 0.3857493857493858
0 0.5326797385620915 0.029484029484029485 0.5375816993464052 0.03931203931203931 0.5245098039215687 0.056511056511056514 0.5032679738562091 0.07371007371007371 0.4918300653594771 0.07371007371007371 0.49019607843137253 0.06388206388206388 0.5016339869281046 0.04668304668304668 0.5130718954248366 0.03931203931203931 0.5212418300653595 0.029484029484029485 0.5245098039215687 0.02702702702702703 0.5310457516339869 0.029484029484029485
0 0.3611111111111111 0.14004914004914004 0.36437908496732024 0.14250614250614252 0.36437908496732024 0.14742014742014742 0.3545751633986928 0.1597051597051597 0.3480392156862745 0.16216216216216217 0.3333333333333333 0.1769041769041769 0.3006535947712418 0.1941031941031941 0.28921568627450983 0.19164619164619165 0.28921568627450983 0.18427518427518427 0.315359477124183 0.1547911547911548 0.3382352941176471 0.14004914004914004 0.35947712418300654 0.14004914004914004
0 0.42320261437908496 0.4152334152334152 0.026143790849673203 0.019656019656019656
0 0.5702614379084967 0.5135135135135135 0.5718954248366013 0.515970515970516 0.5833333333333334 0.515970515970516 0.5849673202614379 0.5184275184275184 0.5800653594771242 0.5282555282555282 0.5800653594771242 0.5331695331695332 0.576797385620915 0.538083538083538 0.5637254901960784 0.5405405405405406 0.5620915032679739 0.542997542997543 0.5555555555555556 0.542997542997543 0.5441176470588235 0.5356265356265356 0.545751633986928 0.5257985257985258 0.5588235294117647 0.515970515970516 0.5686274509803921 0.515970515970516
0 0.46895424836601307 0.4520884520884521 0.4738562091503268 0.457002457002457 0.4738562091503268 0.4668304668304668 0.46568627450980393 0.47174447174447176 0.4526143790849673 0.47174447174447176 0.45098039215686275 0.4643734643734644 0.4526143790849673 0.4594594594594595 0.4624183006535948 0.4520884520884521 0.4673202614379085 0.4520884520884521
0 0.5228758169934641 0.20638820638820637 0.5245098039215687 0.20884520884520885 0.5310457516339869 0.20884520884520885 0.5343137254901961 0.21375921375921375 0.5326797385620915 0.21867321867321868 0.4869281045751634 0.25307125307125306 0.4738562091503268 0.25307125307125306 0.4722222222222222 0.25061425061425063 0.4673202614379085 0.22604422604422605 0.47058823529411764 0.21867321867321868 0.48856209150326796 0.20393120393120392 0.5130718954248366 0.20393120393120392 0.5147058823529411 0.20638820638820637 0.5212418300653595 0.20638820638820637
0 0.33169934640522875 0.28255528255528256 0.33169934640522875 0.27764127764127766 0.3366013071895425 0.2678132678132678 0.35130718954248363 0.25061425061425063 0.38562091503267976 0.2334152334152334 0.3937908496732026 0.2334152334152334 0.3954248366013072 0.23587223587223588 0.3954248366013072 0.24815724815724816 0.3839869281045752 0.26044226044226043 0.3627450980392157 0.2751842751842752 0.3333333333333333 0.28255528255528256
0 0.8104575163398693 0.5724815724815725 0.8120915032679739 0.5798525798525799 0.803921568627451 0.6044226044226044 0.7990196078431373 0.6068796068796068 0.7777777777777778 0.6068796068796068 0.7663398692810458 0.601965601965602 0.761437908496732 0.597051597051597 0.761437908496732 0.5872235872235873 0.7679738562091504 0.5749385749385749 0.7761437908496732 0.5700245700245701 0.7990196078431373 0.5675675675675675 0.8088235294117647 0.5724815724815725
0 0.43790849673202614 0.08353808353808354 0.4395424836601307 0.09336609336609336 0.43790849673202614 0.10073710073710074 0.43300653594771243 0.10810810810810811 0.39705882352941174 0.12530712530712532 0.38235294117647056 0.12530712530712532 0.3741830065359477 0.12039312039312039 0.3627450980392157 0.12039312039312039 0.3562091503267974 0.11547911547911548 0.35130718954248363 0.11547911547911548 0.3464052287581699 0.11056511056511056 0.35130718954248363 0.10073710073710074 0.36764705882352944 0.09090909090909091 0.3839869281045752 0.08845208845208845 0.38562091503267976 0.085995085995086 0.4362745098039216 0.08353808353808354
0 0.47875816993464054 0.5036855036855037 0.47875816993464054 0.4914004914004914 0.4869281045751634 0.48157248157248156 0.5016339869281046 0.48157248157248156 0.5049019607843137 0.48894348894348894 0.5 0.4914004914004914 0.4950980392156863 0.5012285012285013 0.48856209150326796 0.5061425061425061 0.4820261437908497 0.5061425061425061 0.4803921568627451 0.5036855036855037
0 0.47549019607843135 0.18673218673218672 0.48366013071895425 0.1941031941031941 0.4852941176470588 0.19901719901719903 0.47549019607843135 0.2113022113022113 0.4542483660130719 0.22604422604422605 0.4444444444444444 0.22604422604422605 0.434640522875817 0.21621621621621623 0.43137254901960786 0.20884520884520885 0.43300653594771243 0.20147420147420148 0.4362745098039216 0.19656019656019655 0.4477124183006536 0.19164619164619165 0.45588235294117646 0.19164619164619165 0.4624183006535948 0.18673218673218672 0.4738562091503268 0.18673218673218672
0 0.9983660130718954 0.8796068796068796 0.9901960784313726 0.8673218673218673 0.9754901960784313 0.8697788697788698 0.9722222222222222 0.8648648648648649 0.9722222222222222 0.8452088452088452 0.9771241830065359 0.8378378378378378 0.9983660130718954 0.8378378378378378 0.9983660130718954 0.8771498771498771
0 0.6339869281045751 0.5208845208845209 0.6372549019607843 0.5257985257985258 0.6388888888888888 0.538083538083538 0.6339869281045751 0.542997542997543 0.619281045751634 0.5454545454545454 0.6176470588235294 0.547911547911548 0.6013071895424836 0.542997542997543 0.5980392156862745 0.538083538083538 0.5980392156862745 0.5282555282555282 0.6013071895424836 0.5233415233415234 0.6209150326797386 0.515970515970516 0.6258169934640523 0.515970515970516 0.6323529411764706 0.5208845208845209
0 0.4542483660130719 0.16216216216216217 0.45588235294117646 0.16461916461916462 0.47058823529411764 0.16707616707616707 0.477124183006536 0.171990171990172 0.46895424836601307 0.18673218673218672 0.4362745098039216 0.19901719901719903 0.4117647058823529 0.19901719901719903 0.41013071895424835 0.20147420147420148 0.40032679738562094 0.19901719901719903 0.40032679738562094 0.19164619164619165 0.4084967320261438 0.1769041769041769 0.42483660130718953 0.171990171990172 0.4411764705882353 0.16216216216216217 0.4526143790849673 0.16216216216216217
0 0.7369281045751634 0.5454545454545454 0.7369281045751634 0.5528255528255528 0.7418300653594772 0.5601965601965602 0.7418300653594772 0.5675675675675675 0.7156862745098039 0.5995085995085995 0.6928104575163399 0.6142506142506142 0.6830065359477124 0.6142506142506142 0.6748366013071896 0.6068796068796068 0.673202614379085 0.601965601965602 0.673202614379085 0.5847665847665847 0.6748366013071896 0.5798525798525799 0.6862745098039216 0.5651105651105651 0.704248366013072 0.5528255528255528 0.7140522875816994 0.547911547911548 0.7320261437908496 0.547911547911548 0.7352941176470589 0.5454545454545454
0 0.5294117647058824 0.5085995085995086 0.5310457516339869 0.5208845208845209 0.5179738562091504 0.5307125307125307 0.5032679738562091 0.5307125307125307 0.5016339869281046 0.5282555282555282 0.5032679738562091 0.5184275184275184 0.5081699346405228 0.5135135135135135 0.5196078431372549 0.5110565110565111 0.5245098039215687 0.5061425061425061 0.5277777777777778 0.5085995085995086
0 0.815359477124183 0.6461916461916462 0.8169934640522876 0.6511056511056511 0.815359477124183 0.6535626535626535 0.815359477124183 0.6707616707616708 0.8137254901960784 0.6732186732186732 0.7924836601307189 0.6756756756756757 0.7908496732026143 0.6781326781326781 0.7826797385620915 0.6756756756756757 0.7794117647058824 0.6683046683046683 0.7794117647058824 0.6511056511056511 0.7843137254901961 0.6437346437346437 0.8120915032679739 0.6437346437346437 0.8137254901960784 0.6461916461916462
0 0.6323529411764706 0.14496314496314497 0.6356209150326797 0.14742014742014742 0.6372549019607843 0.15724815724815724 0.6323529411764706 0.16461916461916462 0.6127450980392157 0.1769041769041769 0.5915032679738562 0.1769041769041769 0.5849673202614379 0.17444717444717445 0.5833333333333334 0.16707616707616707 0.5964052287581699 0.15233415233415235 0.6078431372549019 0.14496314496314497 0.6143790849673203 0.14250614250614252 0.6290849673202614 0.14250614250614252 0.630718954248366 0.14496314496314497
0 0.6617647058823529 0.5282555282555282 0.6715686274509803 0.5110565110565111 0.684640522875817 0.5085995085995086 0.6862745098039216 0.5061425061425061 0.7009803921568627 0.5061425061425061 0.7026143790849673 0.5085995085995086 0.7009803921568627 0.5233415233415234 0.6944444444444444 0.5282555282555282 0.684640522875817 0.5331695331695332 0.6683006535947712 0.5331695331695332 0.6633986928104575 0.5307125307125307
