0 0.21568627450980393 0.9901960784313726 0.2173202614379085 0.9926470588235294 0.22712418300653595 0.9926470588235294 0.23366013071895425 0.9975490196078431 0.20588235294117646 0.9975490196078431 0.20915032679738563 0.9926470588235294 0.21405228758169934 0.9926470588235294
0 0.5800653594771242 0.3382352941176471 0.5784313725490197 0.3480392156862745 0.5571895424836601 0.34558823529411764 0.5506535947712419 0.34068627450980393 0.5522875816993464 0.33578431372549017 0.576797385620915 0.33578431372549017 0.5784313725490197 0.3382352941176471
0 0.5147058823529411 0.36764705882352944 0.5179738562091504 0.36519607843137253 0.5326797385620915 0.36519607843137253 0.5359477124183006 0.36764705882352944 0.5343137254901961 0.375 0.5277777777777778 0.37745098039215685 0.5147058823529411 0.375 0.5147058823529411 0.3700980392156863
0 0.22549019607843138 0.8848039215686274 0.24183006535947713 0.8970588235294118 0.25 0.9093137254901961 0.25 0.9191176470588235 0.24183006535947713 0.9264705882352942 0.23366013071895425 0.9264705882352942 0.22875816993464052 0.9215686274509803 0.2173202614379085 0.9215686274509803 0.19444444444444445 0.9436274509803921 0.184640522875817 0.9411764705882353 0.184640522875817 0.9215686274509803 0.19117647058823528 0.9019607843137255 0.18627450980392157 0.8897058823529411 0.18627450980392157 0.8848039215686274 0.18790849673202614 0.8823529411764706 0.21895424836601307 0.8823529411764706 0.2238562091503268 0.8848039215686274
0 0.3660130718954248 0.6053921568627451 0.37254901960784315 0.6127450980392157 0.3709150326797386 0.6200980392156863 0.3349673202614379 0.6200980392156863 0.33169934640522875 0.6151960784313726 0.33169934640522875 0.6053921568627451 0.3366013071895425 0.6004901960784313 0.35130718954248363 0.6004901960784313 0.36437908496732024 0.6053921568627451
0 0.3349673202614379 0.6593137254901961 0.3480392156862745 0.6642156862745098 0.3562091503267974 0.6740196078431373 0.3545751633986928 0.678921568627451 0.34967320261437906 0.6813725490196079 0.3349673202614379 0.6813725490196079 0.3333333333333333 0.6838235294117647 0.31862745098039214 0.6838235294117647 0.315359477124183 0.678921568627451 0.31699346405228757 0.6666666666666666 0.3202614379084967 0.6617647058823529 0.3333333333333333 0.6593137254901961
0 0.2957516339869281 0.7230392156862745 0.315359477124183 0.7352941176470589 0.31862745098039214 0.7401960784313726 0.31862745098039214 0.7450980392156863 0.31699346405228757 0.7475490196078431 0.3006535947712418 0.7475490196078431 0.29901960784313725 0.7450980392156863 0.2875816993464052 0.75 0.2761437908496732 0.75 0.2679738562091503 0.7450980392156863 0.2647058823529412 0.7401960784313726 0.2647058823529412 0.7279411764705882 0.27124183006535946 0.7205882352941176 0.29411764705882354 0.7230392156862745
0 0.3872549019607843 0.553921568627451 0.3937908496732026 0.5588235294117647 0.3954248366013072 0.5637254901960784 0.3937908496732026 0.5661764705882353 0.3709150326797386 0.5661764705882353 0.3660130718954248 0.5637254901960784 0.36437908496732024 0.5612745098039216 0.3660130718954248 0.5514705882352942 0.38562091503267976 0.553921568627451
0 0.27124183006535946 0.8014705882352942 0.28104575163398693 0.8088235294117647 0.28594771241830064 0.821078431372549 0.28104575163398693 0.8259803921568627 0.27124183006535946 0.8259803921568627 0.2630718954248366 0.8308823529411765 0.25326797385620914 0.8308823529411765 0.24673202614379086 0.8259803921568627 0.24183006535947713 0.8259803921568627 0.238562091503268 0.821078431372549 0.24019607843137256 0.8063725490196079 0.2434640522875817 0.7990196078431373 0.24836601307189543 0.7965686274509803 0.2679738562091503 0.7990196078431373 0.2696078431372549 0.8014705882352942
0 0.40032679738562094 0.5073529411764706 0.4199346405228758 0.5147058823529411 0.4199346405228758 0.5196078431372549 0.4133986928104575 0.5245098039215687 0.38562091503267976 0.5196078431372549 0.38562091503267976 0.5147058823529411 0.3888888888888889 0.5098039215686274 0.39869281045751637 0.5073529411764706
0 0.4526143790849673 0.4730392156862745 0.4591503267973856 0.4803921568627451 0.45751633986928103 0.4852941176470588 0.43137254901960786 0.4852941176470588 0.43137254901960786 0.47549019607843135 0.43300653594771243 0.4730392156862745 0.45098039215686275 0.4730392156862745
0 0.49019607843137253 0.4068627450980392 0.4934640522875817 0.4019607843137255 0.5179738562091504 0.4019607843137255 0.5196078431372549 0.4068627450980392 0.5098039215686274 0.41421568627450983 0.5 0.41421568627450983 0.4918300653594771 0.40931372549019607
0 0.4681372549019608 0.4411764705882353 0.027777777777777776 0.014705882352941176
