0 0.27941176470588236 0.42892156862745096 0.28431372549019607 0.43137254901960786 0.28431372549019607 0.4338235294117647 0.2679738562091503 0.4338235294117647 0.2549019607843137 0.4387254901960784 0.24673202614379086 0.4338235294117647 0.24673202614379086 0.43137254901960786 0.25163398692810457 0.42892156862745096 0.25980392156862747 0.42892156862745096 0.26143790849673204 0.4264705882352941 0.2777777777777778 0.42892156862745096
0 0.4297385620915033 0.4803921568627451 0.43137254901960786 0.48284313725490197 0.4264705882352941 0.4877450980392157 0.4019607843137255 0.4877450980392157 0.40032679738562094 0.4852941176470588 0.4084967320261438 0.47794117647058826 0.4264705882352941 0.47794117647058826 0.42810457516339867 0.4803921568627451
0 0.35784313725490197 0.4485294117647059 0.3627450980392157 0.45098039215686275 0.36437908496732024 0.45588235294117646 0.3611111111111111 0.46078431372549017 0.35294117647058826 0.46078431372549017 0.35130718954248363 0.4632352941176471 0.34477124183006536 0.4632352941176471 0.3415032679738562 0.4583333333333333 0.34477124183006536 0.45098039215686275 0.3562091503267974 0.4485294117647059
0 0.7761437908496732 0.7696078431372549 0.8006535947712419 0.7818627450980392 0.8120915032679739 0.7843137254901961 0.8333333333333334 0.7965686274509803 0.8382352941176471 0.7965686274509803 0.8431372549019608 0.8014705882352942 0.8594771241830066 0.8088235294117647 0.8709150326797386 0.821078431372549 0.8725490196078431 0.8357843137254902 0.8676470588235294 0.8431372549019608 0.8545751633986928 0.8480392156862745 0.8529411764705882 0.8455882352941176 0.8366013071895425 0.8455882352941176 0.8202614379084967 0.8553921568627451 0.8104575163398693 0.8504901960784313 0.7973856209150327 0.8308823529411765 0.7794117647058824 0.8259803921568627 0.7696078431372549 0.8186274509803921 0.7434640522875817 0.8063725490196079 0.7222222222222222 0.7892156862745098 0.7173202614379085 0.7818627450980392 0.7173202614379085 0.7745098039215687 0.7205882352941176 0.7696078431372549 0.7745098039215687 0.7696078431372549
0 0.5490196078431373 0.5294117647058824 0.553921568627451 0.5318627450980392 0.5588235294117647 0.5392156862745098 0.5555555555555556 0.5441176470588235 0.5490196078431373 0.5441176470588235 0.5473856209150327 0.5465686274509803 0.5179738562091504 0.5465686274509803 0.511437908496732 0.5416666666666666 0.5196078431372549 0.5343137254901961 0.5261437908496732 0.5343137254901961 0.5359477124183006 0.5294117647058824 0.5473856209150327 0.5294117647058824
0 0.4068627450980392 0.46078431372549017 0.4133986928104575 0.4632352941176471 0.4166666666666667 0.4681372549019608 0.4150326797385621 0.47058823529411764 0.38562091503267976 0.47058823529411764 0.38235294117647056 0.4681372549019608 0.380718954248366 0.46568627450980393 0.39052287581699346 0.46078431372549017 0.40522875816993464 0.46078431372549017
0 0.48366013071895425 0.49019607843137253 0.4852941176470588 0.49019607843137253 0.48366013071895425 0.4950980392156863 0.4722222222222222 0.5 0.4542483660130719 0.49754901960784315 0.45098039215686275 0.49264705882352944 0.4673202614379085 0.49019607843137253 0.46895424836601307 0.4877450980392157 0.4803921568627451 0.4877450980392157 0.4820261437908497 0.49019607843137253
0 0.3382352941176471 0.4362745098039216 0.33986928104575165 0.4387254901960784 0.3545751633986928 0.4387254901960784 0.35784313725490197 0.4411764705882353 0.35784313725490197 0.44607843137254904 0.3333333333333333 0.4485294117647059 0.3300653594771242 0.44362745098039214 0.3366013071895425 0.4387254901960784
0 0.5866013071895425 0.6127450980392157 0.6029411764705882 0.625 0.6078431372549019 0.6348039215686274 0.6078431372549019 0.6421568627450981 0.6045751633986928 0.6470588235294118 0.5915032679738562 0.6519607843137255 0.5849673202614379 0.6519607843137255 0.5833333333333334 0.6495098039215687 0.5637254901960784 0.6519607843137255 0.5408496732026143 0.6397058823529411 0.5343137254901961 0.6323529411764706 0.5375816993464052 0.625 0.5604575163398693 0.6176470588235294 0.5718954248366013 0.6102941176470589 0.5849673202614379 0.6127450980392157
0 0.5343137254901961 0.5049019607843137 0.5359477124183006 0.5122549019607843 0.5277777777777778 0.5171568627450981 0.511437908496732 0.5147058823529411 0.5098039215686274 0.5073529411764706 0.5147058823529411 0.5049019607843137 0.5326797385620915 0.5049019607843137
0 0.5147058823529411 0.5637254901960784 0.5310457516339869 0.5661764705882353 0.5326797385620915 0.5686274509803921 0.5522875816993464 0.5686274509803921 0.5637254901960784 0.5833333333333334 0.5637254901960784 0.5882352941176471 0.5277777777777778 0.5906862745098039 0.5163398692810458 0.5833333333333334 0.5179738562091504 0.5735294117647058 0.5147058823529411 0.5661764705882353
0 0.5996732026143791 0.7058823529411765 0.6029411764705882 0.7181372549019608 0.619281045751634 0.7401960784313726 0.619281045751634 0.7475490196078431 0.6111111111111112 0.7549019607843137 0.6045751633986928 0.7549019607843137 0.5980392156862745 0.75 0.576797385620915 0.75 0.5751633986928104 0.7475490196078431 0.5571895424836601 0.7450980392156863 0.5441176470588235 0.7401960784313726 0.5359477124183006 0.7279411764705882 0.5359477124183006 0.7156862745098039 0.5424836601307189 0.7083333333333334 0.5506535947712419 0.7083333333333334 0.5669934640522876 0.7009803921568627 0.5915032679738562 0.7009803921568627 0.5980392156862745 0.7058823529411765
