0 0.4264705882352941 0.9509803921568627 0.42320261437908496 0.9558823529411765 0.43790849673202614 0.9632352941176471 0.46078431372549017 0.9583333333333334 0.4591503267973856 0.9485294117647058
0 0.35784313725490197 0.9068627450980392 0.3627450980392157 0.9191176470588235 0.39705882352941174 0.9093137254901961 0.3888888888888889 0.9019607843137255
0 0.3104575163398693 0.821078431372549 0.30718954248366015 0.8284313725490197 0.3202614379084967 0.8357843137254902 0.34477124183006536 0.8259803921568627
0 0.2647058823529412 0.9362745098039216 0.2777777777777778 0.9485294117647058 0.2973856209150327 0.9411764705882353 0.28431372549019607 0.9313725490196079
0 0.19607843137254902 0.9436274509803921 0.19117647058823528 0.9509803921568627 0.1977124183006536 0.9583333333333334 0.2369281045751634 0.9558823529411765 0.23039215686274508 0.946078431372549
0 0.1503267973856209 0.9093137254901961 0.1503267973856209 0.9166666666666666 0.16666666666666666 0.9215686274509803 0.18627450980392157 0.9142156862745098 0.17483660130718953 0.9019607843137255
0 0.13725490196078433 0.8186274509803921 0.13562091503267973 0.8333333333333334 0.15196078431372548 0.8406862745098039 0.1650326797385621 0.8357843137254902 0.17973856209150327 0.8137254901960784
0 0.024509803921568627 0.9975490196078431 0.026143790849673203 0.9975490196078431 0 0.9975490196078431 0 0.9975490196078431 0.9983660130718954 0.9975490196078431 0.9983660130718954 0.9975490196078431 0.9983660130718954 0.9975490196078431 0.9983660130718954 0.9975490196078431 0.9983660130718954 0.9975490196078431 0.9983660130718954 0.9975490196078431 0.9983660130718954 0.9975490196078431 0.9983660130718954 0.9975490196078431 0.9983660130718954 0.9975490196078431 0.9983660130718954 0.9975490196078431 0.9983660130718954 0.9975490196078431 0.9983660130718954 0.9975490196078431 0.9983660130718954 0.9975490196078431 0.9983660130718954 0.9975490196078431 0.9983660130718954 0.9975490196078431 0.9983660130718954 0.9975490196078431 0.9983660130718954 0.9975490196078431 0.9983660130718954 0.9975490196078431 0.9983660130718954 0.9975490196078431 0.9983660130718954 0.9975490196078431 0.9983660130718954 0.9975490196078431 0.9983660130718954 0.9975490196078431 0.9983660130718954 0.9975490196078431 0.9983660130718954 0.9975490196078431 0.9983660130718954 0.9975490196078431 0.9983660130718954 0.9975490196078431 0.9983660130718954 0.9975490196078431 0.9983660130718954 0.9975490196078431 0.9983660130718954 0.9975490196078431 0.9983660130718954 0.9975490196078431 0.9983660130718954 0.9975490196078431 0.9983660130718954 0.9975490196078431 0.9983660130718954 0.9975490196078431 0.9983660130718954 0.9975490196078431 0.9983660130718954 0.9975490196078431 0.9983660130718954 0.9975490196078431 0.9983660130718954 0.9975490196078431 0.9983660130718954 0.9975490196078431 0.9983660130718954 0.9975490196078431 0.9983660130718954 0.9975490196078431 0.9983660130718954 0.9975490196078431 0.9983660130718954 0.9975490196078431 0.9983660130718954 0.9975490196078431 0.9983660130718954 0.9975490196078431 0.9983660130718954 0.9975490196078431 0.9983660130718954 0.9975490196078431 0.9983660130718954 0.9975490196078431 0.9983660130718954 0.9975490196078431 0.9983660130718954 0.9975490196078431 0.9983660130718954 0.9975490196078431 0.9983660130718954 0.9730392156862745 0.9983660130718954 0.9411764705882353 0.9983660130718954 0.9362745098039216 0.9983660130718954 0.9240196078431373 0.9983660130718954 0.9166666666666666 0.9983660130718954 0.9411764705882353 0.9983660130718954 0.9338235294117647 0.9983660130718954 0.9387254901960784 0.9705882352941176 0.9632352941176471 0.6454248366013072 0.9975490196078431 0.6241830065359477 0.9975490196078431 0.5800653594771242 0.9975490196078431 0.26633986928104575 0.9975490196078431 0.2549019607843137 0.9975490196078431 0.1650326797385621 0.9975490196078431 0.12418300653594772 0.9975490196078431 0.12091503267973856 0.9975490196078431 0.0784313725490196 0.9975490196078431
0 0.21241830065359477 0.7794117647058824 0.21241830065359477 0.7867647058823529 0.23366013071895425 0.7818627450980392
0 0.19934640522875818 0.8553921568627451 0.19444444444444445 0.8700980392156863 0.20751633986928106 0.8774509803921569 0.2222222222222222 0.875 0.23202614379084968 0.8578431372549019 0.22712418300653595 0.8480392156862745
0 0.15522875816993464 0.7549019607843137 0.1568627450980392 0.7622549019607843 0.18137254901960784 0.7549019607843137
0 0.3545751633986928 0.7867647058823529 0.3545751633986928 0.7941176470588235 0.37745098039215685 0.7892156862745098
0 0.369281045751634 0.8602941176470589 0.37254901960784315 0.8700980392156863 0.4035947712418301 0.8651960784313726 0.39869281045751637 0.8578431372549019
0 0.3349673202614379 0.9240196078431373 0.3333333333333333 0.9313725490196079 0.34477124183006536 0.9362745098039216 0.3627450980392157 0.9338235294117647 0.36764705882352944 0.9240196078431373
0 0.1715686274509804 0.6764705882352942 0.19117647058823528 0.678921568627451 0.18627450980392157 0.6715686274509803
