0 0.39215686274509803 0.9482758620689655 0.39215686274509803 0.9532019704433498 0.3872549019607843 0.958128078817734 0.380718954248366 0.958128078817734 0.3709150326797386 0.9630541871921182 0.35947712418300654 0.9630541871921182 0.35784313725490197 0.9655172413793104 0.3349673202614379 0.9630541871921182 0.3333333333333333 0.9532019704433498 0.3382352941176471 0.9433497536945813 0.3627450980392157 0.9408866995073891 0.369281045751634 0.9458128078817734 0.3888888888888889 0.9458128078817734 0.39052287581699346 0.9482758620689655
0 0.6813725490196079 0.9064039408866995 0.6895424836601307 0.9014778325123153 0.7009803921568627 0.9014778325123153 0.7026143790849673 0.9039408866995073 0.7565359477124183 0.9088669950738916 0.7630718954248366 0.9137931034482759 0.761437908496732 0.9187192118226601 0.7434640522875817 0.9310344827586207 0.7369281045751634 0.9334975369458128 0.7173202614379085 0.9334975369458128 0.7156862745098039 0.9310344827586207 0.6993464052287581 0.9285714285714286 0.6911764705882353 0.9211822660098522 0.6879084967320261 0.9211822660098522 0.6813725490196079 0.9137931034482759 0.6813725490196079 0.9088669950738916
0 0.946078431372549 0.9334975369458128 0.9477124183006536 0.9359605911330049 0.9575163398692811 0.9359605911330049 0.9591503267973857 0.9334975369458128 0.9983660130718954 0.9359605911330049 0.9983660130718954 0.9630541871921182 0.9591503267973857 0.9605911330049262 0.9411764705882353 0.9532019704433498 0.9264705882352942 0.9408866995073891 0.9264705882352942 0.9359605911330049 0.9444444444444444 0.9334975369458128
0 0.24509803921568626 0.8719211822660099 0.24673202614379086 0.874384236453202 0.2434640522875817 0.8817733990147784 0.23039215686274508 0.8916256157635468 0.20915032679738563 0.8916256157635468 0.20098039215686275 0.8866995073891626 0.20098039215686275 0.8793103448275862 0.20588235294117646 0.874384236453202 0.21405228758169934 0.874384236453202 0.21568627450980393 0.8719211822660099 0.2434640522875817 0.8719211822660099
0 0.1568627450980392 0.8448275862068966 0.16830065359477125 0.8497536945812808 0.16666666666666666 0.854679802955665 0.16339869281045752 0.854679802955665 0.15522875816993464 0.8620689655172413 0.1388888888888889 0.8645320197044335 0.13071895424836602 0.8694581280788177 0.11437908496732026 0.8694581280788177 0.10947712418300654 0.8669950738916257 0.10620915032679738 0.8620689655172413 0.1111111111111111 0.854679802955665 0.13071895424836602 0.8448275862068966 0.15522875816993464 0.8448275862068966
0 0.8643790849673203 0.9285714285714286 0.8660130718954249 0.9310344827586207 0.8758169934640523 0.9310344827586207 0.8839869281045751 0.9384236453201971 0.880718954248366 0.9433497536945813 0.8741830065359477 0.9433497536945813 0.8594771241830066 0.9532019704433498 0.8300653594771242 0.9458128078817734 0.8218954248366013 0.9408866995073891 0.8218954248366013 0.9359605911330049 0.8284313725490197 0.9285714285714286 0.8627450980392157 0.9285714285714286
0 0.5571895424836601 0.8940886699507389 0.5620915032679739 0.8990147783251231 0.5620915032679739 0.9064039408866995 0.5326797385620915 0.9187192118226601 0.5098039215686274 0.9187192118226601 0.5081699346405228 0.916256157635468 0.4950980392156863 0.9137931034482759 0.48856209150326796 0.9088669950738916 0.48856209150326796 0.9039408866995073 0.4918300653594771 0.8990147783251231 0.5032679738562091 0.8916256157635468 0.511437908496732 0.8916256157635468 0.5130718954248366 0.8940886699507389 0.5441176470588235 0.8940886699507389 0.545751633986928 0.8916256157635468 0.553921568627451 0.8916256157635468 0.5555555555555556 0.8940886699507389
0 0.2173202614379085 0.916256157635468 0.2222222222222222 0.9285714285714286 0.24183006535947713 0.9236453201970444 0.23529411764705882 0.9113300492610837
0 0.06535947712418301 0.9088669950738916 0.06372549019607843 0.9187192118226601 0.07026143790849673 0.9236453201970444 0.0915032679738562 0.916256157635468 0.08333333333333333 0.9064039408866995
0 0.00980392156862745 0.8423645320197044 0.013071895424836602 0.8522167487684729 0.03431372549019608 0.8522167487684729 0.032679738562091505 0.8399014778325123
0 0.008169934640522876 0.8793103448275862 0 0.8817733990147784 0 0.896551724137931 0.017973856209150325 0.8891625615763546
0 0.12418300653594772 0.9088669950738916 0.12581699346405228 0.9211822660098522 0.1388888888888889 0.9187192118226601
0 0.35130718954248363 0.8768472906403941 0.3480392156862745 0.8842364532019704 0.35947712418300654 0.8940886699507389 0.3839869281045752 0.8940886699507389 0.40522875816993464 0.8793103448275862
0 0.42810457516339867 0.9408866995073891 0.42810457516339867 0.9507389162561576 0.44607843137254904 0.9482758620689655 0.44281045751633985 0.9384236453201971
0 0.6388888888888888 0.8940886699507389 0.6405228758169934 0.9039408866995073 0.6699346405228758 0.8990147783251231 0.6683006535947712 0.8891625615763546
