0 0.6094771241830066 0.8115942028985508 0.6258169934640523 0.8144927536231884 0.6258169934640523 0.8202898550724638 0.6225490196078431 0.8260869565217391 0.6176470588235294 0.8260869565217391 0.6111111111111112 0.8202898550724638 0.6094771241830066 0.8144927536231884
0 0.5833333333333334 0.5710144927536231 0.5866013071895425 0.5739130434782609 0.5882352941176471 0.5797101449275363 0.5866013071895425 0.5826086956521739 0.5833333333333334 0.5855072463768116 0.5751633986928104 0.5855072463768116 0.5702614379084967 0.591304347826087 0.5735294117647058 0.5652173913043478 0.576797385620915 0.5623188405797102 0.5816993464052288 0.5710144927536231
0 0.5931372549019608 0.5391304347826087 0.5964052287581699 0.5449275362318841 0.5947712418300654 0.5507246376811594 0.5800653594771242 0.5594202898550724 0.5751633986928104 0.5565217391304348 0.5718954248366013 0.5449275362318841 0.5751633986928104 0.5391304347826087 0.5866013071895425 0.5333333333333333 0.5915032679738562 0.5391304347826087
0 0.6045751633986928 0.8144927536231884 0.6078431372549019 0.8202898550724638 0.6078431372549019 0.8231884057971014 0.6045751633986928 0.8260869565217391 0.5898692810457516 0.8260869565217391 0.5833333333333334 0.8202898550724638 0.5833333333333334 0.8115942028985508 0.5849673202614379 0.808695652173913 0.5964052287581699 0.808695652173913 0.6029411764705882 0.8144927536231884
0 0.6290849673202614 0.4318840579710145 0.6225490196078431 0.45217391304347826 0.6209150326797386 0.4666666666666667 0.6127450980392157 0.48405797101449277 0.6045751633986928 0.48985507246376814 0.5898692810457516 0.518840579710145 0.5898692810457516 0.5304347826086957 0.5947712418300654 0.5420289855072464 0.5980392156862745 0.5449275362318841 0.5996732026143791 0.5652173913043478 0.5882352941176471 0.5884057971014492 0.5866013071895425 0.6202898550724638 0.5915032679738562 0.6231884057971014 0.5915032679738562 0.6260869565217392 0.5882352941176471 0.6289855072463768 0.5898692810457516 0.6347826086956522 0.5849673202614379 0.6521739130434783 0.5784313725490197 0.6579710144927536 0.5816993464052288 0.6695652173913044 0.5735294117647058 0.6782608695652174 0.576797385620915 0.6840579710144927 0.5882352941176471 0.6840579710144927 0.5882352941176471 0.6927536231884058 0.5866013071895425 0.6956521739130435 0.5915032679738562 0.7043478260869566 0.5964052287581699 0.7043478260869566 0.6029411764705882 0.7101449275362319 0.6013071895424836 0.7159420289855073 0.5898692810457516 0.7188405797101449 0.5882352941176471 0.7217391304347827 0.5784313725490197 0.7188405797101449 0.565359477124183 0.6898550724637681 0.565359477124183 0.6869565217391305 0.5702614379084967 0.6811594202898551 0.5702614379084967 0.6753623188405797 0.565359477124183 0.6666666666666666 0.5669934640522876 0.6579710144927536 0.5604575163398693 0.6463768115942029 0.5620915032679739 0.6260869565217392 0.5686274509803921 0.6173913043478261 0.5669934640522876 0.6144927536231884 0.5686274509803921 0.6115942028985507 0.5669934640522876 0.6086956521739131 0.5686274509803921 0.6057971014492753 0.5686274509803921 0.5855072463768116 0.5735294117647058 0.5739130434782609 0.5735294117647058 0.5594202898550724 0.5702614379084967 0.5478260869565217 0.576797385620915 0.5217391304347826 0.5849673202614379 0.5043478260869565 0.5915032679738562 0.4927536231884058 0.6029411764705882 0.48405797101449277 0.6078431372549019 0.4753623188405797 0.6094771241830066 0.4666666666666667 0.619281045751634 0.45217391304347826 0.6209150326797386 0.4405797101449275 0.6274509803921569 0.4318840579710145
0 0.576797385620915 0.5623188405797102 0.5915032679738562 0.5623188405797102 0.5947712418300654 0.5681159420289855 0.5947712418300654 0.5739130434782609 0.5915032679738562 0.5797101449275363 0.5816993464052288 0.5826086956521739 0.5800653594771242 0.5797101449275363 0.5751633986928104 0.5797101449275363 0.576797385620915 0.5652173913043478
0 0.5833333333333334 0.5739130434782609 0.5866013071895425 0.5768115942028985 0.5866013071895425 0.591304347826087 0.5702614379084967 0.591304347826087 0.5735294117647058 0.5826086956521739 0.5735294117647058 0.5768115942028985 0.5816993464052288 0.5739130434782609
0 0.5784313725490197 0.5594202898550724 0.5800653594771242 0.5623188405797102 0.5915032679738562 0.5652173913043478 0.5931372549019608 0.5681159420289855 0.5931372549019608 0.5768115942028985 0.5849673202614379 0.5826086956521739 0.5751633986928104 0.5826086956521739 0.5735294117647058 0.5797101449275363 0.576797385620915 0.5710144927536231 0.576797385620915 0.5623188405797102
0 0.5800653594771242 0.5478260869565217 0.5882352941176471 0.553623188405797 0.5915032679738562 0.5594202898550724 0.5882352941176471 0.5594202898550724 0.5849673202614379 0.5681159420289855 0.5751633986928104 0.5623188405797102 0.5735294117647058 0.5507246376811594 0.5784313725490197 0.5478260869565217
0 0.5833333333333334 0.5884057971014492 0.5866013071895425 0.591304347826087 0.5849673202614379 0.5971014492753624 0.5866013071895425 0.6 0.5866013071895425 0.6115942028985507 0.5800653594771242 0.6173913043478261 0.5735294117647058 0.6173913043478261 0.5686274509803921 0.6115942028985507 0.5702614379084967 0.6057971014492753 0.5702614379084967 0.591304347826087 0.5816993464052288 0.591304347826087
0 0.5890522875816994 0.5115942028985507 0.008169934640522876 0.014492753623188406
0 0.5849673202614379 0.6840579710144927 0.5898692810457516 0.6898550724637681 0.5849673202614379 0.6956521739130435 0.5686274509803921 0.6956521739130435 0.565359477124183 0.6898550724637681 0.565359477124183 0.6869565217391305 0.5686274509803921 0.6840579710144927 0.5833333333333334 0.6840579710144927
0 0.7222222222222222 0.9739130434782609 0.7238562091503268 0.9768115942028985 0.7467320261437909 0.9768115942028985 0.75 0.9826086956521739 0.7516339869281046 0.9942028985507246 0.7369281045751634 0.9942028985507246 0.7352941176470589 0.9971014492753624 0.7124183006535948 0.9971014492753624 0.7091503267973857 0.9942028985507246 0.7026143790849673 0.9768115942028985 0.7205882352941176 0.9739130434782609
0 0.5866013071895425 0.5304347826086957 0.5898692810457516 0.5420289855072464 0.5784313725490197 0.5565217391304348 0.5751633986928104 0.5565217391304348 0.5718954248366013 0.5507246376811594 0.5718954248366013 0.5449275362318841 0.5751633986928104 0.5362318840579711 0.5849673202614379 0.5304347826086957
0 0.5800653594771242 0.527536231884058 0.5849673202614379 0.527536231884058 0.5882352941176471 0.5333333333333333 0.5882352941176471 0.5420289855072464 0.5833333333333334 0.5507246376811594 0.5735294117647058 0.553623188405797 0.5718954248366013 0.5449275362318841 0.5735294117647058 0.5391304347826087 0.5800653594771242 0.5304347826086957
0 0.5866013071895425 0.5652173913043478 0.5898692810457516 0.5681159420289855 0.5915032679738562 0.5739130434782609 0.5866013071895425 0.5797101449275363 0.576797385620915 0.5768115942028985 0.5735294117647058 0.5710144927536231 0.5735294117647058 0.5623188405797102 0.576797385620915 0.5565217391304348 0.5833333333333334 0.5594202898550724 0.5849673202614379 0.5652173913043478
0 0.576797385620915 0.5652173913043478 0.5849673202614379 0.5739130434782609 0.5882352941176471 0.5739130434782609 0.5915032679738562 0.5797101449275363 0.5898692810457516 0.5797101449275363 0.5849673202614379 0.591304347826087 0.5702614379084967 0.5942028985507246 0.5686274509803921 0.5855072463768116 0.5735294117647058 0.5768115942028985 0.5735294117647058 0.5681159420289855 0.5751633986928104 0.5681159420289855
0 0.5866013071895425 0.5159420289855072 0.5849673202614379 0.527536231884058 0.5931372549019608 0.5449275362318841 0.5915032679738562 0.5507246376811594 0.5931372549019608 0.5652173913043478 0.5915032679738562 0.5681159420289855 0.5915032679738562 0.5768115942028985 0.5833333333333334 0.5942028985507246 0.5866013071895425 0.6 0.5866013071895425 0.6144927536231884 0.5849673202614379 0.6202898550724638 0.5882352941176471 0.6318840579710145 0.5849673202614379 0.6521739130434783 0.5784313725490197 0.6579710144927536 0.5833333333333334 0.6695652173913044 0.5751633986928104 0.6782608695652174 0.5800653594771242 0.6840579710144927 0.5882352941176471 0.6840579710144927 0.5898692810457516 0.6927536231884058 0.5866013071895425 0.6985507246376812 0.5898692810457516 0.7043478260869566 0.6013071895424836 0.7101449275362319 0.6013071895424836 0.7130434782608696 0.5866013071895425 0.7217391304347827 0.5800653594771242 0.7188405797101449 0.5735294117647058 0.7101449275362319 0.5735294117647058 0.7043478260869566 0.565359477124183 0.6927536231884058 0.5637254901960784 0.6869565217391305 0.5702614379084967 0.6782608695652174 0.565359477124183 0.6666666666666666 0.565359477124183 0.6550724637681159 0.5604575163398693 0.6463768115942029 0.5604575163398693 0.6289855072463768 0.5669934640522876 0.6173913043478261 0.5669934640522876 0.6086956521739131 0.5702614379084967 0.5971014492753624 0.5686274509803921 0.5942028985507246 0.5686274509803921 0.5855072463768116 0.5735294117647058 0.5768115942028985 0.5751633986928104 0.5681159420289855 0.5718954248366013 0.5507246376811594 0.5735294117647058 0.5362318840579711 0.5849673202614379 0.518840579710145
0 0.5833333333333334 0.6115942028985507 0.5800653594771242 0.6173913043478261 0.5849673202614379 0.6289855072463768 0.5866013071895425 0.6434782608695652 0.5816993464052288 0.6492753623188405 0.5784313725490197 0.6492753623188405 0.576797385620915 0.6434782608695652 0.5718954248366013 0.6434782608695652 0.5702614379084967 0.6405797101449275 0.5735294117647058 0.6318840579710145 0.5702614379084967 0.6144927536231884 0.5784313725490197 0.6144927536231884 0.5816993464052288 0.6115942028985507
0 0.7026143790849673 0.9536231884057971 0.7075163398692811 0.9594202898550724 0.7173202614379085 0.9594202898550724 0.7271241830065359 0.9739130434782609 0.7418300653594772 0.9739130434782609 0.7467320261437909 0.9768115942028985 0.75 0.9826086956521739 0.7516339869281046 0.9942028985507246 0.738562091503268 0.9942028985507246 0.7369281045751634 0.9971014492753624 0.7124183006535948 0.9971014492753624 0.7075163398692811 0.9942028985507246 0.6977124183006536 0.9739130434782609 0.696078431372549 0.9652173913043478 0.6977124183006536 0.9565217391304348 0.7009803921568627 0.9536231884057971
0 0.5849673202614379 0.5391304347826087 0.5866013071895425 0.5478260869565217 0.5849673202614379 0.553623188405797 0.5816993464052288 0.5565217391304348 0.5751633986928104 0.5565217391304348 0.5718954248366013 0.5478260869565217 0.576797385620915 0.5362318840579711 0.5833333333333334 0.5391304347826087
0 0.5833333333333334 0.5884057971014492 0.5866013071895425 0.591304347826087 0.5849673202614379 0.5971014492753624 0.5866013071895425 0.6028985507246377 0.5849673202614379 0.6115942028985507 0.5800653594771242 0.6115942028985507 0.5784313725490197 0.6144927536231884 0.5718954248366013 0.6144927536231884 0.5702614379084967 0.6115942028985507 0.5702614379084967 0.591304347826087 0.5816993464052288 0.591304347826087
0 0.5735294117647058 0.5855072463768116 0.5751633986928104 0.5942028985507246 0.5816993464052288 0.5971014492753624 0.5849673202614379 0.6028985507246377 0.5849673202614379 0.6115942028985507 0.5833333333333334 0.6144927536231884 0.5849673202614379 0.6463768115942029 0.5784313725490197 0.6550724637681159 0.5784313725490197 0.6608695652173913 0.5816993464052288 0.663768115942029 0.5833333333333334 0.6695652173913044 0.5735294117647058 0.6782608695652174 0.576797385620915 0.6840579710144927 0.5833333333333334 0.6840579710144927 0.5882352941176471 0.6898550724637681 0.5833333333333334 0.6956521739130435 0.5751633986928104 0.6956521739130435 0.5735294117647058 0.6985507246376812 0.565359477124183 0.6898550724637681 0.5702614379084967 0.6782608695652174 0.565359477124183 0.6666666666666666 0.565359477124183 0.6550724637681159 0.5604575163398693 0.6463768115942029 0.5604575163398693 0.6318840579710145 0.5620915032679739 0.6260869565217392 0.5686274509803921 0.6173913043478261 0.5686274509803921 0.6057971014492753 0.5702614379084967 0.6028985507246377 0.5686274509803921 0.5884057971014492 0.5718954248366013 0.5855072463768116
0 0.5833333333333334 0.5826086956521739 0.5882352941176471 0.591304347826087 0.5882352941176471 0.5942028985507246 0.5849673202614379 0.5971014492753624 0.5849673202614379 0.6057971014492753 0.5800653594771242 0.6057971014492753 0.5816993464052288 0.6028985507246377 0.5800653594771242 0.5971014492753624 0.5718954248366013 0.5971014492753624 0.5702614379084967 0.6057971014492753 0.5702614379084967 0.5942028985507246 0.5686274509803921 0.591304347826087 0.5702614379084967 0.5855072463768116 0.5735294117647058 0.5826086956521739 0.5816993464052288 0.5826086956521739
0 0.6584967320261438 0.8985507246376812 0.6601307189542484 0.9014492753623189 0.6895424836601307 0.9101449275362319 0.6879084967320261 0.9159420289855073 0.6748366013071896 0.9246376811594202 0.6552287581699346 0.9246376811594202 0.6437908496732027 0.9188405797101449 0.6388888888888888 0.9043478260869565 0.6405228758169934 0.8956521739130435 0.6568627450980392 0.8985507246376812
0 0.5784313725490197 0.5623188405797102 0.5866013071895425 0.5739130434782609 0.5882352941176471 0.5797101449275363 0.5816993464052288 0.5855072463768116 0.5735294117647058 0.5855072463768116 0.5718954248366013 0.5884057971014492 0.5702614379084967 0.5884057971014492 0.5702614379084967 0.5855072463768116 0.5735294117647058 0.5797101449275363 0.5735294117647058 0.5652173913043478 0.576797385620915 0.5623188405797102
0 0.6470588235294118 0.39420289855072466 0.6470588235294118 0.4028985507246377 0.630718954248366 0.4318840579710145 0.6241830065359477 0.4492753623188406 0.6241830065359477 0.4666666666666667 0.6160130718954249 0.4782608695652174 0.6127450980392157 0.48695652173913045 0.6094771241830066 0.48695652173913045 0.6013071895424836 0.4956521739130435 0.5996732026143791 0.5014492753623189 0.5931372549019608 0.5101449275362319 0.5882352941176471 0.5246376811594203 0.5882352941176471 0.5304347826086957 0.5947712418300654 0.5449275362318841 0.5980392156862745 0.5449275362318841 0.6013071895424836 0.5565217391304348 0.5980392156862745 0.5855072463768116 0.5964052287581699 0.591304347826087 0.5898692810457516 0.6 0.5849673202614379 0.6144927536231884 0.5866013071895425 0.6202898550724638 0.5915032679738562 0.6202898550724638 0.5931372549019608 0.6289855072463768 0.5964052287581699 0.6318840579710145 0.5866013071895425 0.6405797101449275 0.5849673202614379 0.6347826086956522 0.5882352941176471 0.6260869565217392 0.5849673202614379 0.6202898550724638 0.5784313725490197 0.6173913043478261 0.5800653594771242 0.6144927536231884 0.5784313725490197 0.6115942028985507 0.5751633986928104 0.6115942028985507 0.5735294117647058 0.6144927536231884 0.5751633986928104 0.6173913043478261 0.5702614379084967 0.6144927536231884 0.5702614379084967 0.5826086956521739 0.5735294117647058 0.5768115942028985 0.5735294117647058 0.5652173913043478 0.5751633986928104 0.5623188405797102 0.5735294117647058 0.5594202898550724 0.5735294117647058 0.5391304347826087 0.5784313725490197 0.5304347826086957 0.5849673202614379 0.5304347826086957 0.5866013071895425 0.527536231884058 0.5866013071895425 0.5072463768115942 0.5898692810457516 0.4985507246376812 0.5980392156862745 0.48695652173913045 0.6029411764705882 0.48405797101449277 0.6094771241830066 0.47246376811594204 0.619281045751634 0.45217391304347826 0.6258169934640523 0.4289855072463768 0.6323529411764706 0.4144927536231884 0.6454248366013072 0.39710144927536234
0 0.5833333333333334 0.8057971014492754 0.5931372549019608 0.8057971014492754 0.5947712418300654 0.808695652173913 0.6127450980392157 0.8115942028985508 0.6241830065359477 0.8173913043478261 0.619281045751634 0.8231884057971014 0.6127450980392157 0.8231884057971014 0.6111111111111112 0.8260869565217391 0.5882352941176471 0.8260869565217391 0.5833333333333334 0.8202898550724638 0.5833333333333334 0.808695652173913
0 0.5947712418300654 0.7594202898550725 0.6127450980392157 0.7710144927536232 0.6029411764705882 0.7797101449275362 0.5915032679738562 0.7768115942028986 0.5866013071895425 0.7681159420289855 0.5882352941176471 0.7623188405797101 0.5931372549019608 0.7594202898550725
0 0.5751633986928104 0.5594202898550724 0.5816993464052288 0.5594202898550724 0.5816993464052288 0.5623188405797102 0.5898692810457516 0.5739130434782609 0.5866013071895425 0.5797101449275363 0.5751633986928104 0.5768115942028985 0.5751633986928104 0.5623188405797102
0 0.5735294117647058 0.6289855072463768 0.5751633986928104 0.6289855072463768 0.5702614379084967 0.6376811594202898 0.5637254901960784 0.6376811594202898 0.5620915032679739 0.6318840579710145 0.5637254901960784 0.6260869565217392 0.5718954248366013 0.6260869565217392
0 0.5702614379084967 0.6028985507246377 0.5686274509803921 0.5884057971014492 0.5718954248366013 0.5826086956521739 0.5816993464052288 0.5826086956521739 0.5833333333333334 0.5797101449275363 0.5849673202614379 0.5797101449275363 0.5849673202614379 0.5942028985507246 0.5833333333333334 0.5971014492753624 0.5849673202614379 0.6028985507246377 0.576797385620915 0.6028985507246377 0.5751633986928104 0.6 0.5718954248366013 0.6028985507246377
0 0.5604575163398693 0.6347826086956522 0.5620915032679739 0.6289855072463768 0.5686274509803921 0.6202898550724638 0.5686274509803921 0.6 0.5702614379084967 0.5971014492753624 0.5686274509803921 0.5884057971014492 0.5751633986928104 0.5681159420289855 0.5718954248366013 0.5507246376811594 0.5735294117647058 0.5362318840579711 0.5833333333333334 0.5246376811594203 0.5931372549019608 0.5449275362318841 0.5947712418300654 0.5681159420289855 0.5882352941176471 0.5826086956521739 0.5866013071895425 0.591304347826087 0.5833333333333334 0.5942028985507246 0.5866013071895425 0.6 0.5866013071895425 0.6086956521739131 0.5849673202614379 0.6115942028985507 0.5866013071895425 0.6434782608695652 0.5833333333333334 0.6492753623188405 0.5800653594771242 0.6492753623188405 0.5751633986928104 0.6550724637681159 0.5816993464052288 0.6695652173913044 0.5735294117647058 0.6782608695652174 0.5784313725490197 0.6840579710144927 0.5882352941176471 0.6840579710144927 0.5898692810457516 0.6927536231884058 0.5866013071895425 0.6985507246376812 0.5898692810457516 0.7043478260869566 0.5980392156862745 0.7072463768115942 0.6013071895424836 0.7130434782608696 0.5947712418300654 0.7188405797101449 0.5800653594771242 0.7188405797101449 0.5735294117647058 0.7101449275362319 0.5735294117647058 0.7014492753623188 0.565359477124183 0.6898550724637681 0.565359477124183 0.6869565217391305 0.5702614379084967 0.6811594202898551 0.5702614379084967 0.6753623188405797 0.5669934640522876 0.6695652173913044 0.5686274509803921 0.6579710144927536 0.5620915032679739 0.6463768115942029 0.5620915032679739 0.6376811594202898
0 0.5735294117647058 0.5942028985507246 0.5751633986928104 0.5971014492753624 0.5816993464052288 0.5971014492753624 0.5833333333333334 0.6028985507246377 0.5816993464052288 0.6057971014492753 0.5702614379084967 0.6057971014492753 0.5702614379084967 0.5971014492753624 0.5718954248366013 0.5971014492753624
0 0.5637254901960784 0.6405797101449275 0.5718954248366013 0.6405797101449275 0.5833333333333334 0.6463768115942029 0.5833333333333334 0.6492753623188405 0.5784313725490197 0.6492753623188405 0.576797385620915 0.6521739130434783 0.5669934640522876 0.6521739130434783 0.5620915032679739 0.6463768115942029 0.5637254901960784 0.6434782608695652
0 0.5980392156862745 0.4971014492753623 0.00980392156862745 0.014492753623188406
0 0.5702614379084967 0.591304347826087 0.5849673202614379 0.6 0.5849673202614379 0.6115942028985507 0.5833333333333334 0.6115942028985507 0.5784313725490197 0.6231884057971014 0.5702614379084967 0.6231884057971014 0.5669934640522876 0.6115942028985507 0.5702614379084967 0.5942028985507246
0 0.5800653594771242 0.5217391304347826 0.5882352941176471 0.518840579710145 0.5882352941176471 0.5333333333333333 0.5898692810457516 0.5362318840579711 0.5882352941176471 0.5420289855072464 0.5833333333333334 0.5478260869565217 0.5735294117647058 0.5507246376811594 0.5735294117647058 0.5391304347826087 0.5800653594771242 0.5246376811594203
0 0.5702614379084967 0.6028985507246377 0.5718954248366013 0.6057971014492753 0.5833333333333334 0.6057971014492753 0.5849673202614379 0.6115942028985507 0.5833333333333334 0.6173913043478261 0.5833333333333334 0.6376811594202898 0.5849673202614379 0.6405797101449275 0.5751633986928104 0.6405797101449275 0.5735294117647058 0.6289855072463768 0.5686274509803921 0.6202898550724638 0.5686274509803921 0.6086956521739131 0.5702614379084967 0.6057971014492753
0 0.5735294117647058 0.5594202898550724 0.5800653594771242 0.5594202898550724 0.5849673202614379 0.5652173913043478 0.5882352941176471 0.5739130434782609 0.5849673202614379 0.5797101449275363 0.5784313725490197 0.5797101449275363 0.5735294117647058 0.5739130434782609 0.5735294117647058 0.5623188405797102
0 0.5702614379084967 0.6 0.5735294117647058 0.6057971014492753 0.5800653594771242 0.6057971014492753 0.5816993464052288 0.6028985507246377 0.5849673202614379 0.6057971014492753 0.5833333333333334 0.6405797101449275 0.5735294117647058 0.6405797101449275 0.5702614379084967 0.6376811594202898 0.5735294117647058 0.6347826086956522 0.5735294117647058 0.6289855072463768 0.5702614379084967 0.6260869565217392 0.5669934640522876 0.6173913043478261 0.5669934640522876 0.6115942028985507 0.5702614379084967 0.6028985507246377
0 0.5702614379084967 0.6 0.5686274509803921 0.5942028985507246 0.5702614379084967 0.5855072463768116 0.5735294117647058 0.5826086956521739 0.5849673202614379 0.5826086956521739 0.5882352941176471 0.591304347826087 0.5849673202614379 0.5971014492753624 0.5849673202614379 0.6028985507246377 0.5800653594771242 0.6028985507246377 0.576797385620915 0.5971014492753624 0.5718954248366013 0.5971014492753624
0 0.5735294117647058 0.5507246376811594 0.5866013071895425 0.5507246376811594 0.5915032679738562 0.5594202898550724 0.5866013071895425 0.5594202898550724 0.5849673202614379 0.5681159420289855 0.5784313725490197 0.5681159420289855 0.5735294117647058 0.5623188405797102 0.5735294117647058 0.553623188405797
0 0.5784313725490197 0.6260869565217392 0.5816993464052288 0.6318840579710145 0.5833333333333334 0.6463768115942029 0.5751633986928104 0.6521739130434783 0.5669934640522876 0.6521739130434783 0.5637254901960784 0.6492753623188405 0.5620915032679739 0.6463768115942029 0.5620915032679739 0.6289855072463768 0.5702614379084967 0.6231884057971014 0.576797385620915 0.6260869565217392
0 0.7467320261437909 0.9768115942028985 0.7516339869281046 0.991304347826087 0.75 0.9942028985507246 0.7369281045751634 0.9942028985507246 0.7352941176470589 0.9971014492753624 0.7140522875816994 0.9971014492753624 0.7091503267973857 0.9942028985507246 0.7091503267973857 0.9855072463768116 0.7205882352941176 0.9768115942028985 0.7450980392156863 0.9768115942028985
0 0.5735294117647058 0.5884057971014492 0.5751633986928104 0.591304347826087 0.5800653594771242 0.5884057971014492 0.5849673202614379 0.5884057971014492 0.5866013071895425 0.591304347826087 0.5866013071895425 0.6115942028985507 0.5833333333333334 0.6173913043478261 0.5702614379084967 0.6173913043478261 0.5686274509803921 0.6115942028985507 0.5686274509803921 0.6 0.5702614379084967 0.5971014492753624 0.5686274509803921 0.591304347826087 0.5718954248366013 0.5884057971014492
0 0.5866013071895425 0.5304347826086957 0.5915032679738562 0.5420289855072464 0.5800653594771242 0.5565217391304348 0.5751633986928104 0.5565217391304348 0.5718954248366013 0.5507246376811594 0.5718954248366013 0.5449275362318841 0.5751633986928104 0.5362318840579711 0.5800653594771242 0.5362318840579711 0.5849673202614379 0.5304347826086957
0 0.579248366013072 0.5826086956521739 0.021241830065359478 0.028985507246376812
0 0.5882352941176471 0.5768115942028985 0.5898692810457516 0.5797101449275363 0.5882352941176471 0.5826086956521739 0.5882352941176471 0.591304347826087 0.5833333333333334 0.5971014492753624 0.5849673202614379 0.6 0.5833333333333334 0.6028985507246377 0.5800653594771242 0.5971014492753624 0.5718954248366013 0.5971014492753624 0.5702614379084967 0.6 0.5686274509803921 0.5855072463768116 0.5751633986928104 0.5710144927536231 0.5866013071895425 0.5768115942028985
0 0.6454248366013072 0.4 0.6437908496732027 0.4057971014492754 0.6290849673202614 0.4289855072463768 0.6290849673202614 0.43768115942028984 0.6241830065359477 0.4492753623188406 0.6241830065359477 0.463768115942029 0.6209150326797386 0.47246376811594204 0.619281045751634 0.47246376811594204 0.6127450980392157 0.48695652173913045 0.6062091503267973 0.48985507246376814 0.5931372549019608 0.5130434782608696 0.5898692810457516 0.5246376811594203 0.5931372549019608 0.5362318840579711 0.5996732026143791 0.5449275362318841 0.6013071895424836 0.553623188405797 0.5980392156862745 0.591304347826087 0.5931372549019608 0.6 0.5915032679738562 0.6086956521739131 0.5931372549019608 0.6115942028985507 0.5915032679738562 0.6144927536231884 0.5980392156862745 0.6289855072463768 0.5980392156862745 0.6376811594202898 0.5947712418300654 0.6376811594202898 0.5898692810457516 0.6463768115942029 0.5996732026143791 0.6666666666666666 0.5996732026143791 0.6811594202898551 0.6062091503267973 0.6898550724637681 0.6062091503267973 0.6927536231884058 0.5996732026143791 0.7014492753623188 0.6029411764705882 0.7072463768115942 0.6029411764705882 0.7130434782608696 0.5915032679738562 0.7217391304347827 0.6045751633986928 0.7333333333333333 0.5980392156862745 0.7333333333333333 0.5964052287581699 0.736231884057971 0.5980392156862745 0.7391304347826086 0.6029411764705882 0.7391304347826086 0.6029411764705882 0.7420289855072464 0.6062091503267973 0.744927536231884 0.6045751633986928 0.7507246376811594 0.6094771241830066 0.7594202898550725 0.6111111111111112 0.7536231884057971 0.6127450980392157 0.7536231884057971 0.6111111111111112 0.7565217391304347 0.6160130718954249 0.7681159420289855 0.6160130718954249 0.7739130434782608 0.6111111111111112 0.7739130434782608 0.6078431372549019 0.7797101449275362 0.6094771241830066 0.782608695652174 0.6143790849673203 0.782608695652174 0.6127450980392157 0.7942028985507247 0.6094771241830066 0.7942028985507247 0.6078431372549019 0.8 0.6160130718954249 0.8144927536231884 0.6241830065359477 0.8144927536231884 0.630718954248366 0.8202898550724638 0.630718954248366 0.8260869565217391 0.6388888888888888 0.8376811594202899 0.6568627450980392 0.8405797101449275 0.6584967320261438 0.8434782608695652 0.6699346405228758 0.8463768115942029 0.6715686274509803 0.8492753623188406 0.6699346405228758 0.8521739130434782 0.6617647058823529 0.855072463768116 0.6552287581699346 0.8666666666666667 0.6568627450980392 0.8753623188405797 0.6535947712418301 0.8782608695652174 0.6519607843137255 0.8840579710144928 0.6584967320261438 0.8956521739130435 0.6650326797385621 0.9014492753623189 0.6748366013071896 0.9014492753623189 0.684640522875817 0.9101449275362319 0.6911764705882353 0.9101449275362319 0.6911764705882353 0.9130434782608695 0.6764705882352942 0.9246376811594202 0.6535947712418301 0.9246376811594202 0.6421568627450981 0.9188405797101449 0.6388888888888888 0.9072463768115943 0.6388888888888888 0.8956521739130435 0.6437908496732027 0.8956521739130435 0.6454248366013072 0.8927536231884058 0.6323529411764706 0.8753623188405797 0.6356209150326797 0.8666666666666667 0.6339869281045751 0.8608695652173913 0.6290849673202614 0.8579710144927536 0.6225490196078431 0.8463768115942029 0.6111111111111112 0.8463768115942029 0.6078431372549019 0.8434782608695652 0.6094771241830066 0.8347826086956521 0.6045751633986928 0.8260869565217391 0.5866013071895425 0.8260869565217391 0.5816993464052288 0.8115942028985508 0.5833333333333334 0.8057971014492754 0.5898692810457516 0.8057971014492754 0.5915032679738562 0.8028985507246377 0.5931372549019608 0.8057971014492754 0.5980392156862745 0.8057971014492754 0.5996732026143791 0.7971014492753623 0.5931372549019608 0.7913043478260869 0.5947712418300654 0.782608695652174 0.5882352941176471 0.7768115942028986 0.5833333333333334 0.7652173913043478 0.5784313725490197 0.7594202898550725 0.5784313725490197 0.7536231884057971 0.5735294117647058 0.7478260869565218 0.5718954248366013 0.7304347826086957 0.576797385620915 0.7188405797101449 0.5637254901960784 0.6898550724637681 0.5637254901960784 0.6840579710144927 0.5669934640522876 0.6811594202898551 0.5669934640522876 0.672463768115942 0.5620915032679739 0.6608695652173913 0.5604575163398693 0.6318840579710145 0.565359477124183 0.6144927536231884 0.5669934640522876 0.5884057971014492 0.5718954248366013 0.5739130434782609 0.5718954248366013 0.5507246376811594 0.5702614379084967 0.5449275362318841 0.576797385620915 0.5246376811594203 0.5849673202614379 0.5101449275362319 0.5866013071895425 0.5014492753623189 0.6045751633986928 0.4811594202898551 0.619281045751634 0.45217391304347826 0.6209150326797386 0.4405797101449275 0.6290849673202614 0.42318840579710143 0.6437908496732027 0.4028985507246377
0 0.5857843137254902 0.7434782608695653 0.024509803921568627 0.020289855072463767
0 0.5735294117647058 0.5478260869565217 0.5735294117647058 0.5362318840579711 0.576797385620915 0.5304347826086957 0.5849673202614379 0.5304347826086957 0.5866013071895425 0.5333333333333333 0.5866013071895425 0.5420289855072464 0.5833333333333334 0.5478260869565217 0.5751633986928104 0.5478260869565217
0 0.5702614379084967 0.5884057971014492 0.5784313725490197 0.5942028985507246 0.5849673202614379 0.5942028985507246 0.5866013071895425 0.6 0.5849673202614379 0.6115942028985507 0.5784313725490197 0.6173913043478261 0.5702614379084967 0.6173913043478261 0.5686274509803921 0.6115942028985507 0.5686274509803921 0.6 0.5702614379084967 0.5971014492753624 0.5686274509803921 0.5942028985507246 0.5702614379084967 0.591304347826087
0 0.6683006535947712 0.9043478260869565 0.6797385620915033 0.9043478260869565 0.6813725490196079 0.9072463768115943 0.6928104575163399 0.9101449275362319 0.6911764705882353 0.9159420289855073 0.6797385620915033 0.9188405797101449 0.6781045751633987 0.9217391304347826 0.6683006535947712 0.9072463768115943
0 0.5833333333333334 0.5246376811594203 0.5947712418300654 0.5478260869565217 0.5947712418300654 0.5623188405797102 0.5964052287581699 0.5652173913043478 0.5882352941176471 0.5826086956521739 0.5866013071895425 0.591304347826087 0.5833333333333334 0.5942028985507246 0.5866013071895425 0.6 0.5849673202614379 0.6086956521739131 0.5866013071895425 0.6434782608695652 0.5816993464052288 0.6492753623188405 0.5751633986928104 0.6492753623188405 0.5735294117647058 0.6521739130434783 0.5735294117647058 0.6579710144927536 0.576797385620915 0.663768115942029 0.5800653594771242 0.663768115942029 0.5816993464052288 0.6695652173913044 0.5751633986928104 0.6753623188405797 0.5702614379084967 0.6753623188405797 0.5669934640522876 0.6666666666666666 0.5702614379084967 0.6579710144927536 0.5637254901960784 0.6492753623188405 0.5620915032679739 0.6405797101449275 0.5620915032679739 0.6289855072463768 0.5686274509803921 0.6202898550724638 0.5686274509803921 0.6 0.5702614379084967 0.5971014492753624 0.5686274509803921 0.5884057971014492 0.5751633986928104 0.5710144927536231 0.5751633986928104 0.5594202898550724 0.5718954248366013 0.5507246376811594 0.5718954248366013 0.5449275362318841 0.5735294117647058 0.5362318840579711 0.5816993464052288 0.527536231884058
0 0.6388888888888888 0.8985507246376812 0.6421568627450981 0.8956521739130435 0.6535947712418301 0.8985507246376812 0.6666666666666666 0.9072463768115943 0.6748366013071896 0.9188405797101449 0.6748366013071896 0.9217391304347826 0.6683006535947712 0.9217391304347826 0.6666666666666666 0.9246376811594202 0.6470588235294118 0.9217391304347826 0.6405228758169934 0.9130434782608695 0.6388888888888888 0.9014492753623189
0 0.5882352941176471 0.5014492753623189 0.5915032679738562 0.5043478260869565 0.5915032679738562 0.5130434782608696 0.5882352941176471 0.5246376811594203 0.5849673202614379 0.5304347826086957 0.5800653594771242 0.5304347826086957 0.5784313725490197 0.527536231884058 0.5784313725490197 0.518840579710145 0.5833333333333334 0.5072463768115942 0.5866013071895425 0.5043478260869565
0 0.5816993464052288 0.663768115942029 0.5833333333333334 0.6695652173913044 0.5800653594771242 0.672463768115942 0.5686274509803921 0.672463768115942 0.5669934640522876 0.6695652173913044 0.5686274509803921 0.663768115942029 0.5800653594771242 0.663768115942029
0 0.5833333333333334 0.5304347826086957 0.5849673202614379 0.5362318840579711 0.5816993464052288 0.5420289855072464 0.5751633986928104 0.5420289855072464 0.5751633986928104 0.5333333333333333 0.576797385620915 0.5304347826086957 0.5816993464052288 0.5304347826086957
0 0.5751633986928104 0.7043478260869566 0.5898692810457516 0.7043478260869566 0.6013071895424836 0.7101449275362319 0.6013071895424836 0.7159420289855073 0.5964052287581699 0.7188405797101449 0.5816993464052288 0.7188405797101449 0.5784313725490197 0.7159420289855073 0.5751633986928104 0.7072463768115942
0 0.5931372549019608 0.5565217391304348 0.5964052287581699 0.5623188405797102 0.5947712418300654 0.5681159420289855 0.5898692810457516 0.5710144927536231 0.5849673202614379 0.5710144927536231 0.5800653594771242 0.5652173913043478 0.576797385620915 0.5652173913043478 0.5751633986928104 0.5594202898550724 0.576797385620915 0.5565217391304348 0.5915032679738562 0.5565217391304348
0 0.5915032679738562 0.5420289855072464 0.5964052287581699 0.5507246376811594 0.5964052287581699 0.5594202898550724 0.5947712418300654 0.5623188405797102 0.576797385620915 0.5623188405797102 0.5718954248366013 0.5507246376811594 0.5751633986928104 0.5420289855072464 0.5898692810457516 0.5420289855072464
0 0.6274509803921569 0.8434782608695652 0.6503267973856209 0.8405797101449275 0.6519607843137255 0.8434782608695652 0.6601307189542484 0.8434782608695652 0.6699346405228758 0.8492753623188406 0.6552287581699346 0.8608695652173913 0.6454248366013072 0.8608695652173913 0.6437908496732027 0.8579710144927536 0.6339869281045751 0.8579710144927536 0.630718954248366 0.855072463768116 0.6274509803921569 0.8463768115942029
0 0.5735294117647058 0.5420289855072464 0.576797385620915 0.5391304347826087 0.5882352941176471 0.5391304347826087 0.5947712418300654 0.5478260869565217 0.5931372549019608 0.5594202898550724 0.576797385620915 0.5594202898550724 0.5718954248366013 0.5507246376811594 0.5735294117647058 0.5449275362318841
0 0.5751633986928104 0.5594202898550724 0.5784313725490197 0.5594202898550724 0.5882352941176471 0.5739130434782609 0.5866013071895425 0.5797101449275363 0.5735294117647058 0.5797101449275363 0.5751633986928104 0.5623188405797102
0 0.6127450980392157 0.46956521739130436 0.6127450980392157 0.48405797101449277 0.6045751633986928 0.48695652173913045 0.6045751633986928 0.48405797101449277 0.6127450980392157 0.47246376811594204
0 0.5735294117647058 0.5449275362318841 0.5751633986928104 0.5478260869565217 0.5849673202614379 0.5478260869565217 0.5849673202614379 0.5565217391304348 0.5833333333333334 0.5565217391304348 0.5800653594771242 0.5652173913043478 0.5751633986928104 0.5652173913043478 0.5718954248366013 0.5478260869565217
0 0.5849673202614379 0.5304347826086957 0.5849673202614379 0.5391304347826087 0.5833333333333334 0.5420289855072464 0.5751633986928104 0.5420289855072464 0.5751633986928104 0.5333333333333333 0.576797385620915 0.5304347826086957 0.5800653594771242 0.527536231884058 0.5833333333333334 0.5304347826086957
