0 0.38562091503267976 0.6176470588235294 0.3954248366013072 0.6299019607843137 0.3954248366013072 0.6372549019607843 0.39215686274509803 0.6421568627450981 0.3758169934640523 0.6519607843137255 0.3611111111111111 0.6519607843137255 0.35947712418300654 0.6544117647058824 0.3464052287581699 0.6544117647058824 0.34477124183006536 0.6568627450980392 0.3333333333333333 0.6544117647058824 0.32679738562091504 0.6470588235294118 0.32679738562091504 0.6397058823529411 0.33169934640522875 0.6323529411764706 0.33986928104575165 0.625 0.35947712418300654 0.6176470588235294 0.3839869281045752 0.6176470588235294
0 0.3431372549019608 0.5735294117647058 0.34967320261437906 0.5808823529411765 0.34967320261437906 0.5882352941176471 0.3464052287581699 0.5931372549019608 0.3349673202614379 0.6004901960784313 0.32679738562091504 0.6004901960784313 0.31699346405228757 0.6053921568627451 0.3104575163398693 0.6053921568627451 0.29901960784313725 0.5980392156862745 0.3006535947712418 0.5906862745098039 0.31699346405228757 0.5833333333333334 0.3235294117647059 0.5833333333333334 0.33169934640522875 0.5759803921568627 0.3415032679738562 0.5735294117647058
0 0.5882352941176471 0.7426470588235294 0.6127450980392157 0.7549019607843137 0.6176470588235294 0.7720588235294118 0.6111111111111112 0.7818627450980392 0.6045751633986928 0.7867647058823529 0.5931372549019608 0.7892156862745098 0.5882352941176471 0.7965686274509803 0.5784313725490197 0.803921568627451 0.5686274509803921 0.803921568627451 0.5669934640522876 0.8063725490196079 0.5408496732026143 0.8063725490196079 0.5310457516339869 0.8014705882352942 0.49836601307189543 0.7794117647058824 0.49673202614379086 0.7671568627450981 0.5016339869281046 0.7598039215686274 0.5326797385620915 0.7450980392156863 0.545751633986928 0.7450980392156863 0.5571895424836601 0.7401960784313726 0.5816993464052288 0.7401960784313726 0.5866013071895425 0.7426470588235294
0 0.20588235294117646 0.6568627450980392 0.21241830065359477 0.6642156862745098 0.21241830065359477 0.6715686274509803 0.20751633986928106 0.6813725490196079 0.20915032679738563 0.6862745098039216 0.20751633986928106 0.7132352941176471 0.20098039215686275 0.7230392156862745 0.16666666666666666 0.7205882352941176 0.16013071895424835 0.7132352941176471 0.15849673202614378 0.7009803921568627 0.1715686274509804 0.6813725490196079 0.17320261437908496 0.6691176470588235 0.1830065359477124 0.6642156862745098 0.19117647058823528 0.6642156862745098 0.19444444444444445 0.6593137254901961 0.2042483660130719 0.6568627450980392
0 0.31862745098039214 0.43137254901960786 0.3366013071895425 0.4387254901960784 0.3284313725490196 0.4485294117647059 0.31699346405228757 0.45098039215686275 0.3137254901960784 0.45588235294117646 0.3088235294117647 0.4534313725490196 0.28431372549019607 0.45588235294117646 0.27941176470588236 0.44607843137254904 0.28431372549019607 0.4387254901960784 0.29901960784313725 0.43137254901960786 0.31699346405228757 0.43137254901960786
0 0.25980392156862747 0.49019607843137253 0.27450980392156865 0.48284313725490197 0.28594771241830064 0.48284313725490197 0.2875816993464052 0.4803921568627451 0.2973856209150327 0.48284313725490197 0.2957516339869281 0.5049019607843137 0.28921568627450983 0.5098039215686274 0.2549019607843137 0.5122549019607843 0.25326797385620914 0.5098039215686274 0.25980392156862747 0.5024509803921569 0.26143790849673204 0.49264705882352944
0 0.3627450980392157 0.49019607843137253 0.36437908496732024 0.49264705882352944 0.3627450980392157 0.5024509803921569 0.3545751633986928 0.5073529411764706 0.3300653594771242 0.5049019607843137 0.3284313725490196 0.5 0.3349673202614379 0.4950980392156863 0.3611111111111111 0.49019607843137253
0 0.48366013071895425 0.6151960784313726 0.49836601307189543 0.625 0.5032679738562091 0.6323529411764706 0.5032679738562091 0.6372549019607843 0.4950980392156863 0.6470588235294118 0.47058823529411764 0.6519607843137255 0.4624183006535948 0.6568627450980392 0.4411764705882353 0.6568627450980392 0.4362745098039216 0.6544117647058824 0.42483660130718953 0.6446078431372549 0.4215686274509804 0.6397058823529411 0.4215686274509804 0.6348039215686274 0.4264705882352941 0.6274509803921569 0.4444444444444444 0.6176470588235294 0.46078431372549017 0.6151960784313726 0.4624183006535948 0.6127450980392157 0.477124183006536 0.6127450980392157 0.4820261437908497 0.6151960784313726
0 0.2369281045751634 0.5637254901960784 0.2434640522875817 0.5735294117647058 0.2434640522875817 0.5808823529411765 0.2369281045751634 0.5906862745098039 0.22549019607843138 0.6004901960784313 0.20915032679738563 0.5980392156862745 0.2042483660130719 0.5906862745098039 0.20098039215686275 0.5735294117647058 0.2107843137254902 0.5661764705882353 0.2222222222222222 0.5661764705882353 0.23202614379084968 0.5612745098039216 0.23529411764705882 0.5637254901960784
0 0.48366013071895425 0.6985294117647058 0.4950980392156863 0.7107843137254902 0.4950980392156863 0.7181372549019608 0.4918300653594771 0.7230392156862745 0.4803921568627451 0.7254901960784313 0.47058823529411764 0.7352941176470589 0.45751633986928103 0.7401960784313726 0.4411764705882353 0.7401960784313726 0.4362745098039216 0.7377450980392157 0.41830065359477125 0.7230392156862745 0.4133986928104575 0.7107843137254902 0.41830065359477125 0.7058823529411765 0.4362745098039216 0.7009803921568627 0.4477124183006536 0.6936274509803921 0.47549019607843135 0.6936274509803921 0.4820261437908497 0.6985294117647058
0 0.36764705882352944 0.5245098039215687 0.3758169934640523 0.5294117647058824 0.3790849673202614 0.5343137254901961 0.38235294117647056 0.5416666666666666 0.38235294117647056 0.5490196078431373 0.3790849673202614 0.5563725490196079 0.3741830065359477 0.5563725490196079 0.36437908496732024 0.5637254901960784 0.3349673202614379 0.5637254901960784 0.3300653594771242 0.5612745098039216 0.32189542483660133 0.553921568627451 0.31699346405228757 0.5392156862745098 0.3235294117647059 0.5318627450980392 0.3333333333333333 0.5367647058823529 0.3382352941176471 0.5294117647058824 0.3431372549019608 0.5269607843137255 0.3480392156862745 0.5294117647058824 0.3545751633986928 0.5245098039215687 0.3660130718954248 0.5245098039215687
0 0.3055555555555556 0.40931372549019607 0.3137254901960784 0.41421568627450983 0.3137254901960784 0.42892156862745096 0.2957516339869281 0.42892156862745096 0.29411764705882354 0.43137254901960786 0.28104575163398693 0.42892156862745096 0.27941176470588236 0.4215686274509804 0.2875816993464052 0.4117647058823529 0.30392156862745096 0.40931372549019607
0 0.3545751633986928 0.6666666666666666 0.36764705882352944 0.6740196078431373 0.3709150326797386 0.6838235294117647 0.3709150326797386 0.6936274509803921 0.36764705882352944 0.6985294117647058 0.35294117647058826 0.7058823529411765 0.34477124183006536 0.7058823529411765 0.3366013071895425 0.7107843137254902 0.3235294117647059 0.7107843137254902 0.32189542483660133 0.7132352941176471 0.30718954248366015 0.7132352941176471 0.29901960784313725 0.7083333333333334 0.30392156862745096 0.6887254901960784 0.31209150326797386 0.6838235294117647 0.3300653594771242 0.6813725490196079 0.33986928104575165 0.6740196078431373 0.34477124183006536 0.6666666666666666 0.35294117647058826 0.6666666666666666
0 0.5408496732026143 0.8308823529411765 0.565359477124183 0.8431372549019608 0.576797385620915 0.8578431372549019 0.5931372549019608 0.8725490196078431 0.6209150326797386 0.8897058823529411 0.6225490196078431 0.8921568627450981 0.6225490196078431 0.9044117647058824 0.6127450980392157 0.9166666666666666 0.6045751633986928 0.9215686274509803 0.5996732026143791 0.928921568627451 0.5849673202614379 0.9387254901960784 0.5816993464052288 0.9436274509803921 0.576797385620915 0.946078431372549 0.5571895424836601 0.946078431372549 0.5555555555555556 0.9485294117647058 0.5424836601307189 0.946078431372549 0.5261437908496732 0.9558823529411765 0.5081699346405228 0.9558823529411765 0.4950980392156863 0.9509803921568627 0.4852941176470588 0.9436274509803921 0.45098039215686275 0.8921568627450981 0.4526143790849673 0.8676470588235294 0.46078431372549017 0.8480392156862745 0.477124183006536 0.8357843137254902 0.4934640522875817 0.8333333333333334 0.4950980392156863 0.8308823529411765 0.5392156862745098 0.8308823529411765
0 0.369281045751634 0.46568627450980393 0.3758169934640523 0.47058823529411764 0.3758169934640523 0.47549019607843135 0.3627450980392157 0.4803921568627451 0.3545751633986928 0.4803921568627451 0.35294117647058826 0.48284313725490197 0.3349673202614379 0.48284313725490197 0.3300653594771242 0.4803921568627451 0.33169934640522875 0.4730392156862745 0.3545751633986928 0.4632352941176471 0.36764705882352944 0.46568627450980393
0 0.2957516339869281 0.7794117647058824 0.32679738562091504 0.803921568627451 0.3366013071895425 0.8333333333333334 0.3300653594771242 0.8627450980392157 0.32516339869281047 0.8700980392156863 0.31699346405228757 0.875 0.28921568627450983 0.8725490196078431 0.2761437908496732 0.8651960784313726 0.27450980392156865 0.8553921568627451 0.2679738562091503 0.8382352941176471 0.2679738562091503 0.821078431372549 0.2581699346405229 0.8014705882352942 0.2581699346405229 0.7916666666666666 0.26633986928104575 0.7818627450980392 0.29411764705882354 0.7794117647058824
