0 0.4988066825775656 0.4068627450980392 0.5107398568019093 0.41013071895424835 0.522673031026253 0.42320261437908496 0.5346062052505967 0.43137254901960786 0.5346062052505967 0.434640522875817 0.5298329355608592 0.43790849673202614 0.5155131264916468 0.44281045751633985 0.49403341288782815 0.44281045751633985 0.4797136038186158 0.4215686274509804 0.4797136038186158 0.41013071895424835 0.48448687350835323 0.4068627450980392 0.4964200477326969 0.4068627450980392
0 0.4152744630071599 0.8431372549019608 0.42482100238663484 0.8496732026143791 0.4295942720763723 0.8676470588235294 0.4200477326968974 0.869281045751634 0.4152744630071599 0.8676470588235294 0.4081145584725537 0.8725490196078431 0.40572792362768495 0.8758169934640523 0.4081145584725537 0.880718954248366 0.4009546539379475 0.8872549019607843 0.4009546539379475 0.8970588235294118 0.39618138424821003 0.9019607843137255 0.3914081145584726 0.9150326797385621 0.37708830548926014 0.934640522875817 0.36754176610978523 0.9362745098039216 0.3627684964200477 0.9395424836601307 0.360381861575179 0.9509803921568627 0.3532219570405728 0.9640522875816994 0.3556085918854415 0.9771241830065359 0.3532219570405728 0.9836601307189542 0.34844868735083534 0.9869281045751634 0.35083532219570407 0.9934640522875817 0.3412887828162291 0.9934640522875817 0.3341288782816229 0.9983660130718954 0.3269689737470167 0.9950980392156863 0.3198090692124105 0.9869281045751634 0.324582338902148 0.9820261437908496 0.324582338902148 0.9787581699346405 0.3198090692124105 0.9754901960784313 0.3221957040572792 0.9705882352941176 0.3198090692124105 0.9673202614379085 0.31026252983293556 0.9689542483660131 0.30787589498806683 0.9722222222222222 0.3126491646778043 0.9771241830065359 0.3126491646778043 0.9803921568627451 0.31026252983293556 0.9820261437908496 0.3054892601431981 0.9803921568627451 0.3054892601431981 0.9705882352941176 0.31026252983293556 0.9673202614379085 0.31026252983293556 0.9607843137254902 0.315035799522673 0.954248366013072 0.30071599045346065 0.9395424836601307 0.30071599045346065 0.934640522875817 0.29594272076372313 0.9313725490196079 0.29832935560859186 0.9281045751633987 0.28878281622911695 0.923202614379085 0.2840095465393795 0.9166666666666666 0.2863961813842482 0.9019607843137255 0.29594272076372313 0.8905228758169934 0.30071599045346065 0.8741830065359477 0.31026252983293556 0.8660130718954249 0.3269689737470167 0.869281045751634 0.33890214797136037 0.8660130718954249 0.34844868735083534 0.8594771241830066 0.3532219570405728 0.8529411764705882 0.36515513126491644 0.8480392156862745 0.36992840095465396 0.8480392156862745 0.3818615751789976 0.8431372549019608 0.4128878281622912 0.8431372549019608
0 0.43914081145584727 0.5245098039215687 0.45346062052505964 0.5326797385620915 0.45346062052505964 0.5392156862745098 0.4510739856801909 0.5424836601307189 0.441527446300716 0.5441176470588235 0.41766109785202865 0.553921568627451 0.39856801909307876 0.553921568627451 0.39618138424821003 0.5522875816993464 0.3747016706443914 0.5522875816993464 0.3723150357995227 0.553921568627451 0.3627684964200477 0.5506535947712419 0.360381861575179 0.5392156862745098 0.36515513126491644 0.5359477124183006 0.37708830548926014 0.5359477124183006 0.38663484486873506 0.5326797385620915 0.4009546539379475 0.5212418300653595 0.4081145584725537 0.5196078431372549 0.4200477326968974 0.5196078431372549 0.43675417661097854 0.5245098039215687
0 0.4033412887828162 0.6160130718954249 0.4152744630071599 0.6258169934640523 0.41766109785202865 0.6405228758169934 0.40572792362768495 0.6519607843137255 0.38902147971360385 0.6584967320261438 0.3747016706443914 0.6568627450980392 0.36754176610978523 0.6535947712418301 0.35799522673031026 0.6552287581699346 0.34844868735083534 0.6503267973856209 0.3436754176610978 0.6372549019607843 0.3436754176610978 0.6258169934640523 0.360381861575179 0.6127450980392157 0.3914081145584726 0.6127450980392157 0.4009546539379475 0.6160130718954249
0 0.4510739856801909 0.7058823529411765 0.4486873508353222 0.704248366013072 0.44630071599045346 0.7075163398692811 0.441527446300716 0.7075163398692811 0.4343675417661098 0.7156862745098039 0.4295942720763723 0.7140522875816994 0.42482100238663484 0.7189542483660131 0.4009546539379475 0.7238562091503268 0.38902147971360385 0.7205882352941176 0.38424821002386633 0.7173202614379085 0.3794749403341289 0.7058823529411765 0.3794749403341289 0.696078431372549 0.4128878281622912 0.6764705882352942 0.441527446300716 0.6699346405228758 0.4630071599045346 0.6699346405228758 0.4677804295942721 0.673202614379085 0.4677804295942721 0.6781045751633987 0.4606205250596659 0.6895424836601307 0.4606205250596659 0.6944444444444444 0.45346062052505964 0.6993464052287581 0.45346062052505964 0.704248366013072
0 0.16945107398568018 0.9689542483660131 0.18615751789976134 0.9607843137254902 0.19809069212410502 0.9607843137254902 0.22673031026252982 0.9771241830065359 0.22911694510739858 0.9836601307189542 0.2386634844868735 0.9901960784313726 0.2386634844868735 0.9950980392156863 0.23389021479713604 0.9983660130718954 0.22911694510739858 0.9967320261437909 0.162291169451074 0.9983660130718954 0.16945107398568018 0.9705882352941176
0 0.27684964200477324 0.25163398692810457 0.27923627684964203 0.25326797385620914 0.29594272076372313 0.25326797385620914 0.2935560859188544 0.2581699346405229 0.2720763723150358 0.25980392156862747 0.26968973747016706 0.26143790849673204 0.24821002386634844 0.26143790849673204 0.2458233890214797 0.2630718954248366 0.2243436754176611 0.2630718954248366 0.21957040572792363 0.26143790849673204 0.21957040572792363 0.2581699346405229 0.22673031026252982 0.2581699346405229 0.2458233890214797 0.25326797385620914 0.26968973747016706 0.25326797385620914 0.2744630071599045 0.25163398692810457
0 0.31742243436754175 0.7418300653594772 0.32935560859188545 0.7516339869281046 0.33890214797136037 0.7532679738562091 0.3460620525059666 0.7581699346405228 0.35083532219570407 0.7843137254901961 0.3436754176610978 0.7990196078431373 0.3198090692124105 0.8137254901960784 0.31026252983293556 0.8169934640522876 0.28878281622911695 0.8120915032679739 0.26014319809069214 0.8104575163398693 0.2529832935560859 0.803921568627451 0.2529832935560859 0.7990196078431373 0.26014319809069214 0.7892156862745098 0.26252983293556087 0.7810457516339869 0.2720763723150358 0.7712418300653595 0.28878281622911695 0.7467320261437909 0.30071599045346065 0.7401960784313726 0.3126491646778043 0.7401960784313726 0.315035799522673 0.7418300653594772
0 0.45346062052505964 0.4542483660130719 0.4821002386634845 0.4591503267973856 0.48448687350835323 0.46568627450980393 0.47494033412887826 0.4738562091503268 0.44630071599045346 0.4820261437908497 0.41766109785202865 0.4803921568627451 0.4105011933174224 0.477124183006536 0.4081145584725537 0.4673202614379085 0.43675417661097854 0.45588235294117646 0.4510739856801909 0.4542483660130719
0 0.49403341288782815 0.5620915032679739 0.4964200477326969 0.5669934640522876 0.4821002386634845 0.5866013071895425 0.47494033412887826 0.5915032679738562 0.4677804295942721 0.5915032679738562 0.45584725536992843 0.5964052287581699 0.441527446300716 0.5915032679738562 0.431980906921241 0.5849673202614379 0.4295942720763723 0.576797385620915 0.4343675417661098 0.5735294117647058 0.441527446300716 0.5735294117647058 0.4701670644391408 0.5620915032679739 0.477326968973747 0.5604575163398693 0.4892601431980907 0.5604575163398693 0.4916467780429594 0.5620915032679739
0 0.5107398568019093 0.4852941176470588 0.513126491646778 0.4869281045751634 0.5107398568019093 0.4950980392156863 0.4797136038186158 0.5147058823529411 0.4606205250596659 0.5081699346405228 0.4606205250596659 0.49673202614379086 0.4630071599045346 0.4934640522875817 0.48687350835322196 0.48856209150326796 0.49403341288782815 0.48366013071895425 0.5059665871121718 0.48366013071895425 0.5083532219570406 0.4852941176470588
