0 0.36764705882352944 0.6536585365853659 0.3758169934640523 0.6634146341463415 0.37745098039215685 0.6731707317073171 0.38235294117647056 0.6804878048780488 0.38562091503267976 0.6804878048780488 0.39052287581699346 0.6853658536585366 0.39705882352941174 0.6853658536585366 0.4084967320261438 0.675609756097561 0.42483660130718953 0.6780487804878049 0.42483660130718953 0.7 0.4133986928104575 0.7170731707317073 0.39869281045751637 0.7292682926829268 0.38235294117647056 0.7341463414634146 0.3758169934640523 0.7390243902439024 0.369281045751634 0.748780487804878 0.3562091503267974 0.748780487804878 0.3545751633986928 0.7463414634146341 0.3480392156862745 0.7463414634146341 0.33986928104575165 0.7390243902439024 0.315359477124183 0.7365853658536585 0.30392156862745096 0.7317073170731707 0.2973856209150327 0.7268292682926829 0.28594771241830064 0.7048780487804878 0.28594771241830064 0.6951219512195121 0.2908496732026144 0.6878048780487804 0.315359477124183 0.6853658536585366 0.3235294117647059 0.6804878048780488 0.33169934640522875 0.6682926829268293 0.34477124183006536 0.6585365853658537 0.3545751633986928 0.6536585365853659 0.3660130718954248 0.6536585365853659
0 0.6666666666666666 0.4658536585365854 0.6813725490196079 0.47073170731707314 0.6993464052287581 0.48292682926829267 0.6993464052287581 0.4853658536585366 0.6928104575163399 0.4878048780487805 0.6895424836601307 0.4951219512195122 0.6797385620915033 0.4951219512195122 0.6666666666666666 0.4853658536585366 0.6650326797385621 0.47804878048780486 0.6666666666666666 0.4682926829268293
0 0.8513071895424836 0.9829268292682927 0.8627450980392157 0.9926829268292683 0.8676470588235294 0.9926829268292683 0.8709150326797386 0.9975609756097561 0.8186274509803921 0.9975609756097561 0.826797385620915 0.9804878048780488 0.8447712418300654 0.9804878048780488 0.8496732026143791 0.9829268292682927
0 0.7156862745098039 0.33658536585365856 0.7287581699346405 0.33658536585365856 0.75 0.3463414634146341 0.7647058823529411 0.35853658536585364 0.7712418300653595 0.36829268292682926 0.7810457516339869 0.375609756097561 0.7826797385620915 0.3804878048780488 0.7810457516339869 0.3878048780487805 0.7712418300653595 0.3951219512195122 0.7565359477124183 0.4 0.7532679738562091 0.40487804878048783 0.7418300653594772 0.4121951219512195 0.7271241830065359 0.4121951219512195 0.7254901960784313 0.4146341463414634 0.7140522875816994 0.4146341463414634 0.7058823529411765 0.4073170731707317 0.6911764705882353 0.40487804878048783 0.6781045751633987 0.3951219512195122 0.6683006535947712 0.3926829268292683 0.6633986928104575 0.3853658536585366 0.6666666666666666 0.375609756097561 0.6764705882352942 0.36829268292682926 0.6911764705882353 0.36585365853658536 0.7107843137254902 0.348780487804878 0.7156862745098039 0.33902439024390246
0 0.07516339869281045 0.28536585365853656 0.10457516339869281 0.2975609756097561 0.11437908496732026 0.3048780487804878 0.12908496732026145 0.32682926829268294 0.13071895424836602 0.33902439024390246 0.12581699346405228 0.3439024390243902 0.1111111111111111 0.34146341463414637 0.10130718954248366 0.35365853658536583 0.09477124183006536 0.35609756097560974 0.08333333333333333 0.35365853658536583 0.07516339869281045 0.35853658536585364 0.06209150326797386 0.35853658536585364 0.06045751633986928 0.36097560975609755 0.029411764705882353 0.36097560975609755 0.021241830065359478 0.35121951219512193 0 0.33658536585365856 0 0.32195121951219513 0.004901960784313725 0.3146341463414634 0.00980392156862745 0.3121951219512195 0.04084967320261438 0.3097560975609756 0.049019607843137254 0.3 0.06045751633986928 0.2951219512195122 0.06862745098039216 0.28536585365853656 0.07352941176470588 0.28536585365853656
0 0.30718954248366015 0.5 0.3349673202614379 0.526829268292683 0.3366013071895425 0.5439024390243903 0.33169934640522875 0.5634146341463414 0.31699346405228757 0.5682926829268292 0.3137254901960784 0.5756097560975609 0.3006535947712418 0.5780487804878048 0.2908496732026144 0.5878048780487805 0.28104575163398693 0.5926829268292683 0.24836601307189543 0.5878048780487805 0.24673202614379086 0.5853658536585366 0.24836601307189543 0.5804878048780487 0.24836601307189543 0.5658536585365853 0.24019607843137256 0.5536585365853659 0.23039215686274508 0.5487804878048781 0.22549019607843138 0.5414634146341464 0.22549019607843138 0.5365853658536586 0.23039215686274508 0.5317073170731708 0.2369281045751634 0.5317073170731708 0.24509803921568626 0.526829268292683 0.25980392156862747 0.526829268292683 0.2908496732026144 0.5 0.3055555555555556 0.5
0 0.6045751633986928 0.3024390243902439 0.6094771241830066 0.3024390243902439 0.619281045751634 0.32926829268292684 0.6209150326797386 0.33902439024390246 0.6290849673202614 0.3439024390243902 0.6388888888888888 0.3439024390243902 0.6421568627450981 0.348780487804878 0.6421568627450981 0.35365853658536583 0.6339869281045751 0.35609756097560974 0.6258169934640523 0.3463414634146341 0.619281045751634 0.34146341463414637 0.6143790849673203 0.34146341463414637 0.6111111111111112 0.3463414634146341 0.6094771241830066 0.35609756097560974 0.5996732026143791 0.35853658536585364 0.5915032679738562 0.36585365853658536 0.5784313725490197 0.37073170731707317 0.5588235294117647 0.3878048780487805 0.5392156862745098 0.3878048780487805 0.5343137254901961 0.3829268292682927 0.5179738562091504 0.3804878048780488 0.5032679738562091 0.37073170731707317 0.4869281045751634 0.36585365853658536 0.4738562091503268 0.348780487804878 0.4624183006535948 0.3439024390243902 0.46405228758169936 0.34146341463414637 0.4738562091503268 0.34146341463414637 0.47875816993464054 0.3463414634146341 0.48856209150326796 0.348780487804878 0.49673202614379086 0.33902439024390246 0.49673202614379086 0.33170731707317075 0.5032679738562091 0.3195121951219512 0.5130718954248366 0.3146341463414634 0.5261437908496732 0.3146341463414634 0.5277777777777778 0.3121951219512195 0.5359477124183006 0.3121951219512195 0.5555555555555556 0.32682926829268294 0.5816993464052288 0.32926829268292684 0.5866013071895425 0.32195121951219513 0.5964052287581699 0.3195121951219512 0.6045751633986928 0.3048780487804878
0 0.8186274509803921 0.6292682926829268 0.8202614379084967 0.6317073170731707 0.8366013071895425 0.6341463414634146 0.8398692810457516 0.6390243902439025 0.8349673202614379 0.6487804878048781 0.8349673202614379 0.6536585365853659 0.8300653594771242 0.6585365853658537 0.8186274509803921 0.6536585365853659 0.8104575163398693 0.6414634146341464 0.8022875816993464 0.6341463414634146 0.8006535947712419 0.6292682926829268 0.8022875816993464 0.624390243902439 0.8169934640522876 0.6292682926829268
0 0.7859477124183006 0.004878048780487805 0.803921568627451 0.0024390243902439024 0.8055555555555556 0 0.8562091503267973 0 0.8562091503267973 0.004878048780487805 0.8480392156862745 0.012195121951219513 0.8447712418300654 0.012195121951219513 0.8202614379084967 0.036585365853658534 0.8104575163398693 0.036585365853658534 0.8006535947712419 0.041463414634146344 0.7810457516339869 0.03902439024390244 0.761437908496732 0.05365853658536585 0.7598039215686274 0.05121951219512195 0.761437908496732 0.03902439024390244 0.7549019607843137 0.03170731707317073 0.7549019607843137 0.026829268292682926 0.7663398692810458 0.01951219512195122 0.7712418300653595 0.01951219512195122 0.7745098039215687 0.014634146341463415 0.7777777777777778 0.014634146341463415 0.7859477124183006 0.007317073170731708
0 0.5490196078431373 0.7268292682926829 0.5800653594771242 0.748780487804878 0.5849673202614379 0.7560975609756098 0.5882352941176471 0.7634146341463415 0.5882352941176471 0.7902439024390244 0.5898692810457516 0.7926829268292683 0.5882352941176471 0.8 0.5784313725490197 0.8073170731707318 0.5686274509803921 0.8097560975609757 0.5637254901960784 0.8146341463414634 0.5506535947712419 0.8195121951219512 0.5392156862745098 0.8195121951219512 0.5228758169934641 0.8268292682926829 0.5098039215686274 0.8268292682926829 0.5065359477124183 0.824390243902439 0.49836601307189543 0.8073170731707318 0.48366013071895425 0.7975609756097561 0.47058823529411764 0.7780487804878049 0.47058823529411764 0.7731707317073171 0.47549019607843135 0.7682926829268293 0.47875816993464054 0.7682926829268293 0.48366013071895425 0.7609756097560976 0.5016339869281046 0.7609756097560976 0.511437908496732 0.7560975609756098 0.5228758169934641 0.7463414634146341 0.5359477124183006 0.7268292682926829 0.5473856209150327 0.7268292682926829
0 0.14869281045751634 0.424390243902439 0.1650326797385621 0.43414634146341463 0.17320261437908496 0.44390243902439025 0.18790849673202614 0.44634146341463415 0.19281045751633988 0.45121951219512196 0.19281045751633988 0.4560975609756098 0.1895424836601307 0.4609756097560976 0.18627450980392157 0.47317073170731705 0.1715686274509804 0.4926829268292683 0.1454248366013072 0.4926829268292683 0.12908496732026145 0.5 0.09640522875816994 0.4975609756097561 0.09477124183006536 0.4951219512195122 0.08169934640522876 0.4926829268292683 0.0718954248366013 0.4853658536585366 0.06045751633986928 0.4658536585365854 0.06045751633986928 0.45365853658536587 0.06699346405228758 0.44634146341463415 0.08660130718954248 0.44634146341463415 0.09967320261437909 0.43658536585365854 0.13071895424836602 0.4219512195121951 0.1454248366013072 0.4219512195121951 0.14705882352941177 0.424390243902439
0 0.2908496732026144 0.1902439024390244 0.29248366013071897 0.1926829268292683 0.3202614379084967 0.1926829268292683 0.32189542483660133 0.1951219512195122 0.33169934640522875 0.1926829268292683 0.3382352941176471 0.1975609756097561 0.33986928104575165 0.2121951219512195 0.3366013071895425 0.21951219512195122 0.3300653594771242 0.22195121951219512 0.315359477124183 0.24146341463414633 0.3006535947712418 0.25365853658536586 0.2957516339869281 0.25609756097560976 0.27941176470588236 0.25365853658536586 0.27124183006535946 0.25853658536585367 0.2630718954248366 0.25853658536585367 0.25 0.25365853658536586 0.23202614379084968 0.24146341463414633 0.22058823529411764 0.22439024390243903 0.22058823529411764 0.21951219512195122 0.22712418300653595 0.2048780487804878 0.23366013071895425 0.1975609756097561 0.2581699346405229 0.18292682926829268 0.2647058823529412 0.18536585365853658 0.27124183006535946 0.18292682926829268 0.28921568627450983 0.1902439024390244
0 0.8022875816993464 0.45121951219512196 0.8398692810457516 0.4658536585365854 0.8578431372549019 0.4634146341463415 0.869281045751634 0.4560975609756098 0.8823529411764706 0.4658536585365854 0.8823529411764706 0.4853658536585366 0.8790849673202614 0.4902439024390244 0.869281045751634 0.4951219512195122 0.8643790849673203 0.5073170731707317 0.8464052287581699 0.5317073170731708 0.8055555555555556 0.5317073170731708 0.803921568627451 0.5292682926829269 0.7973856209150327 0.5292682926829269 0.7892156862745098 0.524390243902439 0.7696078431372549 0.5195121951219512 0.7598039215686274 0.5146341463414634 0.7516339869281046 0.5048780487804878 0.7516339869281046 0.5 0.7565359477124183 0.4926829268292683 0.7663398692810458 0.4926829268292683 0.7728758169934641 0.4878048780487805 0.7777777777777778 0.48048780487804876 0.7761437908496732 0.4682926829268293 0.7794117647058824 0.4634146341463415 0.7859477124183006 0.4585365853658537 0.7924836601307189 0.4585365853658537 0.8006535947712419 0.45121951219512196
0 0.5400326797385621 0.007317073170731708 0.08986928104575163 0.014634146341463415
0 0.24836601307189543 0.2731707317073171 0.25 0.28292682926829266 0.24509803921568626 0.28780487804878047 0.23039215686274508 0.2951219512195122 0.21241830065359477 0.2951219512195122 0.20915032679738563 0.2975609756097561 0.20588235294117646 0.3024390243902439 0.2173202614379085 0.32195121951219513 0.21568627450980393 0.32682926829268294 0.20915032679738563 0.32926829268292684 0.19281045751633988 0.32926829268292684 0.19117647058823528 0.32682926829268294 0.17647058823529413 0.32439024390243903 0.17483660130718953 0.3170731707317073 0.17973856209150327 0.3146341463414634 0.18137254901960784 0.3097560975609756 0.17320261437908496 0.3024390243902439 0.16830065359477125 0.2926829268292683 0.17483660130718953 0.28780487804878047 0.184640522875817 0.28536585365853656 0.1895424836601307 0.2804878048780488 0.2107843137254902 0.2780487804878049 0.22549019607843138 0.2682926829268293 0.24019607843137256 0.2682926829268293 0.24673202614379086 0.2731707317073171
0 0.23366013071895425 0.06585365853658537 0.25163398692810457 0.08048780487804878 0.27124183006535946 0.10975609756097561 0.272875816993464 0.12195121951219512 0.2647058823529412 0.12926829268292683 0.24019607843137256 0.13902439024390245 0.23039215686274508 0.15121951219512195 0.22058823529411764 0.15121951219512195 0.21895424836601307 0.15365853658536585 0.19934640522875818 0.15121951219512195 0.18790849673202614 0.13902439024390245 0.1830065359477124 0.13902439024390245 0.17647058823529413 0.13414634146341464 0.17320261437908496 0.12682926829268293 0.16993464052287582 0.1048780487804878 0.1781045751633987 0.0951219512195122 0.19934640522875818 0.09268292682926829 0.21405228758169934 0.08048780487804878 0.22058823529411764 0.07073170731707316 0.22712418300653595 0.06585365853658537 0.23202614379084968 0.06585365853658537
0 0.9901960784313726 0.4951219512195122 0.9983660130718954 0.5 0.9983660130718954 0.5463414634146342 0.9673202614379085 0.5439024390243903 0.9591503267973857 0.5390243902439025 0.9558823529411765 0.5317073170731708 0.9558823529411765 0.526829268292683 0.9607843137254902 0.5195121951219512 0.9771241830065359 0.5121951219512195 0.9820261437908496 0.5 0.988562091503268 0.4975609756097561
0 0.8284313725490197 0.6707317073170732 0.8382352941176471 0.6707317073170732 0.8480392156862745 0.6780487804878049 0.8611111111111112 0.6829268292682927 0.8578431372549019 0.7 0.8464052287581699 0.7048780487804878 0.8366013071895425 0.7048780487804878 0.8300653594771242 0.6951219512195121 0.8300653594771242 0.6902439024390243 0.826797385620915 0.6829268292682927 0.8284313725490197 0.6731707317073171
0 0.12418300653594772 0.03170731707317073 0.13071895424836602 0.041463414634146344 0.1437908496732026 0.05121951219512195 0.15359477124183007 0.046341463414634146 0.16013071895424835 0.046341463414634146 0.16176470588235295 0.04878048780487805 0.15359477124183007 0.07073170731707316 0.1437908496732026 0.08536585365853659 0.13725490196078433 0.09024390243902439 0.12254901960784313 0.09268292682926829 0.10784313725490197 0.1073170731707317 0.09803921568627451 0.1048780487804878 0.08169934640522876 0.09268292682926829 0.07026143790849673 0.09268292682926829 0.058823529411764705 0.08536585365853659 0.05065359477124183 0.07317073170731707 0.049019607843137254 0.06097560975609756 0.05392156862745098 0.05365853658536585 0.07026143790849673 0.04878048780487805 0.07679738562091504 0.041463414634146344 0.0915032679738562 0.03170731707317073 0.10947712418300654 0.02926829268292683 0.1111111111111111 0.026829268292682926 0.11601307189542484 0.026829268292682926 0.12254901960784313 0.03170731707317073
0 0.6258169934640523 0.8951219512195122 0.6421568627450981 0.9024390243902439 0.6535947712418301 0.9195121951219513 0.6633986928104575 0.9243902439024391 0.6683006535947712 0.9243902439024391 0.673202614379085 0.9170731707317074 0.6993464052287581 0.9195121951219513 0.7009803921568627 0.9219512195121952 0.7009803921568627 0.9365853658536586 0.6944444444444444 0.9585365853658536 0.6781045751633987 0.9780487804878049 0.6764705882352942 0.9829268292682927 0.6781045751633987 0.9902439024390244 0.6764705882352942 0.9926829268292683 0.6486928104575164 0.9926829268292683 0.6372549019607843 0.9975609756097561 0.6323529411764706 0.9951219512195122 0.630718954248366 0.9975609756097561 0.6258169934640523 0.9951219512195122 0.6241830065359477 0.9975609756097561 0.6078431372549019 0.9975609756097561 0.6062091503267973 0.9951219512195122 0.5964052287581699 0.9951219512195122 0.5882352941176471 0.9902439024390244 0.5751633986928104 0.9878048780487805 0.5669934640522876 0.9804878048780488 0.5620915032679739 0.9658536585365853 0.5522875816993464 0.9512195121951219 0.5522875816993464 0.9463414634146341 0.5555555555555556 0.9414634146341463 0.5718954248366013 0.9365853658536586 0.5784313725490197 0.9317073170731708 0.5882352941176471 0.9170731707317074 0.5947712418300654 0.9121951219512195 0.5996732026143791 0.9121951219512195 0.6045751633986928 0.9048780487804878 0.6078431372549019 0.9048780487804878 0.6160130718954249 0.8975609756097561 0.6241830065359477 0.8951219512195122
0 0.6797385620915033 0.526829268292683 0.6911764705882353 0.524390243902439 0.7091503267973857 0.5390243902439025 0.7091503267973857 0.5463414634146342 0.704248366013072 0.5560975609756098 0.7009803921568627 0.5585365853658537 0.6879084967320261 0.5585365853658537 0.6813725490196079 0.5536585365853659 0.6781045751633987 0.5463414634146342 0.6781045751633987 0.5317073170731708 0.6797385620915033 0.5292682926829269
0 0.4526143790849673 0.2048780487804878 0.48366013071895425 0.21951219512195122 0.5065359477124183 0.24390243902439024 0.5049019607843137 0.25365853658536586 0.4722222222222222 0.2707317073170732 0.4673202614379085 0.2780487804878049 0.4624183006535948 0.2804878048780488 0.4411764705882353 0.2804878048780488 0.4395424836601307 0.2780487804878049 0.43300653594771243 0.2780487804878049 0.42810457516339867 0.2707317073170732 0.4084967320261438 0.2658536585365854 0.3954248366013072 0.24634146341463414 0.39705882352941174 0.24146341463414633 0.4150326797385621 0.23170731707317074 0.42810457516339867 0.23414634146341465 0.4411764705882353 0.2146341463414634 0.44281045751633985 0.2048780487804878 0.45098039215686275 0.2048780487804878
