0 0.73359375 0.7430555555555556 0.7390625 0.7513888888888889 0.73984375 0.7583333333333333 0.74609375 0.7708333333333334 0.746875 0.7791666666666667 0.7515625 0.7819444444444444 0.75390625 0.7888888888888889 0.75234375 0.7930555555555555 0.753125 0.8 0.7578125 0.8055555555555556 0.759375 0.8125 0.75859375 0.8180555555555555 0.76015625 0.8208333333333333 0.74921875 0.8305555555555556 0.74609375 0.8375 0.746875 0.8472222222222222 0.75390625 0.8486111111111111 0.7625 0.8444444444444444 0.7703125 0.8486111111111111 0.765625 0.8638888888888889 0.76640625 0.8708333333333333 0.76171875 0.8777777777777778 0.759375 0.8736111111111111 0.75234375 0.8708333333333333 0.74765625 0.8736111111111111 0.7375 0.8680555555555556 0.73828125 0.8541666666666666 0.72890625 0.8541666666666666 0.72578125 0.85 0.725 0.8444444444444444 0.72734375 0.8416666666666667 0.72578125 0.8319444444444445 0.71640625 0.8222222222222222 0.7125 0.8208333333333333 0.7046875 0.8277777777777777 0.7109375 0.8375 0.71171875 0.8430555555555556 0.71015625 0.8458333333333333 0.703125 0.8416666666666667 0.7046875 0.8347222222222223 0.703125 0.8305555555555556 0.70078125 0.8361111111111111 0.69765625 0.8333333333333334 0.69921875 0.8208333333333333 0.71796875 0.8166666666666667 0.7203125 0.8138888888888889 0.7203125 0.8083333333333333 0.72734375 0.8013888888888889 0.71953125 0.7861111111111111 0.71640625 0.7833333333333333 0.71328125 0.7847222222222222 0.70859375 0.7791666666666667 0.71640625 0.7777777777777778 0.71953125 0.7736111111111111 0.71953125 0.7625 0.7234375 0.7625 0.7265625 0.7569444444444444 0.72890625 0.7444444444444445 0.7328125 0.7430555555555556
0 0.6796875 0.7611111111111111 0.68359375 0.7680555555555556 0.684375 0.7791666666666667 0.68203125 0.7847222222222222 0.675 0.7847222222222222 0.66796875 0.7722222222222223 0.6703125 0.7652777777777777 0.67890625 0.7611111111111111
0 0.564453125 0.6986111111111111 0.01640625 0.019444444444444445
0 0.16640625 0.6791666666666667 0.16796875 0.6847222222222222 0.16328125 0.6944444444444444 0.15625 0.6944444444444444 0.15390625 0.6916666666666667 0.15390625 0.6875 0.1640625 0.6777777777777778 0.165625 0.6791666666666667
0 0.6 0.675 0.0140625 0.019444444444444445
0 0.55234375 0.6763888888888889 0.56171875 0.6736111111111112 0.56640625 0.6805555555555556 0.56484375 0.6888888888888889 0.55390625 0.6916666666666667 0.55 0.6833333333333333 0.55234375 0.6777777777777778
0 0.526171875 0.5618055555555556 0.01328125 0.015277777777777777
0 0.134375 0.6875 0.1375 0.6930555555555555 0.1359375 0.6986111111111111 0.1296875 0.6986111111111111 0.12890625 0.6958333333333333 0.1296875 0.6888888888888889 0.13359375 0.6875
0 0.5953125 0.6958333333333333 0.6 0.7027777777777777 0.6 0.7111111111111111 0.5984375 0.7125 0.58828125 0.7111111111111111 0.5828125 0.7055555555555556 0.5828125 0.6958333333333333 0.584375 0.6930555555555555 0.5890625 0.6916666666666667 0.59453125 0.6958333333333333
0 0.5515625 0.7833333333333333 0.55078125 0.775 0.55234375 0.7694444444444445 0.55703125 0.7652777777777777 0.56484375 0.7666666666666667 0.5671875 0.775 0.56640625 0.7791666666666667 0.5640625 0.7847222222222222 0.55234375 0.7833333333333333
0 0.74375 0.9291666666666667 0.74921875 0.9333333333333333 0.753125 0.9458333333333333 0.75234375 0.9555555555555556 0.7453125 0.9638888888888889 0.734375 0.9625 0.7265625 0.9555555555555556 0.7265625 0.9444444444444444 0.7296875 0.9333333333333333 0.734375 0.9291666666666667 0.74296875 0.9291666666666667
0 0.61875 0.8694444444444445 0.62109375 0.8791666666666667 0.61953125 0.8888888888888888 0.61640625 0.8944444444444445 0.6078125 0.8916666666666667 0.6046875 0.8819444444444444 0.609375 0.8722222222222222 0.61796875 0.8694444444444445
0 0.49765625 0.8291666666666667 0.5015625 0.8319444444444445 0.50390625 0.8416666666666667 0.503125 0.8472222222222222 0.4984375 0.8527777777777777 0.490625 0.8513888888888889 0.4859375 0.8444444444444444 0.4875 0.8333333333333334 0.496875 0.8291666666666667
0 0.49453125 0.5166666666666667 0.4953125 0.5236111111111111 0.4921875 0.5277777777777778 0.48515625 0.5263888888888889 0.48359375 0.5194444444444445 0.4859375 0.5152777777777777 0.49375 0.5166666666666667
0 0.10390625 0.7736111111111111 0.10625 0.7819444444444444 0.103125 0.7875 0.0953125 0.7916666666666666 0.0875 0.7888888888888889 0.08828125 0.7791666666666667 0.0984375 0.7722222222222223 0.103125 0.7736111111111111
0 0.49609375 0.6527777777777778 0.4984375 0.65 0.50859375 0.65 0.51015625 0.6541666666666667 0.51015625 0.6638888888888889 0.50390625 0.6708333333333333 0.4984375 0.6708333333333333 0.49453125 0.6666666666666666 0.49375 0.6611111111111111 0.49609375 0.6541666666666667
0 0.49375 0.41805555555555557 0.4984375 0.4222222222222222 0.49765625 0.42777777777777776 0.49453125 0.42916666666666664 0.48984375 0.42777777777777776 0.48828125 0.4236111111111111 0.48828125 0.42083333333333334 0.49296875 0.41805555555555557
0 0.51484375 0.7527777777777778 0.51875 0.7583333333333333 0.51953125 0.7694444444444445 0.5125 0.7763888888888889 0.5046875 0.7694444444444445 0.50390625 0.7597222222222222 0.50859375 0.7527777777777778 0.5140625 0.7527777777777778
0 0.55 0.7861111111111111 0.55390625 0.7888888888888889 0.55546875 0.7944444444444444 0.5546875 0.8069444444444445 0.55 0.8125 0.54296875 0.8111111111111111 0.53828125 0.8027777777777778 0.540625 0.7916666666666666 0.54921875 0.7861111111111111
0 0.6796875 0.8986111111111111 0.6890625 0.9055555555555556 0.6921875 0.9152777777777777 0.68984375 0.925 0.68203125 0.9305555555555556 0.675 0.9291666666666667 0.6703125 0.9208333333333333 0.67109375 0.9041666666666667 0.675 0.8986111111111111 0.67890625 0.8986111111111111
0 0.7140625 0.9333333333333333 0.71640625 0.9361111111111111 0.7171875 0.95 0.7125 0.9597222222222223 0.70546875 0.9611111111111111 0.69609375 0.9597222222222223 0.69375 0.9458333333333333 0.696875 0.9388888888888889 0.703125 0.9333333333333333 0.71328125 0.9333333333333333
0 0.6015625 0.7138888888888889 0.60625 0.7138888888888889 0.6109375 0.7263888888888889 0.60859375 0.7361111111111112 0.60234375 0.7388888888888889 0.59453125 0.7333333333333333 0.59296875 0.7277777777777777 0.59375 0.7138888888888889 0.60078125 0.7138888888888889
0 0.51171875 0.4236111111111111 0.515625 0.42777777777777776 0.51640625 0.4361111111111111 0.5109375 0.44166666666666665 0.5046875 0.4388888888888889 0.5046875 0.42777777777777776 0.5109375 0.4236111111111111
0 0.62109375 0.8541666666666666 0.6234375 0.8583333333333333 0.6234375 0.8694444444444445 0.61953125 0.875 0.6125 0.8708333333333333 0.609375 0.8597222222222223 0.615625 0.8527777777777777 0.6203125 0.8541666666666666
0 0.2546875 0.5930555555555556 0.25546875 0.6 0.25078125 0.6069444444444444 0.2453125 0.6055555555555555 0.24453125 0.5958333333333333 0.246875 0.5930555555555556 0.25390625 0.5930555555555556
0 0.671875 0.8652777777777778 0.68046875 0.8819444444444444 0.68046875 0.8875 0.675 0.8944444444444445 0.6640625 0.8930555555555556 0.659375 0.8875 0.65859375 0.8819444444444444 0.6578125 0.8722222222222222 0.659375 0.8666666666666667 0.6640625 0.8666666666666667 0.6671875 0.8625 0.67109375 0.8652777777777778
0 0.1546875 0.8361111111111111 0.15703125 0.8388888888888889 0.15703125 0.8458333333333333 0.1515625 0.8527777777777777 0.14609375 0.85 0.1453125 0.8416666666666667 0.1484375 0.8361111111111111 0.15390625 0.8361111111111111
0 0.48125 0.5708333333333333 0.4828125 0.5791666666666667 0.48046875 0.5819444444444445 0.4734375 0.5819444444444445 0.47109375 0.5777777777777777 0.47265625 0.5708333333333333 0.48046875 0.5708333333333333
0 0.5375 0.6888888888888889 0.53984375 0.6930555555555555 0.53984375 0.7 0.53515625 0.7055555555555556 0.5265625 0.7041666666666667 0.52421875 0.6958333333333333 0.53125 0.6888888888888889 0.53671875 0.6888888888888889
0 0.2296875 0.6416666666666667 0.2328125 0.6472222222222223 0.228125 0.6569444444444444 0.22109375 0.6541666666666667 0.2203125 0.6458333333333334 0.2234375 0.6416666666666667 0.22890625 0.6416666666666667
0 0.72890625 0.8833333333333333 0.7328125 0.8861111111111111 0.7359375 0.8944444444444445 0.73515625 0.9069444444444444 0.73125 0.9125 0.72109375 0.9097222222222222 0.715625 0.9 0.7171875 0.8902777777777777 0.72109375 0.8819444444444444 0.725 0.8805555555555555 0.728125 0.8833333333333333
0 0.561328125 0.8069444444444445 0.01796875 0.03611111111111111
0 0.5703125 0.9055555555555556 0.58046875 0.9138888888888889 0.5921875 0.9375 0.59140625 0.9472222222222222 0.58359375 0.9541666666666667 0.57578125 0.9513888888888888 0.56875 0.9361111111111111 0.559375 0.9277777777777778 0.55859375 0.9152777777777777 0.56015625 0.9069444444444444 0.56171875 0.9041666666666667 0.56953125 0.9055555555555556
0 0.159375 0.9 0.1640625 0.9097222222222222 0.1640625 0.9152777777777777 0.16171875 0.9180555555555555 0.15625 0.9180555555555555 0.153125 0.9138888888888889 0.15390625 0.9027777777777778 0.15859375 0.9
0 0.51484375 0.5819444444444445 0.515625 0.5916666666666667 0.5140625 0.5944444444444444 0.50625 0.5944444444444444 0.50390625 0.5902777777777778 0.50390625 0.5847222222222223 0.5078125 0.5805555555555556 0.5140625 0.5819444444444445
0 0.50859375 0.6388888888888888 0.5109375 0.6430555555555556 0.509375 0.6527777777777778 0.49765625 0.6527777777777778 0.49609375 0.65 0.496875 0.6402777777777777 0.5 0.6375 0.5078125 0.6388888888888888
0 0.2 0.8041666666666667 0.20234375 0.8069444444444445 0.20234375 0.8111111111111111 0.19921875 0.8180555555555555 0.1890625 0.8152777777777778 0.18984375 0.8069444444444445 0.19609375 0.8027777777777778 0.19921875 0.8041666666666667
0 0.4703125 0.6472222222222223 0.46953125 0.6388888888888888 0.47265625 0.6347222222222222 0.48046875 0.6361111111111111 0.48125 0.6458333333333334 0.47734375 0.65 0.47109375 0.6472222222222223
0 0.459375 0.7375 0.46796875 0.7361111111111112 0.47109375 0.7375 0.4734375 0.7430555555555556 0.4703125 0.7541666666666667 0.45859375 0.7555555555555555 0.45703125 0.7444444444444445 0.459375 0.7388888888888889
0 0.66796875 0.9527777777777777 0.6703125 0.9611111111111111 0.675 0.9625 0.678125 0.9569444444444445 0.68125 0.9625 0.68671875 0.9652777777777778 0.69296875 0.9833333333333333 0.68671875 0.9958333333333333 0.6828125 0.9986111111111111 0.66484375 0.9986111111111111 0.66171875 0.9902777777777778 0.665625 0.9805555555555555 0.66796875 0.9541666666666667
0 0.65546875 0.7736111111111111 0.6609375 0.7791666666666667 0.6625 0.7916666666666666 0.659375 0.7972222222222223 0.65390625 0.8 0.64609375 0.7930555555555555 0.6453125 0.7819444444444444 0.64765625 0.7763888888888889 0.6546875 0.7736111111111111
0 0.24453125 0.6527777777777778 0.246875 0.6569444444444444 0.246875 0.6625 0.2421875 0.6694444444444444 0.23671875 0.6680555555555555 0.23515625 0.6583333333333333 0.2375 0.6541666666666667 0.24375 0.6527777777777778
0 0.47109375 0.8555555555555555 0.47734375 0.8597222222222223 0.48046875 0.8666666666666667 0.4796875 0.8777777777777778 0.4734375 0.8833333333333333 0.46484375 0.8805555555555555 0.46171875 0.8736111111111111 0.46328125 0.8611111111111112 0.4703125 0.8555555555555555
0 0.64375 0.9805555555555555 0.64921875 0.9875 0.6515625 0.9944444444444445 0.65 0.9986111111111111 0.6296875 0.9986111111111111 0.63046875 0.9847222222222223 0.64296875 0.9819444444444444
0 0.5046875 0.5513888888888889 0.50859375 0.5569444444444445 0.50859375 0.5638888888888889 0.5046875 0.5666666666666667 0.5 0.5666666666666667 0.49609375 0.5625 0.49609375 0.5569444444444445 0.4984375 0.5527777777777778 0.50390625 0.5513888888888889
0 0.77578125 0.9166666666666666 0.7796875 0.9208333333333333 0.78046875 0.9263888888888889 0.77890625 0.9333333333333333 0.7734375 0.9402777777777778 0.76484375 0.9388888888888889 0.7609375 0.9319444444444445 0.7609375 0.9222222222222223 0.76328125 0.9166666666666666 0.775 0.9166666666666666
0 0.2203125 0.7152777777777778 0.22578125 0.725 0.225 0.7305555555555555 0.22109375 0.7347222222222223 0.2140625 0.7347222222222223 0.21171875 0.7277777777777777 0.2140625 0.7166666666666667 0.21953125 0.7152777777777778
0 0.053125 0.9430555555555555 0.05859375 0.9472222222222222 0.05859375 0.9555555555555556 0.053125 0.9638888888888889 0.05 0.9625 0.04609375 0.9555555555555556 0.04609375 0.9486111111111111 0.0484375 0.9444444444444444 0.05234375 0.9444444444444444
0 0.58203125 0.8180555555555555 0.584375 0.8236111111111111 0.584375 0.8319444444444445 0.57890625 0.8388888888888889 0.57109375 0.8361111111111111 0.56953125 0.8236111111111111 0.5734375 0.8166666666666667 0.58125 0.8180555555555555
0 0.54453125 0.9444444444444444 0.54765625 0.9513888888888888 0.5484375 0.9611111111111111 0.5453125 0.9680555555555556 0.540625 0.9708333333333333 0.5296875 0.9680555555555556 0.52734375 0.9625 0.52734375 0.9555555555555556 0.52890625 0.9486111111111111 0.5328125 0.9430555555555555 0.54375 0.9444444444444444
0 0.56171875 0.33055555555555555 0.565625 0.33194444444444443 0.56796875 0.32916666666666666 0.58828125 0.3388888888888889 0.59140625 0.34444444444444444 0.59140625 0.3486111111111111 0.58671875 0.3486111111111111 0.58515625 0.3541666666666667 0.58828125 0.3597222222222222 0.59765625 0.3625 0.5984375 0.36527777777777776 0.6 0.3625 0.6203125 0.35833333333333334 0.6328125 0.35138888888888886 0.63671875 0.3527777777777778 0.64375 0.3680555555555556 0.64453125 0.3763888888888889 0.6359375 0.37916666666666665 0.63671875 0.3763888888888889 0.6328125 0.36944444444444446 0.63046875 0.36944444444444446 0.62734375 0.37916666666666665 0.621875 0.37916666666666665 0.62109375 0.39166666666666666 0.63515625 0.39305555555555555 0.63984375 0.3902777777777778 0.64609375 0.4 0.65078125 0.39861111111111114 0.65390625 0.40694444444444444 0.65390625 0.4222222222222222 0.65859375 0.4305555555555556 0.6578125 0.4444444444444444 0.64375 0.45694444444444443 0.6421875 0.45416666666666666 0.63203125 0.4527777777777778 0.6375 0.44722222222222224 0.63203125 0.44583333333333336 0.63203125 0.4388888888888889 0.6296875 0.43472222222222223 0.6265625 0.4388888888888889 0.62109375 0.4388888888888889 0.61875 0.44305555555555554 0.62265625 0.4527777777777778 0.62734375 0.45555555555555555 0.62578125 0.4597222222222222 0.62890625 0.4666666666666667 0.63671875 0.4652777777777778 0.6421875 0.4708333333333333 0.6421875 0.48194444444444445 0.64453125 0.49166666666666664 0.653125 0.49444444444444446 0.665625 0.4930555555555556 0.665625 0.4875 0.66796875 0.4847222222222222 0.66953125 0.4888888888888889 0.665625 0.4930555555555556 0.66640625 0.5013888888888889 0.66328125 0.5013888888888889 0.6609375 0.5069444444444444 0.65859375 0.5027777777777778 0.653125 0.5041666666666667 0.65234375 0.5083333333333333 0.65625 0.5152777777777777 0.65078125 0.5180555555555556 0.64296875 0.5166666666666667 0.640625 0.5236111111111111 0.6296875 0.5222222222222223 0.628125 0.5291666666666667 0.63359375 0.5347222222222222 0.64296875 0.5347222222222222 0.64375 0.5375 0.6453125 0.5333333333333333 0.64765625 0.5333333333333333 0.65 0.5361111111111111 0.6484375 0.5388888888888889 0.64921875 0.5430555555555555 0.65390625 0.5458333333333333 0.65625 0.5416666666666666 0.65234375 0.5361111111111111 0.66171875 0.5319444444444444 0.66796875 0.5361111111111111 0.6703125 0.5430555555555555 0.66640625 0.5486111111111112 0.66171875 0.5444444444444444 0.65625 0.5444444444444444 0.65234375 0.55 0.653125 0.5555555555555556 0.66796875 0.5513888888888889 0.67109375 0.5541666666666667 0.6703125 0.5597222222222222 0.675 0.5694444444444444 0.678125 0.5597222222222222 0.6828125 0.5597222222222222 0.6859375 0.5541666666666667 0.69453125 0.5666666666666667 0.69296875 0.5791666666666667 0.68359375 0.5736111111111111 0.67734375 0.5736111111111111 0.67265625 0.5847222222222223 0.66875 0.5875 0.66875 0.5930555555555556 0.66171875 0.5930555555555556 0.6578125 0.5847222222222223 0.65078125 0.5875 0.64296875 0.5861111111111111 0.64375 0.5916666666666667 0.63671875 0.5930555555555556 0.63359375 0.5875 0.63203125 0.5888888888888889 0.63203125 0.5944444444444444 0.63671875 0.6 0.6390625 0.6111111111111112 0.64375 0.6097222222222223 0.65390625 0.6194444444444445 0.65625 0.6166666666666667 0.66171875 0.6194444444444445 0.65859375 0.6208333333333333 0.65625 0.6263888888888889 0.65859375 0.6347222222222222 0.6578125 0.6416666666666667 0.6671875 0.6486111111111111 0.6734375 0.6458333333333334 0.67109375 0.6347222222222222 0.67734375 0.6166666666666667 0.684375 0.6083333333333333 0.6875 0.6111111111111112 0.6828125 0.625 0.6875 0.6375 0.68359375 0.6430555555555556 0.68671875 0.6527777777777778 0.678125 0.65 0.6734375 0.6569444444444444 0.67421875 0.6680555555555555 0.67265625 0.675 0.675 0.6777777777777778 0.67578125 0.6875 0.67265625 0.6916666666666667 0.67109375 0.7041666666666667 0.67421875 0.7277777777777777 0.66875 0.7388888888888889 0.66875 0.7513888888888889 0.67265625 0.7611111111111111 0.66796875 0.7722222222222223 0.671875 0.7791666666666667 0.675 0.7694444444444445 0.67890625 0.7652777777777777 0.678125 0.7611111111111111 0.68125 0.7583333333333333 0.684375 0.7472222222222222 0.684375 0.7416666666666667 0.6765625 0.7277777777777777 0.68515625 0.7277777777777777 0.6890625 0.7333333333333333 0.696875 0.7361111111111112 0.7 0.7291666666666666 0.69375 0.7208333333333333 0.70078125 0.7194444444444444 0.70390625 0.7138888888888889 0.6953125 0.7027777777777777 0.69296875 0.6958333333333333 0.69140625 0.6861111111111111 0.69296875 0.675 0.690625 0.6708333333333333 0.690625 0.6625 0.69296875 0.6597222222222222 0.696875 0.6597222222222222 0.7046875 0.6666666666666666 0.69296875 0.6777777777777778 0.69375 0.6847222222222222 0.6984375 0.6930555555555555 0.69921875 0.6986111111111111 0.70390625 0.7 0.709375 0.7111111111111111 0.71796875 0.7180555555555556 0.721875 0.7180555555555556 0.7234375 0.7125 0.72578125 0.7180555555555556 0.73046875 0.7194444444444444 0.725 0.725 0.7140625 0.7236111111111111 0.70390625 0.7333333333333333 0.703125 0.7430555555555556 0.69921875 0.7541666666666667 0.70078125 0.7652777777777777 0.70390625 0.7708333333333334 0.69765625 0.7819444444444444 0.696875 0.7861111111111111 0.69921875 0.7888888888888889 0.6953125 0.7888888888888889 0.6921875 0.7847222222222222 0.68984375 0.7875 0.68671875 0.7930555555555555 0.68671875 0.8027777777777778 0.6828125 0.8069444444444445 0.68359375 0.8097222222222222 0.675 0.8083333333333333 0.66875 0.8027777777777778 0.6609375 0.8027777777777778 0.65078125 0.8125 0.64609375 0.8097222222222222 0.63828125 0.8138888888888889 0.64375 0.8222222222222222 0.64140625 0.8305555555555556 0.64375 0.8416666666666667 0.6421875 0.8458333333333333 0.63671875 0.8430555555555556 0.63203125 0.8486111111111111 0.63515625 0.8513888888888889 0.63515625 0.8555555555555555 0.6296875 0.8583333333333333 0.63046875 0.8666666666666667 0.6375 0.875 0.64296875 0.8763888888888889 0.63984375 0.8805555555555555 0.6390625 0.8777777777777778 0.6359375 0.8777777777777778 0.634375 0.8819444444444444 0.63828125 0.8847222222222222 0.6453125 0.8986111111111111 0.6453125 0.9111111111111111 0.6484375 0.9166666666666666 0.64921875 0.925 0.640625 0.9222222222222223 0.6328125 0.9222222222222223 0.63125 0.925 0.6296875 0.9305555555555556 0.63046875 0.9402777777777778 0.6375 0.9486111111111111 0.63671875 0.9527777777777777 0.62890625 0.9444444444444444 0.628125 0.9347222222222222 0.62421875 0.9291666666666667 0.6265625 0.9222222222222223 0.63515625 0.9138888888888889 0.63671875 0.9041666666666667 0.6328125 0.9 0.6234375 0.9111111111111111 0.6203125 0.9 0.61640625 0.9055555555555556 0.61171875 0.9055555555555556 0.61015625 0.9 0.6140625 0.8972222222222223 0.6140625 0.8861111111111111 0.61875 0.8819444444444444 0.615625 0.8791666666666667 0.6125 0.8833333333333333 0.60859375 0.8763888888888889 0.6125 0.8694444444444445 0.61640625 0.8722222222222222 0.62109375 0.8708333333333333 0.6203125 0.8847222222222222 0.625 0.8875 0.62890625 0.8833333333333333 0.625 0.8791666666666667 0.625 0.8722222222222222 0.62265625 0.8694444444444445 0.628125 0.8680555555555556 0.6296875 0.8583333333333333 0.62109375 0.8527777777777777 0.6203125 0.8444444444444444 0.6171875 0.8416666666666667 0.62109375 0.8402777777777778 0.6234375 0.8333333333333334 0.6296875 0.8277777777777777 0.62890625 0.8236111111111111 0.634375 0.8180555555555555 0.63359375 0.8152777777777778 0.6296875 0.8166666666666667 0.628125 0.8138888888888889 0.6296875 0.8027777777777778 0.62578125 0.8 0.63671875 0.7986111111111112 0.63984375 0.7916666666666666 0.634375 0.7875 0.6265625 0.7875 0.625 0.7902777777777777 0.628125 0.7930555555555555 0.61328125 0.7958333333333333 0.62109375 0.8027777777777778 0.61953125 0.8069444444444445 0.6125 0.8027777777777778 0.60546875 0.8069444444444445 0.60234375 0.8041666666666667 0.6078125 0.7958333333333333 0.6046875 0.7916666666666666 0.60703125 0.7847222222222222 0.6140625 0.7833333333333333 0.61328125 0.775 0.60859375 0.7763888888888889 0.60703125 0.7680555555555556 0.60390625 0.7638888888888888 0.59375 0.7736111111111111 0.58984375 0.7736111111111111 0.58671875 0.7694444444444445 0.59296875 0.7638888888888888 0.59453125 0.7583333333333333 0.6015625 0.7597222222222222 0.6046875 0.7555555555555555 0.5984375 0.7416666666666667 0.59375 0.7416666666666667 0.6046875 0.7319444444444444 0.60234375 0.7263888888888889 0.60390625 0.7222222222222222 0.6015625 0.7194444444444444 0.61640625 0.725 0.6171875 0.7208333333333333 0.62421875 0.7166666666666667 0.61796875 0.7069444444444445 0.60546875 0.7069444444444445 0.60390625 0.6972222222222222 0.5984375 0.6888888888888889 0.590625 0.6902777777777778 0.590625 0.6861111111111111 0.59921875 0.6847222222222222 0.59453125 0.6791666666666667 0.59453125 0.675 0.5984375 0.6736111111111112 0.6 0.6680555555555555 0.59609375 0.6666666666666666 0.58828125 0.6722222222222223 0.5875 0.6625 0.60703125 0.6527777777777778 0.609375 0.6527777777777778 0.6125 0.6597222222222222 0.615625 0.6541666666666667 0.609375 0.6375 0.60625 0.6402777777777777 0.59453125 0.6402777777777777 0.5859375 0.6361111111111111 0.59140625 0.6347222222222222 0.5921875 0.6319444444444444 0.58984375 0.6291666666666667 0.59375 0.625 0.59921875 0.625 0.59921875 0.6208333333333333 0.5953125 0.6166666666666667 0.5984375 0.6138888888888889 0.59921875 0.6069444444444444 0.596875 0.6013888888888889 0.5859375 0.6 0.58671875 0.5944444444444444 0.5828125 0.5888888888888889 0.578125 0.5875 0.578125 0.5833333333333334 0.57109375 0.5875 0.5671875 0.5833333333333334 0.56953125 0.5791666666666667 0.58125 0.5791666666666667 0.5859375 0.575 0.584375 0.5708333333333333 0.578125 0.5736111111111111 0.57109375 0.5708333333333333 0.5734375 0.5666666666666667 0.57109375 0.5638888888888889 0.5703125 0.5541666666666667 0.57265625 0.5458333333333333 0.571875 0.5361111111111111 0.57421875 0.5333333333333333 0.5828125 0.5333333333333333 0.58203125 0.5236111111111111 0.5859375 0.5236111111111111 0.58515625 0.5319444444444444 0.58671875 0.5347222222222222 0.59140625 0.5402777777777777 0.59375 0.5375 0.59453125 0.525 0.59296875 0.5194444444444445 0.5859375 0.5152777777777777 0.59140625 0.5041666666666667 0.5890625 0.5 0.58515625 0.5 0.57265625 0.5138888888888888 0.56171875 0.5138888888888888 0.5625 0.5083333333333333 0.56015625 0.5041666666666667 0.55546875 0.5041666666666667 0.553125 0.5111111111111111 0.546875 0.5055555555555555 0.5453125 0.4986111111111111 0.54609375 0.49027777777777776 0.55390625 0.49027777777777776 0.55546875 0.4875 0.55390625 0.47638888888888886 0.55625 0.4666666666666667 0.56015625 0.4625 0.55 0.4527777777777778 0.5484375 0.44583333333333336 0.55234375 0.44166666666666665 0.5515625 0.42777777777777776 0.5484375 0.42083333333333334 0.5484375 0.4152777777777778 0.546875 0.4125 0.540625 0.41388888888888886 0.53828125 0.4111111111111111 0.53984375 0.40555555555555556 0.54296875 0.4041666666666667 0.5453125 0.4041666666666667 0.546875 0.4083333333333333 0.5484375 0.4013888888888889 0.54296875 0.3972222222222222 0.54765625 0.39305555555555555 0.54453125 0.38333333333333336 0.5453125 0.3763888888888889 0.54140625 0.36944444444444446 0.5515625 0.3625 0.5453125 0.3486111111111111 0.5453125 0.3347222222222222 0.55 0.32916666666666666 0.5609375 0.33055555555555555
0 0.6171875 0.7111111111111111 0.62265625 0.7208333333333333 0.61953125 0.7291666666666666 0.60859375 0.7277777777777777 0.6046875 0.7208333333333333 0.60546875 0.7125 0.61015625 0.7097222222222223 0.61640625 0.7111111111111111
0 0.115625 0.9333333333333333 0.11640625 0.9444444444444444 0.11015625 0.9513888888888888 0.10546875 0.9486111111111111 0.10546875 0.9375 0.11484375 0.9333333333333333
0 0.60546875 0.7666666666666667 0.6125 0.7722222222222223 0.6125 0.7819444444444444 0.60625 0.7875 0.5984375 0.7847222222222222 0.596875 0.7791666666666667 0.59765625 0.7722222222222223 0.60078125 0.7680555555555556 0.6046875 0.7680555555555556
0 0.71328125 0.9027777777777778 0.7265625 0.9138888888888889 0.73046875 0.9111111111111111 0.7328125 0.9138888888888889 0.72421875 0.9166666666666666 0.71953125 0.9305555555555556 0.71328125 0.9375 0.70546875 0.9347222222222222 0.69921875 0.9222222222222223 0.7046875 0.9041666666666667 0.7125 0.9027777777777778
0 0.63203125 0.9486111111111111 0.6375 0.9638888888888889 0.63359375 0.9736111111111111 0.63046875 0.975 0.61953125 0.9736111111111111 0.615625 0.9666666666666667 0.615625 0.9569444444444445 0.61875 0.9486111111111111 0.63125 0.9486111111111111
0 0.17890625 0.8819444444444444 0.1828125 0.8861111111111111 0.1828125 0.8930555555555556 0.17734375 0.8986111111111111 0.171875 0.8972222222222223 0.17109375 0.8888888888888888 0.175 0.8805555555555555 0.178125 0.8819444444444444
0 0.58359375 0.7194444444444444 0.5859375 0.7333333333333333 0.58125 0.7375 0.57265625 0.7333333333333333 0.5703125 0.7291666666666666 0.5703125 0.7236111111111111 0.5734375 0.7180555555555556 0.57734375 0.7166666666666667 0.5828125 0.7194444444444444
0 0.26015625 0.6277777777777778 0.2625 0.6305555555555555 0.2625 0.6388888888888888 0.259375 0.6444444444444445 0.253125 0.6444444444444445 0.25078125 0.6402777777777777 0.2515625 0.6305555555555555 0.259375 0.6277777777777778
0 0.6328125 0.8944444444444445 0.63671875 0.9013888888888889 0.63671875 0.9097222222222222 0.63125 0.9166666666666666 0.6234375 0.9138888888888889 0.62109375 0.9097222222222222 0.6203125 0.8986111111111111 0.62421875 0.8930555555555556 0.63203125 0.8944444444444445
0 0.49921875 0.8694444444444445 0.5015625 0.8722222222222222 0.50234375 0.8847222222222222 0.49921875 0.8902777777777777 0.4953125 0.8916666666666667 0.4859375 0.8875 0.48359375 0.8833333333333333 0.48359375 0.8777777777777778 0.4875 0.8708333333333333 0.4984375 0.8694444444444445
0 0.56484375 0.9027777777777778 0.5734375 0.9069444444444444 0.58203125 0.9180555555555555 0.5796875 0.9236111111111112 0.56796875 0.9333333333333333 0.56171875 0.9319444444444445 0.55859375 0.9263888888888889 0.55859375 0.9111111111111111 0.5609375 0.9041666666666667 0.5640625 0.9027777777777778
0 0.6171875 0.8083333333333333 0.62421875 0.8125 0.62734375 0.8222222222222222 0.62734375 0.8319444444444445 0.6234375 0.8375 0.615625 0.8361111111111111 0.609375 0.8291666666666667 0.60625 0.8208333333333333 0.60859375 0.8097222222222222 0.61640625 0.8083333333333333
0 0.63359375 0.8416666666666667 0.64375 0.8458333333333333 0.6484375 0.8513888888888889 0.64765625 0.8652777777777778 0.640625 0.8708333333333333 0.63125 0.8680555555555556 0.6234375 0.8583333333333333 0.625 0.8486111111111111 0.6328125 0.8416666666666667
0 0.5578125 0.6208333333333333 0.56796875 0.6375 0.56328125 0.6472222222222223 0.55625 0.6458333333333334 0.5484375 0.6291666666666667 0.54921875 0.6222222222222222 0.55703125 0.6208333333333333
0 0.64140625 0.6694444444444444 0.64921875 0.6805555555555556 0.64921875 0.6875 0.64375 0.6930555555555555 0.63671875 0.6930555555555555 0.63125 0.6847222222222222 0.63203125 0.6708333333333333 0.640625 0.6694444444444444
0 0.584375 0.9222222222222223 0.58984375 0.9305555555555556 0.5921875 0.9388888888888889 0.59140625 0.9472222222222222 0.584375 0.9541666666666667 0.575 0.95 0.571875 0.9361111111111111 0.57421875 0.9277777777777778 0.58359375 0.9222222222222223
0 0.49765625 0.7333333333333333 0.50078125 0.7347222222222223 0.503125 0.7402777777777778 0.503125 0.7472222222222222 0.49921875 0.7541666666666667 0.4921875 0.7541666666666667 0.48671875 0.7486111111111111 0.48671875 0.7416666666666667 0.4890625 0.7361111111111112 0.496875 0.7333333333333333
0 0.49375 0.9430555555555555 0.49921875 0.9458333333333333 0.50078125 0.95 0.49921875 0.9666666666666667 0.49453125 0.9694444444444444 0.484375 0.9666666666666667 0.48125 0.9597222222222223 0.48125 0.9541666666666667 0.48515625 0.9458333333333333 0.49296875 0.9430555555555555
0 0.62890625 0.7513888888888889 0.63359375 0.7458333333333333 0.63828125 0.7541666666666667 0.64765625 0.7555555555555555 0.65078125 0.7597222222222222 0.65078125 0.7736111111111111 0.64296875 0.7847222222222222 0.63828125 0.7861111111111111 0.6296875 0.7694444444444445 0.6296875 0.7527777777777778
