0 0.6770833333333334 0.62939453125 0.010416666666666666 0.0068359375
0 0.5086805555555556 0.5888671875 0.5138888888888888 0.5908203125 0.5121527777777778 0.5966796875 0.5052083333333334 0.59765625 0.5034722222222222 0.595703125 0.5069444444444444 0.58984375
0 0.25 0.5634765625 0.2517361111111111 0.5673828125 0.24131944444444445 0.5673828125 0.24131944444444445 0.564453125 0.2482638888888889 0.5634765625
0 0.3107638888888889 0.568359375 0.3142361111111111 0.5693359375 0.3107638888888889 0.5732421875 0.3020833333333333 0.5712890625 0.3038194444444444 0.568359375 0.3090277777777778 0.568359375
0 0.5954861111111112 0.5908203125 0.5954861111111112 0.595703125 0.5902777777777778 0.599609375 0.578125 0.599609375 0.578125 0.59375 0.5798611111111112 0.591796875 0.59375 0.5908203125
0 0.078125 0.55859375 0.013888888888888888 0.0078125
0 0.1388888888888889 0.5458984375 0.14756944444444445 0.546875 0.14756944444444445 0.5498046875 0.140625 0.5498046875 0.1388888888888889 0.546875
0 0.3819444444444444 0.57421875 0.3784722222222222 0.5791015625 0.3715277777777778 0.5791015625 0.3697916666666667 0.5751953125 0.3802083333333333 0.57421875
0 0.2013888888888889 0.55859375 0.2065972222222222 0.5595703125 0.203125 0.5634765625 0.2013888888888889 0.5595703125
0 0.3368055555555556 0.5703125 0.3368055555555556 0.57421875 0.3298611111111111 0.576171875 0.3263888888888889 0.5751953125 0.3263888888888889 0.5712890625 0.3315972222222222 0.5693359375 0.3350694444444444 0.5703125
0 0.4236111111111111 0.5859375 0.4253472222222222 0.578125 0.4340277777777778 0.578125 0.4322916666666667 0.5859375 0.4253472222222222 0.5859375
0 0.9930555555555556 0.625 0.9861111111111112 0.623046875 0.9861111111111112 0.6201171875 0.9930555555555556 0.619140625 0.9965277777777778 0.62109375 0.9947916666666666 0.6240234375
0 0.2864583333333333 0.60986328125 0.013888888888888888 0.0087890625
0 0.4826388888888889 0.5859375 0.484375 0.591796875 0.4809027777777778 0.5947265625 0.4739583333333333 0.59375 0.4739583333333333 0.5869140625 0.4809027777777778 0.5859375
0 0.59375 0.6220703125 0.6006944444444444 0.6220703125 0.6006944444444444 0.6328125 0.59375 0.6328125 0.5920138888888888 0.630859375 0.59375 0.623046875
0 0.265625 0.5654296875 0.265625 0.568359375 0.2534722222222222 0.5673828125 0.2569444444444444 0.564453125 0.2638888888888889 0.5654296875
0 0.6753472222222222 0.587890625 0.6805555555555556 0.5888671875 0.6805555555555556 0.5927734375 0.6736111111111112 0.5986328125 0.6666666666666666 0.5986328125 0.6631944444444444 0.595703125 0.6631944444444444 0.5908203125 0.6736111111111112 0.587890625
0 0.625 0.5888671875 0.6267361111111112 0.5927734375 0.6197916666666666 0.5986328125 0.6111111111111112 0.59765625 0.6111111111111112 0.5908203125 0.6145833333333334 0.5888671875 0.6232638888888888 0.5888671875
0 0.11458333333333333 0.5400390625 0.11805555555555555 0.54296875 0.10590277777777778 0.546875 0.10590277777777778 0.5419921875 0.11284722222222222 0.5400390625
0 0.9965277777777778 0.60546875 0.9982638888888888 0.61328125 0.9930555555555556 0.615234375 0.9809027777777778 0.615234375 0.9756944444444444 0.6123046875 0.9791666666666666 0.607421875 0.9947916666666666 0.60546875
0 0.2725694444444444 0.5703125 0.2743055555555556 0.56640625 0.2847222222222222 0.5673828125 0.2829861111111111 0.5703125 0.2743055555555556 0.5703125
0 0.4583333333333333 0.583984375 0.4652777777777778 0.5830078125 0.4704861111111111 0.5849609375 0.4670138888888889 0.591796875 0.4583333333333333 0.5908203125 0.4583333333333333 0.5849609375
0 0.5260416666666666 0.5986328125 0.5295138888888888 0.591796875 0.5381944444444444 0.591796875 0.5399305555555556 0.595703125 0.5347222222222222 0.599609375 0.5277777777777778 0.5986328125
0 0.2326388888888889 0.6005859375 0.234375 0.607421875 0.2309027777777778 0.609375 0.22569444444444445 0.60546875 0.22743055555555555 0.6015625 0.2309027777777778 0.6005859375
0 0.6527777777777778 0.5888671875 0.6545138888888888 0.5927734375 0.6475694444444444 0.5986328125 0.6388888888888888 0.59765625 0.6371527777777778 0.59375 0.6423611111111112 0.5888671875 0.6510416666666666 0.5888671875
0 0.359375 0.572265625 0.3611111111111111 0.576171875 0.3576388888888889 0.578125 0.3489583333333333 0.5771484375 0.3489583333333333 0.57421875 0.3576388888888889 0.572265625
0 0.7777777777777778 0.5966796875 0.78125 0.59765625 0.78125 0.6005859375 0.7743055555555556 0.60546875 0.7638888888888888 0.603515625 0.7638888888888888 0.59765625 0.7690972222222222 0.595703125 0.7760416666666666 0.5966796875
0 0.5086805555555556 0.5888671875 0.5138888888888888 0.5908203125 0.5121527777777778 0.5966796875 0.5052083333333334 0.59765625 0.5034722222222222 0.595703125 0.5069444444444444 0.58984375
0 0.25 0.5634765625 0.2517361111111111 0.5673828125 0.24131944444444445 0.5673828125 0.24131944444444445 0.564453125 0.2482638888888889 0.5634765625
0 0.3107638888888889 0.568359375 0.3142361111111111 0.5693359375 0.3107638888888889 0.5732421875 0.3020833333333333 0.5712890625 0.3038194444444444 0.568359375 0.3090277777777778 0.568359375
0 0.5954861111111112 0.5908203125 0.5954861111111112 0.595703125 0.5902777777777778 0.599609375 0.578125 0.599609375 0.578125 0.59375 0.5798611111111112 0.591796875 0.59375 0.5908203125
0 0.078125 0.55859375 0.013888888888888888 0.0078125
0 0.1388888888888889 0.5458984375 0.14756944444444445 0.546875 0.14756944444444445 0.5498046875 0.140625 0.5498046875 0.1388888888888889 0.546875
0 0.3819444444444444 0.57421875 0.3784722222222222 0.5791015625 0.3715277777777778 0.5791015625 0.3697916666666667 0.5751953125 0.3802083333333333 0.57421875
0 0.3368055555555556 0.5703125 0.3368055555555556 0.57421875 0.3298611111111111 0.576171875 0.3263888888888889 0.5751953125 0.3263888888888889 0.5712890625 0.3315972222222222 0.5693359375 0.3350694444444444 0.5703125
0 0.4236111111111111 0.5859375 0.4253472222222222 0.578125 0.4340277777777778 0.578125 0.4322916666666667 0.5859375 0.4253472222222222 0.5859375
0 0.9930555555555556 0.625 0.9861111111111112 0.623046875 0.9861111111111112 0.6201171875 0.9930555555555556 0.619140625 0.9965277777777778 0.62109375 0.9947916666666666 0.6240234375
0 0.4826388888888889 0.5859375 0.484375 0.591796875 0.4809027777777778 0.5947265625 0.4739583333333333 0.59375 0.4739583333333333 0.5869140625 0.4809027777777778 0.5859375
0 0.59375 0.6220703125 0.6006944444444444 0.6220703125 0.6006944444444444 0.6328125 0.59375 0.6328125 0.5920138888888888 0.630859375 0.59375 0.623046875
0 0.265625 0.5654296875 0.265625 0.568359375 0.2534722222222222 0.5673828125 0.2569444444444444 0.564453125 0.2638888888888889 0.5654296875
0 0.6753472222222222 0.587890625 0.6805555555555556 0.5888671875 0.6805555555555556 0.5927734375 0.6736111111111112 0.5986328125 0.6666666666666666 0.5986328125 0.6631944444444444 0.595703125 0.6631944444444444 0.5908203125 0.6736111111111112 0.587890625
0 0.625 0.5888671875 0.6267361111111112 0.5927734375 0.6197916666666666 0.5986328125 0.6111111111111112 0.59765625 0.6111111111111112 0.5908203125 0.6145833333333334 0.5888671875 0.6232638888888888 0.5888671875
0 0.9965277777777778 0.60546875 0.9982638888888888 0.61328125 0.9930555555555556 0.615234375 0.9809027777777778 0.615234375 0.9756944444444444 0.6123046875 0.9791666666666666 0.607421875 0.9947916666666666 0.60546875
0 0.2725694444444444 0.5703125 0.2743055555555556 0.56640625 0.2847222222222222 0.5673828125 0.2829861111111111 0.5703125 0.2743055555555556 0.5703125
0 0.4583333333333333 0.583984375 0.4652777777777778 0.5830078125 0.4704861111111111 0.5849609375 0.4670138888888889 0.591796875 0.4583333333333333 0.5908203125 0.4583333333333333 0.5849609375
0 0.5260416666666666 0.5986328125 0.5295138888888888 0.591796875 0.5381944444444444 0.591796875 0.5399305555555556 0.595703125 0.5347222222222222 0.599609375 0.5277777777777778 0.5986328125
0 0.6527777777777778 0.5888671875 0.6545138888888888 0.5927734375 0.6475694444444444 0.5986328125 0.6388888888888888 0.59765625 0.6371527777777778 0.59375 0.6423611111111112 0.5888671875 0.6510416666666666 0.5888671875
0 0.359375 0.572265625 0.3611111111111111 0.576171875 0.3576388888888889 0.578125 0.3489583333333333 0.5771484375 0.3489583333333333 0.57421875 0.3576388888888889 0.572265625
0 0.7777777777777778 0.5966796875 0.78125 0.59765625 0.78125 0.6005859375 0.7743055555555556 0.60546875 0.7638888888888888 0.603515625 0.7638888888888888 0.59765625 0.7690972222222222 0.595703125 0.7760416666666666 0.5966796875
