0 0.40305010893246185 0.6764705882352942 0.4095860566448802 0.6813725490196079 0.42483660130718953 0.6813725490196079 0.43137254901960786 0.684640522875817 0.43790849673202614 0.6830065359477124 0.4422657952069717 0.6895424836601307 0.45098039215686275 0.6911764705882353 0.45751633986928103 0.6895424836601307 0.4749455337690632 0.6895424836601307 0.477124183006536 0.6911764705882353 0.4923747276688453 0.6895424836601307 0.49673202614379086 0.6928104575163399 0.5119825708061002 0.6911764705882353 0.5337690631808278 0.7026143790849673 0.5490196078431373 0.7009803921568627 0.5533769063180828 0.7075163398692811 0.5642701525054467 0.7075163398692811 0.5708061002178649 0.7124183006535948 0.5708061002178649 0.7173202614379085 0.5838779956427015 0.7271241830065359 0.5947712418300654 0.7336601307189542 0.616557734204793 0.7401960784313726 0.6252723311546841 0.7467320261437909 0.6318082788671024 0.7598039215686274 0.644880174291939 0.7712418300653595 0.6514161220043573 0.7745098039215687 0.6579520697167756 0.7745098039215687 0.664488017429194 0.7810457516339869 0.6710239651416122 0.7810457516339869 0.6797385620915033 0.7875816993464052 0.6840958605664488 0.7990196078431373 0.6840958605664488 0.8186274509803921 0.6862745098039216 0.8202614379084967 0.6840958605664488 0.8366013071895425 0.681917211328976 0.8382352941176471 0.6840958605664488 0.8513071895424836 0.6884531590413944 0.8545751633986928 0.7058823529411765 0.8562091503267973 0.7167755991285403 0.8627450980392157 0.7233115468409586 0.8594771241830066 0.7298474945533769 0.8594771241830066 0.7363834422657952 0.8545751633986928 0.7429193899782135 0.8578431372549019 0.7407407407407407 0.8709150326797386 0.7429193899782135 0.8725490196078431 0.7516339869281046 0.8709150326797386 0.7538126361655774 0.869281045751634 0.7538126361655774 0.8611111111111112 0.7581699346405228 0.8660130718954249 0.7581699346405228 0.8741830065359477 0.7603485838779956 0.8758169934640523 0.7407407407407407 0.8758169934640523 0.7276688453159041 0.8790849673202614 0.7254901960784313 0.8823529411764706 0.7189542483660131 0.8823529411764706 0.7145969498910676 0.8774509803921569 0.7080610021786492 0.8790849673202614 0.6993464052287581 0.8774509803921569 0.6971677559912854 0.8758169934640523 0.6993464052287581 0.8709150326797386 0.6928104575163399 0.8643790849673203 0.6884531590413944 0.8660130718954249 0.6862745098039216 0.8643790849673203 0.6775599128540305 0.8643790849673203 0.6688453159041394 0.869281045751634 0.6601307189542484 0.8676470588235294 0.6579520697167756 0.869281045751634 0.6601307189542484 0.8758169934640523 0.6579520697167756 0.8790849673202614 0.6623093681917211 0.8823529411764706 0.6666666666666666 0.8823529411764706 0.6688453159041394 0.8888888888888888 0.664488017429194 0.8970588235294118 0.6688453159041394 0.9003267973856209 0.673202614379085 0.8986928104575164 0.690631808278867 0.9003267973856209 0.6928104575163399 0.8937908496732027 0.6971677559912854 0.8937908496732027 0.7015250544662309 0.8986928104575164 0.7015250544662309 0.9084967320261438 0.6993464052287581 0.9101307189542484 0.7015250544662309 0.9133986928104575 0.6949891067538126 0.923202614379085 0.6862745098039216 0.9215686274509803 0.6775599128540305 0.9101307189542484 0.6753812636165577 0.9117647058823529 0.664488017429194 0.9101307189542484 0.6601307189542484 0.9133986928104575 0.6601307189542484 0.9183006535947712 0.6535947712418301 0.9215686274509803 0.6492374727668845 0.9199346405228758 0.6318082788671024 0.9281045751633987 0.6252723311546841 0.9411764705882353 0.6122004357298475 0.9477124183006536 0.6122004357298475 0.954248366013072 0.6056644880174292 0.9558823529411765 0.6034858387799564 0.954248366013072 0.5947712418300654 0.954248366013072 0.5816993464052288 0.9493464052287581 0.5686274509803921 0.9640522875816994 0.5642701525054467 0.9738562091503268 0.5468409586056645 0.9754901960784313 0.5359477124183006 0.9836601307189542 0.5359477124183006 0.9869281045751634 0.5315904139433552 0.9869281045751634 0.5359477124183006 0.9836601307189542 0.5337690631808278 0.9820261437908496 0.5250544662309368 0.9820261437908496 0.5228758169934641 0.9836601307189542 0.5272331154684096 0.988562091503268 0.5272331154684096 0.9934640522875817 0.5228758169934641 0.9918300653594772 0.5163398692810458 0.9934640522875817 0.514161220043573 0.9901960784313726 0.5206971677559913 0.9836601307189542 0.5163398692810458 0.9803921568627451 0.5119825708061002 0.9803921568627451 0.5032679738562091 0.9738562091503268 0.5010893246187363 0.9689542483660131 0.49673202614379086 0.9689542483660131 0.49455337690631807 0.9705882352941176 0.49673202614379086 0.9722222222222222 0.4880174291938998 0.9771241830065359 0.49455337690631807 0.9820261437908496 0.49455337690631807 0.9869281045751634 0.49019607843137253 0.9869281045751634 0.485838779956427 0.9934640522875817 0.47276688453159044 0.9934640522875817 0.4749455337690632 0.9869281045751634 0.47276688453159044 0.9852941176470589 0.4662309368191721 0.988562091503268 0.4684095860566449 0.9934640522875817 0.46405228758169936 0.9934640522875817 0.4662309368191721 0.9901960784313726 0.4596949891067538 0.9869281045751634 0.4553376906318083 0.9934640522875817 0.42919389978213507 0.9934640522875817 0.4226579520697168 0.988562091503268 0.41830065359477125 0.9901960784313726 0.4139433551198257 0.988562091503268 0.39433551198257083 0.9934640522875817 0.3572984749455338 0.9934640522875817 0.355119825708061 0.9918300653594772 0.32679738562091504 0.9934640522875817 0.32679738562091504 0.9901960784313726 0.3224400871459695 0.9869281045751634 0.3224400871459695 0.9820261437908496 0.3159041394335512 0.9803921568627451 0.30718954248366015 0.9836601307189542 0.3093681917211329 0.9852941176470589 0.30718954248366015 0.9934640522875817 0.2984749455337691 0.9934640522875817 0.2962962962962963 0.9950980392156863 0.24183006535947713 0.9934640522875817 0.23965141612200436 0.9918300653594772 0.23311546840958605 0.9934640522875817 0.23093681917211328 0.9918300653594772 0.22657952069716775 0.9934640522875817 0.18736383442265794 0.9934640522875817 0.18518518518518517 0.9918300653594772 0.17429193899782136 0.9918300653594772 0.16993464052287582 0.988562091503268 0.16993464052287582 0.9803921568627451 0.16775599128540306 0.9787581699346405 0.16339869281045752 0.9803921568627451 0.1568627450980392 0.9787581699346405 0.1503267973856209 0.9738562091503268 0.14596949891067537 0.9771241830065359 0.14814814814814814 0.9803921568627451 0.13507625272331156 0.9771241830065359 0.13071895424836602 0.9640522875816994 0.11982570806100218 0.9591503267973857 0.11982570806100218 0.9558823529411765 0.11546840958605664 0.9526143790849673 0.11764705882352941 0.9493464052287581 0.11546840958605664 0.9477124183006536 0.11546840958605664 0.934640522875817 0.1111111111111111 0.9215686274509803 0.10893246187363835 0.9199346405228758 0.10457516339869281 0.923202614379085 0.10021786492374728 0.9199346405228758 0.09586056644880174 0.923202614379085 0.09368191721132897 0.9166666666666666 0.09803921568627451 0.9199346405228758 0.10021786492374728 0.9183006535947712 0.10457516339869281 0.9052287581699346 0.10021786492374728 0.9019607843137255 0.09586056644880174 0.9052287581699346 0.0915032679738562 0.9035947712418301 0.09368191721132897 0.8954248366013072 0.10239651416122005 0.8905228758169934 0.10457516339869281 0.8921568627450981 0.10675381263616558 0.8905228758169934 0.10675381263616558 0.8823529411764706 0.10893246187363835 0.880718954248366 0.1111111111111111 0.8643790849673203 0.10675381263616558 0.8513071895424836 0.1111111111111111 0.8480392156862745 0.11328976034858387 0.8415032679738562 0.10893246187363835 0.8284313725490197 0.10893246187363835 0.8169934640522876 0.11328976034858387 0.8137254901960784 0.12200435729847495 0.7941176470588235 0.13507625272331156 0.7859477124183006 0.13725490196078433 0.7810457516339869 0.16339869281045752 0.761437908496732 0.16775599128540306 0.761437908496732 0.17647058823529413 0.7549019607843137 0.1786492374727669 0.75 0.19172113289760348 0.738562091503268 0.2047930283224401 0.7303921568627451 0.22004357298474944 0.7124183006535948 0.22440087145969498 0.7091503267973857 0.23093681917211328 0.7091503267973857 0.2440087145969499 0.6993464052287581 0.24836601307189543 0.7009803921568627 0.2570806100217865 0.6977124183006536 0.26143790849673204 0.6911764705882353 0.2701525054466231 0.6911764705882353 0.27450980392156865 0.6944444444444444 0.2766884531590414 0.6928104575163399 0.28322440087145967 0.6944444444444444 0.28104575163398693 0.6977124183006536 0.28322440087145967 0.7009803921568627 0.2962962962962963 0.7009803921568627 0.3006535947712418 0.6911764705882353 0.32679738562091504 0.6895424836601307 0.3355119825708061 0.6781045751633987 0.3442265795206972 0.6830065359477124 0.3485838779956427 0.6830065359477124 0.35076252723311546 0.6813725490196079 0.35947712418300654 0.6813725490196079 0.3660130718954248 0.6764705882352942 0.37254901960784315 0.6748366013071896 0.3790849673202614 0.6781045751633987 0.39215686274509803 0.6748366013071896 0.4008714596949891 0.6764705882352942
0 0.6710239651416122 0.45751633986928103 0.673202614379085 0.4591503267973856 0.6753812636165577 0.45751633986928103 0.7472766884531591 0.45751633986928103 0.7494553376906318 0.4591503267973856 0.7930283224400871 0.45751633986928103 0.8148148148148148 0.4624183006535948 0.8191721132897604 0.46568627450980393 0.8191721132897604 0.46895424836601307 0.7908496732026143 0.4803921568627451 0.7777777777777778 0.4820261437908497 0.7734204793028322 0.4852941176470588 0.7668845315904139 0.4852941176470588 0.7516339869281046 0.4934640522875817 0.7342047930283224 0.4950980392156863 0.7189542483660131 0.4918300653594771 0.6993464052287581 0.4918300653594771 0.6797385620915033 0.49673202614379086 0.664488017429194 0.49673202614379086 0.6601307189542484 0.5016339869281046 0.6601307189542484 0.5098039215686274 0.6535947712418301 0.511437908496732 0.6557734204793029 0.5147058823529411 0.6470588235294118 0.5147058823529411 0.644880174291939 0.5130718954248366 0.6361655773420479 0.5147058823529411 0.6274509803921569 0.5228758169934641 0.6252723311546841 0.5326797385620915 0.616557734204793 0.5441176470588235 0.616557734204793 0.5522875816993464 0.6100217864923747 0.5571895424836601 0.6143790849673203 0.5604575163398693 0.6013071895424836 0.5637254901960784 0.5751633986928104 0.5833333333333334 0.5577342047930284 0.5980392156862745 0.5533769063180828 0.6094771241830066 0.5490196078431373 0.6127450980392157 0.5381263616557734 0.6094771241830066 0.5337690631808278 0.6045751633986928 0.5337690631808278 0.5964052287581699 0.5403050108932462 0.5866013071895425 0.5446623093681917 0.5718954248366013 0.5490196078431373 0.5669934640522876 0.5490196078431373 0.5506535947712419 0.5446623093681917 0.5441176470588235 0.5490196078431373 0.5310457516339869 0.5751633986928104 0.5147058823529411 0.5773420479302832 0.5098039215686274 0.5882352941176471 0.5032679738562091 0.5904139433551199 0.49836601307189543 0.6034858387799564 0.4918300653594771 0.6034858387799564 0.48856209150326796 0.6122004357298475 0.4803921568627451 0.6383442265795207 0.4673202614379085 0.6535947712418301 0.46405228758169936 0.6623093681917211 0.4591503267973856 0.6688453159041394 0.4591503267973856
0 0.5185185185185185 0.4477124183006536 0.5206971677559913 0.4493464052287582 0.5294117647058824 0.4493464052287582 0.5446623093681917 0.45588235294117646 0.5533769063180828 0.45588235294117646 0.5533769063180828 0.4591503267973856 0.514161220043573 0.46568627450980393 0.46405228758169936 0.46568627450980393 0.46187363834422657 0.4624183006535948 0.4684095860566449 0.46078431372549017 0.485838779956427 0.45098039215686275 0.5163398692810458 0.4477124183006536
0 0.8126361655773421 0.4624183006535948 0.8169934640522876 0.46568627450980393 0.8169934640522876 0.46895424836601307 0.8061002178649237 0.47058823529411764 0.7973856209150327 0.477124183006536 0.7494553376906318 0.48856209150326796 0.7342047930283224 0.4869281045751634 0.7298474945533769 0.48366013071895425 0.7145969498910676 0.48856209150326796 0.6884531590413944 0.48856209150326796 0.6601307189542484 0.47875816993464054 0.6579520697167756 0.47549019607843135 0.6535947712418301 0.47875816993464054 0.6470588235294118 0.47058823529411764 0.6623093681917211 0.4591503267973856 0.6688453159041394 0.45751633986928103 0.7494553376906318 0.45751633986928103 0.7516339869281046 0.4591503267973856 0.7734204793028322 0.4591503267973856 0.7777777777777778 0.45751633986928103 0.7799564270152506 0.4591503267973856 0.8017429193899782 0.4591503267973856 0.8104575163398693 0.4624183006535948
0 0.06100217864923747 0.3480392156862745 0.06971677559912855 0.34967320261437906 0.07625272331154684 0.3545751633986928 0.08278867102396514 0.3562091503267974 0.08496732026143791 0.35947712418300654 0.07407407407407407 0.3627450980392157 0.04357298474945534 0.36437908496732024 0.04139433551198257 0.3660130718954248 0.0196078431372549 0.3660130718954248 0.015250544662309368 0.36437908496732024 0.015250544662309368 0.3611111111111111 0.037037037037037035 0.34967320261437906 0.058823529411764705 0.3480392156862745
0 0.5969498910675382 0.5179738562091504 0.6100217864923747 0.5212418300653595 0.6209150326797386 0.5294117647058824 0.6209150326797386 0.5326797385620915 0.6143790849673203 0.5408496732026143 0.6122004357298475 0.553921568627451 0.5925925925925926 0.5669934640522876 0.5882352941176471 0.5735294117647058 0.5620915032679739 0.5931372549019608 0.5533769063180828 0.6013071895424836 0.5533769063180828 0.6062091503267973 0.5490196078431373 0.6111111111111112 0.5403050108932462 0.6094771241830066 0.5337690631808278 0.6013071895424836 0.5490196078431373 0.5686274509803921 0.5490196078431373 0.5473856209150327 0.5468409586056645 0.545751633986928 0.5490196078431373 0.5359477124183006 0.5620915032679739 0.5245098039215687 0.5751633986928104 0.5212418300653595 0.5860566448801743 0.5212418300653595 0.5947712418300654 0.5179738562091504
0 0.46187363834422657 0.39215686274509803 0.46405228758169936 0.3937908496732026 0.5185185185185185 0.39705882352941174 0.5206971677559913 0.39869281045751637 0.5642701525054467 0.39869281045751637 0.5664488017429193 0.40032679738562094 0.5642701525054467 0.40522875816993464 0.5555555555555556 0.40522875816993464 0.4989106753812636 0.4166666666666667 0.4553376906318083 0.4150326797385621 0.4466230936819172 0.41013071895424835 0.43137254901960786 0.4068627450980392 0.42701525054466233 0.4035947712418301 0.4335511982570806 0.3954248366013072 0.4444444444444444 0.39215686274509803 0.4596949891067538 0.39215686274509803
0 0.40305010893246185 0.704248366013072 0.40522875816993464 0.7058823529411765 0.4357298474945534 0.704248366013072 0.4400871459694989 0.7058823529411765 0.4422657952069717 0.7107843137254902 0.4531590413943355 0.7124183006535948 0.4596949891067538 0.7205882352941176 0.477124183006536 0.7156862745098039 0.49455337690631807 0.7058823529411765 0.5010893246187363 0.7075163398692811 0.5032679738562091 0.7107843137254902 0.5076252723311547 0.7107843137254902 0.5185185185185185 0.7189542483660131 0.5228758169934641 0.7189542483660131 0.5315904139433552 0.7238562091503268 0.5533769063180828 0.7222222222222222 0.5642701525054467 0.7254901960784313 0.5708061002178649 0.7287581699346405 0.5751633986928104 0.7352941176470589 0.5773420479302832 0.7516339869281046 0.5708061002178649 0.7598039215686274 0.5708061002178649 0.7647058823529411 0.5577342047930284 0.7745098039215687 0.5533769063180828 0.7924836601307189 0.5446623093681917 0.7941176470588235 0.5381263616557734 0.7990196078431373 0.5381263616557734 0.8055555555555556 0.5272331154684096 0.8169934640522876 0.5294117647058824 0.8398692810457516 0.5185185185185185 0.8562091503267973 0.5163398692810458 0.869281045751634 0.5098039215686274 0.880718954248366 0.48148148148148145 0.8839869281045751 0.47276688453159044 0.8872549019607843 0.43137254901960786 0.8856209150326797 0.40522875816993464 0.8660130718954249 0.3616557734204793 0.8398692810457516 0.3442265795206972 0.8251633986928104 0.3333333333333333 0.8218954248366013 0.32461873638344224 0.8137254901960784 0.3224400871459695 0.7990196078431373 0.3289760348583878 0.7908496732026143 0.3289760348583878 0.7810457516339869 0.3159041394335512 0.7630718954248366 0.3137254901960784 0.7450980392156863 0.3311546840958606 0.7320261437908496 0.3333333333333333 0.7271241830065359 0.3420479302832244 0.7205882352941176 0.3464052287581699 0.7124183006535948 0.3572984749455338 0.7058823529411765 0.4008714596949891 0.7058823529411765
0 0.5664488017429193 0.3415032679738562 0.5642701525054467 0.34477124183006536 0.5424836601307189 0.3464052287581699 0.5403050108932462 0.3480392156862745 0.5119825708061002 0.3480392156862745 0.5119825708061002 0.34477124183006536 0.5185185185185185 0.3415032679738562 0.5250544662309368 0.33986928104575165 0.5642701525054467 0.3415032679738562
0 0.6132897603485838 0.3627450980392157 0.09803921568627451 0.016339869281045753
0 0.6296296296296297 0.3137254901960784 0.6666666666666666 0.32516339869281047 0.6623093681917211 0.3284313725490196 0.6492374727668845 0.3284313725490196 0.6405228758169934 0.33169934640522875 0.6056644880174292 0.33169934640522875 0.6013071895424836 0.3284313725490196 0.6034858387799564 0.31862745098039214 0.6100217864923747 0.3137254901960784 0.6143790849673203 0.31209150326797386 0.6252723311546841 0.31209150326797386 0.6274509803921569 0.3137254901960784
