0 0.3104575163398693 0.2549019607843137 0.31699346405228757 0.25245098039215685 0.3284313725490196 0.2426470588235294 0.34477124183006536 0.23774509803921567 0.35130718954248363 0.23284313725490197 0.3660130718954248 0.23284313725490197 0.36764705882352944 0.23529411764705882 0.36764705882352944 0.23774509803921567 0.3464052287581699 0.2549019607843137 0.34477124183006536 0.2622549019607843 0.3382352941176471 0.27205882352941174 0.32679738562091504 0.27941176470588236 0.3202614379084967 0.2818627450980392 0.30392156862745096 0.2818627450980392 0.3006535947712418 0.27941176470588236 0.29901960784313725 0.2769607843137255 0.3104575163398693 0.2647058823529412 0.3104575163398693 0.25735294117647056
0 0.3888888888888889 0.20098039215686275 0.3954248366013072 0.20588235294117646 0.4019607843137255 0.20588235294117646 0.4117647058823529 0.2107843137254902 0.4133986928104575 0.21568627450980393 0.40522875816993464 0.22303921568627452 0.3627450980392157 0.22303921568627452 0.3611111111111111 0.21568627450980393 0.3660130718954248 0.2107843137254902 0.38235294117647056 0.20098039215686275 0.3872549019607843 0.20098039215686275
0 0.026143790849673203 0.6421568627450981 0.03758169934640523 0.6421568627450981 0.04084967320261438 0.6446078431372549 0.042483660130718956 0.6593137254901961 0.0457516339869281 0.6691176470588235 0.0457516339869281 0.678921568627451 0.03594771241830065 0.6936274509803921 0.021241830065359478 0.7083333333333334 0 0.7426470588235294 0 0.6593137254901961 0.017973856209150325 0.6519607843137255 0.026143790849673203 0.6446078431372549
0 0.20915032679738563 0.35294117647058826 0.21405228758169934 0.3602941176470588 0.2107843137254902 0.36764705882352944 0.1650326797385621 0.39950980392156865 0.1503267973856209 0.39950980392156865 0.14869281045751634 0.39705882352941174 0.14215686274509803 0.39705882352941174 0.14052287581699346 0.39950980392156865 0.13562091503267973 0.39705882352941174 0.13398692810457516 0.39215686274509803 0.1388888888888889 0.38480392156862747 0.16666666666666666 0.36519607843137253 0.1715686274509804 0.36519607843137253 0.19117647058823528 0.3553921568627451 0.20751633986928106 0.35294117647058826
0 0.12254901960784313 0.5686274509803921 0.12418300653594772 0.5759803921568627 0.11764705882352941 0.6004901960784313 0.11764705882352941 0.6176470588235294 0.11601307189542484 0.6225490196078431 0.10947712418300654 0.6323529411764706 0.09967320261437909 0.6397058823529411 0.07679738562091504 0.6495098039215687 0.06535947712418301 0.6495098039215687 0.058823529411764705 0.6446078431372549 0.04411764705882353 0.6446078431372549 0.0392156862745098 0.6421568627450981 0.032679738562091505 0.6348039215686274 0.03431372549019608 0.6225490196078431 0.0392156862745098 0.6176470588235294 0.0392156862745098 0.6127450980392157 0.04411764705882353 0.6078431372549019 0.05228758169934641 0.6078431372549019 0.06699346405228758 0.5882352941176471 0.09313725490196079 0.5661764705882353 0.10784313725490197 0.5637254901960784 0.12091503267973856 0.5686274509803921
0 0.2647058823529412 0.31862745098039214 0.2679738562091503 0.32107843137254904 0.2679738562091503 0.32598039215686275 0.2630718954248366 0.33578431372549017 0.2434640522875817 0.3480392156862745 0.2238562091503268 0.35049019607843135 0.21405228758169934 0.34558823529411764 0.21241830065359477 0.34068627450980393 0.21895424836601307 0.3333333333333333 0.2369281045751634 0.32107843137254904 0.2630718954248366 0.32107843137254904
0 0.4297385620915033 0.08823529411764706 0.43790849673202614 0.09558823529411764 0.4395424836601307 0.10049019607843138 0.43790849673202614 0.10294117647058823 0.4297385620915033 0.1053921568627451 0.42483660130718953 0.11274509803921569 0.41013071895424835 0.11519607843137254 0.4084967320261438 0.11764705882352941 0.40032679738562094 0.11764705882352941 0.3954248366013072 0.11274509803921569 0.40522875816993464 0.09313725490196079 0.41013071895424835 0.08823529411764706 0.42810457516339867 0.08823529411764706
0 0.20588235294117646 0.38480392156862747 0.20588235294117646 0.39705882352941174 0.20261437908496732 0.4068627450980392 0.18137254901960784 0.4215686274509804 0.1503267973856209 0.41911764705882354 0.14705882352941177 0.4166666666666667 0.14705882352941177 0.4117647058823529 0.1568627450980392 0.4019607843137255 0.17647058823529413 0.3946078431372549 0.184640522875817 0.3872549019607843 0.2042483660130719 0.38480392156862747
0 0.16013071895424835 0.46568627450980393 0.16339869281045752 0.4730392156862745 0.15359477124183007 0.4877450980392157 0.15196078431372548 0.49754901960784315 0.1454248366013072 0.5073529411764706 0.13398692810457516 0.5171568627450981 0.11601307189542484 0.5245098039215687 0.08496732026143791 0.5196078431372549 0.08006535947712418 0.5122549019607843 0.08006535947712418 0.5024509803921569 0.08496732026143791 0.4950980392156863 0.09477124183006536 0.48284313725490197 0.10784313725490197 0.4852941176470588 0.12581699346405228 0.47549019607843135 0.13398692810457516 0.4681372549019608 0.14869281045751634 0.4681372549019608 0.15522875816993464 0.4632352941176471 0.15849673202614378 0.46568627450980393
0 0.29411764705882354 0.2818627450980392 0.2973856209150327 0.2867647058823529 0.2973856209150327 0.2916666666666667 0.2761437908496732 0.30637254901960786 0.25980392156862747 0.3382352941176471 0.23202614379084968 0.35049019607843135 0.22058823529411764 0.34558823529411764 0.21241830065359477 0.34558823529411764 0.21241830065359477 0.3431372549019608 0.22875816993464052 0.3284313725490196 0.22875816993464052 0.3235294117647059 0.2238562091503268 0.31862745098039214 0.2238562091503268 0.3137254901960784 0.22712418300653595 0.3088235294117647 0.2565359477124183 0.2916666666666667 0.2647058823529412 0.2916666666666667 0.27941176470588236 0.28431372549019607 0.29248366013071897 0.2818627450980392
0 0.09803921568627451 0.5245098039215687 0.10130718954248366 0.5294117647058824 0.10130718954248366 0.5416666666666666 0.08006535947712418 0.5735294117647058 0.0718954248366013 0.5784313725490197 0.05555555555555555 0.5955882352941176 0.049019607843137254 0.5955882352941176 0.04084967320261438 0.6029411764705882 0.021241830065359478 0.6078431372549019 0.0196078431372549 0.6102941176470589 0.008169934640522876 0.6078431372549019 0.0032679738562091504 0.5955882352941176 0.0032679738562091504 0.5857843137254902 0 0.5808823529411765 0 0.571078431372549 0.006535947712418301 0.5637254901960784 0.014705882352941176 0.5563725490196079 0.024509803921568627 0.553921568627451 0.04411764705882353 0.5416666666666666 0.05555555555555555 0.5416666666666666 0.06699346405228758 0.5343137254901961 0.08333333333333333 0.5294117647058824 0.08823529411764706 0.5245098039215687 0.09640522875816994 0.5245098039215687
0 0.29248366013071897 0.2818627450980392 0.2973856209150327 0.28921568627450983 0.29248366013071897 0.2965686274509804 0.27450980392156865 0.30637254901960786 0.2647058823529412 0.31862745098039214 0.24019607843137256 0.31862745098039214 0.238562091503268 0.32107843137254904 0.22712418300653595 0.32107843137254904 0.22549019607843138 0.31862745098039214 0.22712418300653595 0.3088235294117647 0.25 0.29411764705882354 0.2908496732026144 0.2818627450980392
0 0.4215686274509804 0.16911764705882354 0.434640522875817 0.17892156862745098 0.4362745098039216 0.18627450980392157 0.4297385620915033 0.19117647058823528 0.4117647058823529 0.19362745098039216 0.41013071895424835 0.19607843137254902 0.38235294117647056 0.19607843137254902 0.3790849673202614 0.19362745098039216 0.3790849673202614 0.18627450980392157 0.39215686274509803 0.17647058823529413 0.39705882352941174 0.17647058823529413 0.40032679738562094 0.1715686274509804 0.4035947712418301 0.17401960784313725 0.4117647058823529 0.16911764705882354 0.4199346405228758 0.16911764705882354
0 0.1650326797385621 0.42401960784313725 0.16666666666666666 0.4338235294117647 0.16013071895424835 0.44607843137254904 0.15196078431372548 0.45098039215686275 0.14052287581699346 0.4632352941176471 0.10294117647058823 0.48284313725490197 0.09967320261437909 0.4803921568627451 0.08660130718954248 0.48284313725490197 0.08006535947712418 0.47794117647058826 0.08006535947712418 0.4681372549019608 0.0915032679738562 0.4534313725490196 0.11274509803921569 0.4387254901960784 0.12418300653594772 0.4362745098039216 0.12908496732026145 0.43137254901960786 0.1388888888888889 0.42892156862745096 0.1503267973856209 0.4215686274509804 0.16339869281045752 0.42401960784313725
0 0.04411764705882353 0.7328431372549019 0.05228758169934641 0.7426470588235294 0.058823529411764705 0.7475490196078431 0.06862745098039216 0.75 0.0718954248366013 0.7549019607843137 0.07352941176470588 0.7598039215686274 0.07352941176470588 0.7818627450980392 0.06699346405228758 0.7990196078431373 0.06045751633986928 0.8063725490196079 0.0457516339869281 0.8186274509803921 0.03431372549019608 0.8235294117647058 0.017973856209150325 0.8235294117647058 0.006535947712418301 0.8112745098039216 0.0032679738562091504 0.8014705882352942 0.0032679738562091504 0.7867647058823529 0 0.7794117647058824 0 0.7573529411764706 0.006535947712418301 0.7475490196078431 0.017973856209150325 0.7377450980392157 0.027777777777777776 0.7328431372549019 0.042483660130718956 0.7328431372549019
