0 0.51171875 0.8930555555555556 0.51484375 0.8972222222222223 0.515625 0.9069444444444444 0.50546875 0.9166666666666666 0.5 0.9166666666666666 0.4921875 0.9111111111111111 0.490625 0.9013888888888889 0.49296875 0.8958333333333334 0.5 0.8916666666666667 0.5109375 0.8930555555555556
0 0.4703125 0.9069444444444444 0.47421875 0.9097222222222222 0.478125 0.9208333333333333 0.47578125 0.9305555555555556 0.4703125 0.9361111111111111 0.4609375 0.9361111111111111 0.45703125 0.9402777777777778 0.44375 0.9347222222222222 0.44140625 0.9305555555555556 0.44296875 0.9180555555555555 0.44765625 0.9111111111111111 0.46015625 0.9111111111111111 0.46953125 0.9069444444444444
0 0.54296875 0.9111111111111111 0.5484375 0.9194444444444444 0.5484375 0.925 0.5453125 0.9319444444444445 0.53984375 0.9361111111111111 0.53046875 0.9319444444444445 0.52734375 0.9236111111111112 0.534375 0.9111111111111111 0.5421875 0.9111111111111111
0 0.48671875 0.9444444444444444 0.48984375 0.9597222222222223 0.4890625 0.9652777777777778 0.484375 0.9694444444444444 0.47421875 0.9666666666666667 0.47109375 0.9555555555555556 0.4734375 0.9472222222222222 0.4859375 0.9444444444444444
0 0.199609375 0.9048611111111111 0.02421875 0.04027777777777778
0 0.178125 0.8763888888888889 0.1828125 0.8819444444444444 0.18359375 0.8888888888888888 0.18203125 0.8958333333333334 0.17734375 0.9013888888888889 0.16953125 0.8986111111111111 0.16640625 0.8930555555555556 0.16640625 0.8861111111111111 0.16953125 0.8791666666666667 0.17734375 0.8763888888888889
0 0.3890625 0.9638888888888889 0.39375 0.9680555555555556 0.39609375 0.975 0.39609375 0.9833333333333333 0.39140625 0.9888888888888889 0.3828125 0.9888888888888889 0.3765625 0.9819444444444444 0.3765625 0.9722222222222222 0.3796875 0.9652777777777778 0.38828125 0.9638888888888889
0 0.484375 0.8736111111111111 0.49140625 0.8763888888888889 0.48125 0.8888888888888888 0.48359375 0.8986111111111111 0.4875 0.8986111111111111 0.49765625 0.8875 0.50859375 0.8888888888888888 0.51328125 0.8916666666666667 0.521875 0.9125 0.5265625 0.9125 0.5359375 0.9055555555555556 0.54375 0.9069444444444444 0.553125 0.9222222222222223 0.56484375 0.9222222222222223 0.565625 0.925 0.565625 0.9375 0.55546875 0.9569444444444445 0.56015625 0.9597222222222223 0.5625 0.9722222222222222 0.5609375 0.975 0.54453125 0.9736111111111111 0.54375 0.9680555555555556 0.53984375 0.9680555555555556 0.53671875 0.9736111111111111 0.53125 0.9736111111111111 0.53359375 0.9694444444444444 0.52734375 0.9666666666666667 0.5296875 0.9638888888888889 0.528125 0.9597222222222223 0.51953125 0.9638888888888889 0.515625 0.9597222222222223 0.5109375 0.9597222222222223 0.50625 0.9638888888888889 0.5078125 0.9666666666666667 0.5046875 0.9666666666666667 0.50234375 0.9638888888888889 0.50390625 0.9597222222222223 0.503125 0.9555555555555556 0.496875 0.95 0.49296875 0.9694444444444444 0.49375 0.9763888888888889 0.48984375 0.9833333333333333 0.48984375 0.9902777777777778 0.4828125 0.9930555555555556 0.478125 0.9888888888888889 0.4640625 0.9875 0.4625 0.9763888888888889 0.46796875 0.9638888888888889 0.465625 0.9527777777777777 0.46875 0.9513888888888888 0.47265625 0.9416666666666667 0.46953125 0.9375 0.46328125 0.9375 0.459375 0.9458333333333333 0.4515625 0.9444444444444444 0.44140625 0.9375 0.440625 0.9236111111111112 0.4453125 0.9125 0.45625 0.9083333333333333 0.4703125 0.9069444444444444 0.47578125 0.9166666666666666 0.48125 0.9166666666666666 0.48671875 0.9083333333333333 0.48671875 0.9027777777777778 0.4828125 0.8972222222222223 0.46796875 0.8902777777777777 0.46640625 0.8833333333333333 0.47421875 0.8833333333333333 0.48125 0.8888888888888888 0.4859375 0.8791666666666667 0.484375 0.875
0 0.47421875 0.6805555555555556 0.4765625 0.6888888888888889 0.47109375 0.7 0.4625 0.6972222222222222 0.4609375 0.6861111111111111 0.46640625 0.6791666666666667 0.4703125 0.6777777777777778 0.4734375 0.6805555555555556
0 0.66796875 0.9638888888888889 0.67265625 0.9763888888888889 0.67265625 0.9819444444444444 0.66328125 0.9888888888888889 0.65390625 0.9875 0.65 0.9777777777777777 0.65 0.9722222222222222 0.65546875 0.9638888888888889 0.6671875 0.9638888888888889
0 0.40234375 0.9277777777777778 0.40546875 0.9347222222222222 0.40546875 0.9458333333333333 0.403125 0.95 0.3953125 0.95 0.3890625 0.9388888888888889 0.38984375 0.9305555555555556 0.3953125 0.9263888888888889 0.4015625 0.9277777777777778
0 0.44140625 0.9319444444444445 0.4421875 0.9194444444444444 0.44921875 0.9111111111111111 0.4578125 0.9138888888888889 0.45703125 0.9361111111111111 0.45546875 0.9388888888888889 0.45 0.9388888888888889 0.4421875 0.9319444444444445
0 0.20390625 0.8152777777777778 0.20625 0.8194444444444444 0.20859375 0.8347222222222223 0.20546875 0.8416666666666667 0.20078125 0.8444444444444444 0.19453125 0.8416666666666667 0.19296875 0.8305555555555556 0.190625 0.8263888888888888 0.190625 0.8194444444444444 0.1984375 0.8138888888888889 0.203125 0.8152777777777778
0 0.816015625 0.9430555555555555 0.01953125 0.044444444444444446
0 0.47421875 0.9638888888888889 0.48359375 0.9694444444444444 0.48515625 0.9763888888888889 0.48359375 0.9833333333333333 0.48515625 0.9944444444444445 0.48359375 0.9986111111111111 0.46796875 0.9986111111111111 0.46171875 0.9861111111111112 0.4625 0.9722222222222222 0.4734375 0.9638888888888889
0 0.53671875 0.19166666666666668 0.54453125 0.19583333333333333 0.54609375 0.21388888888888888 0.55078125 0.21388888888888888 0.553125 0.20416666666666666 0.56171875 0.20694444444444443 0.5625 0.20972222222222223 0.55625 0.20972222222222223 0.5546875 0.2125 0.56015625 0.21666666666666667 0.55859375 0.21805555555555556 0.55859375 0.22777777777777777 0.56171875 0.2361111111111111 0.5609375 0.24027777777777778 0.565625 0.24166666666666667 0.5671875 0.2361111111111111 0.57265625 0.2361111111111111 0.57109375 0.24027777777777778 0.5734375 0.24444444444444444 0.57421875 0.25277777777777777 0.58125 0.25833333333333336 0.584375 0.25416666666666665 0.590625 0.2611111111111111 0.5875 0.26944444444444443 0.5921875 0.26944444444444443 0.59609375 0.2638888888888889 0.59609375 0.26805555555555555 0.59921875 0.2722222222222222 0.60546875 0.2638888888888889 0.60703125 0.2791666666666667 0.6 0.28055555555555556 0.5984375 0.2861111111111111 0.59296875 0.28888888888888886 0.5953125 0.29444444444444445 0.6015625 0.3 0.6015625 0.30694444444444446 0.60703125 0.30833333333333335 0.61171875 0.3013888888888889 0.60859375 0.29583333333333334 0.6125 0.29444444444444445 0.61484375 0.3013888888888889 0.61875 0.30277777777777776 0.6203125 0.30972222222222223 0.62578125 0.30972222222222223 0.6328125 0.32083333333333336 0.62734375 0.3236111111111111 0.63203125 0.33055555555555555 0.63046875 0.3333333333333333 0.63125 0.3388888888888889 0.6375 0.3458333333333333 0.63984375 0.33611111111111114 0.64296875 0.3375 0.6484375 0.35138888888888886 0.6546875 0.35833333333333334 0.6578125 0.36666666666666664 0.66171875 0.36666666666666664 0.66328125 0.375 0.66171875 0.38333333333333336 0.66484375 0.3888888888888889 0.66171875 0.3972222222222222 0.6625 0.4027777777777778 0.66796875 0.4027777777777778 0.675 0.4125 0.678125 0.4083333333333333 0.684375 0.4111111111111111 0.6921875 0.42083333333333334 0.69140625 0.42777777777777776 0.69453125 0.4444444444444444 0.6984375 0.4527777777777778 0.69609375 0.4666666666666667 0.69296875 0.46944444444444444 0.6953125 0.4736111111111111 0.69453125 0.48055555555555557 0.69921875 0.48333333333333334 0.69453125 0.4861111111111111 0.696875 0.4930555555555556 0.690625 0.49722222222222223 0.69140625 0.5013888888888889 0.68828125 0.5138888888888888 0.6828125 0.5208333333333334 0.68515625 0.5277777777777778 0.6765625 0.5388888888888889 0.675 0.5708333333333333 0.67109375 0.5736111111111111 0.66875 0.5694444444444444 0.66484375 0.5694444444444444 0.6609375 0.5777777777777777 0.6640625 0.5930555555555556 0.67734375 0.6111111111111112 0.678125 0.6347222222222222 0.6875 0.6513888888888889 0.69140625 0.6527777777777778 0.69609375 0.6638888888888889 0.68515625 0.675 0.6765625 0.6722222222222223 0.6734375 0.6763888888888889 0.67890625 0.6833333333333333 0.684375 0.6847222222222222 0.6828125 0.6888888888888889 0.684375 0.6972222222222222 0.69375 0.7055555555555556 0.70234375 0.7083333333333334 0.7125 0.6958333333333333 0.709375 0.6847222222222222 0.709375 0.675 0.71328125 0.6652777777777777 0.7234375 0.6694444444444444 0.728125 0.6638888888888889 0.72734375 0.6375 0.7328125 0.6263888888888889 0.75390625 0.6222222222222222 0.7640625 0.6263888888888889 0.771875 0.6236111111111111 0.77578125 0.6333333333333333 0.78359375 0.6291666666666667 0.78203125 0.6180555555555556 0.7734375 0.6013888888888889 0.7734375 0.5958333333333333 0.77578125 0.5958333333333333 0.77734375 0.5916666666666667 0.771875 0.5847222222222223 0.76875 0.5847222222222223 0.76875 0.5763888888888888 0.77265625 0.5819444444444445 0.784375 0.5833333333333334 0.78046875 0.5916666666666667 0.78203125 0.5944444444444444 0.7859375 0.5930555555555556 0.78984375 0.5986111111111111 0.79140625 0.6055555555555555 0.7890625 0.6055555555555555 0.7875 0.6097222222222223 0.790625 0.6222222222222222 0.7984375 0.6236111111111111 0.803125 0.6125 0.803125 0.6 0.80625 0.5944444444444444 0.81171875 0.5972222222222222 0.809375 0.6027777777777777 0.8125 0.6055555555555555 0.81640625 0.6194444444444445 0.815625 0.6222222222222222 0.825 0.6263888888888889 0.82421875 0.6305555555555555 0.82734375 0.6305555555555555 0.83203125 0.6361111111111111 0.8328125 0.6458333333333334 0.8265625 0.6486111111111111 0.82578125 0.6541666666666667 0.8390625 0.6666666666666666 0.83671875 0.6708333333333333 0.84296875 0.6819444444444445 0.85 0.6833333333333333 0.85 0.6930555555555555 0.8578125 0.7111111111111111 0.86640625 0.7166666666666667 0.8671875 0.7263888888888889 0.86328125 0.7375 0.8625 0.7541666666666667 0.8453125 0.7680555555555556 0.8421875 0.7791666666666667 0.834375 0.7930555555555555 0.84453125 0.8041666666666667 0.8484375 0.8027777777777778 0.86171875 0.8097222222222222 0.87109375 0.8041666666666667 0.8765625 0.8097222222222222 0.87890625 0.8055555555555556 0.87734375 0.7972222222222223 0.86484375 0.7916666666666666 0.8703125 0.7888888888888889 0.871875 0.7861111111111111 0.87109375 0.7819444444444444 0.87734375 0.7763888888888889 0.87265625 0.7722222222222223 0.8734375 0.7680555555555556 0.87109375 0.7611111111111111 0.87265625 0.75 0.8765625 0.7416666666666667 0.8796875 0.7402777777777778 0.8859375 0.7527777777777778 0.8875 0.7652777777777777 0.88359375 0.7680555555555556 0.8890625 0.775 0.896875 0.7736111111111111 0.9046875 0.7861111111111111 0.89609375 0.7861111111111111 0.89609375 0.7819444444444444 0.890625 0.775 0.88671875 0.7777777777777778 0.8859375 0.7736111111111111 0.88203125 0.7736111111111111 0.878125 0.7902777777777777 0.8828125 0.8055555555555556 0.8875 0.8055555555555556 0.89296875 0.7958333333333333 0.89765625 0.8013888888888889 0.90234375 0.7986111111111112 0.89921875 0.7958333333333333 0.90546875 0.7958333333333333 0.90703125 0.7986111111111112 0.91015625 0.7930555555555555 0.9171875 0.7958333333333333 0.915625 0.8 0.91875 0.8055555555555556 0.91953125 0.8166666666666667 0.9234375 0.8208333333333333 0.92265625 0.8236111111111111 0.925 0.8277777777777777 0.9234375 0.8347222222222223 0.9203125 0.8375 0.91875 0.8486111111111111 0.921875 0.8527777777777777 0.92109375 0.8583333333333333 0.92578125 0.8652777777777778 0.92734375 0.8722222222222222 0.9359375 0.8833333333333333 0.93359375 0.8861111111111111 0.934375 0.8958333333333334 0.92109375 0.8958333333333334 0.915625 0.8847222222222222 0.9078125 0.8805555555555555 0.90859375 0.8652777777777778 0.90546875 0.8583333333333333 0.9078125 0.8541666666666666 0.91171875 0.8555555555555555 0.91640625 0.8458333333333333 0.90703125 0.8347222222222223 0.91171875 0.8347222222222223 0.9140625 0.8305555555555556 0.90859375 0.8222222222222222 0.90625 0.8236111111111111 0.90859375 0.8277777777777777 0.90078125 0.8319444444444445 0.90234375 0.8347222222222223 0.9 0.8361111111111111 0.89765625 0.8333333333333334 0.89296875 0.8375 0.89765625 0.8402777777777778 0.89609375 0.8513888888888889 0.89296875 0.8555555555555555 0.8984375 0.8625 0.8984375 0.8694444444444445 0.8953125 0.8736111111111111 0.89609375 0.8791666666666667 0.89140625 0.8861111111111111 0.8921875 0.8930555555555556 0.89765625 0.9 0.89765625 0.9138888888888889 0.90703125 0.9180555555555555 0.91015625 0.9347222222222222 0.915625 0.9416666666666667 0.92109375 0.9430555555555555 0.925 0.95 0.92109375 0.9555555555555556 0.92734375 0.9625 0.92578125 0.9694444444444444 0.9203125 0.9708333333333333 0.91953125 0.9652777777777778 0.90546875 0.9583333333333334 0.90078125 0.9680555555555556 0.9046875 0.9805555555555555 0.89375 0.9805555555555555 0.88984375 0.9736111111111111 0.878125 0.9722222222222222 0.86953125 0.975 0.86953125 0.9777777777777777 0.875 0.9805555555555555 0.8640625 0.9902777777777778 0.853125 0.9930555555555556 0.83984375 0.9930555555555556 0.8375 0.9861111111111112 0.83203125 0.9819444444444444 0.82421875 0.9833333333333333 0.825 0.9861111111111112 0.8203125 0.9944444444444445 0.77578125 0.9930555555555556 0.771875 0.9902777777777778 0.771875 0.9819444444444444 0.76875 0.9819444444444444 0.76640625 0.9875 0.75078125 0.9930555555555556 0.73984375 0.9888888888888889 0.7375 0.9944444444444445 0.70546875 0.9944444444444445 0.69921875 0.9902777777777778 0.69609375 0.9944444444444445 0.68359375 0.9944444444444445 0.67265625 0.9888888888888889 0.66640625 0.9944444444444445 0.6609375 0.9916666666666667 0.653125 0.9916666666666667 0.65078125 0.9944444444444445 0.6484375 0.9916666666666667 0.621875 0.9944444444444445 0.61796875 0.9875 0.61796875 0.975 0.615625 0.9722222222222222 0.615625 0.9541666666666667 0.61328125 0.9416666666666667 0.61015625 0.9388888888888889 0.6109375 0.9277777777777778 0.60703125 0.925 0.6078125 0.9194444444444444 0.60625 0.9152777777777777 0.5953125 0.9111111111111111 0.5921875 0.9138888888888889 0.5921875 0.9180555555555555 0.6 0.9208333333333333 0.60078125 0.925 0.59921875 0.9291666666666667 0.60390625 0.9319444444444445 0.59375 0.9347222222222222 0.60703125 0.9430555555555555 0.603125 0.9458333333333333 0.6015625 0.9513888888888888 0.5921875 0.9569444444444445 0.5859375 0.9527777777777777 0.58046875 0.9541666666666667 0.58046875 0.9597222222222223 0.578125 0.9611111111111111 0.56875 0.9611111111111111 0.5640625 0.9736111111111111 0.5640625 0.9875 0.56015625 0.9875 0.55703125 0.9944444444444445 0.5328125 0.9944444444444445 0.53046875 0.9916666666666667 0.53359375 0.9875 0.5328125 0.9847222222222223 0.5265625 0.9847222222222223 0.52734375 0.9902777777777778 0.51171875 0.9888888888888889 0.50625 0.9930555555555556 0.5 0.9902777777777778 0.49609375 0.9944444444444445 0.4734375 0.9958333333333333 0.45625 0.9944444444444445 0.45234375 0.9875 0.446875 0.9861111111111112 0.44453125 0.9902777777777778 0.44609375 0.9944444444444445 0.434375 0.9944444444444445 0.42109375 0.9888888888888889 0.41875 0.9805555555555555 0.41484375 0.9805555555555555 0.4125 0.9833333333333333 0.41171875 0.9902777777777778 0.403125 0.9944444444444445 0.3578125 0.9944444444444445 0.33828125 0.9902777777777778 0.33984375 0.9875 0.3375 0.9847222222222223 0.32734375 0.9888888888888889 0.32421875 0.9833333333333333 0.3203125 0.9916666666666667 0.3140625 0.9916666666666667 0.30859375 0.9861111111111112 0.30859375 0.9791666666666666 0.30625 0.9763888888888889 0.3109375 0.9777777777777777 0.31484375 0.9736111111111111 0.3078125 0.9652777777777778 0.30390625 0.9680555555555556 0.2828125 0.9680555555555556 0.28125 0.9875 0.2765625 0.9944444444444445 0.25546875 0.9875 0.24609375 0.9930555555555556 0.24296875 0.9930555555555556 0.240625 0.9875 0.234375 0.9944444444444445 0.23046875 0.9944444444444445 0.228125 0.9888888888888889 0.22578125 0.9888888888888889 0.22421875 0.9944444444444445 0.21953125 0.9958333333333333 0.20625 0.9958333333333333 0.20234375 0.9930555555555556 0.1953125 0.9958333333333333 0.18046875 0.9930555555555556 0.1625 0.9944444444444445 0.1625 0.9847222222222223 0.1609375 0.9819444444444444 0.15 0.9819444444444444 0.14765625 0.9791666666666666 0.140625 0.9819444444444444 0.1359375 0.9902777777777778 0.1296875 0.9902777777777778 0.1265625 0.9944444444444445 0.10859375 0.9944444444444445 0.09921875 0.9875 0.09609375 0.9916666666666667 0.084375 0.9902777777777778 0.07890625 0.9805555555555555 0.05234375 0.9819444444444444 0.046875 0.9847222222222223 0.0453125 0.9902777777777778 0.0375 0.9902777777777778 0.040625 0.9875 0.0390625 0.9805555555555555 0.04296875 0.9763888888888889 0.03984375 0.9736111111111111 0.04296875 0.9694444444444444 0.03828125 0.9625 0.040625 0.9569444444444445 0.0375 0.95 0.0390625 0.9430555555555555 0.0484375 0.9416666666666667 0.05703125 0.9444444444444444 0.0609375 0.9361111111111111 0.06015625 0.9319444444444445 0.05703125 0.9319444444444445 0.06171875 0.9291666666666667 0.05703125 0.9236111111111112 0.04921875 0.9208333333333333 0.04609375 0.9152777777777777 0.04609375 0.9111111111111111 0.05078125 0.9111111111111111 0.0546875 0.9069444444444444 0.05390625 0.9041666666666667 0.05703125 0.9055555555555556 0.059375 0.9013888888888889 0.05703125 0.8930555555555556 0.06015625 0.8916666666666667 0.06484375 0.8777777777777778 0.071875 0.8694444444444445 0.0734375 0.8597222222222223 0.07890625 0.8541666666666666 0.08125 0.8458333333333333 0.08125 0.8347222222222223 0.08515625 0.8361111111111111 0.0859375 0.8333333333333334 0.0953125 0.8305555555555556 0.08125 0.8236111111111111 0.084375 0.8222222222222222 0.08515625 0.8166666666666667 0.0921875 0.8166666666666667 0.09375 0.8138888888888889 0.0921875 0.8097222222222222 0.0953125 0.8027777777777778 0.10625 0.8027777777777778 0.11171875 0.7944444444444444 0.11953125 0.7930555555555555 0.12265625 0.7888888888888889 0.12265625 0.7847222222222222 0.1265625 0.7847222222222222 0.13046875 0.775 0.12890625 0.7625 0.134375 0.7597222222222222 0.12890625 0.7555555555555555 0.1296875 0.7444444444444445 0.134375 0.7430555555555556 0.1375 0.7347222222222223 0.1359375 0.7263888888888889 0.1390625 0.7208333333333333 0.14296875 0.7180555555555556 0.14765625 0.7194444444444444 0.1515625 0.7125 0.15 0.7055555555555556 0.1453125 0.6986111111111111 0.14921875 0.6930555555555555 0.14765625 0.6888888888888889 0.1515625 0.6875 0.15390625 0.6944444444444444 0.1625 0.6916666666666667 0.1640625 0.6888888888888889 0.1625 0.6861111111111111 0.1640625 0.6791666666666667 0.17421875 0.6666666666666666 0.17734375 0.6555555555555556 0.18046875 0.6541666666666667 0.175 0.6430555555555556 0.17265625 0.6472222222222223 0.16796875 0.6430555555555556 0.17109375 0.6388888888888888 0.17109375 0.6333333333333333 0.16875 0.6291666666666667 0.171875 0.625 0.1703125 0.6166666666666667 0.17578125 0.6125 0.1703125 0.6083333333333333 0.19375 0.6069444444444444 0.19296875 0.6027777777777777 0.19609375 0.5986111111111111 0.2171875 0.5930555555555556 0.21796875 0.5875 0.225 0.5861111111111111 0.2265625 0.575 0.22578125 0.5625 0.2234375 0.5597222222222222 0.2203125 0.5611111111111111 0.2203125 0.5583333333333333 0.23046875 0.5597222222222222 0.23203125 0.5569444444444445 0.23203125 0.5430555555555555 0.23515625 0.5388888888888889 0.24140625 0.5375 0.24375 0.5319444444444444 0.253125 0.5305555555555556 0.26171875 0.5236111111111111 0.27890625 0.5166666666666667 0.29140625 0.5152777777777777 0.29375 0.5180555555555556 0.29453125 0.5152777777777777 0.3046875 0.5125 0.30703125 0.5083333333333333 0.3046875 0.5041666666666667 0.2984375 0.5055555555555555 0.29296875 0.5013888888888889 0.2765625 0.5069444444444444 0.2609375 0.5055555555555555 0.25859375 0.49722222222222223 0.26171875 0.49027777777777776 0.26015625 0.4888888888888889 0.2609375 0.47638888888888886 0.2640625 0.47638888888888886 0.265625 0.48194444444444445 0.27109375 0.47638888888888886 0.26796875 0.4736111111111111 0.271875 0.475 0.27421875 0.46944444444444444 0.2859375 0.46944444444444444 0.28984375 0.475 0.29296875 0.475 0.29921875 0.4625 0.3078125 0.4625 0.31171875 0.46944444444444444 0.31171875 0.47638888888888886 0.309375 0.48055555555555557 0.31171875 0.48333333333333334 0.3109375 0.4861111111111111 0.303125 0.4861111111111111 0.30078125 0.49027777777777776 0.303125 0.5027777777777778 0.309375 0.5041666666666667 0.31328125 0.5111111111111111 0.3203125 0.5125 0.32421875 0.5097222222222222 0.3328125 0.5236111111111111 0.3421875 0.5194444444444445 0.33984375 0.5041666666666667 0.34453125 0.49722222222222223 0.3453125 0.4888888888888889 0.35234375 0.4875 0.3609375 0.49722222222222223 0.36640625 0.49583333333333335 0.37109375 0.5041666666666667 0.3703125 0.5083333333333333 0.37421875 0.5166666666666667 0.37734375 0.5166666666666667 0.37890625 0.5111111111111111 0.3828125 0.5138888888888888 0.38984375 0.525 0.39453125 0.5402777777777777 0.3953125 0.5805555555555556 0.39375 0.5847222222222223 0.3859375 0.5875 0.38515625 0.5902777777777778 0.3796875 0.5861111111111111 0.37890625 0.5972222222222222 0.39140625 0.6041666666666666 0.39921875 0.6041666666666666 0.40625 0.6 0.40859375 0.5958333333333333 0.40625 0.575 0.40703125 0.5611111111111111 0.4125 0.5583333333333333 0.4125 0.5527777777777778 0.41640625 0.5513888888888889 0.41796875 0.5458333333333333 0.42265625 0.55 0.43203125 0.5472222222222223 0.4359375 0.5361111111111111 0.434375 0.5222222222222223 0.43125 0.5194444444444445 0.42890625 0.5097222222222222 0.43046875 0.49722222222222223 0.428125 0.49444444444444446 0.4265625 0.4847222222222222 0.428125 0.475 0.42890625 0.425 0.428125 0.4152777777777778 0.42421875 0.4041666666666667 0.428125 0.39444444444444443 0.43984375 0.3902777777777778 0.43984375 0.38472222222222224 0.43515625 0.37916666666666665 0.4390625 0.38055555555555554 0.440625 0.37777777777777777 0.440625 0.36944444444444446 0.43828125 0.3625 0.440625 0.35833333333333334 0.43828125 0.35555555555555557 0.4421875 0.35138888888888886 0.43984375 0.3416666666666667 0.44453125 0.3375 0.4421875 0.33194444444444443 0.446875 0.33055555555555555 0.45390625 0.3347222222222222 0.46796875 0.33611111111111114 0.47109375 0.33194444444444443 0.4671875 0.3277777777777778 0.46953125 0.3236111111111111 0.46875 0.3138888888888889 0.47265625 0.30972222222222223 0.4703125 0.3055555555555556 0.4734375 0.3013888888888889 0.4765625 0.30833333333333335 0.48671875 0.30972222222222223 0.484375 0.31666666666666665 0.4890625 0.32083333333333336 0.4953125 0.3138888888888889 0.4921875 0.30833333333333335 0.4953125 0.3055555555555556 0.4984375 0.29583333333333334 0.51640625 0.29444444444444445 0.5203125 0.28888888888888886 0.5234375 0.28888888888888886 0.5203125 0.29305555555555557 0.521875 0.29583333333333334 0.51484375 0.3 0.51875 0.30416666666666664 0.5265625 0.3055555555555556 0.53203125 0.3 0.53671875 0.30277777777777776 0.5359375 0.30694444444444446 0.5375 0.3111111111111111 0.5359375 0.3138888888888889 0.5390625 0.3277777777777778 0.5421875 0.33055555555555555 0.5421875 0.3416666666666667 0.540625 0.34444444444444444 0.54140625 0.3625 0.54296875 0.36527777777777776 0.5484375 0.35694444444444445 0.5515625 0.35694444444444445 0.5484375 0.3638888888888889 0.5421875 0.3680555555555556 0.5421875 0.3763888888888889 0.54453125 0.37916666666666665 0.5421875 0.38333333333333336 0.5453125 0.3861111111111111 0.5453125 0.39861111111111114 0.55390625 0.4041666666666667 0.55 0.40555555555555556 0.546875 0.4027777777777778 0.5453125 0.4111111111111111 0.55 0.4236111111111111 0.55546875 0.425 0.55390625 0.43194444444444446 0.55703125 0.43472222222222223 0.55859375 0.4166666666666667 0.56171875 0.4111111111111111 0.56015625 0.4041666666666667 0.5609375 0.3972222222222222 0.55859375 0.38333333333333336 0.55546875 0.37916666666666665 0.55703125 0.3763888888888889 0.55390625 0.37222222222222223 0.55 0.375 0.55 0.37222222222222223 0.55546875 0.36944444444444446 0.55390625 0.35555555555555557 0.5453125 0.35138888888888886 0.54609375 0.3458333333333333 0.5484375 0.3458333333333333 0.54921875 0.35138888888888886 0.55234375 0.3486111111111111 0.55 0.34444444444444444 0.5515625 0.34305555555555556 0.55078125 0.3333333333333333 0.54921875 0.33194444444444443 0.5453125 0.33611111111111114 0.5453125 0.3333333333333333 0.5515625 0.3277777777777778 0.55 0.3236111111111111 0.55078125 0.3138888888888889 0.5484375 0.30972222222222223 0.5484375 0.28194444444444444 0.55078125 0.275 0.546875 0.27361111111111114 0.54453125 0.2611111111111111 0.54609375 0.25555555555555554 0.5578125 0.25277777777777777 0.55859375 0.25 0.5484375 0.24305555555555555 0.5375 0.2263888888888889 0.53828125 0.21388888888888888 0.5359375 0.20833333333333334 0.5359375 0.19305555555555556
0 0.1578125 0.9763888888888889 0.16328125 0.9819444444444444 0.165625 0.9930555555555556 0.1609375 0.9986111111111111 0.140625 0.9986111111111111 0.13984375 0.9958333333333333 0.13984375 0.9888888888888889 0.14609375 0.9777777777777777 0.15078125 0.975 0.15703125 0.9763888888888889
0 0.56484375 0.8888888888888888 0.56953125 0.8972222222222223 0.56875 0.9055555555555556 0.56640625 0.9083333333333333 0.55703125 0.9083333333333333 0.553125 0.9013888888888889 0.55625 0.8902777777777777 0.5640625 0.8888888888888888
0 0.467578125 0.9215277777777777 0.01953125 0.02638888888888889
0 0.5453125 0.9347222222222222 0.55078125 0.9236111111111112 0.56484375 0.9222222222222223 0.5671875 0.9291666666666667 0.5671875 0.9375 0.559375 0.95 0.5515625 0.9486111111111111 0.546875 0.9416666666666667 0.54609375 0.9361111111111111
0 0.52421875 0.9277777777777778 0.52890625 0.9361111111111111 0.52890625 0.9444444444444444 0.52734375 0.95 0.5171875 0.9569444444444445 0.51171875 0.9555555555555556 0.509375 0.9513888888888888 0.50859375 0.9347222222222222 0.515625 0.9263888888888889 0.5234375 0.9277777777777778
