0 0.2042483660130719 0.5220588235294118 0.20588235294117646 0.5245098039215687 0.22058823529411764 0.5269607843137255 0.2369281045751634 0.5367647058823529 0.2434640522875817 0.5367647058823529 0.25163398692810457 0.5441176470588235 0.2679738562091503 0.5441176470588235 0.2696078431372549 0.5465686274509803 0.26633986928104575 0.553921568627451 0.26143790849673204 0.5563725490196079 0.25326797385620914 0.5563725490196079 0.22875816993464052 0.5661764705882353 0.22549019607843138 0.5637254901960784 0.19117647058823528 0.5637254901960784 0.1895424836601307 0.5612745098039216 0.18790849673202614 0.5490196078431373 0.19934640522875818 0.5318627450980392 0.19607843137254902 0.5245098039215687 0.20261437908496732 0.5220588235294118
0 0.3562091503267974 0.7107843137254902 0.3611111111111111 0.7205882352941176 0.35947712418300654 0.75 0.3562091503267974 0.7573529411764706 0.3562091503267974 0.7647058823529411 0.34967320261437906 0.7745098039215687 0.3480392156862745 0.7843137254901961 0.33169934640522875 0.8088235294117647 0.3088235294117647 0.8088235294117647 0.30718954248366015 0.8112745098039216 0.28594771241830064 0.8112745098039216 0.27941176470588236 0.8063725490196079 0.27941176470588236 0.7941176470588235 0.28594771241830064 0.7794117647058824 0.2875816993464052 0.7622549019607843 0.29248366013071897 0.75 0.3022875816993464 0.7377450980392157 0.315359477124183 0.7377450980392157 0.3349673202614379 0.7132352941176471 0.34477124183006536 0.7083333333333334 0.35294117647058826 0.7083333333333334 0.3545751633986928 0.7107843137254902
0 0.4117647058823529 0.8137254901960784 0.4068627450980392 0.8259803921568627 0.434640522875817 0.8480392156862745 0.4591503267973856 0.8357843137254902 0.434640522875817 0.8063725490196079
0 0.4624183006535948 0.8921568627450981 0.45588235294117646 0.9142156862745098 0.4738562091503268 0.9240196078431373 0.4869281045751634 0.9166666666666666 0.4869281045751634 0.8921568627450981
0 0.565359477124183 0.9387254901960784 0.5604575163398693 0.946078431372549 0.5784313725490197 0.9632352941176471 0.6143790849673203 0.9656862745098039 0.6062091503267973 0.9485294117647058
0 0.28921568627450983 0.6691176470588235 0.28594771241830064 0.7009803921568627 0.3022875816993464 0.7107843137254902 0.3284313725490196 0.6985294117647058 0.3366013071895425 0.678921568627451 0.3741830065359477 0.6642156862745098 0.3790849673202614 0.6519607843137255 0.31699346405228757 0.6176470588235294
0 0.25 0.5833333333333334 0.24183006535947713 0.6004901960784313 0.24836601307189543 0.6127450980392157 0.26143790849673204 0.6225490196078431 0.28594771241830064 0.6151960784313726 0.28594771241830064 0.5931372549019608 0.2696078431372549 0.5808823529411765
0 0.08333333333333333 0.5049019607843137 0.08169934640522876 0.5147058823529411 0.0915032679738562 0.5245098039215687 0.1437908496732026 0.5147058823529411 0.14052287581699346 0.4950980392156863 0.13071895424836602 0.4877450980392157 0.0915032679738562 0.4950980392156863
0 0.058823529411764705 0.45588235294117646 0.05555555555555555 0.46568627450980393 0.06045751633986928 0.4730392156862745 0.08986928104575163 0.4803921568627451 0.11437908496732026 0.47549019607843135 0.12418300653594772 0.4632352941176471 0.08823529411764706 0.44362745098039214
0 0.008169934640522876 0.4019607843137255 0.004901960784313725 0.4117647058823529 0.016339869281045753 0.42401960784313725 0.03431372549019608 0.41421568627450983 0.03104575163398693 0.39950980392156865
0 0.6209150326797386 0.9926470588235294 0.6176470588235294 0.9975490196078431 0.6535947712418301 0.9975490196078431 0.6454248366013072 0.9852941176470589
0 0.6127450980392157 0.19852941176470587 0.6111111111111112 0.20833333333333334 0.6258169934640523 0.21323529411764705 0.6372549019607843 0.2034313725490196 0.6323529411764706 0.19362745098039216
0 0.6094771241830066 0.23039215686274508 0.6045751633986928 0.24019607843137256 0.6241830065359477 0.24754901960784315 0.6290849673202614 0.22058823529411764
0 0.6519607843137255 0.20588235294117646 0.6470588235294118 0.21568627450980393 0.6617647058823529 0.21568627450980393
0 0.4133986928104575 0.17647058823529413 0.4150326797385621 0.19852941176470587 0.5261437908496732 0.19607843137254902 0.5588235294117647 0.18382352941176472 0.553921568627451 0.18137254901960784 0.553921568627451 0.16176470588235295 0.5375816993464052 0.1568627450980392 0.5179738562091504 0.1642156862745098 0.47549019607843135 0.15931372549019607
0 0.24509803921568626 0.18872549019607843 0.2581699346405229 0.19852941176470587 0.3480392156862745 0.19117647058823528 0.3202614379084967 0.18382352941176472
0 0.8284313725490197 0.47549019607843135 0.826797385620915 0.4877450980392157 0.8349673202614379 0.4950980392156863 0.8594771241830066 0.4950980392156863 0.8741830065359477 0.48284313725490197 0.8578431372549019 0.4681372549019608
0 0.8856209150326797 0.49019607843137253 0.8839869281045751 0.5 0.8921568627450981 0.5098039215686274 0.9281045751633987 0.5024509803921569 0.9264705882352942 0.49019607843137253 0.9166666666666666 0.48284313725490197
0 0.9330065359477124 0.5122549019607843 0.9281045751633987 0.5245098039215687 0.934640522875817 0.5294117647058824 0.9803921568627451 0.5220588235294118
0 0.6323529411764706 0.43137254901960786 0.6290849673202614 0.44362745098039214 0.6388888888888888 0.4485294117647059 0.6764705882352942 0.4411764705882353 0.6650326797385621 0.43137254901960786
0 0.5718954248366013 0.42401960784313725 0.576797385620915 0.4338235294117647 0.6127450980392157 0.42401960784313725
0 0.42320261437908496 0.39215686274509803 0.4215686274509804 0.40441176470588236 0.45588235294117646 0.4019607843137255
0 0.48856209150326796 0.4019607843137255 0.47549019607843135 0.4019607843137255 0.47549019607843135 0.40931372549019607 0.5098039215686274 0.40931372549019607
0 0.5196078431372549 0.41421568627450983 0.5294117647058824 0.4264705882352941 0.5588235294117647 0.42401960784313725
0 0.2875816993464052 0.3333333333333333 0.28104575163398693 0.3480392156862745 0.3088235294117647 0.3553921568627451
0 0.3382352941176471 0.35294117647058826 0.35784313725490197 0.375 0.3758169934640523 0.3799019607843137 0.3545751633986928 0.35784313725490197
