0 0.46015625 0.9888888888888889 0.4625 0.9930555555555556 0.4625 0.9986111111111111 0.44140625 0.9986111111111111 0.440625 0.9944444444444445 0.44609375 0.9888888888888889 0.459375 0.9888888888888889
0 0.5046875 0.7444444444444445 0.50703125 0.75 0.50703125 0.7569444444444444 0.5015625 0.7625 0.49453125 0.7583333333333333 0.49375 0.7472222222222222 0.49765625 0.7430555555555556 0.50390625 0.7444444444444445
0 0.49609375 0.9611111111111111 0.49921875 0.9638888888888889 0.50078125 0.9736111111111111 0.5 0.9791666666666666 0.49453125 0.9847222222222223 0.4859375 0.9833333333333333 0.4828125 0.9763888888888889 0.4828125 0.9666666666666667 0.48671875 0.9611111111111111 0.4953125 0.9611111111111111
0 0.484375 0.425 0.48984375 0.42916666666666664 0.48515625 0.43333333333333335 0.47890625 0.43194444444444446 0.4796875 0.4263888888888889 0.48359375 0.425
0 0.49296875 0.6583333333333333 0.4984375 0.6625 0.4921875 0.6708333333333333 0.484375 0.6708333333333333 0.48203125 0.6680555555555555 0.48203125 0.6625 0.484375 0.6583333333333333 0.4921875 0.6583333333333333
0 0.5 0.49444444444444446 0.50625 0.5013888888888889 0.50625 0.5069444444444444 0.50234375 0.5097222222222222 0.490625 0.5041666666666667 0.48203125 0.5083333333333333 0.47421875 0.5083333333333333 0.47265625 0.5055555555555555 0.471875 0.5013888888888889 0.4765625 0.49583333333333335 0.48359375 0.49583333333333335 0.4890625 0.49166666666666664 0.49921875 0.49444444444444446
0 0.18125 0.8430555555555556 0.18359375 0.8472222222222222 0.18359375 0.8527777777777777 0.1796875 0.8583333333333333 0.17421875 0.8569444444444444 0.1734375 0.8472222222222222 0.175 0.8430555555555556 0.18046875 0.8430555555555556
0 0.48359375 0.45416666666666666 0.48671875 0.4583333333333333 0.48515625 0.4625 0.47734375 0.46111111111111114 0.47734375 0.45555555555555555 0.4828125 0.45416666666666666
0 0.73125 0.9416666666666667 0.7359375 0.9555555555555556 0.72734375 0.9708333333333333 0.71875 0.9625 0.7171875 0.95 0.72265625 0.9402777777777778 0.73046875 0.9416666666666667
0 0.55 0.6736111111111112 0.55546875 0.6805555555555556 0.55625 0.6888888888888889 0.5546875 0.6902777777777778 0.54609375 0.6902777777777778 0.5390625 0.6847222222222222 0.5390625 0.6777777777777778 0.54296875 0.6722222222222223 0.54921875 0.6736111111111112
0 0.5359375 0.5083333333333333 0.5375 0.5222222222222223 0.53359375 0.525 0.525 0.5236111111111111 0.52265625 0.5180555555555556 0.5296875 0.5083333333333333 0.53515625 0.5083333333333333
0 0.571875 0.7069444444444445 0.5765625 0.7083333333333334 0.58125 0.7152777777777778 0.5796875 0.7236111111111111 0.57421875 0.7277777777777777 0.5703125 0.7263888888888889 0.56640625 0.7194444444444444 0.56640625 0.7097222222222223 0.57109375 0.7069444444444445
0 0.478515625 0.5034722222222222 0.01171875 0.0125
0 0.646875 0.9166666666666666 0.64609375 0.9208333333333333 0.6484375 0.9305555555555556 0.64609375 0.9444444444444444 0.64375 0.9486111111111111 0.6328125 0.9513888888888888 0.62890625 0.9458333333333333 0.62734375 0.9388888888888889 0.62734375 0.9291666666666667 0.6296875 0.9236111111111112 0.6421875 0.9222222222222223 0.64609375 0.9180555555555555
0 0.5375 0.6888888888888889 0.5390625 0.6986111111111111 0.5359375 0.7027777777777777 0.52578125 0.7 0.52578125 0.6930555555555555 0.5296875 0.6888888888888889 0.53671875 0.6888888888888889
0 0.49609375 0.5416666666666666 0.49765625 0.5472222222222223 0.4921875 0.5527777777777778 0.4796875 0.5527777777777778 0.478125 0.5458333333333333 0.48125 0.5416666666666666 0.48984375 0.5388888888888889 0.4953125 0.5416666666666666
0 0.49765625 0.5875 0.50078125 0.5944444444444444 0.4984375 0.6 0.49453125 0.6013888888888889 0.48984375 0.6 0.48828125 0.5944444444444444 0.49140625 0.5875 0.496875 0.5875
0 0.47421875 0.8583333333333333 0.478125 0.8625 0.478125 0.8736111111111111 0.47578125 0.8791666666666667 0.4703125 0.8833333333333333 0.4625 0.8805555555555555 0.46015625 0.8652777777777778 0.46484375 0.8583333333333333 0.4734375 0.8583333333333333
0 0.54296875 0.6111111111111112 0.5484375 0.6152777777777778 0.54921875 0.6208333333333333 0.54765625 0.6263888888888889 0.53828125 0.6291666666666667 0.53359375 0.625 0.5328125 0.6208333333333333 0.5359375 0.6152777777777778 0.5421875 0.6125
0 0.4921875 0.7277777777777777 0.4953125 0.7305555555555555 0.496875 0.7375 0.49453125 0.7444444444444445 0.490625 0.7472222222222222 0.48203125 0.7444444444444445 0.48046875 0.7333333333333333 0.4859375 0.7277777777777777 0.49140625 0.7277777777777777
0 0.490625 0.8430555555555556 0.49453125 0.8458333333333333 0.4953125 0.8569444444444444 0.4875 0.8625 0.4796875 0.8597222222222223 0.47890625 0.85 0.48046875 0.8444444444444444 0.48984375 0.8430555555555556
0 0.46875 0.7513888888888889 0.47109375 0.7555555555555555 0.47109375 0.7611111111111111 0.46796875 0.7680555555555556 0.4640625 0.7708333333333334 0.45625 0.7694444444444445 0.4546875 0.7652777777777777 0.45546875 0.7555555555555555 0.46015625 0.75 0.46796875 0.7513888888888889
0 0.5 0.6458333333333334 0.50234375 0.6527777777777778 0.496875 0.6625 0.4875 0.6597222222222222 0.48671875 0.6527777777777778 0.49140625 0.6458333333333334 0.49921875 0.6458333333333334
0 0.475 0.6569444444444444 0.47890625 0.6652777777777777 0.4734375 0.6708333333333333 0.46640625 0.6708333333333333 0.4640625 0.6611111111111111 0.465625 0.6569444444444444 0.47421875 0.6569444444444444
0 0.57421875 0.5861111111111111 0.578125 0.5916666666666667 0.578125 0.5958333333333333 0.57265625 0.6027777777777777 0.5671875 0.6013888888888889 0.5640625 0.5916666666666667 0.5671875 0.5875 0.5734375 0.5861111111111111
0 0.496875 0.5722222222222222 0.49921875 0.5736111111111111 0.5 0.5805555555555556 0.49140625 0.5875 0.4890625 0.5805555555555556 0.48984375 0.5736111111111111 0.49609375 0.5722222222222222
0 0.50234375 0.8138888888888889 0.50390625 0.825 0.4984375 0.8305555555555556 0.4921875 0.8305555555555556 0.4875 0.8208333333333333 0.4921875 0.8125 0.5015625 0.8138888888888889
0 0.5296875 0.5694444444444444 0.53125 0.5777777777777777 0.52890625 0.5805555555555556 0.521875 0.5805555555555556 0.51953125 0.5763888888888888 0.521875 0.5694444444444444 0.52890625 0.5694444444444444
0 0.47578125 0.5958333333333333 0.47734375 0.6027777777777777 0.4734375 0.6069444444444444 0.46640625 0.6055555555555555 0.465625 0.6013888888888889 0.4671875 0.5972222222222222 0.475 0.5958333333333333
0 0.58515625 0.32916666666666666 0.59140625 0.33611111111111114 0.5953125 0.33055555555555555 0.59921875 0.3347222222222222 0.603125 0.3472222222222222 0.6078125 0.375 0.6140625 0.38472222222222224 0.61640625 0.39444444444444443 0.6140625 0.4041666666666667 0.61484375 0.4152777777777778 0.61875 0.4222222222222222 0.61796875 0.425 0.62109375 0.42777777777777776 0.62109375 0.43194444444444446 0.62734375 0.44027777777777777 0.6265625 0.45416666666666666 0.621875 0.4625 0.6296875 0.4666666666666667 0.6328125 0.47638888888888886 0.63203125 0.48055555555555557 0.63984375 0.49444444444444446 0.6375 0.5041666666666667 0.6421875 0.5125 0.6421875 0.5180555555555556 0.646875 0.5263888888888889 0.65078125 0.5416666666666666 0.65546875 0.5486111111111112 0.6484375 0.5527777777777778 0.65078125 0.5569444444444445 0.65390625 0.5569444444444445 0.6609375 0.5722222222222222 0.6640625 0.575 0.6703125 0.5736111111111111 0.6703125 0.5805555555555556 0.66640625 0.5875 0.66640625 0.5916666666666667 0.67421875 0.6083333333333333 0.67265625 0.6208333333333333 0.675 0.6236111111111111 0.67421875 0.6291666666666667 0.67109375 0.6333333333333333 0.675 0.6416666666666667 0.671875 0.6402777777777777 0.6703125 0.6458333333333334 0.671875 0.6486111111111111 0.675 0.6458333333333334 0.675 0.65 0.678125 0.6555555555555556 0.68203125 0.6555555555555556 0.68828125 0.6666666666666666 0.690625 0.6819444444444445 0.69375 0.6888888888888889 0.69375 0.7 0.7 0.7055555555555556 0.6984375 0.7138888888888889 0.69140625 0.7263888888888889 0.703125 0.7319444444444444 0.703125 0.7430555555555556 0.709375 0.7541666666666667 0.71171875 0.7638888888888888 0.71171875 0.7819444444444444 0.70859375 0.7861111111111111 0.7015625 0.7847222222222222 0.69921875 0.7888888888888889 0.7 0.7930555555555555 0.70390625 0.7986111111111112 0.709375 0.8 0.71328125 0.8 0.71640625 0.7930555555555555 0.71796875 0.7958333333333333 0.71640625 0.8027777777777778 0.70625 0.8055555555555556 0.70390625 0.8013888888888889 0.70078125 0.8013888888888889 0.69765625 0.8069444444444445 0.696875 0.8013888888888889 0.6890625 0.7930555555555555 0.68515625 0.8013888888888889 0.67890625 0.8027777777777778 0.6734375 0.8138888888888889 0.6734375 0.825 0.675 0.8277777777777777 0.66796875 0.8291666666666667 0.665625 0.8347222222222223 0.6703125 0.8388888888888889 0.68203125 0.8375 0.68515625 0.8430555555555556 0.6890625 0.8444444444444444 0.696875 0.8333333333333334 0.7015625 0.8333333333333334 0.709375 0.825 0.7125 0.8138888888888889 0.70703125 0.8097222222222222 0.7109375 0.8083333333333333 0.71640625 0.8166666666666667 0.7171875 0.8208333333333333 0.715625 0.8236111111111111 0.71875 0.8277777777777777 0.71484375 0.8375 0.71484375 0.8444444444444444 0.71875 0.8472222222222222 0.73203125 0.8444444444444444 0.734375 0.85 0.73203125 0.8555555555555555 0.73359375 0.8722222222222222 0.72734375 0.8888888888888888 0.725 0.8888888888888888 0.7203125 0.8805555555555555 0.71875 0.8763888888888889 0.72265625 0.8722222222222222 0.71640625 0.8638888888888889 0.71328125 0.8638888888888889 0.7125 0.8694444444444445 0.709375 0.8736111111111111 0.70703125 0.8708333333333333 0.7 0.8708333333333333 0.6828125 0.8805555555555555 0.6703125 0.8777777777777778 0.66640625 0.8861111111111111 0.66875 0.8930555555555556 0.6734375 0.8972222222222223 0.671875 0.9041666666666667 0.66796875 0.9013888888888889 0.66484375 0.9069444444444444 0.67265625 0.9208333333333333 0.678125 0.9194444444444444 0.68203125 0.9083333333333333 0.690625 0.9097222222222222 0.6921875 0.8986111111111111 0.6953125 0.8944444444444445 0.69921875 0.8930555555555556 0.70625 0.8986111111111111 0.70390625 0.9041666666666667 0.69453125 0.9111111111111111 0.6953125 0.9208333333333333 0.6921875 0.9277777777777778 0.6890625 0.9263888888888889 0.68671875 0.9194444444444444 0.68046875 0.9236111111111112 0.66484375 0.9236111111111112 0.6609375 0.9347222222222222 0.66484375 0.9416666666666667 0.68359375 0.9458333333333333 0.69296875 0.9347222222222222 0.69375 0.9291666666666667 0.69609375 0.9291666666666667 0.696875 0.9319444444444445 0.69296875 0.9347222222222222 0.69765625 0.9388888888888889 0.6875 0.9458333333333333 0.6921875 0.9486111111111111 0.68671875 0.9583333333333334 0.68671875 0.9625 0.69296875 0.9708333333333333 0.6953125 0.9708333333333333 0.6984375 0.9625 0.696875 0.9555555555555556 0.6984375 0.9472222222222222 0.70234375 0.9444444444444444 0.70234375 0.9513888888888888 0.70546875 0.9541666666666667 0.709375 0.9472222222222222 0.7140625 0.9472222222222222 0.71484375 0.9583333333333334 0.7125 0.9625 0.70859375 0.9625 0.70625 0.9708333333333333 0.71171875 0.9819444444444444 0.71875 0.9833333333333333 0.70703125 0.9958333333333333 0.70078125 0.9944444444444445 0.69921875 0.9861111111111112 0.69453125 0.9888888888888889 0.6890625 0.9805555555555555 0.68359375 0.9875 0.6859375 0.9944444444444445 0.67578125 0.9944444444444445 0.678125 0.9902777777777778 0.678125 0.9847222222222223 0.6828125 0.9791666666666666 0.6828125 0.975 0.6765625 0.9708333333333333 0.68046875 0.9625 0.68046875 0.9569444444444445 0.6734375 0.9458333333333333 0.6703125 0.9458333333333333 0.66953125 0.9527777777777777 0.6671875 0.9541666666666667 0.65 0.9541666666666667 0.64765625 0.9611111111111111 0.63671875 0.9611111111111111 0.63515625 0.9583333333333334 0.63515625 0.9486111111111111 0.6265625 0.9527777777777777 0.6234375 0.95 0.609375 0.95 0.6046875 0.9444444444444444 0.60703125 0.9361111111111111 0.60546875 0.9305555555555556 0.6015625 0.9333333333333333 0.6 0.9388888888888889 0.596875 0.9388888888888889 0.6 0.9277777777777778 0.6203125 0.925 0.628125 0.9166666666666666 0.63046875 0.9111111111111111 0.6296875 0.9055555555555556 0.63359375 0.9083333333333333 0.634375 0.8902777777777777 0.62734375 0.8763888888888889 0.6421875 0.8652777777777778 0.640625 0.8625 0.63203125 0.8638888888888889 0.62265625 0.8722222222222222 0.621875 0.8666666666666667 0.6125 0.8625 0.625 0.8513888888888889 0.61875 0.8375 0.61171875 0.8361111111111111 0.61171875 0.8291666666666667 0.609375 0.825 0.60546875 0.825 0.5984375 0.8347222222222223 0.58046875 0.8347222222222223 0.5703125 0.8430555555555556 0.5671875 0.8375 0.571875 0.8361111111111111 0.57890625 0.8236111111111111 0.57578125 0.8166666666666667 0.57421875 0.8138888888888889 0.57109375 0.8166666666666667 0.5671875 0.8152777777777778 0.565625 0.8208333333333333 0.559375 0.8222222222222222 0.55859375 0.8166666666666667 0.55546875 0.8138888888888889 0.5578125 0.8097222222222222 0.5578125 0.8013888888888889 0.5546875 0.7958333333333333 0.54296875 0.7972222222222223 0.53984375 0.7888888888888889 0.54140625 0.7861111111111111 0.546875 0.7875 0.546875 0.7805555555555556 0.55546875 0.7902777777777777 0.5515625 0.7930555555555555 0.553125 0.7958333333333333 0.55703125 0.7930555555555555 0.56015625 0.7972222222222223 0.5640625 0.7930555555555555 0.565625 0.7888888888888889 0.56015625 0.7805555555555556 0.55546875 0.7805555555555556 0.5546875 0.7763888888888889 0.5640625 0.7763888888888889 0.5671875 0.7722222222222223 0.565625 0.7652777777777777 0.5671875 0.7555555555555555 0.5625 0.7513888888888889 0.5625 0.7444444444444445 0.56796875 0.7430555555555556 0.5703125 0.7361111111111112 0.559375 0.7291666666666666 0.55703125 0.7333333333333333 0.55703125 0.7444444444444445 0.55625 0.725 0.55 0.7152777777777778 0.5578125 0.7125 0.56171875 0.7055555555555556 0.5609375 0.6972222222222222 0.55546875 0.6916666666666667 0.55859375 0.6805555555555556 0.54921875 0.6680555555555555 0.5453125 0.6472222222222223 0.5390625 0.6444444444444445 0.5359375 0.6375 0.55234375 0.6222222222222222 0.5515625 0.6152777777777778 0.5453125 0.6069444444444444 0.54375 0.5944444444444444 0.5453125 0.5916666666666667 0.54921875 0.5930555555555556 0.546875 0.5986111111111111 0.54921875 0.6055555555555555 0.55703125 0.6013888888888889 0.5640625 0.6027777777777777 0.565625 0.6 0.5640625 0.5930555555555556 0.5515625 0.5944444444444444 0.5515625 0.5916666666666667 0.5578125 0.5875 0.559375 0.5736111111111111 0.56328125 0.5736111111111111 0.56484375 0.5666666666666667 0.571875 0.5666666666666667 0.57421875 0.5638888888888889 0.5609375 0.5611111111111111 0.55625 0.5527777777777778 0.5515625 0.5513888888888889 0.55234375 0.5458333333333333 0.5640625 0.5472222222222223 0.56953125 0.5402777777777777 0.56484375 0.5361111111111111 0.559375 0.5361111111111111 0.5546875 0.5402777777777777 0.553125 0.5388888888888889 0.55625 0.5361111111111111 0.55625 0.5319444444444444 0.55234375 0.5236111111111111 0.53984375 0.5208333333333334 0.5359375 0.5111111111111111 0.53828125 0.5041666666666667 0.53671875 0.49722222222222223 0.53828125 0.49027777777777776 0.53984375 0.4888888888888889 0.5453125 0.49583333333333335 0.55078125 0.49583333333333335 0.553125 0.49027777777777776 0.55078125 0.48055555555555557 0.54296875 0.48055555555555557 0.53984375 0.4708333333333333 0.5328125 0.46944444444444444 0.5359375 0.46805555555555556 0.53671875 0.4625 0.5390625 0.4597222222222222 0.54375 0.46111111111111114 0.546875 0.46944444444444444 0.55078125 0.4625 0.5546875 0.46111111111111114 0.55546875 0.4666666666666667 0.54921875 0.4708333333333333 0.54921875 0.47638888888888886 0.5546875 0.48055555555555557 0.559375 0.47638888888888886 0.55859375 0.4625 0.55625 0.4597222222222222 0.55390625 0.4486111111111111 0.55625 0.4388888888888889 0.5484375 0.4236111111111111 0.54921875 0.41944444444444445 0.5546875 0.42083333333333334 0.5578125 0.41805555555555557 0.553125 0.4097222222222222 0.54453125 0.4041666666666667 0.5390625 0.4041666666666667 0.54765625 0.3972222222222222 0.5453125 0.39305555555555555 0.546875 0.3902777777777778 0.54609375 0.38333333333333336 0.55078125 0.37916666666666665 0.54609375 0.375 0.5453125 0.37083333333333335 0.5515625 0.3611111111111111 0.55 0.35138888888888886 0.56171875 0.3486111111111111 0.56796875 0.35138888888888886 0.5703125 0.3486111111111111 0.56875 0.34305555555555556 0.5734375 0.3388888888888889 0.57265625 0.3333333333333333 0.57421875 0.33055555555555555 0.584375 0.32916666666666666
0 0.5734375 0.6597222222222222 0.57578125 0.6638888888888889 0.57578125 0.6694444444444444 0.57109375 0.6736111111111112 0.5640625 0.6708333333333333 0.56328125 0.6625 0.565625 0.6597222222222222 0.57265625 0.6597222222222222
0 0.55625 0.7611111111111111 0.5515625 0.7652777777777777 0.553125 0.7694444444444445 0.55703125 0.7666666666666667 0.55703125 0.775 0.5609375 0.7847222222222222 0.5609375 0.7930555555555555 0.55625 0.8041666666666667 0.54765625 0.8111111111111111 0.54296875 0.8097222222222222 0.54140625 0.8041666666666667 0.5390625 0.7736111111111111 0.54375 0.7666666666666667 0.55546875 0.7611111111111111
0 0.49453125 0.7291666666666666 0.5 0.7416666666666667 0.50625 0.7472222222222222 0.50703125 0.7555555555555555 0.5015625 0.7611111111111111 0.49453125 0.7583333333333333 0.490625 0.75 0.484375 0.7472222222222222 0.48046875 0.7416666666666667 0.48203125 0.7305555555555555 0.4859375 0.7277777777777777 0.49375 0.7291666666666666
0 0.496484375 0.9229166666666667 0.01640625 0.02361111111111111
0 0.54609375 0.5569444444444445 0.5546875 0.5638888888888889 0.55625 0.5694444444444444 0.5546875 0.5722222222222222 0.54296875 0.5736111111111111 0.53828125 0.5666666666666667 0.54140625 0.5583333333333333 0.5453125 0.5569444444444445
0 0.6171875 0.9333333333333333 0.6203125 0.9444444444444444 0.6171875 0.9513888888888888 0.60703125 0.9513888888888888 0.60234375 0.9444444444444444 0.60546875 0.9305555555555556 0.609375 0.9291666666666667 0.61640625 0.9333333333333333
0 0.5234375 0.4736111111111111 0.525 0.4777777777777778 0.51875 0.48194444444444445 0.5140625 0.47638888888888886 0.515625 0.4736111111111111 0.52265625 0.4736111111111111
0 0.27890625 0.9284722222222223 0.0140625 0.02361111111111111
0 0.55859375 0.6347222222222222 0.56171875 0.6430555555555556 0.55625 0.65 0.5515625 0.65 0.546875 0.6416666666666667 0.55078125 0.6347222222222222 0.5578125 0.6347222222222222
0 0.540625 0.9347222222222222 0.53984375 0.9208333333333333 0.54296875 0.9152777777777777 0.55625 0.9152777777777777 0.5578125 0.9180555555555555 0.5578125 0.9291666666666667 0.55078125 0.9375 0.54140625 0.9347222222222222
0 0.60546875 0.8958333333333334 0.609375 0.9 0.61015625 0.9097222222222222 0.60859375 0.9152777777777777 0.60390625 0.9180555555555555 0.5953125 0.9166666666666666 0.5921875 0.9097222222222222 0.5953125 0.8986111111111111 0.6046875 0.8958333333333334
0 0.50078125 0.45416666666666666 0.503125 0.45694444444444443 0.50234375 0.4625 0.4953125 0.4666666666666667 0.490625 0.4652777777777778 0.48984375 0.4597222222222222 0.49296875 0.45555555555555555 0.5 0.45416666666666666
