0 0.403125 0.7638888888888888 0.4078125 0.7680555555555556 0.41015625 0.7791666666666667 0.40234375 0.7902777777777777 0.39375 0.7944444444444444 0.3859375 0.7888888888888889 0.38359375 0.7819444444444444 0.384375 0.775 0.38984375 0.7680555555555556 0.40234375 0.7638888888888888
0 0.38359375 0.8180555555555555 0.3875 0.8236111111111111 0.3875 0.8375 0.38515625 0.8444444444444444 0.378125 0.8472222222222222 0.36796875 0.8458333333333333 0.365625 0.8416666666666667 0.365625 0.8305555555555556 0.3734375 0.8194444444444444 0.3828125 0.8180555555555555
0 0.3625 0.8277777777777777 0.365625 0.8333333333333334 0.36484375 0.8444444444444444 0.35546875 0.8541666666666666 0.3453125 0.8527777777777777 0.3421875 0.8472222222222222 0.34140625 0.8375 0.34609375 0.8291666666666667 0.36171875 0.8277777777777777
0 0.396875 0.7097222222222223 0.4046875 0.7152777777777778 0.4046875 0.7263888888888889 0.396875 0.7333333333333333 0.38671875 0.7305555555555555 0.38671875 0.7152777777777778 0.39609375 0.7111111111111111
0 0.35625 0.7444444444444445 0.359375 0.75 0.36015625 0.7597222222222222 0.35234375 0.7708333333333334 0.34453125 0.7708333333333334 0.3375 0.7666666666666667 0.33515625 0.7611111111111111 0.33515625 0.7527777777777778 0.34453125 0.7430555555555556 0.35546875 0.7444444444444445
0 0.4421875 0.6138888888888889 0.4453125 0.6180555555555556 0.446875 0.6263888888888889 0.44609375 0.6319444444444444 0.44296875 0.6361111111111111 0.434375 0.6361111111111111 0.42734375 0.6291666666666667 0.428125 0.6222222222222222 0.43125 0.6166666666666667 0.44140625 0.6138888888888889
0 0.42421875 0.6791666666666667 0.4296875 0.6875 0.42890625 0.6958333333333333 0.425 0.7 0.41796875 0.7 0.4125 0.6930555555555555 0.41328125 0.6847222222222222 0.4234375 0.6791666666666667
0 0.41953125 0.7805555555555556 0.42578125 0.7916666666666666 0.42578125 0.8013888888888889 0.41953125 0.8083333333333333 0.40703125 0.8083333333333333 0.40234375 0.7958333333333333 0.403125 0.7902777777777777 0.4109375 0.7791666666666667 0.41875 0.7805555555555556
0 0.41953125 0.6486111111111111 0.421875 0.65 0.42265625 0.6597222222222222 0.41796875 0.6694444444444444 0.4078125 0.6666666666666666 0.403125 0.6611111111111111 0.403125 0.6569444444444444 0.40859375 0.6486111111111111 0.41875 0.6486111111111111
0 0.31875 0.9125 0.3328125 0.9166666666666666 0.33828125 0.9222222222222223 0.33828125 0.9291666666666667 0.3421875 0.9430555555555555 0.3359375 0.9541666666666667 0.321875 0.9527777777777777 0.309375 0.9305555555555556 0.3078125 0.9236111111111112 0.309375 0.9152777777777777 0.31796875 0.9125
0 0.41796875 0.7388888888888889 0.42109375 0.7444444444444445 0.421875 0.7513888888888889 0.41796875 0.7597222222222222 0.4109375 0.7638888888888888 0.4 0.7625 0.396875 0.7513888888888889 0.39921875 0.7444444444444445 0.40390625 0.7402777777777778 0.4171875 0.7388888888888889
0 0.36484375 0.4666666666666667 0.36796875 0.4652777777777778 0.37265625 0.46944444444444444 0.38984375 0.4736111111111111 0.3875 0.4777777777777778 0.38671875 0.4930555555555556 0.396875 0.5 0.4078125 0.4861111111111111 0.415625 0.48194444444444445 0.4390625 0.48194444444444445 0.44453125 0.4875 0.45234375 0.4861111111111111 0.4609375 0.4888888888888889 0.46640625 0.4861111111111111 0.4703125 0.4777777777777778 0.4828125 0.48194444444444445 0.484375 0.4777777777777778 0.5015625 0.475 0.5046875 0.47638888888888886 0.49765625 0.47638888888888886 0.4953125 0.48055555555555557 0.49453125 0.49166666666666664 0.496875 0.49722222222222223 0.49453125 0.5013888888888889 0.49765625 0.5041666666666667 0.4953125 0.5111111111111111 0.50546875 0.5208333333333334 0.51953125 0.5194444444444445 0.51875 0.5263888888888889 0.48984375 0.5277777777777778 0.4875 0.5319444444444444 0.48984375 0.5347222222222222 0.4984375 0.5319444444444444 0.50078125 0.5375 0.50859375 0.5388888888888889 0.51015625 0.5430555555555555 0.50390625 0.5444444444444444 0.49453125 0.5555555555555556 0.49140625 0.5638888888888889 0.4875 0.5597222222222222 0.4890625 0.5583333333333333 0.4875 0.5527777777777778 0.48359375 0.5527777777777778 0.47890625 0.5555555555555556 0.4796875 0.5611111111111111 0.46953125 0.5680555555555555 0.47265625 0.5736111111111111 0.47109375 0.5777777777777777 0.4734375 0.5833333333333334 0.4765625 0.5763888888888888 0.475 0.5736111111111111 0.48046875 0.5736111111111111 0.4796875 0.5791666666666667 0.4859375 0.5819444444444445 0.484375 0.5875 0.48046875 0.5902777777777778 0.4828125 0.5972222222222222 0.48125 0.6027777777777777 0.48359375 0.6069444444444444 0.4875 0.6041666666666666 0.496875 0.6111111111111112 0.5046875 0.6097222222222223 0.50703125 0.6125 0.50546875 0.625 0.5015625 0.6333333333333333 0.50390625 0.6527777777777778 0.50703125 0.6597222222222222 0.50625 0.6638888888888889 0.50078125 0.6652777777777777 0.49765625 0.6736111111111112 0.4953125 0.6708333333333333 0.47734375 0.6708333333333333 0.4765625 0.6763888888888889 0.48203125 0.6777777777777778 0.48125 0.6944444444444444 0.484375 0.7013888888888888 0.4828125 0.7027777777777777 0.46953125 0.7041666666666667 0.46640625 0.6986111111111111 0.46171875 0.6986111111111111 0.44765625 0.7055555555555556 0.45390625 0.7138888888888889 0.45390625 0.7208333333333333 0.45625 0.7236111111111111 0.46796875 0.7208333333333333 0.4734375 0.725 0.475 0.7194444444444444 0.46953125 0.7166666666666667 0.46796875 0.7097222222222223 0.4703125 0.7083333333333334 0.4703125 0.7138888888888889 0.4765625 0.7180555555555556 0.478125 0.725 0.475 0.7375 0.46328125 0.7569444444444444 0.4671875 0.7611111111111111 0.46484375 0.7652777777777777 0.459375 0.7666666666666667 0.45234375 0.775 0.44921875 0.7694444444444445 0.4453125 0.7722222222222223 0.446875 0.7763888888888889 0.45078125 0.7777777777777778 0.45234375 0.7833333333333333 0.4453125 0.7888888888888889 0.44453125 0.8 0.4609375 0.8055555555555556 0.46328125 0.8125 0.46875 0.8125 0.47265625 0.8097222222222222 0.465625 0.8041666666666667 0.46875 0.8041666666666667 0.47421875 0.7958333333333333 0.48125 0.8027777777777778 0.4734375 0.8097222222222222 0.478125 0.8138888888888889 0.47890625 0.8208333333333333 0.48203125 0.8222222222222222 0.484375 0.8194444444444444 0.490625 0.8263888888888888 0.4859375 0.8291666666666667 0.48359375 0.8361111111111111 0.48046875 0.8361111111111111 0.47734375 0.8430555555555556 0.4703125 0.8430555555555556 0.4703125 0.8486111111111111 0.47421875 0.8513888888888889 0.4546875 0.8583333333333333 0.4546875 0.8652777777777778 0.45859375 0.8694444444444445 0.4546875 0.8833333333333333 0.45703125 0.8875 0.46328125 0.8888888888888888 0.46328125 0.8916666666666667 0.4515625 0.8930555555555556 0.44921875 0.9 0.44375 0.9027777777777778 0.440625 0.9 0.4390625 0.8930555555555556 0.43671875 0.8972222222222223 0.4359375 0.9055555555555556 0.421875 0.9069444444444444 0.4203125 0.9111111111111111 0.41328125 0.9152777777777777 0.41328125 0.9194444444444444 0.4171875 0.925 0.4140625 0.9277777777777778 0.4140625 0.9319444444444445 0.41875 0.9347222222222222 0.4125 0.9375 0.41171875 0.9416666666666667 0.4140625 0.9527777777777777 0.4109375 0.9611111111111111 0.40390625 0.9597222222222223 0.4015625 0.9625 0.4046875 0.9666666666666667 0.4046875 0.9763888888888889 0.40078125 0.9791666666666666 0.40390625 0.9847222222222223 0.40859375 0.9819444444444444 0.4140625 0.9833333333333333 0.41484375 0.9930555555555556 0.39921875 0.9944444444444445 0.39140625 0.9875 0.3921875 0.9819444444444444 0.39921875 0.9805555555555555 0.40234375 0.9694444444444444 0.39921875 0.9666666666666667 0.3984375 0.9611111111111111 0.39609375 0.9611111111111111 0.39375 0.9694444444444444 0.39375 0.9652777777777778 0.38828125 0.9597222222222223 0.3921875 0.9569444444444445 0.3921875 0.9541666666666667 0.3796875 0.9555555555555556 0.37578125 0.9458333333333333 0.36953125 0.9625 0.3640625 0.9694444444444444 0.365625 0.9736111111111111 0.36328125 0.9819444444444444 0.3640625 0.9902777777777778 0.36015625 0.9944444444444445 0.3453125 0.9958333333333333 0.33671875 0.9902777777777778 0.334375 0.9819444444444444 0.30703125 0.9819444444444444 0.309375 0.9861111111111112 0.30703125 0.9930555555555556 0.3 0.9833333333333333 0.29765625 0.9875 0.28515625 0.9861111111111112 0.2765625 0.9958333333333333 0.26640625 0.9958333333333333 0.2546875 0.9902777777777778 0.2515625 0.9944444444444445 0.240625 0.9916666666666667 0.2265625 0.9986111111111111 0.22578125 0.9888888888888889 0.22890625 0.9763888888888889 0.2265625 0.9736111111111111 0.22578125 0.9638888888888889 0.24375 0.9444444444444444 0.2390625 0.9347222222222222 0.2390625 0.925 0.234375 0.9208333333333333 0.22890625 0.9069444444444444 0.2203125 0.9 0.20234375 0.9055555555555556 0.19921875 0.9111111111111111 0.1890625 0.8972222222222223 0.18046875 0.8958333333333334 0.17734375 0.8916666666666667 0.1703125 0.8916666666666667 0.1703125 0.9 0.17421875 0.9069444444444444 0.171875 0.9111111111111111 0.16484375 0.9111111111111111 0.15546875 0.9208333333333333 0.15546875 0.9430555555555555 0.16875 0.9486111111111111 0.171875 0.9541666666666667 0.178125 0.9416666666666667 0.17734375 0.9375 0.1796875 0.9319444444444445 0.184375 0.9277777777777778 0.1828125 0.9180555555555555 0.18828125 0.9166666666666666 0.19296875 0.9208333333333333 0.19296875 0.9527777777777777 0.190625 0.9569444444444445 0.1953125 0.9625 0.19921875 0.9583333333333334 0.20859375 0.9597222222222223 0.21015625 0.9680555555555556 0.20859375 0.975 0.196875 0.9847222222222223 0.19609375 0.9944444444444445 0.1734375 0.9944444444444445 0.171875 0.9902777777777778 0.16953125 0.9930555555555556 0.14375 0.9972222222222222 0.1328125 0.9944444444444445 0.13046875 0.9986111111111111 0.121875 0.9986111111111111 0.11953125 0.9944444444444445 0.115625 0.9958333333333333 0.1125 0.9930555555555556 0.0921875 0.9944444444444445 0.1 0.9805555555555555 0.11015625 0.9902777777777778 0.11953125 0.9902777777777778 0.12578125 0.9819444444444444 0.13359375 0.9791666666666666 0.13828125 0.9694444444444444 0.1390625 0.9625 0.14140625 0.9625 0.1453125 0.9708333333333333 0.15234375 0.9722222222222222 0.1546875 0.9791666666666666 0.1625 0.9791666666666666 0.165625 0.9694444444444444 0.16171875 0.9597222222222223 0.1640625 0.9541666666666667 0.1609375 0.9486111111111111 0.1578125 0.9541666666666667 0.15859375 0.9472222222222222 0.153125 0.9486111111111111 0.15390625 0.9416666666666667 0.14921875 0.9347222222222222 0.153125 0.9277777777777778 0.15 0.9236111111111112 0.146875 0.9222222222222223 0.14609375 0.9277777777777778 0.14375 0.9277777777777778 0.13828125 0.9375 0.1296875 0.9402777777777778 0.12578125 0.9347222222222222 0.128125 0.9263888888888889 0.12734375 0.9194444444444444 0.1390625 0.9069444444444444 0.140625 0.8930555555555556 0.14453125 0.8902777777777777 0.14609375 0.9 0.15390625 0.9152777777777777 0.16015625 0.9069444444444444 0.159375 0.9041666666666667 0.1640625 0.8930555555555556 0.16875 0.8902777777777777 0.16875 0.8861111111111111 0.1625 0.8819444444444444 0.159375 0.875 0.15234375 0.8680555555555556 0.15078125 0.8652777777777778 0.153125 0.8597222222222223 0.15234375 0.8569444444444444 0.14453125 0.8555555555555555 0.1421875 0.8513888888888889 0.14453125 0.8486111111111111 0.14375 0.8430555555555556 0.1296875 0.8430555555555556 0.12578125 0.8347222222222223 0.12109375 0.8347222222222223 0.1171875 0.825 0.12265625 0.8222222222222222 0.12734375 0.8111111111111111 0.1390625 0.8055555555555556 0.13984375 0.8027777777777778 0.1359375 0.7972222222222223 0.13671875 0.7916666666666666 0.13984375 0.7875 0.140625 0.7805555555555556 0.1484375 0.7763888888888889 0.146875 0.7722222222222223 0.15625 0.7513888888888889 0.1796875 0.7194444444444444 0.18203125 0.7194444444444444 0.190625 0.6986111111111111 0.1953125 0.6972222222222222 0.20078125 0.6888888888888889 0.20234375 0.6847222222222222 0.2015625 0.6777777777777778 0.20390625 0.6736111111111112 0.2140625 0.6680555555555555 0.21484375 0.6638888888888889 0.21171875 0.6611111111111111 0.2125 0.65 0.2203125 0.6375 0.2265625 0.6333333333333333 0.23046875 0.625 0.23828125 0.6208333333333333 0.24296875 0.6138888888888889 0.24296875 0.6013888888888889 0.25234375 0.5930555555555556 0.26171875 0.5736111111111111 0.278125 0.5583333333333333 0.27890625 0.5527777777777778 0.27734375 0.55 0.2828125 0.5402777777777777 0.2875 0.5402777777777777 0.2875 0.5319444444444444 0.3046875 0.5013888888888889 0.3125 0.49583333333333335 0.328125 0.49722222222222223 0.33046875 0.5027777777777778 0.3484375 0.5041666666666667 0.35078125 0.5069444444444444 0.359375 0.5055555555555555 0.36796875 0.5166666666666667 0.375 0.5111111111111111 0.38046875 0.5125 0.38203125 0.5069444444444444 0.3796875 0.5027777777777778 0.3640625 0.49583333333333335 0.3296875 0.49166666666666664 0.3234375 0.4875 0.3265625 0.4847222222222222 0.3265625 0.47638888888888886 0.32890625 0.4708333333333333 0.33203125 0.46944444444444444 0.334375 0.475 0.33671875 0.475 0.33515625 0.48333333333333334 0.3375 0.4861111111111111 0.340625 0.4847222222222222 0.340625 0.48055555555555557 0.34453125 0.4736111111111111 0.35546875 0.4722222222222222 0.35390625 0.48055555555555557 0.34765625 0.48055555555555557 0.3484375 0.4861111111111111 0.36953125 0.4888888888888889 0.37265625 0.48055555555555557 0.36640625 0.4736111111111111 0.3671875 0.46944444444444444 0.365625 0.46805555555555556
0 0.45625 0.8166666666666667 0.4703125 0.8166666666666667 0.471875 0.8236111111111111 0.47109375 0.8333333333333334 0.46484375 0.8388888888888889 0.453125 0.8388888888888889 0.4515625 0.8291666666666667 0.453125 0.8208333333333333 0.45546875 0.8180555555555555
0 0.40625 0.6625 0.409375 0.6666666666666666 0.409375 0.675 0.40390625 0.6847222222222222 0.39296875 0.6805555555555556 0.39140625 0.6694444444444444 0.39609375 0.6611111111111111 0.40546875 0.6625
0 0.384375 0.6875 0.390625 0.6916666666666667 0.39296875 0.6972222222222222 0.39296875 0.7027777777777777 0.38515625 0.7125 0.37578125 0.7111111111111111 0.36875 0.7027777777777777 0.3703125 0.6958333333333333 0.37578125 0.6875 0.38359375 0.6875
0 0.36015625 0.8875 0.365625 0.8930555555555556 0.36796875 0.9 0.36484375 0.9111111111111111 0.35703125 0.9180555555555555 0.34375 0.9166666666666666 0.33984375 0.9111111111111111 0.3390625 0.9041666666666667 0.34453125 0.8916666666666667 0.35 0.8861111111111111 0.359375 0.8875
0 0.45703125 0.5416666666666666 0.4625 0.5513888888888889 0.46171875 0.5638888888888889 0.4578125 0.5694444444444444 0.4484375 0.5680555555555555 0.44453125 0.5597222222222222 0.4453125 0.5444444444444444 0.45625 0.5416666666666666
0 0.43046875 0.6527777777777778 0.43359375 0.65 0.44375 0.65 0.44765625 0.6555555555555556 0.44609375 0.6680555555555555 0.434375 0.6694444444444444 0.42890625 0.6638888888888889 0.43046875 0.6541666666666667
0 0.288671875 0.9513888888888888 0.02890625 0.03333333333333333
