0 0.9191176470588235 0.630718954248366 0.9436274509803921 0.6290849673202614 0.9607843137254902 0.6372549019607843 0.9607843137254902 0.6405228758169934 0.9534313725490197 0.6421568627450981 0.9264705882352942 0.6372549019607843 0.9191176470588235 0.6323529411764706
0 0.9509803921568627 0.5702614379084967 0.9681372549019608 0.5702614379084967 0.9975490196078431 0.576797385620915 0.9975490196078431 0.5816993464052288 0.9852941176470589 0.5816993464052288 0.9828431372549019 0.5800653594771242 0.9779411764705882 0.5816993464052288 0.9754901960784313 0.5800653594771242 0.9705882352941176 0.5833333333333334 0.9485294117647058 0.576797385620915 0.9509803921568627 0.5718954248366013
0 0.8946078431372549 0.9493464052287581 0.9068627450980392 0.9558823529411765 0.9044117647058824 0.9591503267973857 0.8946078431372549 0.9624183006535948 0.8700980392156863 0.9656862745098039 0.8578431372549019 0.9705882352941176 0.8480392156862745 0.9705882352941176 0.8431372549019608 0.9656862745098039 0.8676470588235294 0.9477124183006536 0.8897058823529411 0.9477124183006536 0.8921568627450981 0.9493464052287581
0 0.6715686274509803 0.738562091503268 0.7058823529411765 0.7467320261437909 0.7303921568627451 0.7630718954248366 0.7328431372549019 0.7679738562091504 0.7279411764705882 0.7728758169934641 0.6936274509803921 0.7712418300653595 0.6642156862745098 0.761437908496732 0.6495098039215687 0.7483660130718954 0.6470588235294118 0.738562091503268 0.6495098039215687 0.7369281045751634 0.6666666666666666 0.7369281045751634 0.6691176470588235 0.738562091503268
0 0.9436274509803921 0.6993464052287581 0.9558823529411765 0.7026143790849673 0.9681372549019608 0.7091503267973857 0.9730392156862745 0.7124183006535948 0.9705882352941176 0.7156862745098039 0.9387254901960784 0.7124183006535948 0.9240196078431373 0.7075163398692811 0.9093137254901961 0.7075163398692811 0.9068627450980392 0.7058823529411765 0.9166666666666666 0.7009803921568627 0.9411764705882353 0.6993464052287581
0 0.7450980392156863 0.9852941176470589 0.7622549019607843 0.988562091503268 0.7696078431372549 0.9934640522875817 0.7696078431372549 0.9983660130718954 0.7034313725490197 0.9983660130718954 0.7009803921568627 0.9967320261437909 0.7034313725490197 0.9901960784313726 0.7254901960784313 0.9852941176470589 0.7426470588235294 0.9852941176470589
0 0.7794117647058824 0.8758169934640523 0.7941176470588235 0.8790849673202614 0.8063725490196079 0.8856209150326797 0.8161764705882353 0.8872549019607843 0.8235294117647058 0.8921568627450981 0.8259803921568627 0.9068627450980392 0.8186274509803921 0.9101307189542484 0.8063725490196079 0.9101307189542484 0.7892156862745098 0.9003267973856209 0.7696078431372549 0.8937908496732027 0.7549019607843137 0.8839869281045751 0.7549019607843137 0.8774509803921569 0.7598039215686274 0.8758169934640523 0.7769607843137255 0.8758169934640523
0 0.8333333333333334 0.7091503267973857 0.8357843137254902 0.7075163398692811 0.8529411764705882 0.7075163398692811 0.8553921568627451 0.7091503267973857 0.8848039215686274 0.7124183006535948 0.9068627450980392 0.7222222222222222 0.9142156862745098 0.7271241830065359 0.9142156862745098 0.7320261437908496 0.9117647058823529 0.7336601307189542 0.8897058823529411 0.7336601307189542 0.8578431372549019 0.7254901960784313 0.8357843137254902 0.7107843137254902
0 0.9411764705882353 0.5964052287581699 0.946078431372549 0.5947712418300654 0.9607843137254902 0.5964052287581699 0.9779411764705882 0.6062091503267973 0.9901960784313726 0.6094771241830066 0.9950980392156863 0.6127450980392157 0.9926470588235294 0.6143790849673203 0.9705882352941176 0.6127450980392157 0.9411764705882353 0.5980392156862745
0 0.7328431372549019 0.7679738562091504 0.7426470588235294 0.7712418300653595 0.7622549019607843 0.7859477124183006 0.7598039215686274 0.7908496732026143 0.7377450980392157 0.7908496732026143 0.7303921568627451 0.7892156862745098 0.7230392156862745 0.7843137254901961 0.7230392156862745 0.7745098039215687 0.7328431372549019 0.7696078431372549
0 0.928921568627451 0.6666666666666666 0.9362745098039216 0.6683006535947712 0.9583333333333334 0.6797385620915033 0.9583333333333334 0.6830065359477124 0.9509803921568627 0.6862745098039216 0.928921568627451 0.6813725490196079 0.9068627450980392 0.6683006535947712 0.9093137254901961 0.6666666666666666 0.9264705882352942 0.6666666666666666
0 0.9705882352941176 0.6568627450980392 0.9852941176470589 0.6568627450980392 0.9975490196078431 0.6601307189542484 0.9975490196078431 0.673202614379085 0.9950980392156863 0.673202614379085 0.9852941176470589 0.6715686274509803 0.9705882352941176 0.6584967320261438
0 0.8455882352941176 0.7777777777777778 0.8553921568627451 0.7810457516339869 0.8774509803921569 0.795751633986928 0.8799019607843137 0.7990196078431373 0.875 0.8006535947712419 0.8627450980392157 0.8006535947712419 0.8504901960784313 0.7973856209150327 0.8259803921568627 0.795751633986928 0.8186274509803921 0.7924836601307189 0.7892156862745098 0.7875816993464052 0.7769607843137255 0.7810457516339869 0.7769607843137255 0.7745098039215687 0.7794117647058824 0.7728758169934641 0.821078431372549 0.7728758169934641 0.8431372549019608 0.7777777777777778
0 0.7745098039215687 0.5718954248366013 0.7916666666666666 0.5735294117647058 0.8161764705882353 0.5800653594771242 0.8308823529411765 0.5816993464052288 0.8480392156862745 0.5898692810457516 0.8897058823529411 0.6045751633986928 0.8897058823529411 0.6078431372549019 0.8823529411764706 0.6094771241830066 0.8799019607843137 0.6078431372549019 0.8651960784313726 0.6078431372549019 0.8455882352941176 0.6029411764705882 0.8137254901960784 0.5915032679738562 0.8088235294117647 0.5915032679738562 0.7745098039215687 0.5735294117647058
0 0.8431372549019608 0.7418300653594772 0.8578431372549019 0.7450980392156863 0.875 0.7450980392156863 0.8970588235294118 0.7598039215686274 0.8725490196078431 0.7647058823529411 0.8602941176470589 0.7647058823529411 0.8455882352941176 0.7598039215686274 0.8308823529411765 0.7581699346405228 0.821078431372549 0.7549019607843137 0.821078431372549 0.7483660130718954 0.8406862745098039 0.7434640522875817
0 0.8284313725490197 0.8333333333333334 0.8308823529411765 0.8349673202614379 0.8406862745098039 0.8349673202614379 0.8504901960784313 0.8398692810457516 0.8553921568627451 0.8545751633986928 0.8406862745098039 0.8611111111111112 0.8259803921568627 0.8611111111111112 0.8235294117647058 0.8627450980392157 0.8088235294117647 0.8594771241830066 0.7990196078431373 0.8513071895424836 0.8063725490196079 0.8398692810457516 0.8137254901960784 0.8349673202614379 0.8259803921568627 0.8333333333333334
