0 0.3758169934640523 0.8627450980392157 0.3888888888888889 0.8676470588235294 0.39052287581699346 0.8700980392156863 0.39052287581699346 0.8823529411764706 0.38562091503267976 0.8897058823529411 0.3758169934640523 0.8921568627450981 0.3660130718954248 0.9044117647058824 0.35784313725490197 0.9093137254901961 0.35294117647058826 0.9068627450980392 0.35294117647058826 0.9019607843137255 0.35784313725490197 0.8872549019607843 0.35784313725490197 0.8774509803921569 0.3611111111111111 0.8676470588235294 0.3741830065359477 0.8627450980392157
0 0.6535947712418301 0.6102941176470589 0.6552287581699346 0.6200980392156863 0.6519607843137255 0.625 0.6454248366013072 0.6225490196078431 0.6454248366013072 0.6151960784313726 0.6519607843137255 0.6102941176470589
0 0.4444444444444444 0.8431372549019608 0.45588235294117646 0.8504901960784313 0.45751633986928103 0.8602941176470589 0.45098039215686275 0.8725490196078431 0.4395424836601307 0.8799019607843137 0.42320261437908496 0.8774509803921569 0.4166666666666667 0.8676470588235294 0.4150326797385621 0.8504901960784313 0.4264705882352941 0.8406862745098039 0.44281045751633985 0.8431372549019608
0 0.5302287581699346 0.6115196078431373 0.017973856209150325 0.01715686274509804
0 0.6535947712418301 0.9191176470588235 0.6601307189542484 0.9264705882352942 0.6650326797385621 0.9485294117647058 0.6552287581699346 0.9730392156862745 0.6421568627450981 0.9730392156862745 0.6339869281045751 0.9607843137254902 0.6356209150326797 0.9534313725490197 0.6405228758169934 0.946078431372549 0.6437908496732027 0.9240196078431373 0.6470588235294118 0.9191176470588235 0.6519607843137255 0.9191176470588235
0 0.4820261437908497 0.6078431372549019 0.4934640522875817 0.6053921568627451 0.5016339869281046 0.6102941176470589 0.5016339869281046 0.6151960784313726 0.49836601307189543 0.6200980392156863 0.4869281045751634 0.6200980392156863 0.4820261437908497 0.6102941176470589
0 0.6160130718954249 0.6862745098039216 0.619281045751634 0.6936274509803921 0.619281045751634 0.7058823529411765 0.6143790849673203 0.7107843137254902 0.6094771241830066 0.7107843137254902 0.6062091503267973 0.7034313725490197 0.6062091503267973 0.6911764705882353 0.6094771241830066 0.6862745098039216 0.6143790849673203 0.6862745098039216
0 0.3758169934640523 0.8995098039215687 0.39052287581699346 0.9068627450980392 0.39215686274509803 0.9166666666666666 0.40032679738562094 0.9313725490196079 0.40032679738562094 0.9436274509803921 0.39705882352941174 0.9509803921568627 0.39052287581699346 0.9558823529411765 0.37254901960784315 0.9558823529411765 0.3627450980392157 0.9387254901960784 0.3562091503267974 0.9387254901960784 0.34967320261437906 0.9313725490196079 0.34967320261437906 0.9215686274509803 0.35294117647058826 0.9117647058823529 0.35947712418300654 0.9117647058823529 0.3741830065359477 0.8995098039215687
0 0.3611111111111111 0.8676470588235294 0.3709150326797386 0.8627450980392157 0.3888888888888889 0.8676470588235294 0.39052287581699346 0.8823529411764706 0.3790849673202614 0.8970588235294118 0.39052287581699346 0.9093137254901961 0.3937908496732026 0.9215686274509803 0.40032679738562094 0.9313725490196079 0.40032679738562094 0.9436274509803921 0.39705882352941174 0.9509803921568627 0.3888888888888889 0.9558823529411765 0.3758169934640523 0.9558823529411765 0.3709150326797386 0.9607843137254902 0.369281045751634 0.9681372549019608 0.3627450980392157 0.9779411764705882 0.3545751633986928 0.9803921568627451 0.34477124183006536 0.9901960784313726 0.3382352941176471 0.9877450980392157 0.32516339869281047 0.9607843137254902 0.3235294117647059 0.9509803921568627 0.33169934640522875 0.9411764705882353 0.34477124183006536 0.9338235294117647 0.34477124183006536 0.9191176470588235 0.35294117647058826 0.9019607843137255 0.35784313725490197 0.8848039215686274 0.35784313725490197 0.8774509803921569 0.3611111111111111 0.8700980392156863
0 0.49019607843137253 0.6225490196078431 0.49836601307189543 0.6274509803921569 0.5 0.6372549019607843 0.49673202614379086 0.6421568627450981 0.4869281045751634 0.6421568627450981 0.48856209150326796 0.625
0 0.4493464052287582 0.7377450980392157 0.45098039215686275 0.7401960784313726 0.46405228758169936 0.7426470588235294 0.4738562091503268 0.7573529411764706 0.46895424836601307 0.7696078431372549 0.46078431372549017 0.7745098039215687 0.4477124183006536 0.7745098039215687 0.44281045751633985 0.7696078431372549 0.434640522875817 0.7696078431372549 0.43300653594771243 0.7671568627450981 0.43137254901960786 0.75 0.434640522875817 0.7450980392156863 0.4477124183006536 0.7377450980392157
0 0.43137254901960786 0.7058823529411765 0.43300653594771243 0.7083333333333334 0.4411764705882353 0.7083333333333334 0.4444444444444444 0.7156862745098039 0.44281045751633985 0.7279411764705882 0.43790849673202614 0.7352941176470589 0.43137254901960786 0.7352941176470589 0.42810457516339867 0.7303921568627451 0.42810457516339867 0.7132352941176471 0.43137254901960786 0.7083333333333334
0 0.47875816993464054 0.6740196078431373 0.4869281045751634 0.6740196078431373 0.49019607843137253 0.678921568627451 0.48856209150326796 0.696078431372549 0.4820261437908497 0.7034313725490197 0.47549019607843135 0.7034313725490197 0.4738562091503268 0.7058823529411765 0.46895424836601307 0.7034313725490197 0.46895424836601307 0.6936274509803921 0.4722222222222222 0.6936274509803921 0.47875816993464054 0.6838235294117647 0.47875816993464054 0.6764705882352942
0 0.6323529411764706 0.7230392156862745 0.6339869281045751 0.7254901960784313 0.6323529411764706 0.7377450980392157 0.6225490196078431 0.7450980392156863 0.6176470588235294 0.7450980392156863 0.6143790849673203 0.7401960784313726 0.6143790849673203 0.7352941176470589 0.6209150326797386 0.7254901960784313 0.630718954248366 0.7230392156862745
0 0.4166666666666667 0.8014705882352942 0.42483660130718953 0.8063725490196079 0.42810457516339867 0.8137254901960784 0.42810457516339867 0.8186274509803921 0.4215686274509804 0.8308823529411765 0.4117647058823529 0.8382352941176471 0.40032679738562094 0.8382352941176471 0.3937908496732026 0.8333333333333334 0.3888888888888889 0.8235294117647058 0.3888888888888889 0.8161764705882353 0.40032679738562094 0.803921568627451 0.4150326797385621 0.8014705882352942
0 0.35294117647058826 0.9362745098039216 0.3545751633986928 0.9387254901960784 0.3611111111111111 0.9387254901960784 0.369281045751634 0.9485294117647058 0.3709150326797386 0.9558823529411765 0.369281045751634 0.9583333333333334 0.369281045751634 0.9681372549019608 0.3627450980392157 0.9779411764705882 0.3545751633986928 0.9803921568627451 0.34477124183006536 0.9901960784313726 0.33986928104575165 0.9877450980392157 0.3349673202614379 0.9803921568627451 0.33169934640522875 0.9705882352941176 0.32516339869281047 0.9607843137254902 0.3235294117647059 0.9509803921568627 0.33169934640522875 0.9411764705882353 0.3431372549019608 0.9362745098039216 0.35130718954248363 0.9362745098039216
0 0.6209150326797386 0.8235294117647058 0.6290849673202614 0.8063725490196079 0.6405228758169934 0.803921568627451 0.6437908496732027 0.8088235294117647 0.6437908496732027 0.8161764705882353 0.6356209150326797 0.8308823529411765 0.6258169934640523 0.8308823529411765 0.6225490196078431 0.8259803921568627
0 0.4820261437908497 0.6642156862745098 0.4869281045751634 0.6544117647058824 0.49836601307189543 0.6519607843137255 0.5016339869281046 0.6617647058823529 0.5 0.6666666666666666 0.49673202614379086 0.6691176470588235 0.4869281045751634 0.6691176470588235 0.48366013071895425 0.6666666666666666
0 0.6160130718954249 0.75 0.6241830065359477 0.7622549019607843 0.6258169934640523 0.7794117647058824 0.6127450980392157 0.7916666666666666 0.6062091503267973 0.7843137254901961 0.6045751633986928 0.7524509803921569 0.6062091503267973 0.75 0.6143790849673203 0.75
0 0.6111111111111112 0.8406862745098039 0.619281045751634 0.8529411764705882 0.6209150326797386 0.8725490196078431 0.6241830065359477 0.8799019607843137 0.6225490196078431 0.8897058823529411 0.6160130718954249 0.8897058823529411 0.6078431372549019 0.8848039215686274 0.6013071895424836 0.8700980392156863 0.5996732026143791 0.8431372549019608 0.6013071895424836 0.8406862745098039 0.6094771241830066 0.8406862745098039
0 0.619281045751634 0.6568627450980392 0.6176470588235294 0.6470588235294118 0.6209150326797386 0.6397058823529411 0.6274509803921569 0.6421568627450981 0.6274509803921569 0.6519607843137255 0.6241830065359477 0.6568627450980392 0.6209150326797386 0.6568627450980392
0 0.6160130718954249 0.678921568627451 0.6160130718954249 0.6715686274509803 0.6241830065359477 0.6617647058823529 0.630718954248366 0.6642156862745098 0.630718954248366 0.6740196078431373 0.6225490196078431 0.6813725490196079 0.6176470588235294 0.678921568627451
