0 0.64921875 0.7152777777777778 0.64921875 0.7333333333333333 0.64609375 0.7444444444444445 0.646875 0.7611111111111111 0.640625 0.7652777777777777 0.6328125 0.7638888888888888 0.63046875 0.7583333333333333 0.63359375 0.7472222222222222 0.63203125 0.7402777777777778 0.6328125 0.7305555555555555 0.63671875 0.7166666666666667 0.640625 0.7138888888888889 0.6484375 0.7152777777777778
0 0.63828125 0.5986111111111111 0.64765625 0.5888888888888889 0.6546875 0.5888888888888889 0.66796875 0.6083333333333333 0.665625 0.6111111111111112 0.640625 0.6083333333333333 0.6375 0.6041666666666666 0.63828125 0.6
0 0.65390625 0.4847222222222222 0.66015625 0.49027777777777776 0.659375 0.49583333333333335 0.64453125 0.49444444444444446 0.64375 0.49027777777777776 0.6453125 0.4875 0.653125 0.4847222222222222
0 0.69765625 0.6291666666666667 0.69921875 0.6472222222222223 0.696875 0.6527777777777778 0.70234375 0.6597222222222222 0.70625 0.6611111111111111 0.70859375 0.6569444444444444 0.70546875 0.6486111111111111 0.70625 0.6430555555555556 0.71640625 0.6416666666666667 0.72265625 0.6333333333333333 0.72578125 0.6333333333333333 0.7265625 0.6388888888888888 0.73203125 0.6388888888888888 0.73203125 0.6333333333333333 0.73515625 0.6305555555555555 0.7375 0.6347222222222222 0.734375 0.6375 0.734375 0.6472222222222223 0.7375 0.65 0.73828125 0.6555555555555556 0.7484375 0.6555555555555556 0.7515625 0.6680555555555555 0.75 0.6763888888888889 0.7578125 0.6833333333333333 0.7671875 0.6861111111111111 0.778125 0.6819444444444445 0.78828125 0.6847222222222222 0.790625 0.6819444444444445 0.790625 0.6777777777777778 0.79375 0.6763888888888889 0.8015625 0.6777777777777778 0.7953125 0.6805555555555556 0.8 0.6888888888888889 0.80625 0.6777777777777778 0.81484375 0.6819444444444445 0.81484375 0.6888888888888889 0.8078125 0.6972222222222222 0.80234375 0.7097222222222223 0.81953125 0.7111111111111111 0.82578125 0.7166666666666667 0.825 0.7194444444444444 0.8296875 0.7333333333333333 0.8265625 0.7430555555555556 0.828125 0.7458333333333333 0.84140625 0.7486111111111111 0.84296875 0.7652777777777777 0.84609375 0.7694444444444445 0.84609375 0.7722222222222223 0.8421875 0.775 0.8375 0.7736111111111111 0.8359375 0.7763888888888889 0.8359375 0.7819444444444444 0.83984375 0.7861111111111111 0.83828125 0.7902777777777777 0.834375 0.7902777777777777 0.83359375 0.7930555555555555 0.84140625 0.7944444444444444 0.8453125 0.8013888888888889 0.85 0.8027777777777778 0.853125 0.8097222222222222 0.84921875 0.8263888888888888 0.8453125 0.8263888888888888 0.84140625 0.8347222222222223 0.8375 0.8319444444444445 0.83125 0.8361111111111111 0.83046875 0.8402777777777778 0.8375 0.8555555555555555 0.84140625 0.8569444444444444 0.8421875 0.85 0.85234375 0.8513888888888889 0.85546875 0.8458333333333333 0.85625 0.8527777777777777 0.8625 0.8583333333333333 0.86484375 0.8555555555555555 0.8625 0.8513888888888889 0.86953125 0.8416666666666667 0.87265625 0.8513888888888889 0.8765625 0.8513888888888889 0.878125 0.8611111111111112 0.8765625 0.8652777777777778 0.8765625 0.8833333333333333 0.878125 0.8861111111111111 0.8765625 0.8916666666666667 0.87265625 0.8916666666666667 0.8671875 0.8972222222222223 0.86484375 0.9041666666666667 0.8484375 0.9152777777777777 0.8390625 0.9111111111111111 0.83203125 0.9111111111111111 0.825 0.9152777777777777 0.81796875 0.9041666666666667 0.8171875 0.8972222222222223 0.81015625 0.8986111111111111 0.809375 0.9041666666666667 0.8109375 0.9083333333333333 0.80625 0.9069444444444444 0.80078125 0.9111111111111111 0.79453125 0.9111111111111111 0.79140625 0.9152777777777777 0.79609375 0.9208333333333333 0.8 0.9180555555555555 0.80546875 0.9208333333333333 0.8078125 0.925 0.80390625 0.9291666666666667 0.8078125 0.9347222222222222 0.81875 0.9347222222222222 0.82890625 0.9305555555555556 0.834375 0.925 0.83203125 0.9222222222222223 0.82734375 0.925 0.82421875 0.9222222222222223 0.82578125 0.9194444444444444 0.834375 0.9208333333333333 0.83359375 0.9277777777777778 0.8359375 0.9305555555555556 0.8453125 0.9236111111111112 0.84921875 0.9291666666666667 0.8546875 0.9305555555555556 0.8625 0.9263888888888889 0.871875 0.9361111111111111 0.87734375 0.9361111111111111 0.88359375 0.9277777777777778 0.88671875 0.9347222222222222 0.890625 0.9333333333333333 0.89296875 0.9402777777777778 0.9 0.9486111111111111 0.8984375 0.9541666666666667 0.8921875 0.9583333333333334 0.89375 0.9652777777777778 0.8984375 0.9652777777777778 0.90078125 0.9694444444444444 0.8921875 0.9763888888888889 0.89453125 0.9805555555555555 0.890625 0.9833333333333333 0.88984375 0.9930555555555556 0.87109375 0.9944444444444445 0.86953125 0.9902777777777778 0.86796875 0.9930555555555556 0.85234375 0.9972222222222222 0.84921875 0.9944444444444445 0.8234375 0.9930555555555556 0.82109375 0.9805555555555555 0.815625 0.9805555555555555 0.8171875 0.9694444444444444 0.81171875 0.9652777777777778 0.80625 0.9694444444444444 0.8109375 0.9888888888888889 0.8078125 0.9944444444444445 0.803125 0.9944444444444445 0.80078125 0.9888888888888889 0.7953125 0.9888888888888889 0.79296875 0.9944444444444445 0.78828125 0.9944444444444445 0.78515625 0.9833333333333333 0.78046875 0.9777777777777777 0.77578125 0.9819444444444444 0.753125 0.9805555555555555 0.7484375 0.9861111111111112 0.74375 0.9861111111111112 0.734375 0.9736111111111111 0.72890625 0.975 0.72890625 0.9694444444444444 0.7328125 0.9680555555555556 0.734375 0.9625 0.746875 0.9597222222222223 0.7484375 0.9569444444444445 0.746875 0.9541666666666667 0.73828125 0.9527777777777777 0.73828125 0.95 0.7453125 0.9416666666666667 0.74140625 0.9361111111111111 0.7140625 0.9319444444444445 0.7171875 0.9277777777777778 0.7140625 0.9263888888888889 0.71171875 0.9375 0.69453125 0.9388888888888889 0.6953125 0.9361111111111111 0.70234375 0.9361111111111111 0.70234375 0.9333333333333333 0.69921875 0.9333333333333333 0.69921875 0.9277777777777778 0.70390625 0.925 0.69140625 0.9180555555555555 0.69140625 0.9083333333333333 0.69765625 0.9083333333333333 0.6984375 0.9041666666666667 0.69375 0.8986111111111111 0.68828125 0.8972222222222223 0.68671875 0.8888888888888888 0.6828125 0.8833333333333333 0.68359375 0.8763888888888889 0.68671875 0.8722222222222222 0.6859375 0.85 0.678125 0.8472222222222222 0.675 0.8416666666666667 0.6765625 0.8388888888888889 0.67578125 0.8305555555555556 0.67265625 0.825 0.6765625 0.8222222222222222 0.678125 0.8152777777777778 0.675 0.8083333333333333 0.6703125 0.8069444444444445 0.6828125 0.7819444444444444 0.67578125 0.7708333333333334 0.6734375 0.75 0.66796875 0.7444444444444445 0.671875 0.7319444444444444 0.66796875 0.7291666666666666 0.6671875 0.7222222222222222 0.6640625 0.7194444444444444 0.6765625 0.7125 0.68671875 0.7152777777777778 0.6859375 0.7083333333333334 0.68828125 0.7055555555555556 0.67734375 0.6930555555555555 0.6796875 0.6861111111111111 0.6765625 0.6777777777777778 0.6828125 0.6791666666666667 0.68828125 0.6694444444444444 0.6953125 0.6638888888888889 0.69296875 0.6611111111111111 0.690625 0.6486111111111111 0.684375 0.65 0.68203125 0.6472222222222223 0.6890625 0.6444444444444445 0.69140625 0.6402777777777777 0.69140625 0.6361111111111111 0.6890625 0.6333333333333333 0.690625 0.6305555555555555 0.696875 0.6291666666666667
0 0.64765625 0.7138888888888889 0.65 0.7180555555555556 0.6484375 0.7361111111111112 0.64296875 0.7430555555555556 0.63359375 0.7416666666666667 0.6328125 0.7319444444444444 0.63671875 0.7166666666666667 0.646875 0.7138888888888889
0 0.6796875 0.9083333333333333 0.6828125 0.9222222222222223 0.67890625 0.9305555555555556 0.66953125 0.9291666666666667 0.66640625 0.9222222222222223 0.66875 0.9097222222222222 0.67890625 0.9083333333333333
0 0.60625 0.9805555555555555 0.61640625 0.975 0.6234375 0.975 0.62578125 0.9791666666666666 0.6265625 0.9902777777777778 0.6265625 0.9986111111111111 0.60625 0.9986111111111111 0.60625 0.9819444444444444
0 0.321875 0.8333333333333334 0.32421875 0.8347222222222223 0.325 0.8416666666666667 0.32265625 0.8486111111111111 0.31796875 0.8513888888888889 0.31015625 0.85 0.3078125 0.8402777777777778 0.31015625 0.8361111111111111 0.32109375 0.8333333333333334
0 0.4328125 0.6888888888888889 0.43515625 0.6944444444444444 0.42890625 0.7013888888888888 0.42421875 0.7013888888888888 0.42109375 0.6944444444444444 0.425 0.6888888888888889 0.43203125 0.6888888888888889
0 0.6484375 0.7152777777777778 0.65 0.7222222222222222 0.6484375 0.7375 0.6453125 0.7472222222222222 0.64765625 0.7583333333333333 0.64609375 0.7625 0.64140625 0.7652777777777777 0.63515625 0.7652777777777777 0.63046875 0.7597222222222222 0.63359375 0.7486111111111111 0.6328125 0.7319444444444444 0.6375 0.7166666666666667 0.64765625 0.7152777777777778
0 0.740625 0.6652777777777777 0.7609375 0.6847222222222222 0.76953125 0.6833333333333333 0.771875 0.6777777777777778 0.78046875 0.6763888888888889 0.7828125 0.6791666666666667 0.79609375 0.675 0.796875 0.6722222222222223 0.8 0.6736111111111112 0.80546875 0.6680555555555555 0.8140625 0.6708333333333333 0.81015625 0.6736111111111112 0.81640625 0.6805555555555556 0.81640625 0.6861111111111111 0.8125 0.6958333333333333 0.8078125 0.7 0.80859375 0.7027777777777777 0.80546875 0.7097222222222223 0.82265625 0.7125 0.82421875 0.7152777777777778 0.8234375 0.7194444444444444 0.8296875 0.7305555555555555 0.83046875 0.7375 0.83515625 0.7388888888888889 0.83671875 0.7444444444444445 0.8421875 0.7472222222222222 0.84296875 0.7652777777777777 0.84765625 0.7722222222222223 0.85859375 0.7736111111111111 0.8625 0.7652777777777777 0.865625 0.7694444444444445 0.86875 0.7666666666666667 0.87265625 0.7680555555555556 0.875 0.775 0.87265625 0.7805555555555556 0.859375 0.7888888888888889 0.8546875 0.7888888888888889 0.85234375 0.7819444444444444 0.8453125 0.775 0.83671875 0.775 0.83671875 0.7791666666666667 0.8421875 0.7861111111111111 0.840625 0.7902777777777777 0.8484375 0.8 0.85234375 0.8097222222222222 0.8515625 0.8166666666666667 0.853125 0.8208333333333333 0.85078125 0.8277777777777777 0.85546875 0.8347222222222223 0.84765625 0.8319444444444445 0.83671875 0.8416666666666667 0.8390625 0.8430555555555556 0.84140625 0.8402777777777778 0.85234375 0.85 0.85390625 0.8402777777777778 0.85859375 0.8416666666666667 0.86171875 0.8375 0.86953125 0.8388888888888889 0.87734375 0.8513888888888889 0.8796875 0.8625 0.87734375 0.8694444444444445 0.87734375 0.8833333333333333 0.87890625 0.8861111111111111 0.87734375 0.8930555555555556 0.87265625 0.8916666666666667 0.8671875 0.9 0.86875 0.9041666666666667 0.859375 0.9055555555555556 0.85703125 0.9111111111111111 0.8515625 0.9125 0.84921875 0.9166666666666666 0.83984375 0.9111111111111111 0.825 0.9097222222222222 0.8234375 0.9069444444444444 0.8265625 0.8972222222222223 0.82421875 0.8916666666666667 0.82109375 0.8958333333333334 0.809375 0.8958333333333334 0.80625 0.9 0.80625 0.9041666666666667 0.78984375 0.9111111111111111 0.7796875 0.9069444444444444 0.77734375 0.9041666666666667 0.778125 0.9 0.7765625 0.8972222222222223 0.76328125 0.8972222222222223 0.74453125 0.8847222222222222 0.74375 0.8902777777777777 0.73203125 0.8902777777777777 0.7171875 0.9041666666666667 0.71015625 0.8972222222222223 0.71015625 0.8902777777777777 0.71328125 0.8819444444444444 0.7265625 0.8763888888888889 0.72421875 0.8736111111111111 0.72421875 0.8694444444444445 0.728125 0.8625 0.7265625 0.8597222222222223 0.71640625 0.8611111111111112 0.7140625 0.8583333333333333 0.72265625 0.8513888888888889 0.72734375 0.8569444444444444 0.73671875 0.8375 0.73125 0.8333333333333334 0.73046875 0.8291666666666667 0.7234375 0.8208333333333333 0.7265625 0.8138888888888889 0.721875 0.8041666666666667 0.721875 0.7888888888888889 0.7125 0.7708333333333334 0.71328125 0.7611111111111111 0.7171875 0.7486111111111111 0.715625 0.7277777777777777 0.71796875 0.7236111111111111 0.71484375 0.7152777777777778 0.70625 0.7125 0.7171875 0.7125 0.7203125 0.7152777777777778 0.721875 0.7125 0.7203125 0.7055555555555556 0.7265625 0.6930555555555555 0.72265625 0.6861111111111111 0.7234375 0.6763888888888889 0.73046875 0.6694444444444444 0.7375 0.6694444444444444 0.73984375 0.6666666666666666
0 0.6484375 0.6402777777777777 0.66015625 0.6541666666666667 0.66171875 0.6652777777777777 0.6578125 0.6694444444444444 0.64453125 0.6638888888888889 0.63828125 0.65 0.63828125 0.6430555555555556 0.640625 0.6402777777777777 0.64765625 0.6402777777777777
0 0.70234375 0.8611111111111112 0.0171875 0.025
0 0.41796875 0.6361111111111111 0.421875 0.6388888888888888 0.421875 0.6472222222222223 0.4171875 0.6513888888888889 0.4109375 0.65 0.4109375 0.6416666666666667 0.4171875 0.6375
0 0.69375 0.8972222222222223 0.696875 0.9 0.69921875 0.9097222222222222 0.6921875 0.9208333333333333 0.68515625 0.9180555555555555 0.68046875 0.9055555555555556 0.68515625 0.8958333333333334 0.69296875 0.8972222222222223
0 0.23046875 0.8986111111111111 0.2375 0.9041666666666667 0.2375 0.9138888888888889 0.23046875 0.9152777777777777 0.2265625 0.9111111111111111 0.22578125 0.9027777777777778 0.2265625 0.9 0.2296875 0.9
0 0.462109375 0.6319444444444444 0.01484375 0.013888888888888888
0 0.6421875 0.7486111111111111 0.64765625 0.7583333333333333 0.64609375 0.7625 0.64140625 0.7652777777777777 0.63515625 0.7652777777777777 0.63046875 0.7597222222222222 0.63203125 0.7527777777777778 0.64140625 0.7486111111111111
0 0.66015625 0.4597222222222222 0.65859375 0.4708333333333333 0.6515625 0.46944444444444444 0.65 0.4625 0.6546875 0.4583333333333333 0.659375 0.4597222222222222
0 0.1890625 0.8833333333333333 0.1984375 0.8888888888888888 0.196875 0.8986111111111111 0.19140625 0.9027777777777778 0.18515625 0.9027777777777778 0.184375 0.8916666666666667 0.18828125 0.8847222222222222
0 0.6546875 0.5375 0.65625 0.5430555555555555 0.65390625 0.5472222222222223 0.64453125 0.5430555555555555 0.64609375 0.5361111111111111 0.65390625 0.5375
0 0.40234375 0.7770833333333333 0.015625 0.020833333333333332
0 0.65390625 0.5513888888888889 0.66015625 0.5597222222222222 0.6578125 0.5652777777777778 0.6546875 0.5666666666666667 0.646875 0.5638888888888889 0.64375 0.5597222222222222 0.64609375 0.5527777777777778 0.653125 0.5513888888888889
0 0.63828125 0.8569444444444444 0.640625 0.8597222222222223 0.64140625 0.8680555555555556 0.640625 0.8736111111111111 0.6359375 0.8791666666666667 0.62734375 0.8777777777777778 0.6234375 0.8625 0.625 0.8583333333333333 0.6375 0.8569444444444444
0 0.361328125 0.7694444444444445 0.01484375 0.022222222222222223
0 0.32421875 0.9694444444444444 0.32890625 0.9777777777777777 0.328125 0.9861111111111112 0.32421875 0.9930555555555556 0.31328125 0.9916666666666667 0.309375 0.9875 0.309375 0.9791666666666666 0.3140625 0.9708333333333333 0.3234375 0.9694444444444444
0 0.71328125 0.3541666666666667 0.71484375 0.35833333333333334 0.7125 0.36527777777777776 0.71875 0.37222222222222223 0.715625 0.38333333333333336 0.71796875 0.3888888888888889 0.71640625 0.3972222222222222 0.71953125 0.40555555555555556 0.73515625 0.4083333333333333 0.75625 0.4027777777777778 0.77734375 0.40694444444444444 0.78359375 0.41805555555555557 0.77421875 0.42777777777777776 0.7828125 0.44305555555555554 0.78828125 0.44166666666666665 0.790625 0.4444444444444444 0.79296875 0.44166666666666665 0.79375 0.4513888888888889 0.8 0.45555555555555555 0.80078125 0.4666666666666667 0.8078125 0.47638888888888886 0.81171875 0.4930555555555556 0.821875 0.5055555555555555 0.8234375 0.5222222222222223 0.82734375 0.5263888888888889 0.83125 0.5430555555555555 0.83671875 0.5527777777777778 0.8375 0.5638888888888889 0.8421875 0.5708333333333333 0.84140625 0.5777777777777777 0.8515625 0.5972222222222222 0.8515625 0.6083333333333333 0.8640625 0.6305555555555555 0.8640625 0.6430555555555556 0.86953125 0.6541666666666667 0.87890625 0.6902777777777778 0.88359375 0.6944444444444444 0.8875 0.7166666666666667 0.890625 0.7222222222222222 0.890625 0.7291666666666666 0.89765625 0.7416666666666667 0.8984375 0.7513888888888889 0.90234375 0.7541666666666667 0.90546875 0.7611111111111111 0.9046875 0.7763888888888889 0.909375 0.7930555555555555 0.90859375 0.7958333333333333 0.9140625 0.8083333333333333 0.91796875 0.8111111111111111 0.91953125 0.8263888888888888 0.925 0.8361111111111111 0.92578125 0.8458333333333333 0.93359375 0.8666666666666667 0.93515625 0.8763888888888889 0.93203125 0.8902777777777777 0.93984375 0.9 0.94140625 0.9125 0.94609375 0.9180555555555555 0.946875 0.9444444444444444 0.95546875 0.9652777777777778 0.9484375 0.9777777777777777 0.946875 0.9902777777777778 0.9421875 0.9944444444444445 0.86484375 0.9944444444444445 0.85546875 0.9986111111111111 0.84453125 0.9944444444444445 0.82578125 0.9958333333333333 0.81875 0.9930555555555556 0.7890625 0.9958333333333333 0.775 0.9944444444444445 0.77265625 0.9916666666666667 0.76328125 0.9930555555555556 0.7546875 0.9888888888888889 0.75234375 0.9930555555555556 0.7375 0.9958333333333333 0.66875 0.9944444444444445 0.6734375 0.9791666666666666 0.67421875 0.9638888888888889 0.671875 0.9597222222222223 0.671875 0.9513888888888888 0.67421875 0.9444444444444444 0.6703125 0.9291666666666667 0.67578125 0.9236111111111112 0.67578125 0.9111111111111111 0.66796875 0.9041666666666667 0.66796875 0.9 0.6703125 0.8972222222222223 0.66953125 0.8861111111111111 0.66328125 0.8819444444444444 0.66875 0.8708333333333333 0.6625 0.8611111111111112 0.66953125 0.8583333333333333 0.66171875 0.8513888888888889 0.6625 0.8444444444444444 0.6609375 0.8416666666666667 0.6578125 0.8416666666666667 0.65546875 0.8375 0.6421875 0.8347222222222223 0.646875 0.8319444444444445 0.64921875 0.825 0.65390625 0.825 0.65546875 0.8208333333333333 0.6359375 0.8027777777777778 0.6359375 0.7930555555555555 0.640625 0.7847222222222222 0.63515625 0.7819444444444444 0.63828125 0.7791666666666667 0.634375 0.7722222222222223 0.63671875 0.7666666666666667 0.640625 0.7680555555555556 0.64453125 0.7652777777777777 0.6484375 0.7597222222222222 0.6484375 0.7555555555555555 0.64453125 0.7486111111111111 0.62890625 0.7513888888888889 0.6296875 0.7458333333333333 0.6375 0.7402777777777778 0.646875 0.7388888888888889 0.64921875 0.7347222222222223 0.64921875 0.725 0.6546875 0.7263888888888889 0.65625 0.7236111111111111 0.65390625 0.7180555555555556 0.64765625 0.7125 0.6390625 0.7125 0.6390625 0.7055555555555556 0.64453125 0.7041666666666667 0.64765625 0.7069444444444445 0.653125 0.6958333333333333 0.6484375 0.6875 0.63828125 0.6819444444444445 0.64140625 0.6777777777777778 0.6359375 0.6722222222222223 0.63984375 0.6694444444444444 0.64296875 0.6722222222222223 0.65390625 0.6722222222222223 0.65703125 0.6680555555555555 0.6546875 0.6638888888888889 0.65703125 0.6541666666666667 0.65546875 0.65 0.64765625 0.6569444444444444 0.65234375 0.6638888888888889 0.64609375 0.6652777777777777 0.64375 0.6611111111111111 0.64140625 0.6652777777777777 0.63828125 0.6638888888888889 0.64140625 0.6583333333333333 0.63984375 0.6444444444444445 0.64375 0.6444444444444445 0.64609375 0.6402777777777777 0.63984375 0.6347222222222222 0.64453125 0.6305555555555555 0.640625 0.6263888888888889 0.640625 0.6222222222222222 0.63671875 0.6152777777777778 0.64453125 0.6069444444444444 0.6453125 0.6013888888888889 0.63828125 0.5958333333333333 0.63203125 0.5972222222222222 0.6328125 0.5916666666666667 0.63671875 0.5944444444444444 0.6390625 0.5902777777777778 0.63828125 0.5875 0.64140625 0.5819444444444445 0.63984375 0.5777777777777777 0.64609375 0.5736111111111111 0.6421875 0.5680555555555555 0.6375 0.5666666666666667 0.64296875 0.5638888888888889 0.64375 0.5569444444444445 0.64140625 0.5527777777777778 0.6359375 0.5527777777777778 0.6328125 0.5416666666666666 0.63359375 0.5347222222222222 0.63828125 0.5388888888888889 0.63984375 0.5305555555555556 0.6453125 0.5291666666666667 0.63828125 0.5208333333333334 0.646875 0.5055555555555555 0.6453125 0.49166666666666664 0.64296875 0.4875 0.63984375 0.4875 0.63984375 0.4777777777777778 0.6359375 0.4736111111111111 0.63515625 0.4625 0.6390625 0.45555555555555555 0.63828125 0.4486111111111111 0.640625 0.44305555555555554 0.63671875 0.43472222222222223 0.65078125 0.4263888888888889 0.65859375 0.42777777777777776 0.66171875 0.4236111111111111 0.66484375 0.4097222222222222 0.6625 0.4 0.66328125 0.3958333333333333 0.6671875 0.3958333333333333 0.6734375 0.41388888888888886 0.67578125 0.41388888888888886 0.678125 0.40694444444444444 0.68359375 0.40694444444444444 0.68671875 0.4013888888888889 0.6828125 0.3958333333333333 0.68515625 0.3888888888888889 0.68203125 0.3763888888888889 0.68515625 0.37083333333333335 0.68984375 0.37083333333333335 0.690625 0.36527777777777776 0.6953125 0.3597222222222222 0.7015625 0.36527777777777776 0.71171875 0.36527777777777776 0.7125 0.35555555555555557
0 0.6859375 0.6319444444444444 0.68984375 0.6347222222222222 0.68984375 0.6444444444444445 0.6796875 0.6486111111111111 0.67265625 0.6472222222222223 0.67265625 0.6402777777777777 0.68515625 0.6319444444444444
0 0.6484375 0.6875 0.6515625 0.6958333333333333 0.6515625 0.7222222222222222 0.6484375 0.7597222222222222 0.64296875 0.7666666666666667 0.6328125 0.7652777777777777 0.6296875 0.7569444444444444 0.6328125 0.725 0.63828125 0.7097222222222223 0.6359375 0.6902777777777778 0.63984375 0.6861111111111111 0.64765625 0.6875
0 0.6484375 0.6916666666666667 0.64921875 0.7 0.64765625 0.7027777777777777 0.63984375 0.7027777777777777 0.63671875 0.6986111111111111 0.6375 0.6888888888888889 0.64765625 0.6916666666666667
0 0.63671875 0.8861111111111111 0.64296875 0.8944444444444445 0.64296875 0.9069444444444444 0.63828125 0.9111111111111111 0.63203125 0.9111111111111111 0.628125 0.9069444444444444 0.62890625 0.8930555555555556 0.6328125 0.8875 0.6359375 0.8875
0 0.6484375 0.7902777777777777 0.665625 0.8013888888888889 0.665625 0.8097222222222222 0.66015625 0.8180555555555555 0.65078125 0.8166666666666667 0.6359375 0.8041666666666667 0.63515625 0.7972222222222223 0.6375 0.7888888888888889 0.64453125 0.7875 0.64765625 0.7902777777777777
0 0.640625 0.5319444444444444 0.64140625 0.5263888888888889 0.653125 0.5125 0.65859375 0.5152777777777777 0.659375 0.5222222222222223 0.6578125 0.5263888888888889 0.653125 0.5319444444444444 0.64140625 0.5319444444444444
0 0.29296875 0.8958333333333334 0.30546875 0.9 0.296875 0.9208333333333333 0.2828125 0.9222222222222223 0.28046875 0.9180555555555555 0.28046875 0.9111111111111111 0.2828125 0.9069444444444444 0.2890625 0.9041666666666667 0.29296875 0.8972222222222223
0 0.65625 0.43333333333333335 0.65859375 0.4375 0.65859375 0.4444444444444444 0.65390625 0.44722222222222224 0.64921875 0.44583333333333336 0.64765625 0.4375 0.65 0.43333333333333335 0.65546875 0.43333333333333335
