0 0.47794117647058826 0.7173202614379085 0.4803921568627451 0.7189542483660131 0.47794117647058826 0.7336601307189542 0.46568627450980393 0.7401960784313726 0.4387254901960784 0.7401960784313726 0.4338235294117647 0.738562091503268 0.42892156862745096 0.7320261437908496 0.42892156862745096 0.7254901960784313 0.44607843137254904 0.7156862745098039 0.4681372549019608 0.7156862745098039 0.47549019607843135 0.7173202614379085
0 0.7058823529411765 0.954248366013072 0.7254901960784313 0.954248366013072 0.7279411764705882 0.9526143790849673 0.7745098039215687 0.9526143790849673 0.7843137254901961 0.954248366013072 0.7990196078431373 0.9591503267973857 0.8137254901960784 0.9689542483660131 0.8235294117647058 0.9722222222222222 0.8357843137254902 0.9803921568627451 0.8406862745098039 0.9901960784313726 0.8406862745098039 0.9934640522875817 0.8308823529411765 0.9983660130718954 0.7892156862745098 0.9983660130718954 0.7843137254901961 0.9950980392156863 0.7524509803921569 0.9934640522875817 0.75 0.988562091503268 0.7352941176470589 0.9852941176470589 0.7279411764705882 0.9803921568627451 0.7205882352941176 0.9673202614379085 0.7156862745098039 0.9656862745098039 0.7058823529411765 0.9558823529411765
0 0.821078431372549 0.477124183006536 0.8259803921568627 0.4803921568627451 0.8186274509803921 0.48366013071895425 0.8112745098039216 0.4852941176470588 0.7867647058823529 0.4852941176470588 0.7843137254901961 0.4869281045751634 0.7647058823529411 0.4869281045751634 0.7622549019607843 0.4852941176470588 0.75 0.4869281045751634 0.7450980392156863 0.4852941176470588 0.7450980392156863 0.4820261437908497 0.7573529411764706 0.47549019607843135 0.7696078431372549 0.4738562091503268 0.7720588235294118 0.47549019607843135 0.7916666666666666 0.47549019607843135 0.7941176470588235 0.477124183006536 0.8186274509803921 0.477124183006536
0 0.23529411764705882 0.7336601307189542 0.24019607843137256 0.7320261437908496 0.2769607843137255 0.7336601307189542 0.29411764705882354 0.7467320261437909 0.2916666666666667 0.7532679738562091 0.2818627450980392 0.7565359477124183 0.2696078431372549 0.7565359477124183 0.25 0.7516339869281046 0.24509803921568626 0.7467320261437909 0.24509803921568626 0.7418300653594772 0.23774509803921567 0.7352941176470589
0 0.4338235294117647 0.3660130718954248 0.4362745098039216 0.36764705882352944 0.4534313725490196 0.36764705882352944 0.4583333333333333 0.369281045751634 0.4583333333333333 0.37254901960784315 0.43137254901960786 0.37745098039215685 0.4166666666666667 0.37745098039215685 0.40931372549019607 0.3741830065359477 0.40931372549019607 0.3709150326797386 0.4166666666666667 0.36764705882352944 0.43137254901960786 0.36764705882352944
0 0.39705882352941174 0.7794117647058824 0.4019607843137255 0.7777777777777778 0.41911764705882354 0.7777777777777778 0.43137254901960786 0.7728758169934641 0.4485294117647059 0.7728758169934641 0.4534313725490196 0.7712418300653595 0.4632352941176471 0.7777777777777778 0.46078431372549017 0.8055555555555556 0.46568627450980393 0.8104575163398693 0.46568627450980393 0.8202614379084967 0.47794117647058826 0.8300653594771242 0.47794117647058826 0.8398692810457516 0.4730392156862745 0.8447712418300654 0.46568627450980393 0.8464052287581699 0.45098039215686275 0.8464052287581699 0.4338235294117647 0.8431372549019608 0.40441176470588236 0.8316993464052288 0.39215686274509803 0.8235294117647058 0.3872549019607843 0.815359477124183 0.38235294117647056 0.8120915032679739 0.38480392156862747 0.7973856209150327 0.3897058823529412 0.7875816993464052 0.39705882352941174 0.7810457516339869
0 0.19852941176470587 0.7450980392156863 0.20098039215686275 0.7467320261437909 0.2107843137254902 0.7450980392156863 0.22058823529411764 0.7467320261437909 0.22549019607843138 0.7516339869281046 0.22058823529411764 0.7565359477124183 0.20098039215686275 0.7663398692810458 0.17892156862745098 0.7647058823529411 0.16666666666666666 0.7581699346405228 0.16911764705882354 0.7549019607843137 0.19117647058823528 0.7467320261437909 0.19607843137254902 0.7467320261437909
0 0.32107843137254904 0.696078431372549 0.3284313725490196 0.6977124183006536 0.33088235294117646 0.7009803921568627 0.3137254901960784 0.7058823529411765 0.25735294117647056 0.7124183006535948 0.2549019607843137 0.7140522875816994 0.22303921568627452 0.7140522875816994 0.22058823529411764 0.7156862745098039 0.2034313725490196 0.7140522875816994 0.19607843137254902 0.7091503267973857 0.19607843137254902 0.704248366013072 0.2107843137254902 0.6944444444444444 0.2181372549019608 0.6928104575163399 0.31862745098039214 0.696078431372549
0 0.09803921568627451 0.9003267973856209 0.10784313725490197 0.9035947712418301 0.1053921568627451 0.9117647058823529 0.08823529411764706 0.9166666666666666 0.08333333333333333 0.9199346405228758 0.0661764705882353 0.923202614379085 0.051470588235294115 0.934640522875817 0.03431372549019608 0.9395424836601307 0.02696078431372549 0.9395424836601307 0.0024509803921568627 0.9493464052287581 0 0.9493464052287581 0 0.9199346405228758 0.0024509803921568627 0.9183006535947712 0.007352941176470588 0.9183006535947712 0.024509803921568627 0.9084967320261438 0.04656862745098039 0.9019607843137255 0.06862745098039216 0.9003267973856209 0.07107843137254902 0.8986928104575164 0.07598039215686274 0.9003267973856209 0.09558823529411764 0.9003267973856209
0 0.7401960784313726 0.5359477124183006 0.7426470588235294 0.5375816993464052 0.7794117647058824 0.5375816993464052 0.7818627450980392 0.5392156862745098 0.8259803921568627 0.5375816993464052 0.8357843137254902 0.5392156862745098 0.8406862745098039 0.5441176470588235 0.803921568627451 0.5506535947712419 0.7622549019607843 0.5506535947712419 0.7401960784313726 0.5441176470588235 0.7205882352941176 0.5506535947712419 0.7156862745098039 0.5490196078431373 0.7156862745098039 0.545751633986928 0.7230392156862745 0.5408496732026143 0.7377450980392157 0.5375816993464052
0 0.48284313725490197 0.7647058823529411 0.4852941176470588 0.7663398692810458 0.5 0.7647058823529411 0.5098039215686274 0.7679738562091504 0.5294117647058824 0.7679738562091504 0.5441176470588235 0.7712418300653595 0.5612745098039216 0.7794117647058824 0.5637254901960784 0.7875816993464052 0.5563725490196079 0.7924836601307189 0.5367647058823529 0.7973856209150327 0.5073529411764706 0.795751633986928 0.49019607843137253 0.7892156862745098 0.4803921568627451 0.7826797385620915 0.47549019607843135 0.7810457516339869 0.4730392156862745 0.7826797385620915 0.45588235294117646 0.7712418300653595 0.45588235294117646 0.7679738562091504 0.46568627450980393 0.7647058823529411 0.47794117647058826 0.7647058823529411 0.4803921568627451 0.7663398692810458
0 0.3235294117647059 0.7794117647058824 0.32598039215686275 0.7810457516339869 0.3602941176470588 0.7826797385620915 0.36764705882352944 0.7843137254901961 0.3700980392156863 0.7892156862745098 0.3431372549019608 0.8006535947712419 0.3137254901960784 0.8071895424836601 0.28921568627450983 0.8071895424836601 0.2696078431372549 0.803921568627451 0.25735294117647056 0.8071895424836601 0.23774509803921567 0.8071895424836601 0.23529411764705882 0.8088235294117647 0.22794117647058823 0.8071895424836601 0.19117647058823528 0.8088235294117647 0.16911764705882354 0.8022875816993464 0.1642156862745098 0.7990196078431373 0.16666666666666666 0.7924836601307189 0.1715686274509804 0.7924836601307189 0.20098039215686275 0.7810457516339869 0.32107843137254904 0.7810457516339869
0 0.25245098039215685 0.6650326797385621 0.2549019607843137 0.6666666666666666 0.28921568627450983 0.6666666666666666 0.30637254901960786 0.6584967320261438 0.33088235294117646 0.6601307189542484 0.3333333333333333 0.6650326797385621 0.32598039215686275 0.6683006535947712 0.32107843137254904 0.6748366013071896 0.3112745098039216 0.6781045751633987 0.28921568627450983 0.6781045751633987 0.27450980392156865 0.673202614379085 0.25735294117647056 0.673202614379085 0.23284313725490197 0.6781045751633987 0.22303921568627452 0.6781045751633987 0.21568627450980393 0.6748366013071896 0.2181372549019608 0.6683006535947712 0.23284313725490197 0.6650326797385621 0.25 0.6650326797385621
0 0.04411764705882353 0.8823529411764706 0.041666666666666664 0.8758169934640523 0.051470588235294115 0.8676470588235294 0.10784313725490197 0.8529411764705882 0.11274509803921569 0.8545751633986928 0.13480392156862744 0.8529411764705882 0.13725490196078433 0.8545751633986928 0.1323529411764706 0.8676470588235294 0.125 0.8741830065359477 0.09558823529411764 0.8839869281045751 0.0784313725490196 0.8872549019607843 0.058823529411764705 0.8872549019607843 0.04656862745098039 0.8823529411764706
0 0.1053921568627451 0.9526143790849673 0.11274509803921569 0.9591503267973857 0.11274509803921569 0.9673202614379085 0.10294117647058823 0.9803921568627451 0.11764705882352941 0.9901960784313726 0.12009803921568628 0.9934640522875817 0.11764705882352941 0.9983660130718954 0.012254901960784314 0.9983660130718954 0.00980392156862745 0.9950980392156863 0.014705882352941176 0.988562091503268 0.0392156862745098 0.9852941176470589 0.04656862745098039 0.9803921568627451 0.061274509803921566 0.9640522875816994 0.07352941176470588 0.9558823529411765 0.08823529411764706 0.9509803921568627 0.10049019607843138 0.9509803921568627 0.10294117647058823 0.9526143790849673
0 0.7475490196078431 0.5130718954248366 0.7671568627450981 0.5163398692810458 0.7720588235294118 0.5147058823529411 0.7867647058823529 0.5147058823529411 0.7916666666666666 0.5179738562091504 0.7745098039215687 0.5228758169934641 0.75 0.5228758169934641 0.7352941176470589 0.5261437908496732 0.7181372549019608 0.5261437908496732 0.7058823529411765 0.5228758169934641 0.7058823529411765 0.5196078431372549 0.7254901960784313 0.511437908496732 0.7426470588235294 0.511437908496732 0.7450980392156863 0.5130718954248366
0 0.553921568627451 0.6650326797385621 0.5612745098039216 0.6699346405228758 0.5612745098039216 0.6781045751633987 0.5686274509803921 0.6830065359477124 0.5759803921568627 0.6830065359477124 0.5857843137254902 0.6862745098039216 0.5906862745098039 0.6911764705882353 0.5882352941176471 0.6993464052287581 0.5784313725490197 0.7026143790849673 0.5637254901960784 0.7026143790849673 0.5612745098039216 0.704248366013072 0.5441176470588235 0.704248366013072 0.5171568627450981 0.6977124183006536 0.5073529411764706 0.6977124183006536 0.5 0.6928104575163399 0.5024509803921569 0.6879084967320261 0.5098039215686274 0.6879084967320261 0.5367647058823529 0.6764705882352942 0.5416666666666666 0.6633986928104575 0.5514705882352942 0.6650326797385621
0 0.4485294117647059 0.5555555555555556 0.45098039215686275 0.5571895424836601 0.4534313725490196 0.5555555555555556 0.4583333333333333 0.5571895424836601 0.5049019607843137 0.5555555555555556 0.5147058823529411 0.5588235294117647 0.5245098039215687 0.5588235294117647 0.5465686274509803 0.5637254901960784 0.5563725490196079 0.5669934640522876 0.5563725490196079 0.5702614379084967 0.5294117647058824 0.5751633986928104 0.5098039215686274 0.5751633986928104 0.49264705882352944 0.5702614379084967 0.47794117647058826 0.5702614379084967 0.46568627450980393 0.5735294117647058 0.4485294117647059 0.5718954248366013 0.4264705882352941 0.565359477124183 0.4264705882352941 0.5620915032679739 0.43137254901960786 0.5588235294117647 0.44607843137254904 0.5571895424836601
0 0.5294117647058824 0.8415032679738562 0.5514705882352942 0.8464052287581699 0.5808823529411765 0.8578431372549019 0.5882352941176471 0.8660130718954249 0.6029411764705882 0.8758169934640523 0.6446078431372549 0.8856209150326797 0.6519607843137255 0.8888888888888888 0.6642156862745098 0.8905228758169934 0.696078431372549 0.9101307189542484 0.696078431372549 0.9183006535947712 0.6887254901960784 0.923202614379085 0.6813725490196079 0.9248366013071896 0.678921568627451 0.923202614379085 0.6617647058823529 0.9313725490196079 0.6446078431372549 0.9297385620915033 0.6372549019607843 0.9264705882352942 0.6274509803921569 0.9264705882352942 0.6151960784313726 0.923202614379085 0.6127450980392157 0.9248366013071896 0.5955882352941176 0.9183006535947712 0.5906862745098039 0.9199346405228758 0.5735294117647058 0.9183006535947712 0.5612745098039216 0.9101307189542484 0.5563725490196079 0.9101307189542484 0.5514705882352942 0.9068627450980392 0.5367647058823529 0.9052287581699346 0.5196078431372549 0.8905228758169934 0.5196078431372549 0.8856209150326797 0.5294117647058824 0.8774509803921569 0.5294117647058824 0.8660130718954249 0.5098039215686274 0.8480392156862745 0.5122549019607843 0.8431372549019608 0.5269607843137255 0.8415032679738562
0 0.15441176470588236 0.8415032679738562 0.16666666666666666 0.8366013071895425 0.20098039215686275 0.8333333333333334 0.22549019607843138 0.8218954248366013 0.24019607843137256 0.8235294117647058 0.24509803921568626 0.826797385620915 0.23039215686274508 0.8382352941176471 0.22794117647058823 0.8578431372549019 0.22549019607843138 0.8627450980392157 0.21568627450980393 0.8676470588235294 0.20588235294117646 0.8676470588235294 0.2034313725490196 0.869281045751634 0.17647058823529413 0.869281045751634 0.1642156862745098 0.8660130718954249 0.15441176470588236 0.869281045751634 0.14950980392156862 0.8660130718954249 0.14460784313725492 0.8676470588235294 0.14215686274509803 0.8660130718954249 0.14460784313725492 0.8513071895424836 0.15441176470588236 0.8431372549019608
0 0.39705882352941174 0.6290849673202614 0.4068627450980392 0.6323529411764706 0.4362745098039216 0.6323529411764706 0.4411764705882353 0.6356209150326797 0.41911764705882354 0.6421568627450981 0.38480392156862747 0.6421568627450981 0.38235294117647056 0.6437908496732027 0.37254901960784315 0.6421568627450981 0.36519607843137253 0.6437908496732027 0.3235294117647059 0.6421568627450981 0.31862745098039214 0.6388888888888888 0.3553921568627451 0.6290849673202614 0.37254901960784315 0.6290849673202614 0.375 0.6274509803921569 0.3799019607843137 0.6290849673202614 0.3946078431372549 0.6290849673202614
0 0.5563725490196079 0.5147058823529411 0.5490196078431373 0.5212418300653595 0.5588235294117647 0.5261437908496732 0.5931372549019608 0.5212418300653595
0 0.5318627450980392 0.6143790849673203 0.553921568627451 0.6339869281045751 0.5980392156862745 0.6290849673202614 0.5931372549019608 0.6209150326797386
0 0.5171568627450981 0.5866013071895425 0.5318627450980392 0.6013071895424836 0.5735294117647058 0.5996732026143791 0.5906862745098039 0.5882352941176471
0 0.5147058823529411 0.5866013071895425 0.5294117647058824 0.6013071895424836 0.6323529411764706 0.5947712418300654 0.6127450980392157 0.5833333333333334
0 0.5612745098039216 0.7663398692810458 0.5490196078431373 0.7696078431372549 0.5637254901960784 0.7892156862745098 0.5833333333333334 0.7924836601307189 0.6348039215686274 0.7908496732026143 0.6519607843137255 0.7745098039215687 0.6348039215686274 0.7679738562091504
0 0.6715686274509803 0.5620915032679739 0.6666666666666666 0.5669934640522876 0.6887254901960784 0.5702614379084967 0.7230392156862745 0.5637254901960784 0.7083333333333334 0.5571895424836601
0 0.45588235294117646 0.5392156862745098 0.4534313725490196 0.5441176470588235 0.47058823529411764 0.545751633986928 0.49019607843137253 0.5424836601307189 0.49264705882352944 0.5343137254901961
0 0.5833333333333334 0.4591503267973856 0.5808823529411765 0.47058823529411764 0.6004901960784313 0.46568627450980393
0 0.6004901960784313 0.5016339869281046 0.6274509803921569 0.5065359477124183 0.6740196078431373 0.5 0.6127450980392157 0.4950980392156863
0 0.5024509803921569 0.41013071895424835 0.49264705882352944 0.4150326797385621 0.5490196078431373 0.4150326797385621
0 0.3799019607843137 0.8545751633986928 0.3897058823529412 0.9411764705882353 0.37745098039215685 0.9983660130718954 0.3799019607843137 0.9983660130718954 0.39705882352941174 0.9983660130718954 0.38480392156862747 0.9983660130718954 0.38235294117647056 0.9983660130718954 0.3946078431372549 0.9983660130718954 0.3872549019607843 0.9983660130718954 0.39950980392156865 0.9983660130718954 0.3872549019607843 0.9983660130718954 0.3897058823529412 0.9983660130718954 0.5098039215686274 0.9983660130718954 0.5416666666666666 0.9983660130718954 0.553921568627451 0.9983660130718954 0.5906862745098039 0.9983660130718954 0.9975490196078431 0.9983660130718954 0.9975490196078431 0.9983660130718954 0.9975490196078431 0.9983660130718954 0.9975490196078431 0.9983660130718954 0.9975490196078431 0.9983660130718954 0.9975490196078431 0.9983660130718954 0.9975490196078431 0.9983660130718954 0.9975490196078431 0.9983660130718954 0.9975490196078431 0.9983660130718954 0.9975490196078431 0.9983660130718954 0.9975490196078431 0.9656862745098039 0.9975490196078431 0.9264705882352942 0.9975490196078431 0.7352941176470589 0.9975490196078431 0.6993464052287581 0.9975490196078431 0.6764705882352942 0.9975490196078431 0.6225490196078431 0.9975490196078431 0.5833333333333334 0.9975490196078431 0.565359477124183 0.9975490196078431 0.49019607843137253 0.9975490196078431 0.46895424836601307 0.9975490196078431 0.32189542483660133 0.9975490196078431 0.2908496732026144 0.9975490196078431 0.2761437908496732 0.9975490196078431 0.25 0.9975490196078431 0.17483660130718953 0.9975490196078431 0.1650326797385621 0.9975490196078431 0.013071895424836602 0.9975490196078431 0 0.5073529411764706 0 0.41911764705882354 0.02287581699346405 0.4019607843137255 0.04084967320261438 0.40441176470588236 0.21241830065359477 0.41421568627450983 0.21568627450980393 0.4215686274509804 0.2369281045751634 0.41421568627450983 0.25326797385620914 0.4019607843137255 0.2565359477124183 0.3946078431372549 0.28594771241830064
0 0.36519607843137253 0.28594771241830064 0.3627450980392157 0.29411764705882354 0.3799019607843137 0.29248366013071897
0 0.7401960784313726 0.4117647058823529 0.7328431372549019 0.4150326797385621 0.7524509803921569 0.4215686274509804 0.7794117647058824 0.41830065359477125
0 0.6078431372549019 0.3709150326797386 0.6004901960784313 0.37254901960784315 0.625 0.38562091503267976 0.6470588235294118 0.3839869281045752 0.6323529411764706 0.37254901960784315
0 0.5245098039215687 0.42483660130718953 0.5245098039215687 0.43137254901960786 0.5392156862745098 0.4362745098039216 0.5588235294117647 0.43137254901960786
0 0.49754901960784315 0.5228758169934641 0.5073529411764706 0.5261437908496732 0.5318627450980392 0.5196078431372549
