0 0.6953125 0.5277777777777778 0.7015625 0.5236111111111111 0.71328125 0.5263888888888889 0.7171875 0.5319444444444444 0.72109375 0.5486111111111112 0.7203125 0.5625 0.70625 0.5652777777777778 0.6984375 0.5513888888888889 0.69453125 0.5347222222222222 0.6953125 0.5291666666666667
0 0.68984375 0.6180555555555556 0.7 0.6263888888888889 0.70625 0.6430555555555556 0.70390625 0.6625 0.6984375 0.6680555555555555 0.6921875 0.6680555555555555 0.684375 0.6611111111111111 0.678125 0.6458333333333334 0.67734375 0.6291666666666667 0.67890625 0.6236111111111111 0.68359375 0.6180555555555556 0.6890625 0.6180555555555556
0 0.6203125 0.30694444444444446 0.62421875 0.3125 0.62421875 0.32222222222222224 0.6171875 0.3333333333333333 0.60625 0.32916666666666666 0.60390625 0.31805555555555554 0.60625 0.3111111111111111 0.61953125 0.30694444444444446
0 0.73046875 0.6277777777777778 0.73671875 0.6430555555555556 0.7375 0.6541666666666667 0.72578125 0.6625 0.7171875 0.6597222222222222 0.71484375 0.6402777777777777 0.71796875 0.6333333333333333 0.72421875 0.6277777777777778 0.7296875 0.6277777777777778
0 0.78671875 0.7597222222222222 0.7921875 0.7708333333333334 0.7921875 0.7930555555555555 0.78984375 0.8 0.7796875 0.8041666666666667 0.7703125 0.7958333333333333 0.76640625 0.7819444444444444 0.76640625 0.7736111111111111 0.76796875 0.7652777777777777 0.77265625 0.7597222222222222 0.7859375 0.7597222222222222
0 0.85546875 0.9152777777777777 0.86171875 0.9236111111111112 0.86640625 0.9430555555555555 0.8671875 0.9541666666666667 0.87421875 0.9777777777777777 0.8734375 0.9944444444444445 0.8671875 0.9986111111111111 0.85625 0.9986111111111111 0.840625 0.9638888888888889 0.8390625 0.9430555555555555 0.84140625 0.9263888888888889 0.8453125 0.9194444444444444 0.8546875 0.9152777777777777
0 0.56796875 0.6708333333333333 0.5765625 0.6805555555555556 0.58359375 0.6819444444444445 0.58515625 0.7055555555555556 0.578125 0.7166666666666667 0.5703125 0.7194444444444444 0.5671875 0.7236111111111111 0.55703125 0.7194444444444444 0.55078125 0.7041666666666667 0.5515625 0.6791666666666667 0.55625 0.6736111111111112 0.5671875 0.6708333333333333
0 0.55 0.6486111111111111 0.5640625 0.6555555555555556 0.57421875 0.6763888888888889 0.584375 0.6819444444444445 0.58515625 0.7055555555555556 0.58359375 0.7097222222222223 0.578125 0.7180555555555556 0.56328125 0.725 0.56015625 0.7305555555555555 0.559375 0.725 0.5515625 0.7166666666666667 0.54453125 0.7152777777777778 0.5390625 0.7013888888888888 0.52890625 0.6930555555555555 0.52578125 0.6833333333333333 0.52890625 0.6708333333333333 0.5390625 0.6625 0.540625 0.6569444444444444 0.546875 0.65 0.54921875 0.65
0 0.4921875 0.7555555555555555 0.49921875 0.7569444444444444 0.50546875 0.7541666666666667 0.509375 0.7611111111111111 0.51015625 0.7680555555555556 0.51015625 0.7777777777777778 0.50703125 0.7916666666666666 0.5078125 0.8041666666666667 0.5046875 0.8125 0.49765625 0.8166666666666667 0.49140625 0.8166666666666667 0.4796875 0.8097222222222222 0.47421875 0.8013888888888889 0.4734375 0.7944444444444444 0.4734375 0.7888888888888889 0.478125 0.7847222222222222 0.48515625 0.7611111111111111 0.49140625 0.7555555555555555
0 0.53984375 0.625 0.54296875 0.625 0.5453125 0.6305555555555555 0.55703125 0.6305555555555555 0.5625 0.6402777777777777 0.57109375 0.6458333333333334 0.57421875 0.6541666666666667 0.5734375 0.6666666666666666 0.584375 0.6819444444444445 0.584375 0.6930555555555555 0.5875 0.7013888888888888 0.5875 0.7097222222222223 0.58359375 0.7375 0.59921875 0.7708333333333334 0.60234375 0.7861111111111111 0.60703125 0.7916666666666666 0.60703125 0.7972222222222223 0.609375 0.8 0.6125 0.7930555555555555 0.6140625 0.8 0.61875 0.8069444444444445 0.61953125 0.8180555555555555 0.6234375 0.8319444444444445 0.62734375 0.8375 0.628125 0.85 0.63671875 0.8666666666666667 0.640625 0.8819444444444444 0.6484375 0.8930555555555556 0.6546875 0.9083333333333333 0.65390625 0.9138888888888889 0.65 0.9138888888888889 0.64609375 0.9263888888888889 0.6484375 0.9375 0.65234375 0.9416666666666667 0.6421875 0.9541666666666667 0.63984375 0.9611111111111111 0.64140625 0.9763888888888889 0.646875 0.9875 0.64921875 0.9916666666666667 0.65390625 0.9902777777777778 0.6578125 0.9930555555555556 0.640625 0.9944444444444445 0.6328125 0.9888888888888889 0.62734375 0.9888888888888889 0.62890625 0.9930555555555556 0.62734375 0.9944444444444445 0.609375 0.9944444444444445 0.61328125 0.9902777777777778 0.60859375 0.9819444444444444 0.60703125 0.9875 0.6015625 0.9930555555555556 0.5984375 0.9930555555555556 0.59921875 0.9902777777777778 0.5953125 0.9875 0.59296875 0.9902777777777778 0.58671875 0.9875 0.58203125 0.9944444444444445 0.5640625 0.9944444444444445 0.56015625 0.9875 0.55859375 0.9555555555555556 0.5578125 0.95 0.5546875 0.9458333333333333 0.56015625 0.9416666666666667 0.55703125 0.9388888888888889 0.5578125 0.9347222222222222 0.55078125 0.9305555555555556 0.54375 0.9180555555555555 0.54296875 0.9111111111111111 0.5421875 0.9166666666666666 0.53515625 0.9180555555555555 0.53046875 0.9097222222222222 0.53046875 0.9 0.534375 0.8875 0.5328125 0.8833333333333333 0.5375 0.8736111111111111 0.53515625 0.8625 0.53671875 0.8458333333333333 0.53125 0.8333333333333334 0.53046875 0.8180555555555555 0.53671875 0.8013888888888889 0.54453125 0.7888888888888889 0.53046875 0.7569444444444444 0.53125 0.7472222222222222 0.5296875 0.7430555555555556 0.5375 0.7333333333333333 0.53828125 0.725 0.53515625 0.7152777777777778 0.5359375 0.7069444444444445 0.53203125 0.7027777777777777 0.53203125 0.6986111111111111 0.52734375 0.6888888888888889 0.52578125 0.6708333333333333 0.53125 0.6625 0.53359375 0.6486111111111111 0.54453125 0.6361111111111111 0.54140625 0.6333333333333333 0.5421875 0.6277777777777778 0.53984375 0.6263888888888889
0 0.7828125 0.8652777777777778 0.78671875 0.8736111111111111 0.78515625 0.8930555555555556 0.78828125 0.9 0.7859375 0.9069444444444444 0.7828125 0.9055555555555556 0.7765625 0.9138888888888889 0.77265625 0.9125 0.7671875 0.8972222222222223 0.76875 0.8708333333333333 0.771875 0.8652777777777778 0.78203125 0.8652777777777778
0 0.62109375 0.8805555555555555 0.628125 0.8944444444444445 0.62890625 0.9 0.62890625 0.9208333333333333 0.62578125 0.9291666666666667 0.609375 0.9180555555555555 0.6109375 0.9138888888888889 0.6046875 0.9041666666666667 0.60703125 0.8861111111111111 0.6109375 0.8777777777777778 0.61640625 0.8763888888888889 0.6203125 0.8805555555555555
0 0.80234375 0.8277777777777777 0.80859375 0.8347222222222223 0.82109375 0.8291666666666667 0.82734375 0.8388888888888889 0.83125 0.8583333333333333 0.821875 0.8736111111111111 0.8171875 0.8763888888888889 0.80234375 0.8638888888888889 0.796875 0.8625 0.79140625 0.8555555555555555 0.79296875 0.8361111111111111 0.796875 0.8291666666666667 0.8015625 0.8277777777777777
0 0.54296875 0.20416666666666666 0.54453125 0.21666666666666667 0.54296875 0.22083333333333333 0.5375 0.22361111111111112 0.52890625 0.22083333333333333 0.5265625 0.20972222222222223 0.52890625 0.20277777777777778 0.53515625 0.2 0.5390625 0.19444444444444445 0.5421875 0.20416666666666666
0 0.59765625 0.37222222222222223 0.60234375 0.37916666666666665 0.60234375 0.38333333333333336 0.5984375 0.3888888888888889 0.59140625 0.39166666666666666 0.58515625 0.3888888888888889 0.58125 0.3763888888888889 0.58515625 0.37222222222222223 0.596875 0.37222222222222223
0 0.58203125 0.7430555555555556 0.58984375 0.7555555555555555 0.59375 0.7666666666666667 0.5921875 0.7819444444444444 0.5828125 0.7875 0.5765625 0.7875 0.57265625 0.7833333333333333 0.56640625 0.7680555555555556 0.56640625 0.7527777777777778 0.56953125 0.7472222222222222 0.58125 0.7430555555555556
0 0.5546875 0.7236111111111111 0.56015625 0.7263888888888889 0.5640625 0.7333333333333333 0.5640625 0.7444444444444445 0.56640625 0.7527777777777778 0.565625 0.7888888888888889 0.56171875 0.7916666666666666 0.55625 0.7916666666666666 0.546875 0.7847222222222222 0.5390625 0.7708333333333334 0.534375 0.7527777777777778 0.534375 0.7458333333333333 0.53828125 0.7375 0.54609375 0.7319444444444444 0.55 0.7236111111111111 0.55390625 0.7236111111111111
0 0.7921875 0.9777777777777777 0.79765625 0.9861111111111112 0.8 0.9986111111111111 0.76875 0.9986111111111111 0.76796875 0.9944444444444445 0.7734375 0.9777777777777777 0.7796875 0.975 0.79140625 0.9777777777777777
0 0.64140625 0.4875 0.64765625 0.49166666666666664 0.65 0.5041666666666667 0.6484375 0.5083333333333333 0.6375 0.5138888888888888 0.6328125 0.5111111111111111 0.63203125 0.49444444444444446 0.634375 0.49027777777777776 0.640625 0.4875
0 0.55078125 0.7972222222222223 0.55390625 0.7986111111111112 0.55703125 0.8055555555555556 0.5546875 0.825 0.55546875 0.8347222222222223 0.55 0.8541666666666666 0.5453125 0.8555555555555555 0.54140625 0.8541666666666666 0.53828125 0.8486111111111111 0.53125 0.8277777777777777 0.53125 0.8180555555555555 0.5359375 0.8055555555555556 0.54375 0.7986111111111112 0.55 0.7972222222222223
0 0.74765625 0.6444444444444445 0.75546875 0.6527777777777778 0.76171875 0.6680555555555555 0.76171875 0.6736111111111112 0.7546875 0.6819444444444445 0.74609375 0.6763888888888889 0.740625 0.6680555555555555 0.73828125 0.6541666666666667 0.74296875 0.6472222222222223 0.746875 0.6458333333333334
0 0.57890625 0.9347222222222222 0.58125 0.9361111111111111 0.58359375 0.9458333333333333 0.584375 0.9708333333333333 0.58125 0.9847222222222223 0.57734375 0.9916666666666667 0.571875 0.9944444444444445 0.56640625 0.9944444444444445 0.5625 0.9875 0.559375 0.9722222222222222 0.559375 0.95 0.56328125 0.9402777777777778 0.578125 0.9347222222222222
0 0.584375 0.8333333333333334 0.5828125 0.8430555555555556 0.58515625 0.8486111111111111 0.584375 0.8541666666666666 0.58671875 0.8638888888888889 0.58125 0.8763888888888889 0.575 0.8833333333333333 0.5671875 0.8833333333333333 0.55546875 0.8722222222222222 0.55234375 0.8666666666666667 0.55078125 0.8527777777777777 0.553125 0.8416666666666667 0.55859375 0.8305555555555556 0.578125 0.8291666666666667 0.58359375 0.8333333333333334
0 0.68671875 0.6902777777777778 0.69296875 0.7013888888888888 0.69609375 0.7277777777777777 0.69140625 0.7347222222222223 0.684375 0.7375 0.67890625 0.7375 0.67109375 0.7291666666666666 0.66796875 0.7194444444444444 0.6671875 0.7069444444444445 0.6765625 0.6902777777777778 0.68046875 0.6875 0.6859375 0.6902777777777778
0 0.76171875 0.675 0.771875 0.6902777777777778 0.77578125 0.6902777777777778 0.77890625 0.6861111111111111 0.78671875 0.6875 0.79296875 0.7 0.79140625 0.7333333333333333 0.78984375 0.7361111111111112 0.78671875 0.7347222222222223 0.77265625 0.7097222222222223 0.76171875 0.6972222222222222 0.75859375 0.6888888888888889 0.76171875 0.6763888888888889
0 0.6921875 0.55 0.69921875 0.5583333333333333 0.71015625 0.5888888888888889 0.71015625 0.6013888888888889 0.70703125 0.6041666666666666 0.678125 0.6041666666666666 0.6703125 0.5944444444444444 0.66875 0.5875 0.6703125 0.5694444444444444 0.68203125 0.55 0.69140625 0.55
0 0.61875 0.8236111111111111 0.621875 0.8333333333333334 0.62265625 0.8486111111111111 0.61015625 0.8625 0.6046875 0.8625 0.59765625 0.8555555555555555 0.59375 0.8402777777777778 0.59296875 0.8236111111111111 0.6015625 0.8152777777777778 0.61796875 0.8236111111111111
0 0.82421875 0.7791666666666667 0.8203125 0.7652777777777777 0.8203125 0.7583333333333333 0.8296875 0.7472222222222222 0.8359375 0.7486111111111111 0.83828125 0.7680555555555556 0.834375 0.7763888888888889 0.825 0.7791666666666667
0 0.73046875 0.8166666666666667 0.73515625 0.8208333333333333 0.7421875 0.8347222222222223 0.74453125 0.8486111111111111 0.74296875 0.8680555555555556 0.740625 0.8722222222222222 0.7234375 0.8736111111111111 0.71640625 0.8625 0.71328125 0.8527777777777777 0.71328125 0.8347222222222223 0.72578125 0.8180555555555555 0.7296875 0.8180555555555555
0 0.57578125 0.7236111111111111 0.57421875 0.7333333333333333 0.5828125 0.7402777777777778 0.59140625 0.7555555555555555 0.60234375 0.7861111111111111 0.60703125 0.7916666666666666 0.60703125 0.7958333333333333 0.60859375 0.7986111111111112 0.6125 0.7916666666666666 0.61953125 0.8041666666666667 0.61953125 0.8166666666666667 0.628125 0.8375 0.628125 0.8486111111111111 0.6375 0.8666666666666667 0.64140625 0.8819444444444444 0.64765625 0.8902777777777777 0.6546875 0.9069444444444444 0.6578125 0.9180555555555555 0.65078125 0.9277777777777778 0.6546875 0.9347222222222222 0.65546875 0.9416666666666667 0.64296875 0.9611111111111111 0.64296875 0.9652777777777778 0.64453125 0.9666666666666667 0.64765625 0.9625 0.64765625 0.9736111111111111 0.66015625 0.9930555555555556 0.65859375 0.9944444444444445 0.6375 0.9944444444444445 0.63203125 0.9902777777777778 0.6296875 0.9902777777777778 0.628125 0.9944444444444445 0.609375 0.9944444444444445 0.6125 0.9902777777777778 0.6109375 0.9875 0.60625 0.9875 0.59765625 0.9944444444444445 0.59140625 0.9916666666666667 0.5890625 0.9875 0.58515625 0.9888888888888889 0.5828125 0.9944444444444445 0.56796875 0.9944444444444445 0.57109375 0.9930555555555556 0.571875 0.9888888888888889 0.5625 0.9875 0.5609375 0.9833333333333333 0.559375 0.9458333333333333 0.56171875 0.9416666666666667 0.56171875 0.9347222222222222 0.553125 0.9277777777777778 0.55703125 0.9263888888888889 0.5609375 0.9194444444444444 0.559375 0.9111111111111111 0.56484375 0.9041666666666667 0.56484375 0.9 0.56015625 0.8944444444444445 0.55 0.8902777777777777 0.5515625 0.8875 0.55 0.8833333333333333 0.54375 0.8819444444444444 0.5453125 0.8763888888888889 0.55078125 0.8736111111111111 0.5453125 0.8680555555555556 0.54375 0.8625 0.54453125 0.8583333333333333 0.54765625 0.8569444444444444 0.54765625 0.8513888888888889 0.540625 0.8513888888888889 0.54140625 0.8472222222222222 0.5359375 0.8361111111111111 0.5328125 0.8208333333333333 0.53515625 0.8097222222222222 0.5390625 0.8027777777777778 0.5515625 0.7986111111111112 0.553125 0.7902777777777777 0.5546875 0.7930555555555555 0.55390625 0.8 0.55625 0.8027777777777778 0.5640625 0.7916666666666666 0.5734375 0.7902777777777777 0.56875 0.7847222222222222 0.56484375 0.7736111111111111 0.56484375 0.7513888888888889 0.56328125 0.7486111111111111 0.559375 0.7513888888888889 0.559375 0.7555555555555555 0.5625 0.7583333333333333 0.5609375 0.7638888888888888 0.553125 0.7666666666666667 0.5484375 0.7625 0.54609375 0.7652777777777777 0.54609375 0.7597222222222222 0.5484375 0.7597222222222222 0.55 0.7555555555555555 0.54453125 0.7527777777777778 0.54296875 0.7583333333333333 0.5421875 0.75 0.5390625 0.7430555555555556 0.5421875 0.7388888888888889 0.54609375 0.7388888888888889 0.55 0.7263888888888889 0.55078125 0.7305555555555555 0.55703125 0.7319444444444444 0.56015625 0.7291666666666666 0.565625 0.7305555555555555 0.56953125 0.725 0.575 0.7236111111111111
0 0.6390625 0.9791666666666666 0.63984375 0.9625 0.64921875 0.9402777777777778 0.65 0.9277777777777778 0.6546875 0.9208333333333333 0.66796875 0.9236111111111112 0.6796875 0.9555555555555556 0.6796875 0.9833333333333333 0.6734375 0.9944444444444445 0.65 0.9972222222222222 0.64453125 0.9944444444444445 0.64453125 0.9902777777777778 0.63984375 0.9805555555555555
0 0.76875 0.8166666666666667 0.77578125 0.8263888888888888 0.778125 0.8347222222222223 0.77734375 0.8555555555555555 0.77109375 0.8638888888888889 0.765625 0.8638888888888889 0.75859375 0.8583333333333333 0.75390625 0.8486111111111111 0.7515625 0.8347222222222223 0.753125 0.825 0.7578125 0.8180555555555555 0.76171875 0.8152777777777778 0.76796875 0.8166666666666667
0 0.490625 0.8208333333333333 0.4953125 0.8236111111111111 0.5015625 0.8333333333333334 0.5 0.8611111111111112 0.496875 0.8680555555555556 0.4859375 0.8736111111111111 0.478125 0.8666666666666667 0.47578125 0.8583333333333333 0.475 0.8347222222222223 0.48671875 0.8222222222222222 0.48984375 0.8222222222222222
0 0.68671875 0.46805555555555556 0.69296875 0.47638888888888886 0.69296875 0.48194444444444445 0.68984375 0.4888888888888889 0.68046875 0.49583333333333335 0.6625 0.4930555555555556 0.65625 0.4847222222222222 0.65390625 0.4722222222222222 0.65625 0.46944444444444444 0.66796875 0.4722222222222222 0.6796875 0.4666666666666667 0.6859375 0.46805555555555556
0 0.7640625 0.6694444444444444 0.7796875 0.6805555555555556 0.79140625 0.6958333333333333 0.790625 0.7152777777777778 0.78828125 0.7263888888888889 0.7859375 0.7291666666666666 0.77421875 0.7125 0.76484375 0.7055555555555556 0.7578125 0.6930555555555555 0.75625 0.6736111111111112 0.75859375 0.6680555555555555 0.76328125 0.6694444444444444
0 0.775 0.7166666666666667 0.78359375 0.7291666666666666 0.78828125 0.7458333333333333 0.78515625 0.7527777777777778 0.778125 0.7583333333333333 0.76875 0.7569444444444444 0.76328125 0.7416666666666667 0.7640625 0.7222222222222222 0.7703125 0.7166666666666667 0.77421875 0.7166666666666667
