0 0.30859375 0.4486111111111111 0.3109375 0.4527777777777778 0.30546875 0.46111111111111114 0.3015625 0.46111111111111114 0.3 0.4527777777777778 0.3078125 0.4486111111111111
0 0.36484375 0.4236111111111111 0.365625 0.42777777777777776 0.3609375 0.43333333333333335 0.35625 0.43194444444444446 0.35546875 0.4263888888888889 0.359375 0.4222222222222222 0.3640625 0.4236111111111111
0 0.209375 0.6597222222222222 0.215625 0.6583333333333333 0.22109375 0.6638888888888889 0.2203125 0.6694444444444444 0.21171875 0.6722222222222223 0.2078125 0.6680555555555555 0.209375 0.6611111111111111
0 0.64765625 0.5638888888888889 0.65625 0.5736111111111111 0.65546875 0.5805555555555556 0.6515625 0.5833333333333334 0.6453125 0.5819444444444445 0.6375 0.5708333333333333 0.64140625 0.5638888888888889 0.646875 0.5638888888888889
0 0.66484375 0.7416666666666667 0.678125 0.7416666666666667 0.68203125 0.75 0.68203125 0.7541666666666667 0.6796875 0.7569444444444444 0.6703125 0.7569444444444444 0.6640625 0.75 0.66484375 0.7430555555555556
0 0.7734375 0.7722222222222223 0.7859375 0.7819444444444444 0.78828125 0.7944444444444444 0.78671875 0.7972222222222223 0.77578125 0.7958333333333333 0.77109375 0.7986111111111112 0.7640625 0.7986111111111112 0.76015625 0.7944444444444444 0.7578125 0.7805555555555556 0.7671875 0.7722222222222223 0.77265625 0.7722222222222223
0 0.65234375 0.6430555555555556 0.6546875 0.6472222222222223 0.6546875 0.6555555555555556 0.64921875 0.6597222222222222 0.64296875 0.6597222222222222 0.6390625 0.6555555555555556 0.63671875 0.6444444444444445 0.640625 0.6416666666666667 0.6515625 0.6430555555555556
0 0.13125 0.6944444444444444 0.13203125 0.7027777777777777 0.12890625 0.7069444444444445 0.12265625 0.7069444444444445 0.12109375 0.6986111111111111 0.12578125 0.6930555555555555 0.13046875 0.6944444444444444
0 0.62578125 0.6916666666666667 0.63515625 0.6888888888888889 0.640625 0.6944444444444444 0.63984375 0.7041666666666667 0.6296875 0.7069444444444445 0.62578125 0.7027777777777777 0.62578125 0.6930555555555555
0 0.58984375 0.5541666666666667 0.59453125 0.5583333333333333 0.59296875 0.5666666666666667 0.584375 0.5666666666666667 0.58203125 0.5625 0.58125 0.5597222222222222 0.58359375 0.5541666666666667 0.5890625 0.5541666666666667
0 0.75703125 0.825 0.771875 0.825 0.775 0.8305555555555556 0.7734375 0.8388888888888889 0.7640625 0.8430555555555556 0.76015625 0.8416666666666667 0.75703125 0.8361111111111111 0.75703125 0.8263888888888888
0 0.575 0.49583333333333335 0.57890625 0.5 0.57734375 0.5055555555555555 0.5671875 0.5027777777777778 0.5671875 0.49722222222222223 0.57421875 0.49583333333333335
0 0.084375 0.7826388888888889 0.0125 0.015277777777777777
0 0.66640625 0.6722222222222223 0.6765625 0.6708333333333333 0.68125 0.6777777777777778 0.6796875 0.6847222222222222 0.671875 0.6861111111111111 0.6671875 0.6819444444444445 0.66640625 0.6736111111111112
0 0.76640625 0.6097222222222223 0.77421875 0.6152777777777778 0.77578125 0.6291666666666667 0.7734375 0.6347222222222222 0.765625 0.6347222222222222 0.75859375 0.625 0.76015625 0.6125 0.765625 0.6097222222222223
0 0.737890625 0.5875 0.01484375 0.016666666666666666
0 0.33046875 0.47638888888888886 0.33359375 0.4722222222222222 0.334375 0.475 0.33125 0.47638888888888886
0 0.74609375 0.8222222222222222 0.7515625 0.8263888888888888 0.75625 0.8361111111111111 0.75390625 0.8444444444444444 0.7484375 0.8472222222222222 0.73984375 0.8458333333333333 0.73125 0.8375 0.73828125 0.8236111111111111 0.7453125 0.8222222222222222
0 0.8484375 0.8069444444444445 0.85390625 0.8111111111111111 0.85546875 0.8166666666666667 0.853125 0.8208333333333333 0.8375 0.8236111111111111 0.83203125 0.8277777777777777 0.8203125 0.8208333333333333 0.8203125 0.8097222222222222 0.834375 0.8041666666666667 0.84765625 0.8069444444444445
0 0.64453125 0.7097222222222223 0.65234375 0.7152777777777778 0.653125 0.7222222222222222 0.65078125 0.7277777777777777 0.6390625 0.725 0.6375 0.7194444444444444 0.6390625 0.7125 0.64375 0.7097222222222223
0 0.8140625 0.8013888888888889 0.82109375 0.8069444444444445 0.828125 0.8055555555555556 0.83359375 0.8097222222222222 0.8375 0.8208333333333333 0.83203125 0.8277777777777777 0.81328125 0.8236111111111111 0.8046875 0.8152777777777778 0.80234375 0.8097222222222222 0.80546875 0.8 0.81328125 0.8013888888888889
0 0.48125 0.7291666666666666 0.4828125 0.7375 0.47734375 0.7472222222222222 0.46953125 0.7458333333333333 0.46796875 0.7347222222222223 0.47265625 0.7277777777777777 0.48046875 0.7291666666666666
0 0.5046875 0.3972222222222222 0.51015625 0.4 0.509375 0.40694444444444444 0.5015625 0.40694444444444444 0.50078125 0.4 0.50390625 0.39861111111111114
0 0.71328125 0.6986111111111111 0.7171875 0.7041666666666667 0.71796875 0.7097222222222223 0.7109375 0.7180555555555556 0.70234375 0.7152777777777778 0.7 0.7041666666666667 0.70234375 0.6986111111111111 0.7125 0.6986111111111111
0 0.049609375 0.8659722222222223 0.01328125 0.020833333333333332
0 0.1546875 0.7805555555555556 0.15625 0.7833333333333333 0.15546875 0.7930555555555555 0.15078125 0.8 0.14375 0.7986111111111112 0.14296875 0.7888888888888889 0.146875 0.7819444444444444 0.15390625 0.7805555555555556
0 0.75234375 0.7083333333333334 0.76015625 0.7180555555555556 0.7609375 0.7263888888888889 0.759375 0.7319444444444444 0.7515625 0.7361111111111112 0.746875 0.7333333333333333 0.74296875 0.7263888888888889 0.740625 0.7138888888888889 0.74296875 0.7083333333333334 0.7515625 0.7083333333333334
0 0.218359375 0.725 0.01328125 0.016666666666666666
0 0.57890625 0.6902777777777778 0.584375 0.6986111111111111 0.584375 0.7041666666666667 0.58125 0.7097222222222223 0.57109375 0.7083333333333334 0.5671875 0.7 0.56953125 0.6916666666666667 0.578125 0.6902777777777778
0 0.65859375 0.5416666666666666 0.66171875 0.5472222222222223 0.65859375 0.5541666666666667 0.65390625 0.5541666666666667 0.6484375 0.5486111111111112 0.65078125 0.5416666666666666 0.6578125 0.5416666666666666
0 0.8171875 0.8819444444444444 0.82265625 0.8902777777777777 0.82109375 0.9 0.821875 0.9111111111111111 0.81875 0.9180555555555555 0.81484375 0.9222222222222223 0.81015625 0.9222222222222223 0.80390625 0.9180555555555555 0.8 0.9097222222222222 0.80390625 0.9 0.81015625 0.8930555555555556 0.809375 0.8902777777777777 0.81171875 0.8847222222222222 0.81640625 0.8833333333333333
0 0.77890625 0.9194444444444444 0.7828125 0.9208333333333333 0.7859375 0.9263888888888889 0.7859375 0.9416666666666667 0.77890625 0.9486111111111111 0.775 0.9486111111111111 0.77109375 0.9430555555555555 0.76875 0.9319444444444445 0.76953125 0.925 0.77265625 0.9208333333333333 0.778125 0.9208333333333333
0 0.49765625 0.4875 0.5 0.49444444444444446 0.49609375 0.4986111111111111 0.4875 0.4986111111111111 0.48671875 0.49027777777777776 0.49375 0.4861111111111111 0.496875 0.4875
0 0.74765625 0.7736111111111111 0.75390625 0.7777777777777778 0.75625 0.7833333333333333 0.75625 0.7875 0.75234375 0.7930555555555555 0.74453125 0.7916666666666666 0.73984375 0.7847222222222222 0.74140625 0.7763888888888889 0.746875 0.7736111111111111
0 0.5609375 0.43472222222222223 0.56328125 0.4388888888888889 0.5609375 0.44583333333333336 0.55390625 0.44583333333333336 0.55234375 0.44305555555555554 0.55390625 0.4361111111111111 0.56015625 0.43472222222222223
0 0.6984375 0.525 0.703125 0.5305555555555556 0.703125 0.5361111111111111 0.7015625 0.5375 0.69609375 0.5375 0.690625 0.5319444444444444 0.69140625 0.5263888888888889 0.69765625 0.525
0 0.2640625 0.5805555555555556 0.265625 0.5819444444444445 0.265625 0.5888888888888889 0.25859375 0.5944444444444444 0.25390625 0.5916666666666667 0.25390625 0.5847222222222223 0.2578125 0.5805555555555556 0.26328125 0.5805555555555556
0 0.0265625 0.9166666666666666 0.03125 0.925 0.0296875 0.9319444444444445 0.02421875 0.9375 0.01875 0.9347222222222222 0.01796875 0.9263888888888889 0.0203125 0.9180555555555555 0.02578125 0.9166666666666666
0 0.76171875 0.9430555555555555 0.76640625 0.9444444444444444 0.7734375 0.9527777777777777 0.775 0.9597222222222223 0.77421875 0.9680555555555556 0.7671875 0.9736111111111111 0.75859375 0.9736111111111111 0.75625 0.9708333333333333 0.75078125 0.9597222222222223 0.75 0.9486111111111111 0.7546875 0.9444444444444444 0.7609375 0.9444444444444444
0 0.4875 0.5777777777777777 0.48984375 0.5861111111111111 0.484375 0.5902777777777778 0.4796875 0.5888888888888889 0.478125 0.5805555555555556 0.4796875 0.5777777777777777 0.48671875 0.5777777777777777
0 0.13671875 0.6708333333333333 0.1421875 0.6694444444444444 0.1453125 0.6736111111111112 0.14453125 0.6777777777777778 0.13828125 0.6791666666666667 0.1359375 0.675 0.13671875 0.6722222222222223
0 0.871875 0.9319444444444445 0.8765625 0.9361111111111111 0.88125 0.9486111111111111 0.88046875 0.9583333333333334 0.87578125 0.9638888888888889 0.86484375 0.9625 0.8609375 0.9513888888888888 0.86171875 0.9319444444444445 0.8640625 0.9291666666666667 0.86953125 0.9291666666666667 0.87109375 0.9319444444444445
0 0.67109375 0.5541666666666667 0.6796875 0.5638888888888889 0.66875 0.5722222222222222 0.66171875 0.5722222222222222 0.65703125 0.5625 0.6625 0.5527777777777778 0.6703125 0.5541666666666667
0 0.86171875 0.8861111111111111 0.86953125 0.8972222222222223 0.86875 0.9055555555555556 0.8625 0.9125 0.85546875 0.9111111111111111 0.85078125 0.9 0.85234375 0.8888888888888888 0.8609375 0.8861111111111111
0 0.725 0.6277777777777778 0.7296875 0.6319444444444444 0.7296875 0.6375 0.7203125 0.6444444444444445 0.715625 0.6430555555555556 0.7109375 0.6333333333333333 0.715625 0.6277777777777778 0.72421875 0.6277777777777778
0 0.8 0.9180555555555555 0.8046875 0.9222222222222223 0.80625 0.9319444444444445 0.803125 0.9388888888888889 0.79765625 0.9416666666666667 0.79140625 0.9375 0.790625 0.9263888888888889 0.7921875 0.9222222222222223 0.79921875 0.9180555555555555
0 0.65078125 0.7305555555555555 0.6546875 0.7347222222222223 0.6546875 0.7430555555555556 0.64921875 0.75 0.63984375 0.7472222222222222 0.6375 0.7375 0.6421875 0.7291666666666666 0.65 0.7305555555555555
0 0.8515625 0.8430555555555556 0.85390625 0.8541666666666666 0.85234375 0.8625 0.84921875 0.8666666666666667 0.84140625 0.8666666666666667 0.83515625 0.8625 0.8328125 0.8472222222222222 0.83671875 0.8388888888888889 0.85078125 0.8430555555555556
0 0.2515625 0.5430555555555555 0.25703125 0.5416666666666666 0.2609375 0.5458333333333333 0.25859375 0.5513888888888889 0.25234375 0.5513888888888889 0.25078125 0.5486111111111112 0.2515625 0.5444444444444444
0 0.89140625 0.9055555555555556 0.0203125 0.030555555555555555
0 0.6 0.9361111111111111 0.60234375 0.9430555555555555 0.603125 0.9555555555555556 0.59921875 0.9611111111111111 0.58828125 0.9597222222222223 0.58203125 0.9486111111111111 0.58203125 0.9402777777777778 0.58515625 0.9347222222222222 0.59921875 0.9361111111111111
0 0.87421875 0.9708333333333333 0.88671875 0.9694444444444444 0.8984375 0.9819444444444444 0.91171875 0.9777777777777777 0.909375 0.9958333333333333 0.9 0.9944444444444445 0.8953125 0.9986111111111111 0.87109375 0.9986111111111111 0.865625 0.9944444444444445 0.8765625 0.9791666666666666 0.87421875 0.9763888888888889 0.8671875 0.9763888888888889 0.87421875 0.9722222222222222
0 0.66796875 0.9013888888888889 0.671875 0.9027777777777778 0.675 0.9083333333333333 0.675 0.9222222222222223 0.67265625 0.9263888888888889 0.66640625 0.9291666666666667 0.6625 0.9291666666666667 0.65703125 0.9236111111111112 0.65546875 0.9166666666666666 0.65625 0.9097222222222222 0.65859375 0.9055555555555556 0.6671875 0.9027777777777778
0 0.5 0.5430555555555555 0.5015625 0.5513888888888889 0.49921875 0.5541666666666667 0.490625 0.5527777777777778 0.49140625 0.5430555555555555 0.49921875 0.5430555555555555
0 0.58125 0.6222222222222222 0.58515625 0.625 0.5859375 0.6347222222222222 0.57734375 0.6388888888888888 0.57109375 0.6333333333333333 0.571875 0.6263888888888889 0.58046875 0.6236111111111111
0 0.140625 0.8555555555555555 0.1421875 0.8611111111111112 0.140625 0.8680555555555556 0.134375 0.8763888888888889 0.128125 0.875 0.1265625 0.8638888888888889 0.13125 0.8555555555555555 0.13984375 0.8555555555555555
0 0.5609375 0.7527777777777778 0.56796875 0.7625 0.56796875 0.7708333333333334 0.56171875 0.7763888888888889 0.55390625 0.7736111111111111 0.55078125 0.7652777777777777 0.553125 0.7541666666666667 0.56015625 0.7527777777777778
0 0.47421875 0.8486111111111111 0.484375 0.85 0.4875 0.8541666666666666 0.4875 0.8666666666666667 0.4859375 0.8708333333333333 0.47734375 0.8763888888888889 0.471875 0.8722222222222222 0.46953125 0.8652777777777778 0.46953125 0.8541666666666666 0.4734375 0.85
0 0.84609375 0.7805555555555556 0.84921875 0.7819444444444444 0.85625 0.7944444444444444 0.85625 0.8027777777777778 0.85234375 0.8069444444444445 0.846875 0.8069444444444445 0.8390625 0.7958333333333333 0.840625 0.7847222222222222 0.8453125 0.7805555555555556
0 0.267578125 0.6277777777777778 0.01640625 0.016666666666666666
0 0.1984375 0.8083333333333333 0.2 0.8125 0.19921875 0.8222222222222222 0.19375 0.8277777777777777 0.18828125 0.8263888888888888 0.1859375 0.8152777777777778 0.1890625 0.8083333333333333 0.19765625 0.8083333333333333
0 0.74296875 0.9861111111111112 0.74921875 0.9944444444444445 0.74921875 0.9986111111111111 0.72578125 0.9986111111111111 0.72734375 0.9902777777777778 0.7296875 0.9875 0.7421875 0.9861111111111112
0 0.5546875 0.4 0.5546875 0.40555555555555556 0.5515625 0.4083333333333333 0.54453125 0.4083333333333333 0.54296875 0.4027777777777778 0.54765625 0.39861111111111114 0.55390625 0.4
0 0.55703125 0.6361111111111111 0.5609375 0.6388888888888888 0.56171875 0.65 0.55703125 0.6541666666666667 0.54921875 0.6513888888888889 0.54921875 0.6388888888888888 0.55625 0.6375
0 0.7546875 0.7402777777777778 0.76015625 0.7486111111111111 0.759375 0.7569444444444444 0.75546875 0.7611111111111111 0.74765625 0.7611111111111111 0.74375 0.7555555555555555 0.74453125 0.7444444444444445 0.75390625 0.7402777777777778
0 0.61328125 0.5277777777777778 0.61796875 0.5319444444444444 0.61640625 0.5402777777777777 0.60859375 0.5402777777777777 0.60625 0.5375 0.60625 0.5319444444444444 0.6125 0.5277777777777778
0 0.19296875 0.6777777777777778 0.19453125 0.6847222222222222 0.1890625 0.6930555555555555 0.1828125 0.6916666666666667 0.18125 0.6819444444444445 0.18359375 0.6777777777777778 0.1921875 0.6777777777777778
0 0.61796875 0.4777777777777778 0.6203125 0.4847222222222222 0.61640625 0.49444444444444446 0.6109375 0.49027777777777776 0.609375 0.48055555555555557 0.6109375 0.47638888888888886 0.6171875 0.4777777777777778
0 0.1828125 0.7638888888888888 0.18515625 0.7708333333333334 0.17890625 0.7791666666666667 0.17421875 0.7777777777777778 0.17109375 0.7722222222222223 0.17109375 0.7680555555555556 0.175 0.7638888888888888 0.18203125 0.7638888888888888
0 0.66484375 0.6055555555555555 0.66875 0.6111111111111112 0.66953125 0.6166666666666667 0.6640625 0.6208333333333333 0.6578125 0.6194444444444445 0.65546875 0.6152777777777778 0.65703125 0.6069444444444444 0.6640625 0.6055555555555555
0 0.65703125 0.4513888888888889 0.6578125 0.45694444444444443 0.65390625 0.4638888888888889 0.64921875 0.4666666666666667 0.64453125 0.4666666666666667 0.64375 0.4597222222222222 0.64921875 0.4513888888888889 0.65625 0.4513888888888889
0 0.6765625 0.6375 0.68203125 0.6416666666666667 0.6921875 0.6388888888888888 0.69453125 0.6444444444444445 0.69140625 0.6513888888888889 0.678125 0.6569444444444444 0.67109375 0.6569444444444444 0.66484375 0.6472222222222223 0.6671875 0.6388888888888888 0.67578125 0.6375
0 0.69296875 0.7291666666666666 0.6953125 0.7333333333333333 0.6953125 0.7402777777777778 0.6921875 0.7444444444444445 0.68203125 0.7444444444444445 0.678125 0.7347222222222223 0.68046875 0.7263888888888889 0.6921875 0.7291666666666666
0 0.56015625 0.5791666666666667 0.565625 0.5847222222222223 0.5640625 0.5902777777777778 0.5609375 0.5916666666666667 0.553125 0.5916666666666667 0.5515625 0.5875 0.55234375 0.5805555555555556 0.559375 0.5791666666666667
0 0.81953125 0.9458333333333333 0.8265625 0.9597222222222223 0.82578125 0.9708333333333333 0.8203125 0.9763888888888889 0.81015625 0.9722222222222222 0.80234375 0.9611111111111111 0.803125 0.95 0.80625 0.9444444444444444 0.815625 0.9430555555555555 0.81875 0.9458333333333333
0 0.68203125 0.5430555555555555 0.684375 0.5513888888888889 0.67734375 0.5597222222222222 0.67109375 0.5569444444444445 0.66875 0.5527777777777778 0.66953125 0.5486111111111112 0.675 0.5416666666666666 0.68125 0.5430555555555555
0 0.640625 0.5055555555555555 0.64140625 0.5152777777777777 0.6375 0.5194444444444445 0.61953125 0.5180555555555556 0.61953125 0.5138888888888888 0.62265625 0.5041666666666667 0.6296875 0.5 0.63984375 0.5055555555555555
0 0.56875 0.4736111111111111 0.5734375 0.4777777777777778 0.5734375 0.48194444444444445 0.57109375 0.4847222222222222 0.56328125 0.4847222222222222 0.5609375 0.48194444444444445 0.56171875 0.47638888888888886 0.56796875 0.4736111111111111
0 0.5640625 0.6055555555555555 0.56640625 0.6125 0.5625 0.6194444444444445 0.55390625 0.6194444444444445 0.55234375 0.6111111111111112 0.55625 0.6055555555555555 0.56328125 0.6055555555555555
0 0.88125 0.8194444444444444 0.88671875 0.8277777777777777 0.88125 0.8402777777777778 0.8734375 0.8472222222222222 0.86328125 0.8430555555555556 0.8609375 0.8402777777777778 0.8609375 0.8361111111111111 0.86640625 0.825 0.875 0.8194444444444444 0.88046875 0.8194444444444444
0 0.07109375 0.9736111111111111 0.07578125 0.9777777777777777 0.0765625 0.9847222222222223 0.075 0.9916666666666667 0.06953125 0.9972222222222222 0.06328125 0.9958333333333333 0.0625 0.9847222222222223 0.065625 0.975 0.0703125 0.9736111111111111
0 0.70546875 0.6069444444444444 0.70859375 0.6097222222222223 0.70703125 0.625 0.7 0.6263888888888889 0.68828125 0.6222222222222222 0.684375 0.6138888888888889 0.690625 0.6069444444444444 0.7046875 0.6069444444444444
0 0.21796875 0.5430555555555555 0.2203125 0.5458333333333333 0.21953125 0.55 0.2046875 0.5638888888888889 0.19921875 0.5638888888888889 0.19921875 0.5555555555555556 0.20546875 0.5541666666666667 0.21171875 0.5430555555555555 0.2171875 0.5430555555555555
0 0.79296875 0.6930555555555555 0.7953125 0.6986111111111111 0.79453125 0.7027777777777777 0.78125 0.7138888888888889 0.775 0.7111111111111111 0.77890625 0.7055555555555556 0.778125 0.6944444444444444 0.78359375 0.6902777777777778 0.7921875 0.6930555555555555
0 0.9171875 0.9763888888888889 0.92265625 0.9916666666666667 0.9203125 0.9986111111111111 0.903125 0.9986111111111111 0.9 0.9902777777777778 0.9 0.9833333333333333 0.90546875 0.975 0.91484375 0.9736111111111111 0.91640625 0.9763888888888889
0 0.56171875 0.4305555555555556 0.5609375 0.42083333333333334 0.5625 0.4166666666666667 0.57109375 0.4166666666666667 0.57265625 0.42083333333333334 0.57109375 0.4263888888888889 0.5671875 0.43333333333333335 0.5625 0.43194444444444446
0 0.79140625 0.7527777777777778 0.79765625 0.7638888888888888 0.796875 0.7694444444444445 0.7921875 0.7736111111111111 0.7828125 0.7722222222222223 0.778125 0.7597222222222222 0.78046875 0.7527777777777778 0.790625 0.7527777777777778
0 0.7078125 0.6986111111111111 0.71796875 0.7055555555555556 0.71875 0.7125 0.72734375 0.7111111111111111 0.72734375 0.7236111111111111 0.71953125 0.7125 0.703125 0.7180555555555556 0.70078125 0.7125 0.7015625 0.7055555555555556 0.7 0.7013888888888888 0.7015625 0.6986111111111111 0.70703125 0.6986111111111111
0 0.67890625 0.6402777777777777 0.6828125 0.6458333333333334 0.6828125 0.6513888888888889 0.67890625 0.6555555555555556 0.6703125 0.6555555555555556 0.665625 0.6486111111111111 0.665625 0.6416666666666667 0.66796875 0.6375 0.678125 0.6402777777777777
0 0.66796875 0.8055555555555556 0.6734375 0.8083333333333333 0.6765625 0.8166666666666667 0.67578125 0.8236111111111111 0.6703125 0.8277777777777777 0.6640625 0.8263888888888888 0.659375 0.8194444444444444 0.66015625 0.8097222222222222 0.6671875 0.8055555555555556
0 0.66640625 0.775 0.6703125 0.7777777777777778 0.6734375 0.7861111111111111 0.671875 0.7916666666666666 0.66484375 0.7944444444444444 0.65703125 0.7930555555555555 0.6546875 0.7791666666666667 0.65859375 0.775 0.665625 0.775
0 0.59765625 0.7083333333333334 0.5984375 0.7152777777777778 0.5953125 0.7194444444444444 0.5875 0.7194444444444444 0.58359375 0.7152777777777778 0.5828125 0.7097222222222223 0.5875 0.7041666666666667 0.59296875 0.7041666666666667 0.596875 0.7083333333333334
0 0.55 0.5277777777777778 0.5578125 0.525 0.56328125 0.5263888888888889 0.565625 0.5305555555555556 0.56484375 0.5375 0.55546875 0.5388888888888889 0.55078125 0.5361111111111111 0.55 0.5291666666666667
0 0.86640625 0.8444444444444444 0.8734375 0.8527777777777777 0.875 0.8611111111111112 0.87421875 0.8722222222222222 0.8703125 0.8763888888888889 0.86171875 0.875 0.85546875 0.8666666666666667 0.8546875 0.8583333333333333 0.85625 0.85 0.86171875 0.8444444444444444 0.865625 0.8444444444444444
0 0.659375 0.8416666666666667 0.67109375 0.8402777777777778 0.6765625 0.85 0.6734375 0.8625 0.6640625 0.8625 0.6578125 0.85 0.659375 0.8430555555555556
0 0.85234375 0.9611111111111111 0.85703125 0.9763888888888889 0.853125 0.9944444444444445 0.84609375 0.9944444444444445 0.834375 0.9763888888888889 0.8375 0.9611111111111111 0.84296875 0.9583333333333334 0.8515625 0.9611111111111111
0 0.11171875 0.8722222222222222 0.1125 0.8847222222222222 0.11015625 0.8902777777777777 0.10546875 0.8930555555555556 0.1 0.8902777777777777 0.09765625 0.8805555555555555 0.10234375 0.8722222222222222 0.1109375 0.8722222222222222
0 0.74453125 0.6083333333333333 0.75234375 0.6125 0.753125 0.625 0.75078125 0.6291666666666667 0.7453125 0.6291666666666667 0.740625 0.625 0.7375 0.6277777777777778 0.7296875 0.6194444444444445 0.73046875 0.6041666666666666 0.73671875 0.6027777777777777 0.740625 0.6097222222222223 0.74375 0.6083333333333333
0 0.68671875 0.8486111111111111 0.69296875 0.8597222222222223 0.6921875 0.8680555555555556 0.68671875 0.8736111111111111 0.67890625 0.8722222222222222 0.6734375 0.8625 0.67578125 0.85 0.6859375 0.8486111111111111
0 0.49921875 0.41388888888888886 0.5015625 0.4152777777777778 0.5015625 0.42083333333333334 0.5 0.4222222222222222 0.49375 0.4222222222222222 0.49375 0.41805555555555557 0.4984375 0.41388888888888886
0 0.55703125 0.8930555555555556 0.56015625 0.8986111111111111 0.56015625 0.9111111111111111 0.55703125 0.9180555555555555 0.55078125 0.9208333333333333 0.5421875 0.9180555555555555 0.53984375 0.9138888888888889 0.53984375 0.9 0.5421875 0.8958333333333334 0.55625 0.8930555555555556
0 0.6 0.8208333333333333 0.603125 0.8361111111111111 0.6015625 0.8402777777777778 0.59609375 0.8430555555555556 0.58359375 0.8388888888888889 0.58203125 0.8263888888888888 0.5875 0.8180555555555555 0.59921875 0.8208333333333333
0 0.1765625 0.6013888888888889 0.17890625 0.6083333333333333 0.175 0.6152777777777778 0.1703125 0.6166666666666667 0.16171875 0.6277777777777778 0.1578125 0.6263888888888889 0.1578125 0.6194444444444445 0.16484375 0.6138888888888889 0.16875 0.6041666666666666 0.17578125 0.6013888888888889
0 0.6359375 0.5916666666666667 0.6390625 0.5986111111111111 0.6328125 0.6069444444444444 0.62578125 0.6013888888888889 0.625 0.5888888888888889 0.6296875 0.5875 0.63515625 0.5916666666666667
0 0.68671875 0.9597222222222223 0.69296875 0.9666666666666667 0.69375 0.9763888888888889 0.690625 0.9847222222222223 0.6859375 0.9875 0.678125 0.9861111111111112 0.67421875 0.9777777777777777 0.67421875 0.9694444444444444 0.67734375 0.9625 0.6859375 0.9597222222222223
0 0.6234375 0.5569444444444445 0.63046875 0.5694444444444444 0.6296875 0.575 0.62421875 0.5777777777777777 0.61640625 0.575 0.6140625 0.5625 0.615625 0.5569444444444445 0.62265625 0.5569444444444445
0 0.146875 0.9208333333333333 0.1515625 0.9236111111111112 0.153125 0.9291666666666667 0.15234375 0.9347222222222222 0.1484375 0.9388888888888889 0.140625 0.9375 0.13828125 0.9319444444444445 0.13984375 0.9236111111111112 0.14609375 0.9208333333333333
0 0.614453125 0.4375 0.02109375 0.030555555555555555
0 0.7234375 0.6888888888888889 0.728125 0.7013888888888888 0.72109375 0.7097222222222223 0.71171875 0.7013888888888888 0.7109375 0.6958333333333333 0.715625 0.6902777777777778 0.72265625 0.6888888888888889
0 0.7015625 0.8013888888888889 0.70390625 0.8097222222222222 0.703125 0.8152777777777778 0.7 0.8208333333333333 0.69609375 0.8222222222222222 0.6890625 0.8180555555555555 0.6875 0.8125 0.68828125 0.8041666666666667 0.69375 0.7986111111111112 0.69921875 0.7986111111111112 0.70078125 0.8013888888888889
0 0.6203125 0.9777777777777777 0.6265625 0.9819444444444444 0.63046875 0.9888888888888889 0.63046875 0.9986111111111111 0.60859375 0.9986111111111111 0.61015625 0.9861111111111112 0.61328125 0.9805555555555555 0.61953125 0.9777777777777777
0 0.82109375 0.7736111111111111 0.83125 0.7888888888888889 0.82578125 0.7958333333333333 0.8171875 0.7944444444444444 0.81015625 0.7833333333333333 0.81171875 0.7763888888888889 0.8203125 0.7736111111111111
0 0.4875 0.6444444444444445 0.4921875 0.6458333333333334 0.49453125 0.65 0.49375 0.6569444444444444 0.48984375 0.6597222222222222 0.48125 0.6583333333333333 0.48046875 0.6486111111111111 0.48671875 0.6458333333333334
0 0.5515625 0.47638888888888886 0.5578125 0.48055555555555557 0.55859375 0.48333333333333334 0.55546875 0.4875 0.54609375 0.4847222222222222 0.54609375 0.48055555555555557 0.55078125 0.47638888888888886
0 0.46328125 0.9319444444444445 0.4671875 0.9375 0.4671875 0.9486111111111111 0.46484375 0.9541666666666667 0.46015625 0.9569444444444445 0.44921875 0.9527777777777777 0.4484375 0.9416666666666667 0.4515625 0.9333333333333333 0.4625 0.9319444444444445
0 0.95 0.9027777777777778 0.9546875 0.9083333333333333 0.9546875 0.9180555555555555 0.95859375 0.9305555555555556 0.953125 0.9375 0.9453125 0.9319444444444445 0.94140625 0.9208333333333333 0.9421875 0.9069444444444444 0.94921875 0.9027777777777778
0 0.76953125 0.8013888888888889 0.7734375 0.8069444444444445 0.77421875 0.8166666666666667 0.771875 0.8222222222222222 0.7671875 0.825 0.759375 0.8236111111111111 0.7546875 0.8138888888888889 0.753125 0.8027777777777778 0.75546875 0.7986111111111112 0.765625 0.7986111111111112 0.76875 0.8013888888888889
0 0.73515625 0.9305555555555556 0.740625 0.9347222222222222 0.7453125 0.9458333333333333 0.7453125 0.9513888888888888 0.7390625 0.9583333333333334 0.73046875 0.9569444444444445 0.72578125 0.9444444444444444 0.72734375 0.9333333333333333 0.734375 0.9305555555555556
0 0.3171875 0.5236111111111111 0.3109375 0.5180555555555556 0.31171875 0.5125 0.3140625 0.5097222222222222 0.3234375 0.5111111111111111 0.32421875 0.5166666666666667 0.31796875 0.5222222222222223
0 0.5640625 0.375 0.56640625 0.37916666666666665 0.5640625 0.38333333333333336 0.55859375 0.38055555555555554 0.559375 0.3763888888888889 0.56328125 0.375
