0 0.5980392156862745 0.5882352941176471 0.5996732026143791 0.5904139433551199 0.5996732026143791 0.6078431372549019 0.5931372549019608 0.6209150326797386 0.5931372549019608 0.6339869281045751 0.5833333333333334 0.6557734204793029 0.5571895424836601 0.6688453159041394 0.5245098039215687 0.6753812636165577 0.5212418300653595 0.681917211328976 0.5179738562091504 0.6797385620915033 0.5147058823529411 0.6840958605664488 0.511437908496732 0.6840958605664488 0.5081699346405228 0.6949891067538126 0.5016339869281046 0.6971677559912854 0.49836601307189543 0.6949891067538126 0.49673202614379086 0.6971677559912854 0.4950980392156863 0.7080610021786492 0.5016339869281046 0.7167755991285403 0.49836601307189543 0.7276688453159041 0.5016339869281046 0.7342047930283224 0.5 0.7363834422657952 0.5016339869281046 0.7668845315904139 0.49836601307189543 0.7799564270152506 0.49836601307189543 0.7930283224400871 0.5016339869281046 0.8017429193899782 0.49836601307189543 0.8126361655773421 0.5 0.8169934640522876 0.49836601307189543 0.8213507625272332 0.5 0.8235294117647058 0.48856209150326796 0.8474945533769063 0.4820261437908497 0.8562091503267973 0.4526143790849673 0.8801742919389978 0.43300653594771243 0.8867102396514162 0.4264705882352941 0.8845315904139434 0.4019607843137255 0.8845315904139434 0.38235294117647056 0.8779956427015251 0.37254901960784315 0.869281045751634 0.36764705882352944 0.8605664488017429 0.36764705882352944 0.840958605664488 0.3660130718954248 0.8387799564270153 0.3660130718954248 0.8169934640522876 0.3758169934640523 0.7821350762527233 0.4035947712418301 0.7450980392156863 0.4150326797385621 0.7037037037037037 0.4166666666666667 0.690631808278867 0.42810457516339867 0.673202614379085 0.43300653594771243 0.6514161220043573 0.4395424836601307 0.6427015250544662 0.4493464052287582 0.6361655773420479 0.4624183006535948 0.616557734204793 0.4918300653594771 0.6013071895424836 0.5196078431372549 0.5925925925925926 0.5245098039215687 0.5882352941176471 0.5441176470588235 0.5860566448801743 0.545751633986928 0.5838779956427015 0.5669934640522876 0.5838779956427015 0.5686274509803921 0.5860566448801743 0.5866013071895425 0.5838779956427015 0.5964052287581699 0.5882352941176471
0 0.8970588235294118 0.5054466230936819 0.9493464052287581 0.5206971677559913 0.9656862745098039 0.5315904139433552 0.9771241830065359 0.5490196078431373 0.9754901960784313 0.55119825708061 0.9754901960784313 0.5599128540305011 0.9558823529411765 0.6100217864923747 0.9444444444444444 0.6296296296296297 0.9428104575163399 0.6470588235294118 0.9379084967320261 0.664488017429194 0.9281045751633987 0.6710239651416122 0.9150326797385621 0.690631808278867 0.9101307189542484 0.6928104575163399 0.9035947712418301 0.7015250544662309 0.8823529411764706 0.6928104575163399 0.8545751633986928 0.690631808278867 0.8284313725490197 0.6753812636165577 0.815359477124183 0.6623093681917211 0.8055555555555556 0.6296296296296297 0.8071895424836601 0.6100217864923747 0.8137254901960784 0.5925925925925926 0.8169934640522876 0.5751633986928104 0.8218954248366013 0.5686274509803921 0.8382352941176471 0.5642701525054467 0.8464052287581699 0.5555555555555556 0.8464052287581699 0.5490196078431373 0.8431372549019608 0.5403050108932462 0.8316993464052288 0.5294117647058824 0.8316993464052288 0.5228758169934641 0.826797385620915 0.5163398692810458 0.826797385620915 0.5076252723311547 0.8382352941176471 0.5010893246187363 0.8937908496732027 0.5032679738562091 0.8954248366013072 0.5054466230936819
0 0.7450980392156863 0.3769063180827887 0.7549019607843137 0.38344226579520696 0.7516339869281046 0.3899782135076253 0.7581699346405228 0.39433551198257083 0.7598039215686274 0.4008714596949891 0.7565359477124183 0.4074074074074074 0.7418300653594772 0.4095860566448802 0.7401960784313726 0.4117647058823529 0.7173202614379085 0.4117647058823529 0.7091503267973857 0.4074074074074074 0.7058823529411765 0.4008714596949891 0.7173202614379085 0.3812636165577342 0.7287581699346405 0.3769063180827887 0.7434640522875817 0.3769063180827887
0 0.826797385620915 0.29193899782135074 0.8300653594771242 0.289760348583878 0.8447712418300654 0.289760348583878 0.8464052287581699 0.29193899782135074 0.8447712418300654 0.2962962962962963 0.8513071895424836 0.3028322440087146 0.8513071895424836 0.30501089324618735 0.8464052287581699 0.30718954248366015 0.8186274509803921 0.30718954248366015 0.8186274509803921 0.30501089324618735 0.8235294117647058 0.30501089324618735 0.8300653594771242 0.3006535947712418 0.826797385620915 0.29411764705882354
0 0.6552287581699346 0.40305010893246185 0.6568627450980392 0.4095860566448802 0.6503267973856209 0.41612200435729846 0.6421568627450981 0.41612200435729846 0.619281045751634 0.42483660130718953 0.6143790849673203 0.43137254901960786 0.6160130718954249 0.43790849673202614 0.6209150326797386 0.4422657952069717 0.6045751633986928 0.4531590413943355 0.5947712418300654 0.45098039215686275 0.5947712418300654 0.4335511982570806 0.5866013071895425 0.4226579520697168 0.5915032679738562 0.4117647058823529 0.5980392156862745 0.4074074074074074 0.6127450980392157 0.40522875816993464 0.6176470588235294 0.4008714596949891 0.6519607843137255 0.4008714596949891 0.6535947712418301 0.40305010893246185
0 0.8235294117647058 0.47058823529411764 0.8349673202614379 0.4749455337690632 0.8398692810457516 0.48366013071895425 0.8120915032679739 0.5010893246187363 0.7761437908496732 0.5010893246187363 0.7663398692810458 0.49455337690631807 0.7532679738562091 0.49019607843137253 0.7516339869281046 0.48366013071895425 0.7581699346405228 0.477124183006536 0.7712418300653595 0.47276688453159044 0.8218954248366013 0.47058823529411764
0 0.7205882352941176 0.616557734204793 0.7434640522875817 0.6296296296296297 0.7450980392156863 0.6339869281045751 0.7434640522875817 0.6601307189542484 0.7369281045751634 0.6688453159041394 0.7320261437908496 0.6688453159041394 0.7287581699346405 0.673202614379085 0.704248366013072 0.6840958605664488 0.6977124183006536 0.6840958605664488 0.6764705882352942 0.673202614379085 0.673202614379085 0.6623093681917211 0.6633986928104575 0.6514161220043573 0.6601307189542484 0.6405228758169934 0.6683006535947712 0.6274509803921569 0.6895424836601307 0.6143790849673203 0.7091503267973857 0.6122004357298475 0.7189542483660131 0.616557734204793
0 0.9934640522875817 0.3769063180827887 0.9983660130718954 0.3790849673202614 0.9983660130718954 0.38344226579520696 0.9395424836601307 0.3899782135076253 0.9313725490196079 0.39433551198257083 0.9297385620915033 0.40305010893246185 0.9117647058823529 0.40305010893246185 0.9068627450980392 0.39869281045751637 0.8937908496732027 0.39869281045751637 0.8888888888888888 0.39433551198257083 0.8888888888888888 0.3899782135076253 0.8954248366013072 0.38344226579520696 0.9918300653594772 0.3769063180827887
0 0.6470588235294118 0.7930283224400871 0.6568627450980392 0.7995642701525054 0.6666666666666666 0.7995642701525054 0.6683006535947712 0.8017429193899782 0.6944444444444444 0.8017429193899782 0.6977124183006536 0.8061002178649237 0.704248366013072 0.8278867102396514 0.7107843137254902 0.8366013071895425 0.7189542483660131 0.8366013071895425 0.7287581699346405 0.8431372549019608 0.7352941176470589 0.8431372549019608 0.7369281045751634 0.840958605664488 0.75 0.840958605664488 0.7532679738562091 0.8431372549019608 0.7549019607843137 0.8474945533769063 0.7549019607843137 0.869281045751634 0.7565359477124183 0.8714596949891068 0.7565359477124183 0.8845315904139434 0.7532679738562091 0.8976034858387799 0.7483660130718954 0.9041394335511983 0.7303921568627451 0.9084967320261438 0.7173202614379085 0.9324618736383442 0.7026143790849673 0.9368191721132898 0.6993464052287581 0.934640522875817 0.6879084967320261 0.934640522875817 0.673202614379085 0.9281045751633987 0.6617647058823529 0.9281045751633987 0.6601307189542484 0.9302832244008714 0.6225490196078431 0.9281045751633987 0.6094771241830066 0.9084967320261438 0.6045751633986928 0.8932461873638344 0.6045751633986928 0.8801742919389978 0.5866013071895425 0.8562091503267973 0.5882352941176471 0.8322440087145969 0.5931372549019608 0.8213507625272332 0.6013071895424836 0.8104575163398693 0.6045751633986928 0.8104575163398693 0.6290849673202614 0.7930283224400871 0.6372549019607843 0.7930283224400871 0.6388888888888888 0.7908496732026143 0.6454248366013072 0.7930283224400871
0 0.7859477124183006 0.3137254901960784 0.7875816993464052 0.3159041394335512 0.7990196078431373 0.3159041394335512 0.8022875816993464 0.3202614379084967 0.8022875816993464 0.32461873638344224 0.7924836601307189 0.32461873638344224 0.7908496732026143 0.32679738562091504 0.7647058823529411 0.32461873638344224 0.7647058823529411 0.3202614379084967 0.7679738562091504 0.31808278867102396 0.7843137254901961 0.3137254901960784
0 0.8104575163398693 0.3420479302832244 0.8186274509803921 0.3464052287581699 0.8186274509803921 0.3485838779956427 0.8137254901960784 0.35294117647058826 0.8071895424836601 0.35294117647058826 0.8055555555555556 0.355119825708061 0.7924836601307189 0.355119825708061 0.7843137254901961 0.35076252723311546 0.7843137254901961 0.3485838779956427 0.795751633986928 0.33986928104575165 0.8088235294117647 0.3420479302832244
0 0.7843137254901961 0.42701525054466233 0.7859477124183006 0.42919389978213507 0.803921568627451 0.43137254901960786 0.8055555555555556 0.43790849673202614 0.795751633986928 0.4444444444444444 0.7826797385620915 0.4444444444444444 0.7810457516339869 0.4422657952069717 0.7630718954248366 0.4400871459694989 0.761437908496732 0.43790849673202614 0.7630718954248366 0.4335511982570806 0.7745098039215687 0.42701525054466233 0.7826797385620915 0.42701525054466233
