0 0.5375816993464052 0.5601965601965602 0.5408496732026143 0.5454545454545454 0.5522875816993464 0.5454545454545454 0.553921568627451 0.547911547911548 0.5637254901960784 0.547911547911548 0.5702614379084967 0.5528255528255528 0.5833333333333334 0.5528255528255528 0.5931372549019608 0.5577395577395577 0.6029411764705882 0.5577395577395577 0.6094771241830066 0.5601965601965602 0.6127450980392157 0.5675675675675675 0.5898692810457516 0.5675675675675675 0.576797385620915 0.5626535626535627 0.5555555555555556 0.5651105651105651 0.553921568627451 0.5626535626535627 0.5408496732026143 0.5626535626535627 0.5392156862745098 0.5601965601965602
0 0.48856209150326796 0.5061425061425061 0.49019607843137253 0.5085995085995086 0.5049019607843137 0.5085995085995086 0.5179738562091504 0.5135135135135135 0.5196078431372549 0.515970515970516 0.5163398692810458 0.5208845208845209 0.5098039215686274 0.5208845208845209 0.5081699346405228 0.5233415233415234 0.47875816993464054 0.5184275184275184 0.46895424836601307 0.5110565110565111 0.4673202614379085 0.5085995085995086 0.46895424836601307 0.5061425061425061 0.4869281045751634 0.5061425061425061
0 0.8006535947712419 0.8427518427518428 0.8022875816993464 0.8452088452088452 0.8284313725490197 0.8501228501228502 0.8398692810457516 0.8574938574938575 0.8447712418300654 0.8574938574938575 0.8758169934640523 0.8771498771498771 0.8888888888888888 0.8968058968058968 0.869281045751634 0.9041769041769042 0.8611111111111112 0.9115479115479116 0.8464052287581699 0.9115479115479116 0.8447712418300654 0.9090909090909091 0.8349673202614379 0.9090909090909091 0.8333333333333334 0.9066339066339066 0.8235294117647058 0.9066339066339066 0.8218954248366013 0.9041769041769042 0.8120915032679739 0.9041769041769042 0.7990196078431373 0.8992628992628993 0.7777777777777778 0.8992628992628993 0.7761437908496732 0.8968058968058968 0.7712418300653595 0.8992628992628993 0.7565359477124183 0.8992628992628993 0.7549019607843137 0.8968058968058968 0.7352941176470589 0.8918918918918919 0.7254901960784313 0.8845208845208845 0.7238562091503268 0.8820638820638821 0.7254901960784313 0.8746928746928747 0.738562091503268 0.8624078624078624 0.7352941176470589 0.8574938574938575 0.7271241830065359 0.8525798525798526 0.7205882352941176 0.8427518427518428 0.7222222222222222 0.8378378378378378 0.738562091503268 0.8378378378378378 0.7418300653594772 0.8353808353808354 0.7434640522875817 0.8378378378378378 0.7794117647058824 0.8378378378378378 0.7810457516339869 0.8402948402948403 0.7990196078431373 0.8427518427518428
0 0.49836601307189543 0.48402948402948404 0.5049019607843137 0.4864864864864865 0.4918300653594771 0.49385749385749383 0.4738562091503268 0.4914004914004914 0.47058823529411764 0.4864864864864865 0.47875816993464054 0.47911547911547914 0.4869281045751634 0.47911547911547914 0.49673202614379086 0.48402948402948404
0 0.4297385620915033 0.457002457002457 0.43137254901960786 0.45454545454545453 0.46078431372549017 0.457002457002457 0.46405228758169936 0.4619164619164619 0.45588235294117646 0.4668304668304668 0.4542483660130719 0.4643734643734644 0.43790849673202614 0.4643734643734644 0.43137254901960786 0.4594594594594595
0 0.46895424836601307 0.4176904176904177 0.47058823529411764 0.4201474201474201 0.4673202614379085 0.4226044226044226 0.43137254901960786 0.4226044226044226 0.4297385620915033 0.4201474201474201 0.43137254901960786 0.4152334152334152 0.4673202614379085 0.4176904176904177
0 0.5833333333333334 0.5896805896805897 0.5947712418300654 0.597051597051597 0.6078431372549019 0.5995085995085995 0.6078431372549019 0.601965601965602 0.5996732026143791 0.6093366093366094 0.5735294117647058 0.6117936117936118 0.5718954248366013 0.6142506142506142 0.5604575163398693 0.6142506142506142 0.5555555555555556 0.6093366093366094 0.5359477124183006 0.6044226044226044 0.5245098039215687 0.5945945945945946 0.5245098039215687 0.5896805896805897 0.5326797385620915 0.5823095823095823 0.5359477124183006 0.5847665847665847 0.5490196078431373 0.5847665847665847 0.5506535947712419 0.5872235872235873 0.576797385620915 0.5872235872235873 0.5816993464052288 0.5896805896805897
0 0.6062091503267973 0.7199017199017199 0.619281045751634 0.7272727272727273 0.6339869281045751 0.7272727272727273 0.6470588235294118 0.7346437346437347 0.6617647058823529 0.7567567567567568 0.6601307189542484 0.7616707616707616 0.6552287581699346 0.7641277641277642 0.6519607843137255 0.7616707616707616 0.6241830065359477 0.7616707616707616 0.6045751633986928 0.7493857493857494 0.5980392156862745 0.7395577395577395 0.5964052287581699 0.7321867321867321 0.5816993464052288 0.7297297297297297 0.5833333333333334 0.7248157248157249 0.5898692810457516 0.7199017199017199 0.6045751633986928 0.7199017199017199
0 0.6062091503267973 0.6535626535626535 0.6094771241830066 0.6511056511056511 0.6339869281045751 0.6511056511056511 0.6584967320261438 0.6633906633906634 0.6568627450980392 0.6683046683046683 0.6486928104575164 0.6683046683046683 0.6405228758169934 0.6781326781326781 0.6111111111111112 0.6781326781326781 0.5964052287581699 0.6707616707616708 0.6062091503267973 0.6560196560196561
0 0.7107843137254902 0.6855036855036855 0.7369281045751634 0.6953316953316954 0.7450980392156863 0.7027027027027027 0.7483660130718954 0.7076167076167076 0.7483660130718954 0.7125307125307125 0.7075163398692811 0.7100737100737101 0.6993464052287581 0.7051597051597052 0.6862745098039216 0.7027027027027027 0.6781045751633987 0.6953316953316954 0.6781045751633987 0.6904176904176904 0.6830065359477124 0.683046683046683 0.7091503267973857 0.6855036855036855
