0 0.12908496732026145 0.41612200435729846 0.1568627450980392 0.41612200435729846 0.16830065359477125 0.420479302832244 0.17647058823529413 0.42701525054466233 0.17320261437908496 0.43137254901960786 0.16013071895424835 0.43137254901960786 0.12908496732026145 0.41830065359477125
0 0.08823529411764706 0.39433551198257083 0.09313725490196079 0.39869281045751637 0.10784313725490197 0.4008714596949891 0.1111111111111111 0.40522875816993464 0.10784313725490197 0.4117647058823529 0.08986928104575163 0.4117647058823529 0.07679738562091504 0.4074074074074074 0.06209150326797386 0.4074074074074074 0.06372549019607843 0.4008714596949891 0.07352941176470588 0.39433551198257083 0.08006535947712418 0.39215686274509803 0.08660130718954248 0.39433551198257083
0 0.09313725490196079 0.5272331154684096 0.10294117647058823 0.5403050108932462 0.11437908496732026 0.5424836601307189 0.11601307189542484 0.5468409586056645 0.11437908496732026 0.5490196078431373 0.08496732026143791 0.5490196078431373 0.07352941176470588 0.5577342047930284 0.07026143790849673 0.5577342047930284 0.06535947712418301 0.5642701525054467 0.06535947712418301 0.5708061002178649 0.0784313725490196 0.5751633986928104 0.08333333333333333 0.579520697167756 0.09640522875816994 0.5816993464052288 0.1111111111111111 0.5925925925925926 0.11764705882352941 0.5925925925925926 0.12745098039215685 0.5969498910675382 0.13071895424836602 0.6013071895424836 0.13398692810457516 0.6013071895424836 0.1388888888888889 0.6122004357298475 0.13725490196078433 0.6143790849673203 0.09967320261437909 0.6122004357298475 0.08333333333333333 0.6209150326797386 0.05228758169934641 0.6274509803921569 0.04738562091503268 0.6383442265795207 0.05392156862745098 0.644880174291939 0.05392156862745098 0.6514161220043573 0.0457516339869281 0.6623093681917211 0.03758169934640523 0.6688453159041394 0.017973856209150325 0.6666666666666666 0 0.6557734204793029 0 0.5686274509803921 0.0032679738562091504 0.5686274509803921 0.021241830065359478 0.5555555555555556 0.029411764705882353 0.5555555555555556 0.03758169934640523 0.5403050108932462 0.0457516339869281 0.5381263616557734 0.05228758169934641 0.5315904139433552 0.06699346405228758 0.5272331154684096 0.0915032679738562 0.5272331154684096
0 0.049019607843137254 0.47276688453159044 0.05718954248366013 0.48366013071895425 0.05718954248366013 0.49019607843137253 0.0457516339869281 0.4989106753812636 0.02287581699346405 0.4989106753812636 0.013071895424836602 0.49455337690631807 0.00980392156862745 0.49019607843137253 0.00980392156862745 0.485838779956427 0.026143790849673203 0.4749455337690632 0.04738562091503268 0.47276688453159044
0 0.16013071895424835 0.5010893246187363 0.1715686274509804 0.5076252723311547 0.17320261437908496 0.514161220043573 0.15522875816993464 0.514161220043573 0.15359477124183007 0.5163398692810458 0.1454248366013072 0.514161220043573 0.1437908496732026 0.5119825708061002 0.1437908496732026 0.5032679738562091 0.14705882352941177 0.5010893246187363 0.15849673202614378 0.5010893246187363
0 0.15359477124183007 0.3638344226579521 0.1568627450980392 0.3681917211328976 0.15359477124183007 0.3769063180827887 0.1503267973856209 0.3790849673202614 0.1323529411764706 0.3790849673202614 0.13071895424836602 0.3812636165577342 0.119281045751634 0.3790849673202614 0.11437908496732026 0.3747276688453159 0.12091503267973856 0.3638344226579521 0.15196078431372548 0.3638344226579521
0 0 0.8779956427015251 0.03594771241830065 0.8779956427015251 0.0457516339869281 0.8714596949891068 0.06699346405228758 0.8714596949891068 0.0784313725490196 0.8779956427015251 0.09967320261437909 0.8779956427015251 0.10130718954248366 0.8801742919389978 0.10457516339869281 0.8779956427015251 0.11764705882352941 0.8779956427015251 0.14052287581699346 0.8888888888888888 0.1650326797385621 0.8888888888888888 0.16993464052287582 0.8845315904139434 0.17647058823529413 0.8845315904139434 0.20098039215686275 0.8954248366013072 0.20915032679738563 0.8954248366013072 0.22058823529411764 0.8997821350762527 0.2222222222222222 0.8976034858387799 0.22549019607843138 0.8997821350762527 0.23039215686274508 0.8976034858387799 0.25 0.906318082788671 0.2696078431372549 0.906318082788671 0.27124183006535946 0.9084967320261438 0.2826797385620915 0.9041394335511983 0.29411764705882354 0.9041394335511983 0.3088235294117647 0.9106753812636166 0.31862745098039214 0.9106753812636166 0.31862745098039214 0.9172113289760349 0.32516339869281047 0.9193899782135077 0.3284313725490196 0.9237472766884531 0.3415032679738562 0.9215686274509803 0.3480392156862745 0.9259259259259259 0.39705882352941174 0.9281045751633987 0.4068627450980392 0.934640522875817 0.4199346405228758 0.9389978213507625 0.44607843137254904 0.9411764705882353 0.47549019607843135 0.954248366013072 0.48366013071895425 0.954248366013072 0.4852941176470588 0.9564270152505446 0.49836601307189543 0.9564270152505446 0.5 0.954248366013072 0.5016339869281046 0.9564270152505446 0.5294117647058824 0.9607843137254902 0.5604575163398693 0.9738562091503268 0.5735294117647058 0.9760348583877996 0.5849673202614379 0.9825708061002179 0.5931372549019608 0.9825708061002179 0.5947712418300654 0.9847494553376906 0.5996732026143791 0.9825708061002179 0.6225490196078431 0.9825708061002179 0.6274509803921569 0.9869281045751634 0.6323529411764706 0.9869281045751634 0.6356209150326797 0.9825708061002179 0.6388888888888888 0.9825708061002179 0.6503267973856209 0.9912854030501089 0.6470588235294118 0.9956427015250545 0.6388888888888888 0.9956427015250545 0.6372549019607843 0.9978213507625272 0.6290849673202614 0.9978213507625272 0.6274509803921569 0.9956427015250545 0.5931372549019608 0.9978213507625272 0.5849673202614379 0.9934640522875817 0.576797385620915 0.9934640522875817 0.5669934640522876 0.9869281045751634 0.5424836601307189 0.9869281045751634 0.5196078431372549 0.9760348583877996 0.5049019607843137 0.9760348583877996 0.5 0.9803921568627451 0.4950980392156863 0.9803921568627451 0.4934640522875817 0.9782135076252724 0.47058823529411764 0.9738562091503268 0.4591503267973856 0.9651416122004357 0.45588235294117646 0.9651416122004357 0.4526143790849673 0.9607843137254902 0.4395424836601307 0.9586056644880174 0.43300653594771243 0.954248366013072 0.42483660130718953 0.9586056644880174 0.4084967320261438 0.9586056644880174 0.3937908496732026 0.9520697167755992 0.380718954248366 0.9520697167755992 0.3790849673202614 0.9498910675381264 0.37745098039215685 0.9520697167755992 0.3660130718954248 0.9520697167755992 0.36437908496732024 0.9498910675381264 0.35784313725490197 0.9498910675381264 0.3366013071895425 0.9389978213507625 0.32679738562091504 0.9259259259259259 0.3235294117647059 0.9281045751633987 0.32516339869281047 0.9302832244008714 0.3235294117647059 0.9324618736383442 0.315359477124183 0.9259259259259259 0.3088235294117647 0.9302832244008714 0.2957516339869281 0.9302832244008714 0.29411764705882354 0.9259259259259259 0.28431372549019607 0.9259259259259259 0.27941176470588236 0.9302832244008714 0.2549019607843137 0.9302832244008714 0.23366013071895425 0.9215686274509803 0.22058823529411764 0.9128540305010894 0.2173202614379085 0.9172113289760349 0.18790849673202614 0.9172113289760349 0.18790849673202614 0.9128540305010894 0.184640522875817 0.9084967320261438 0.17647058823529413 0.9041394335511983 0.13562091503267973 0.9172113289760349 0.1323529411764706 0.9106753812636166 0.11274509803921569 0.8976034858387799 0.10457516339869281 0.8976034858387799 0.09803921568627451 0.9019607843137255 0.09313725490196079 0.8997821350762527 0.08006535947712418 0.9019607843137255 0.07679738562091504 0.8976034858387799 0.058823529411764705 0.8888888888888888 0.04411764705882353 0.8888888888888888 0.029411764705882353 0.8997821350762527 0.013071895424836602 0.8997821350762527 0 0.8932461873638344 0 0.8801742919389978
0 0.058823529411764705 0.44880174291938996 0.021241830065359478 0.4531590413943355 0.05392156862745098 0.4596949891067538
0 0.058823529411764705 0.46187363834422657 0.05718954248366013 0.4684095860566449 0.06535947712418301 0.47276688453159044 0.09640522875816994 0.4662309368191721 0.08006535947712418 0.45751633986928103
0 0.12745098039215685 0.46405228758169936 0.12091503267973856 0.4684095860566449 0.14052287581699346 0.48148148148148145 0.184640522875817 0.485838779956427 0.1503267973856209 0.4662309368191721
0 0.00980392156862745 0.39869281045751637 0 0.39651416122004357 0 0.40522875816993464 0.017973856209150325 0.4008714596949891
0 0.04738562091503268 0.4139433551198257 0.024509803921568627 0.41830065359477125 0.05065359477124183 0.420479302832244
