0 0.4036458333333333 0.7236328125 0.4270833333333333 0.7275390625 0.4322916666666667 0.732421875 0.4348958333333333 0.7431640625 0.4283854166666667 0.7490234375 0.4140625 0.75 0.40234375 0.7587890625 0.3854166666666667 0.7607421875 0.3684895833333333 0.759765625 0.3580729166666667 0.755859375 0.3502604166666667 0.7509765625 0.34765625 0.7421875 0.3619791666666667 0.7333984375 0.3736979166666667 0.7333984375 0.3880208333333333 0.724609375 0.40234375 0.7236328125
0 0.4375 0.658203125 0.453125 0.666015625 0.4544270833333333 0.673828125 0.44921875 0.685546875 0.4309895833333333 0.6865234375 0.4036458333333333 0.681640625 0.3997395833333333 0.6767578125 0.3997395833333333 0.6689453125 0.41015625 0.66015625 0.4192708333333333 0.658203125 0.4361979166666667 0.658203125
0 0.08984375 0.8818359375 0.09375 0.0546875
0 0.8606770833333334 0.85546875 0.8932291666666666 0.857421875 0.9036458333333334 0.861328125 0.9361979166666666 0.888671875 0.9505208333333334 0.912109375 0.9674479166666666 0.9287109375 0.96875 0.931640625 0.9661458333333334 0.9345703125 0.94921875 0.93359375 0.93359375 0.92578125 0.9283854166666666 0.9248046875 0.9244791666666666 0.9267578125 0.9205729166666666 0.9228515625 0.91796875 0.923828125 0.9140625 0.9208984375 0.8958333333333334 0.9287109375 0.8671875 0.9287109375 0.8528645833333334 0.9140625 0.84375 0.9111328125 0.8333333333333334 0.900390625 0.8333333333333334 0.8876953125 0.83984375 0.880859375 0.84765625 0.859375 0.8528645833333334 0.85546875 0.859375 0.85546875
0 0.5559895833333334 0.9296875 0.58203125 0.9423828125 0.5911458333333334 0.95703125 0.5911458333333334 0.9609375 0.5729166666666666 0.97265625 0.56640625 0.982421875 0.5572916666666666 0.9853515625 0.5260416666666666 0.9853515625 0.50390625 0.982421875 0.4869791666666667 0.9755859375 0.4778645833333333 0.962890625 0.48046875 0.9521484375 0.4947916666666667 0.9423828125 0.5208333333333334 0.9296875 0.53125 0.9267578125 0.5494791666666666 0.927734375 0.5546875 0.9296875
0 0.23567708333333334 0.861328125 0.25390625 0.865234375 0.2604166666666667 0.869140625 0.2578125 0.8935546875 0.24869791666666666 0.896484375 0.23697916666666666 0.908203125 0.22526041666666666 0.91015625 0.21614583333333334 0.9169921875 0.1875 0.919921875 0.171875 0.91796875 0.16276041666666666 0.912109375 0.15755208333333334 0.90234375 0.15885416666666666 0.8935546875 0.1640625 0.890625 0.17838541666666666 0.890625 0.19401041666666666 0.8876953125 0.20052083333333334 0.8828125 0.20442708333333334 0.8701171875 0.2109375 0.8642578125 0.22005208333333334 0.861328125 0.234375 0.861328125
0 0.23046875 0.734375 0.234375 0.740234375 0.23307291666666666 0.7470703125 0.21223958333333334 0.7568359375 0.19401041666666666 0.7626953125 0.18489583333333334 0.7685546875 0.16927083333333334 0.771484375 0.15625 0.76953125 0.14583333333333334 0.763671875 0.14453125 0.75390625 0.14973958333333334 0.748046875 0.2109375 0.7314453125 0.2265625 0.732421875 0.22916666666666666 0.734375
0 0.6783854166666666 0.958984375 0.69140625 0.9638671875 0.69921875 0.970703125 0.7135416666666666 0.9775390625 0.71875 0.9951171875 0.71484375 0.9970703125 0.69921875 0.9970703125 0.6979166666666666 0.9990234375 0.6263020833333334 0.9990234375 0.6223958333333334 0.994140625 0.625 0.9794921875 0.6432291666666666 0.9609375 0.6536458333333334 0.9560546875 0.6770833333333334 0.958984375
0 0.6067708333333334 0.7060546875 0.62109375 0.7080078125 0.6315104166666666 0.7158203125 0.6380208333333334 0.724609375 0.6536458333333334 0.7265625 0.6653645833333334 0.7353515625 0.6731770833333334 0.748046875 0.67578125 0.76171875 0.6627604166666666 0.77734375 0.65234375 0.775390625 0.6393229166666666 0.7666015625 0.6276041666666666 0.76171875 0.6080729166666666 0.748046875 0.6002604166666666 0.7392578125 0.5768229166666666 0.720703125 0.578125 0.70703125 0.60546875 0.7060546875
0 0.33203125 0.9208984375 0.3411458333333333 0.923828125 0.3645833333333333 0.943359375 0.37109375 0.9716796875 0.3776041666666667 0.9765625 0.3776041666666667 0.9814453125 0.3763020833333333 0.9833984375 0.3671875 0.9833984375 0.36328125 0.9853515625 0.3567708333333333 0.9853515625 0.34765625 0.9814453125 0.3411458333333333 0.9755859375 0.3294270833333333 0.9697265625 0.3125 0.96875 0.3059895833333333 0.9716796875 0.296875 0.9716796875 0.28515625 0.958984375 0.2825520833333333 0.947265625 0.2916666666666667 0.9326171875 0.3138020833333333 0.9208984375 0.3307291666666667 0.9208984375
0 0.059895833333333336 0.984375 0.06380208333333333 0.9853515625 0.0703125 0.98046875 0.06380208333333333 0.9755859375 0.0546875 0.9755859375 0.04296875 0.97265625 0.0390625 0.9697265625 0.040364583333333336 0.9638671875 0.0859375 0.951171875 0.09765625 0.9453125 0.10677083333333333 0.9453125 0.11197916666666667 0.9501953125 0.11458333333333333 0.9609375 0.11328125 0.9951171875 0.109375 0.994140625 0.10286458333333333 0.9990234375 0.052083333333333336 0.9990234375 0.046875 0.99609375 0.046875 0.990234375 0.049479166666666664 0.9873046875 0.05859375 0.9853515625
0 0.24088541666666666 0.7841796875 0.2526041666666667 0.787109375 0.26953125 0.7978515625 0.2747395833333333 0.802734375 0.2747395833333333 0.8076171875 0.2578125 0.818359375 0.23697916666666666 0.8154296875 0.21875 0.8232421875 0.20442708333333334 0.8232421875 0.1875 0.8193359375 0.17447916666666666 0.8076171875 0.17317708333333334 0.802734375 0.17838541666666666 0.7978515625 0.1953125 0.7900390625 0.21354166666666666 0.7880859375 0.22786458333333334 0.7841796875 0.23958333333333334 0.7841796875
0 0.5143229166666666 0.8564453125 0.5234375 0.8583984375 0.53515625 0.8642578125 0.5377604166666666 0.8740234375 0.54296875 0.880859375 0.5416666666666666 0.8916015625 0.5377604166666666 0.89453125 0.5169270833333334 0.8955078125 0.4986979166666667 0.8994140625 0.4908854166666667 0.90234375 0.4869791666666667 0.9072265625 0.4622395833333333 0.9072265625 0.4466145833333333 0.900390625 0.4427083333333333 0.8974609375 0.4401041666666667 0.890625 0.4479166666666667 0.8837890625 0.4544270833333333 0.87109375 0.46875 0.8623046875 0.48828125 0.857421875 0.5130208333333334 0.8564453125
0 0.5208333333333334 0.763671875 0.53125 0.765625 0.5403645833333334 0.7705078125 0.5572916666666666 0.78515625 0.5729166666666666 0.79296875 0.578125 0.7998046875 0.578125 0.802734375 0.5690104166666666 0.8056640625 0.5638020833333334 0.8125 0.5559895833333334 0.8173828125 0.5338541666666666 0.81640625 0.515625 0.8125 0.5078125 0.80859375 0.4986979166666667 0.80859375 0.48828125 0.8125 0.4622395833333333 0.8095703125 0.4622395833333333 0.806640625 0.4752604166666667 0.802734375 0.4765625 0.7958984375 0.4830729166666667 0.7900390625 0.48046875 0.7822265625 0.4830729166666667 0.7763671875 0.4973958333333333 0.767578125 0.5104166666666666 0.763671875 0.51953125 0.763671875
0 0.6666666666666666 0.83984375 0.6796875 0.841796875 0.6848958333333334 0.8466796875 0.6953125 0.849609375 0.7044270833333334 0.85546875 0.6927083333333334 0.8662109375 0.6927083333333334 0.8759765625 0.6901041666666666 0.880859375 0.6640625 0.8876953125 0.6536458333333334 0.8876953125 0.640625 0.8818359375 0.6263020833333334 0.8701171875 0.6223958333333334 0.861328125 0.625 0.85546875 0.6432291666666666 0.8447265625 0.6575520833333334 0.8388671875 0.6653645833333334 0.83984375
0 0.7096354166666666 0.7373046875 0.7317708333333334 0.7412109375 0.7395833333333334 0.744140625 0.7486979166666666 0.7509765625 0.7565104166666666 0.76953125 0.7565104166666666 0.77734375 0.7473958333333334 0.77734375 0.7330729166666666 0.7734375 0.7057291666666666 0.77734375 0.6966145833333334 0.775390625 0.69140625 0.771484375 0.6888020833333334 0.765625 0.6809895833333334 0.7587890625 0.6770833333333334 0.7451171875 0.69140625 0.7373046875 0.7083333333333334 0.7373046875
