0 0.5849673202614379 0.7230392156862745 0.5866013071895425 0.7254901960784313 0.5849673202614379 0.7303921568627451 0.5718954248366013 0.7303921568627451 0.5702614379084967 0.7328431372549019 0.5588235294117647 0.7328431372549019 0.553921568627451 0.7303921568627451 0.553921568627451 0.7254901960784313 0.5637254901960784 0.7205882352941176 0.5833333333333334 0.7230392156862745
0 0.7663398692810458 0.9558823529411765 0.7728758169934641 0.9607843137254902 0.7777777777777778 0.9705882352941176 0.7696078431372549 0.9852941176470589 0.7630718954248366 0.9852941176470589 0.761437908496732 0.9877450980392157 0.75 0.9877450980392157 0.7450980392156863 0.9828431372549019 0.7418300653594772 0.9828431372549019 0.7352941176470589 0.9779411764705882 0.7336601307189542 0.9705882352941176 0.7467320261437909 0.9558823529411765 0.7647058823529411 0.9558823529411765
0 0.315359477124183 0.5784313725490197 0.3202614379084967 0.5808823529411765 0.32516339869281047 0.5882352941176471 0.3235294117647059 0.5931372549019608 0.3022875816993464 0.5931372549019608 0.2957516339869281 0.5906862745098039 0.29411764705882354 0.5882352941176471 0.2957516339869281 0.5857843137254902 0.3055555555555556 0.5784313725490197 0.3137254901960784 0.5784313725490197
0 0.28594771241830064 0.47549019607843135 0.29248366013071897 0.4803921568627451 0.29248366013071897 0.4852941176470588 0.2875816993464052 0.49019607843137253 0.272875816993464 0.4877450980392157 0.2581699346405229 0.4803921568627451 0.25980392156862747 0.47549019607843135 0.28431372549019607 0.47549019607843135
0 0.4722222222222222 0.6862745098039216 0.4738562091503268 0.6838235294117647 0.4934640522875817 0.6838235294117647 0.4950980392156863 0.6813725490196079 0.5032679738562091 0.6813725490196079 0.5147058823529411 0.6862745098039216 0.511437908496732 0.6911764705882353 0.477124183006536 0.6911764705882353 0.4738562091503268 0.6887254901960784
0 0.2908496732026144 0.5245098039215687 0.29901960784313725 0.5318627450980392 0.29901960784313725 0.5392156862745098 0.2777777777777778 0.5392156862745098 0.26633986928104575 0.5343137254901961 0.2647058823529412 0.5294117647058824 0.2696078431372549 0.5245098039215687 0.28104575163398693 0.5245098039215687 0.2826797385620915 0.5220588235294118 0.28921568627450983 0.5245098039215687
0 0.2565359477124183 0.49754901960784315 0.2581699346405229 0.5 0.25980392156862747 0.49754901960784315 0.27124183006535946 0.5 0.27450980392156865 0.5049019607843137 0.27450980392156865 0.5098039215686274 0.2696078431372549 0.5147058823529411 0.25326797385620914 0.5147058823529411 0.24836601307189543 0.5098039215686274 0.24509803921568626 0.5098039215686274 0.24183006535947713 0.5049019607843137 0.2434640522875817 0.5 0.2549019607843137 0.49754901960784315
0 0.4297385620915033 0.6568627450980392 0.434640522875817 0.6617647058823529 0.43137254901960786 0.6666666666666666 0.4084967320261438 0.6666666666666666 0.39705882352941174 0.6617647058823529 0.40032679738562094 0.6568627450980392 0.42810457516339867 0.6568627450980392
0 0.31699346405228757 0.5661764705882353 0.3284313725490196 0.5661764705882353 0.3300653594771242 0.5686274509803921 0.34477124183006536 0.571078431372549 0.3480392156862745 0.5759803921568627 0.3480392156862745 0.5833333333333334 0.3464052287581699 0.5808823529411765 0.32679738562091504 0.5784313725490197 0.3202614379084967 0.5735294117647058 0.31862745098039214 0.5686274509803921
0 0.6895424836601307 0.8333333333333334 0.6911764705882353 0.8357843137254902 0.6895424836601307 0.8406862745098039 0.6748366013071896 0.8431372549019608 0.673202614379085 0.8455882352941176 0.6552287581699346 0.8431372549019608 0.6535947712418301 0.8406862745098039 0.6568627450980392 0.8357843137254902 0.6699346405228758 0.8333333333333334 0.6715686274509803 0.8308823529411765 0.6862745098039216 0.8308823529411765 0.6879084967320261 0.8333333333333334
0 0.7516339869281046 0.9264705882352942 0.7532679738562091 0.928921568627451 0.7598039215686274 0.928921568627451 0.7663398692810458 0.9338235294117647 0.7679738562091504 0.9387254901960784 0.7630718954248366 0.9485294117647058 0.7532679738562091 0.9534313725490197 0.7320261437908496 0.946078431372549 0.7254901960784313 0.9387254901960784 0.75 0.9264705882352942
0 0.7156862745098039 0.8602941176470589 0.7189542483660131 0.8676470588235294 0.7140522875816994 0.8823529411764706 0.696078431372549 0.8799019607843137 0.6911764705882353 0.8725490196078431 0.696078431372549 0.8651960784313726 0.7058823529411765 0.8602941176470589 0.7140522875816994 0.8602941176470589
0 0.6405228758169934 0.7696078431372549 0.6437908496732027 0.7745098039215687 0.6405228758169934 0.7818627450980392 0.6258169934640523 0.7818627450980392 0.6241830065359477 0.7843137254901961 0.6029411764705882 0.7843137254901961 0.5980392156862745 0.7818627450980392 0.5980392156862745 0.7794117647058824 0.6209150326797386 0.7696078431372549 0.6388888888888888 0.7696078431372549
0 0.4803921568627451 0.6691176470588235 0.4852941176470588 0.6715686274509803 0.4869281045751634 0.6740196078431373 0.4852941176470588 0.6764705882352942 0.4526143790849673 0.6764705882352942 0.45098039215686275 0.6740196078431373 0.45751633986928103 0.6691176470588235 0.47875816993464054 0.6691176470588235
