0 0.5010893246187363 0.9101307189542484 0.5032679738562091 0.9117647058823529 0.5032679738562091 0.9199346405228758 0.49455337690631807 0.9281045751633987 0.485838779956427 0.9281045751633987 0.48148148148148145 0.9248366013071896 0.46405228758169936 0.9215686274509803 0.46405228758169936 0.9183006535947712 0.4793028322440087 0.9101307189542484 0.4989106753812636 0.9101307189542484
0 0.8278867102396514 0.9722222222222222 0.8344226579520697 0.9754901960784313 0.8344226579520697 0.9803921568627451 0.8300653594771242 0.9836601307189542 0.8104575163398693 0.9852941176470589 0.8082788671023965 0.9869281045751634 0.7930283224400871 0.9869281045751634 0.7886710239651417 0.9836601307189542 0.7908496732026143 0.9771241830065359 0.7973856209150327 0.9722222222222222 0.8148148148148148 0.9722222222222222 0.8169934640522876 0.9705882352941176 0.8257080610021786 0.9722222222222222
0 0.7538126361655774 0.7581699346405228 0.7647058823529411 0.7647058823529411 0.7581699346405228 0.7696078431372549 0.738562091503268 0.7696078431372549 0.7254901960784313 0.7663398692810458 0.7254901960784313 0.761437908496732 0.7320261437908496 0.7581699346405228 0.7516339869281046 0.7581699346405228
0 0.43137254901960786 0.7859477124183006 0.43790849673202614 0.7892156862745098 0.44880174291938996 0.7908496732026143 0.45098039215686275 0.7941176470588235 0.4466230936819172 0.7973856209150327 0.4095860566448802 0.7973856209150327 0.39869281045751637 0.7941176470588235 0.39869281045751637 0.7908496732026143 0.40522875816993464 0.7875816993464052 0.420479302832244 0.7843137254901961 0.42919389978213507 0.7859477124183006
0 0.4923747276688453 0.8398692810457516 0.5010893246187363 0.8431372549019608 0.5010893246187363 0.8529411764705882 0.49673202614379086 0.8578431372549019 0.485838779956427 0.8578431372549019 0.4793028322440087 0.8545751633986928 0.4684095860566449 0.8545751633986928 0.46187363834422657 0.8513071895424836 0.4684095860566449 0.8415032679738562 0.49019607843137253 0.8398692810457516
0 0.7973856209150327 0.8888888888888888 0.803921568627451 0.8905228758169934 0.8061002178649237 0.8937908496732027 0.7995642701525054 0.9003267973856209 0.7908496732026143 0.9035947712418301 0.7668845315904139 0.9035947712418301 0.7603485838779956 0.8970588235294118 0.7712418300653595 0.8888888888888888 0.7952069716775599 0.8888888888888888
0 0.6928104575163399 0.7369281045751634 0.6971677559912854 0.7434640522875817 0.690631808278867 0.7467320261437909 0.6753812636165577 0.7467320261437909 0.6688453159041394 0.7434640522875817 0.6688453159041394 0.7401960784313726 0.6775599128540305 0.7352941176470589 0.6884531590413944 0.7352941176470589 0.690631808278867 0.7369281045751634
0 0.0860566448801743 0.8978758169934641 0.08061002178649238 0.03104575163398693
0 0.49019607843137253 0.9656862745098039 0.48366013071895425 0.9591503267973857 0.48148148148148145 0.9526143790849673 0.4923747276688453 0.9477124183006536 0.5206971677559913 0.9477124183006536 0.5250544662309368 0.9509803921568627 0.5228758169934641 0.9575163398692811 0.5119825708061002 0.9640522875816994 0.4923747276688453 0.9656862745098039
0 0.29411764705882354 0.8839869281045751 0.3028322440087146 0.8856209150326797 0.30501089324618735 0.8905228758169934 0.3006535947712418 0.8937908496732027 0.28540305010893247 0.8970588235294118 0.25054466230936817 0.8970588235294118 0.2374727668845316 0.8937908496732027 0.23529411764705882 0.8905228758169934 0.24183006535947713 0.8872549019607843 0.2875816993464052 0.8856209150326797 0.29193899782135074 0.8839869281045751
0 0.3137254901960784 0.7189542483660131 0.3224400871459695 0.7222222222222222 0.3202614379084967 0.7287581699346405 0.29411764705882354 0.7287581699346405 0.28322440087145967 0.7254901960784313 0.28322440087145967 0.7222222222222222 0.29193899782135074 0.7189542483660131 0.3115468409586057 0.7189542483660131
0 0.40522875816993464 0.7565359477124183 0.4139433551198257 0.7630718954248366 0.4117647058823529 0.7679738562091504 0.38562091503267976 0.7679738562091504 0.38344226579520696 0.7696078431372549 0.37254901960784315 0.7696078431372549 0.37037037037037035 0.7647058823529411 0.3747276688453159 0.7581699346405228 0.3790849673202614 0.7565359477124183 0.40305010893246185 0.7565359477124183
0 0.5403050108932462 0.8741830065359477 0.5424836601307189 0.880718954248366 0.5337690631808278 0.8872549019607843 0.5228758169934641 0.8905228758169934 0.5076252723311547 0.8905228758169934 0.5054466230936819 0.8856209150326797 0.5076252723311547 0.8758169934640523 0.5206971677559913 0.8725490196078431 0.5359477124183006 0.8725490196078431 0.5381263616557734 0.8741830065359477
0 0.7690631808278867 0.9281045751633987 0.775599128540305 0.9297385620915033 0.7821350762527233 0.9379084967320261 0.7799564270152506 0.9428104575163399 0.7734204793028322 0.946078431372549 0.7472766884531591 0.946078431372549 0.7407407407407407 0.9411764705882353 0.7407407407407407 0.934640522875817 0.7450980392156863 0.9313725490196079 0.7668845315904139 0.9281045751633987
0 0.7211328976034859 0.8513071895424836 0.7276688453159041 0.8513071895424836 0.7363834422657952 0.8480392156862745 0.7559912854030502 0.8480392156862745 0.7668845315904139 0.8513071895424836 0.7690631808278867 0.8545751633986928 0.7668845315904139 0.8594771241830066 0.7603485838779956 0.8627450980392157 0.7407407407407407 0.8643790849673203 0.7342047930283224 0.8627450980392157 0.7211328976034859 0.8529411764705882
0 0.44880174291938996 0.8169934640522876 0.4596949891067538 0.8088235294117647 0.48366013071895425 0.8088235294117647 0.49019607843137253 0.8169934640522876 0.48366013071895425 0.8235294117647058 0.4749455337690632 0.826797385620915 0.4553376906318083 0.8235294117647058 0.45098039215686275 0.8186274509803921
0 0.7450980392156863 0.7875816993464052 0.7559912854030502 0.7924836601307189 0.7559912854030502 0.795751633986928 0.7472766884531591 0.7990196078431373 0.7276688453159041 0.7990196078431373 0.7145969498910676 0.7941176470588235 0.7167755991285403 0.7892156862745098 0.7429193899782135 0.7875816993464052
