1 0.4041666666666667 0.6829268292682927 0.025 0.024390243902439025
1 0.8208333333333333 0.573170731707317 0.025 0.024390243902439025
1 0.4125 0.7317073170731707 0.041666666666666664 0.024390243902439025
1 0.7375 0.8414634146341463 0.041666666666666664 0.04878048780487805
1 0.4083333333333333 0.6097560975609756 0.016666666666666666 0.024390243902439025
1 0.7166666666666667 0.9390243902439024 0.7416666666666667 0.9390243902439024 0.75 0.9512195121951219 0.75 0.9878048780487805 0.7083333333333334 0.9878048780487805 0.7083333333333334 0.9634146341463414 0.7166666666666667 0.9512195121951219
1 0.38333333333333336 0.8109756097560976 0.03333333333333333 0.036585365853658534
1 0.7625 0.6829268292682927 0.041666666666666664 0.024390243902439025
1 0.7166666666666667 0.7317073170731707 0.725 0.7439024390243902 0.725 0.7560975609756098 0.6916666666666667 0.7560975609756098 0.6916666666666667 0.7439024390243902 0.7 0.7317073170731707 0.7083333333333334 0.7317073170731707
1 0.7833333333333333 0.6341463414634146 0.03333333333333333 0.024390243902439025
1 0.9 0.4268292682926829 0.9083333333333333 0.43902439024390244 0.9083333333333333 0.4634146341463415 0.9 0.4634146341463415 0.8916666666666667 0.47560975609756095 0.8916666666666667 0.4878048780487805 0.8583333333333333 0.5365853658536586 0.8416666666666667 0.5365853658536586 0.8416666666666667 0.524390243902439 0.85 0.5121951219512195 0.85 0.5 0.8583333333333333 0.5 0.875 0.47560975609756095 0.8833333333333333 0.47560975609756095 0.8916666666666667 0.4634146341463415 0.8916666666666667 0.45121951219512196 0.9 0.43902439024390244
1 0.42083333333333334 0.6341463414634146 0.025 0.024390243902439025
1 0.35833333333333334 0.9146341463414634 0.39166666666666666 0.9146341463414634 0.4 0.926829268292683 0.4 0.9390243902439024 0.39166666666666666 0.9512195121951219 0.35833333333333334 0.9512195121951219 0.35833333333333334 0.926829268292683
1 0.8208333333333333 0.5975609756097561 0.025 0.024390243902439025
