1 0.02178649237472767 0.4166666666666667 0.05010893246187364 0.4215686274509804 0.058823529411764705 0.42483660130718953 0.07625272331154684 0.42483660130718953 0.09803921568627451 0.43137254901960786 0.11328976034858387 0.43137254901960786 0.1328976034858388 0.4362745098039216 0.16775599128540306 0.43790849673202614 0.20043572984749455 0.4444444444444444 0.22440087145969498 0.4444444444444444 0.24618736383442266 0.45098039215686275 0.2657952069716776 0.4526143790849673 0.28540305010893247 0.45751633986928103 0.30501089324618735 0.45751633986928103 0.30718954248366015 0.4591503267973856 0.31808278867102396 0.45751633986928103 0.3333333333333333 0.4624183006535948 0.3485838779956427 0.4624183006535948 0.35947712418300654 0.46568627450980393 0.3790849673202614 0.4673202614379085 0.3877995642701525 0.47058823529411764 0.4226579520697168 0.4722222222222222 0.4444444444444444 0.47875816993464054 0.485838779956427 0.4820261437908497 0.49455337690631807 0.4852941176470588 0.5098039215686274 0.4852941176470588 0.5119825708061002 0.4869281045751634 0.5381263616557734 0.48856209150326796 0.5533769063180828 0.4918300653594771 0.5686274509803921 0.4918300653594771 0.579520697167756 0.4950980392156863 0.5904139433551199 0.4950980392156863 0.6122004357298475 0.5 0.6252723311546841 0.5 0.6361655773420479 0.5032679738562091 0.6579520697167756 0.5032679738562091 0.7080610021786492 0.5130718954248366 0.7363834422657952 0.5147058823529411 0.7886710239651417 0.5245098039215687 0.8017429193899782 0.5228758169934641 0.8104575163398693 0.5261437908496732 0.8322440087145969 0.5277777777777778 0.8714596949891068 0.5359477124183006 0.9172113289760349 0.5392156862745098 0.9389978213507625 0.545751633986928 0.9586056644880174 0.545751633986928 0.9760348583877996 0.5506535947712419 0.9912854030501089 0.5506535947712419 0.9956427015250545 0.5522875816993464 0.9978213507625272 0.5571895424836601 0.9978213507625272 0.5686274509803921 0.9956427015250545 0.5702614379084967 0.9956427015250545 0.5833333333333334 0.9934640522875817 0.5866013071895425 0.9411764705882353 0.576797385620915 0.9150326797385621 0.5637254901960784 0.8867102396514162 0.5686274509803921 0.8845315904139434 0.5669934640522876 0.8671023965141612 0.5669934640522876 0.8518518518518519 0.5637254901960784 0.8322440087145969 0.5637254901960784 0.8126361655773421 0.5571895424836601 0.7973856209150327 0.5588235294117647 0.7690631808278867 0.5522875816993464 0.7538126361655774 0.5522875816993464 0.7472766884531591 0.5490196078431373 0.738562091503268 0.5490196078431373 0.7254901960784313 0.5424836601307189 0.7189542483660131 0.5424836601307189 0.7080610021786492 0.5473856209150327 0.6993464052287581 0.5441176470588235 0.6971677559912854 0.545751633986928 0.681917211328976 0.545751633986928 0.6361655773420479 0.5343137254901961 0.6296296296296297 0.5310457516339869 0.6143790849673203 0.5294117647058824 0.599128540305011 0.5212418300653595 0.5838779956427015 0.5163398692810458 0.5708061002178649 0.5196078431372549 0.5555555555555556 0.5196078431372549 0.5533769063180828 0.5179738562091504 0.5490196078431373 0.5212418300653595 0.5468409586056645 0.5196078431372549 0.5250544662309368 0.5196078431372549 0.514161220043573 0.5163398692810458 0.5010893246187363 0.5163398692810458 0.4880174291938998 0.5130718954248366 0.47276688453159044 0.5130718954248366 0.46405228758169936 0.5098039215686274 0.4422657952069717 0.5081699346405228 0.4400871459694989 0.5065359477124183 0.4008714596949891 0.5065359477124183 0.38562091503267976 0.5016339869281046 0.3790849673202614 0.5016339869281046 0.3747276688453159 0.49836601307189543 0.3638344226579521 0.49836601307189543 0.355119825708061 0.4950980392156863 0.32461873638344224 0.4950980392156863 0.3137254901960784 0.4918300653594771 0.30501089324618735 0.4918300653594771 0.28322440087145967 0.4852941176470588 0.2570806100217865 0.4852941176470588 0.2374727668845316 0.47875816993464054 0.22875816993464052 0.47875816993464054 0.20915032679738563 0.4738562091503268 0.19607843137254902 0.4738562091503268 0.18736383442265794 0.47058823529411764 0.16339869281045752 0.46895424836601307 0.1503267973856209 0.46568627450980393 0.14161220043572983 0.4673202614379085 0.1111111111111111 0.46078431372549017 0.06753812636165578 0.45588235294117646 0.06100217864923747 0.4526143790849673 0.006535947712418301 0.4493464052287582 0 0.4477124183006536 0 0.41830065359477125 0.004357298474945534 0.4166666666666667 0.0196078431372549 0.4166666666666667
1 0.02832244008714597 0.3055555555555556 0.058823529411764705 0.31209150326797386 0.08496732026143791 0.31209150326797386 0.09586056644880174 0.315359477124183 0.12418300653594772 0.315359477124183 0.1328976034858388 0.31862745098039214 0.13507625272331156 0.31699346405228757 0.15250544662309368 0.31699346405228757 0.1786492374727669 0.32679738562091504 0.19825708061002179 0.32516339869281047 0.20043572984749455 0.32679738562091504 0.20915032679738563 0.32679738562091504 0.21568627450980393 0.3300653594771242 0.23311546840958605 0.3300653594771242 0.23529411764705882 0.33169934640522875 0.25054466230936817 0.3284313725490196 0.2549019607843137 0.33169934640522875 0.2657952069716776 0.33169934640522875 0.2679738562091503 0.3349673202614379 0.28322440087145967 0.3366013071895425 0.289760348583878 0.33986928104575165 0.3028322440087146 0.33986928104575165 0.32461873638344224 0.34477124183006536 0.3289760348583878 0.3431372549019608 0.35947712418300654 0.34477124183006536 0.38562091503267976 0.34967320261437906 0.39651416122004357 0.34967320261437906 0.40522875816993464 0.35294117647058826 0.420479302832244 0.35294117647058826 0.43790849673202614 0.3562091503267974 0.46187363834422657 0.3562091503267974 0.5294117647058824 0.369281045751634 0.5620915032679739 0.3709150326797386 0.5642701525054467 0.37254901960784315 0.5904139433551199 0.37254901960784315 0.6034858387799564 0.3758169934640523 0.6601307189542484 0.380718954248366 0.6949891067538126 0.3872549019607843 0.7167755991285403 0.3872549019607843 0.7276688453159041 0.39052287581699346 0.7407407407407407 0.39052287581699346 0.7494553376906318 0.3937908496732026 0.7886710239651417 0.3954248366013072 0.8387799564270153 0.4035947712418301 0.8562091503267973 0.4035947712418301 0.8779956427015251 0.4084967320261438 0.906318082788671 0.41013071895424835 0.9172113289760349 0.4133986928104575 0.9302832244008714 0.42320261437908496 0.9433551198257081 0.42320261437908496 0.9520697167755992 0.4264705882352941 0.9564270152505446 0.4297385620915033 0.9564270152505446 0.4362745098039216 0.9586056644880174 0.43790849673202614 0.954248366013072 0.4411764705882353 0.9433551198257081 0.4411764705882353 0.9411764705882353 0.4395424836601307 0.9281045751633987 0.4395424836601307 0.9259259259259259 0.4411764705882353 0.8976034858387799 0.4395424836601307 0.8932461873638344 0.4411764705882353 0.8714596949891068 0.434640522875817 0.8474945533769063 0.43300653594771243 0.8453159041394336 0.43137254901960786 0.840958605664488 0.43300653594771243 0.8300653594771242 0.4297385620915033 0.8191721132897604 0.4297385620915033 0.8061002178649237 0.42483660130718953 0.7973856209150327 0.42483660130718953 0.7952069716775599 0.4264705882352941 0.7734204793028322 0.42483660130718953 0.7712418300653595 0.4264705882352941 0.7516339869281046 0.4215686274509804 0.738562091503268 0.4215686274509804 0.7254901960784313 0.41830065359477125 0.7015250544662309 0.41830065359477125 0.6928104575163399 0.4150326797385621 0.6840958605664488 0.4150326797385621 0.664488017429194 0.41013071895424835 0.5947712418300654 0.4035947712418301 0.5642701525054467 0.39705882352941174 0.4923747276688453 0.39052287581699346 0.4684095860566449 0.3839869281045752 0.39215686274509803 0.380718954248366 0.3899782135076253 0.3790849673202614 0.3790849673202614 0.3790849673202614 0.3660130718954248 0.3741830065359477 0.31808278867102396 0.3709150326797386 0.30501089324618735 0.36764705882352944 0.2962962962962963 0.369281045751634 0.28540305010893247 0.36437908496732024 0.2679738562091503 0.3627450980392157 0.26143790849673204 0.35947712418300654 0.25272331154684097 0.35947712418300654 0.2178649237472767 0.35294117647058826 0.18518518518518517 0.35294117647058826 0.1786492374727669 0.3480392156862745 0.14161220043572983 0.3464052287581699 0.1394335511982571 0.34477124183006536 0.1328976034858388 0.3464052287581699 0.12636165577342048 0.3431372549019608 0.10893246187363835 0.3415032679738562 0.09803921568627451 0.3382352941176471 0.0784313725490196 0.3382352941176471 0.06971677559912855 0.3349673202614379 0.0392156862745098 0.33169934640522875 0.030501089324618737 0.32516339869281047 0.02178649237472767 0.32679738562091504 0.017429193899782137 0.3235294117647059 0.013071895424836602 0.3235294117647059 0.008714596949891068 0.3202614379084967 0.008714596949891068 0.31699346405228757 0.017429193899782137 0.3088235294117647 0.026143790849673203 0.30718954248366015
1 0.7788671023965141 0.9354575163398693 0.12636165577342048 0.0784313725490196
1 0.6830065359477124 0.9616013071895425 0.12418300653594772 0.07679738562091504
1 0.5152505446623094 0.9428104575163399 0.13725490196078433 0.09313725490196079
1 0.4738562091503268 0.8480392156862745 0.15468409586056645 0.05555555555555555
1 0.7440087145969498 0.8235294117647058 0.11546840958605664 0.09313725490196079
1 0.2657952069716776 0.8316993464052288 0.10893246187363835 0.05718954248366013
1 0.31917211328976036 0.7434640522875817 0.10893246187363835 0.06045751633986928
1 0.4542483660130719 0.7622549019607843 0.16122004357298475 0.042483660130718956
1 0.4466230936819172 0.6756535947712419 0.10239651416122005 0.042483660130718956
1 0.29302832244008714 0.6650326797385621 0.10021786492374728 0.049019607843137254
1 0.09477124183006536 0.8251633986928104 0.09368191721132897 0.06045751633986928
1 0.22549019607843138 0.7949346405228758 0.06535947712418301 0.026143790849673203
1 0.869281045751634 0.875 0.07625272331154684 0.06535947712418301
1 0.9531590413943355 0.9379084967320261 0.06100217864923747 0.06699346405228758
1 0.9226579520697168 0.7181372549019608 0.08061002178649238 0.05718954248366013
1 0.5087145969498911 0.34477124183006536 0.08061002178649238 0.024509803921568627
1 0.12309368191721133 0.5302287581699346 0.10893246187363835 0.03594771241830065
1 0.2984749455337691 0.553921568627451 0.08278867102396514 0.06699346405228758
1 0.5098039215686274 0.5604575163398693 0.08278867102396514 0.04084967320261438
1 0.6830065359477124 0.6086601307189542 0.1394335511982571 0.06699346405228758
1 0.9041394335511983 0.6519607843137255 0.07407407407407407 0.03431372549019608
1 0.6034858387799564 0.6887254901960784 0.09368191721132897 0.03104575163398693
