1 0.37254901960784315 0.4624183006535948 0.3790849673202614 0.46568627450980393 0.3790849673202614 0.46895424836601307 0.37037037037037035 0.4738562091503268 0.35947712418300654 0.4738562091503268 0.3485838779956427 0.46895424836601307 0.3485838779956427 0.46568627450980393 0.355119825708061 0.4624183006535948 0.37037037037037035 0.4624183006535948
1 0.3572984749455338 0.32679738562091504 0.35947712418300654 0.33169934640522875 0.355119825708061 0.3333333333333333 0.3420479302832244 0.33169934640522875 0.3442265795206972 0.3284313725490196 0.355119825708061 0.32679738562091504
1 0.3638344226579521 0.3415032679738562 0.3681917211328976 0.33986928104575165 0.38344226579520696 0.3415032679738562 0.3812636165577342 0.34477124183006536 0.3747276688453159 0.3464052287581699 0.3638344226579521 0.3431372549019608
1 0.3660130718954248 0.3137254901960784 0.3790849673202614 0.3137254901960784 0.3790849673202614 0.31699346405228757 0.3747276688453159 0.31862745098039214 0.3681917211328976 0.31862745098039214 0.3660130718954248 0.315359477124183
1 0.35294117647058826 0.35784313725490197 0.35294117647058826 0.3611111111111111 0.3485838779956427 0.3627450980392157 0.3355119825708061 0.3627450980392157 0.3333333333333333 0.35947712418300654 0.3355119825708061 0.35784313725490197 0.35076252723311546 0.35784313725490197
1 0.3355119825708061 0.3888888888888889 0.3420479302832244 0.39052287581699346 0.3420479302832244 0.3937908496732026 0.3333333333333333 0.39705882352941174 0.3159041394335512 0.3954248366013072 0.31808278867102396 0.39052287581699346 0.3333333333333333 0.3888888888888889
1 0.355119825708061 0.4084967320261438 0.37254901960784315 0.4068627450980392 0.3812636165577342 0.41013071895424835 0.3790849673202614 0.4150326797385621 0.3616557734204793 0.4150326797385621 0.355119825708061 0.41013071895424835
1 0.599128540305011 0.7875816993464052 0.6013071895424836 0.7892156862745098 0.6100217864923747 0.7892156862745098 0.6557734204793029 0.8071895424836601 0.6688453159041394 0.8169934640522876 0.6862745098039216 0.8235294117647058 0.6928104575163399 0.8284313725490197 0.690631808278867 0.8349673202614379 0.6840958605664488 0.8398692810457516 0.6862745098039216 0.8594771241830066 0.6840958605664488 0.8611111111111112 0.681917211328976 0.8758169934640523 0.6753812636165577 0.8823529411764706 0.6535947712418301 0.8921568627450981 0.6274509803921569 0.8905228758169934 0.616557734204793 0.8872549019607843 0.6013071895424836 0.8790849673202614 0.5904139433551199 0.8660130718954249 0.5816993464052288 0.8431372549019608 0.5577342047930284 0.8235294117647058 0.5381263616557734 0.8169934640522876 0.5337690631808278 0.8104575163398693 0.5337690631808278 0.8055555555555556 0.5424836601307189 0.795751633986928 0.5555555555555556 0.7892156862745098 0.5664488017429193 0.7859477124183006 0.5947712418300654 0.7859477124183006 0.5969498910675382 0.7875816993464052
1 0.46187363834422657 0.6503267973856209 0.4749455337690632 0.6535947712418301 0.48148148148148145 0.6584967320261438 0.485838779956427 0.6666666666666666 0.4923747276688453 0.6699346405228758 0.49673202614379086 0.6748366013071896 0.4989106753812636 0.6911764705882353 0.485838779956427 0.7026143790849673 0.47058823529411764 0.7075163398692811 0.4662309368191721 0.7107843137254902 0.45751633986928103 0.7140522875816994 0.4335511982570806 0.7156862745098039 0.43137254901960786 0.7173202614379085 0.38344226579520696 0.7058823529411765 0.3747276688453159 0.6993464052287581 0.37254901960784315 0.6895424836601307 0.3747276688453159 0.684640522875817 0.3877995642701525 0.6748366013071896 0.40522875816993464 0.6683006535947712 0.4226579520697168 0.6535947712418301 0.43790849673202614 0.6486928104575164 0.4596949891067538 0.6503267973856209
1 0.3311546840958606 0.5147058823529411 0.33769063180827885 0.5163398692810458 0.33986928104575165 0.5212418300653595 0.3289760348583878 0.5277777777777778 0.3202614379084967 0.5277777777777778 0.30501089324618735 0.5228758169934641 0.30501089324618735 0.5196078431372549 0.3115468409586057 0.5163398692810458 0.3289760348583878 0.5147058823529411
1 0.3420479302832244 0.30718954248366015 0.3442265795206972 0.3022875816993464 0.355119825708061 0.3022875816993464 0.35294117647058826 0.30718954248366015 0.3442265795206972 0.30718954248366015
1 0.33986928104575165 0.43300653594771243 0.3464052287581699 0.434640522875817 0.3464052287581699 0.43790849673202614 0.3355119825708061 0.44281045751633985 0.3224400871459695 0.4411764705882353 0.31808278867102396 0.43790849673202614 0.32679738562091504 0.43300653594771243 0.33769063180827885 0.43300653594771243
1 0.3790849673202614 0.27450980392156865 0.38344226579520696 0.2761437908496732 0.38344226579520696 0.27941176470588236 0.37254901960784315 0.27941176470588236 0.3769063180827887 0.2761437908496732
1 0.420479302832244 0.5849673202614379 0.41830065359477125 0.5800653594771242 0.4226579520697168 0.576797385620915 0.4400871459694989 0.5718954248366013 0.46187363834422657 0.5735294117647058 0.4662309368191721 0.576797385620915 0.4662309368191721 0.5849673202614379 0.4553376906318083 0.5915032679738562 0.43790849673202614 0.5915032679738562 0.4226579520697168 0.5849673202614379
1 0.3464052287581699 0.37254901960784315 0.3616557734204793 0.3709150326797386 0.3681917211328976 0.3741830065359477 0.3660130718954248 0.37745098039215685 0.3485838779956427 0.37745098039215685 0.3442265795206972 0.3758169934640523 0.3464052287581699 0.3741830065359477
1 0.3681917211328976 0.2826797385620915 0.3660130718954248 0.2875816993464052 0.3572984749455338 0.28594771241830064 0.35947712418300654 0.2826797385620915 0.3660130718954248 0.2826797385620915
1 0.3660130718954248 0.29248366013071897 0.3790849673202614 0.29248366013071897 0.3769063180827887 0.2957516339869281 0.3660130718954248 0.2957516339869281 0.3660130718954248 0.29411764705882354
1 0.43790849673202614 0.6535947712418301 0.4400871459694989 0.6552287581699346 0.4444444444444444 0.6535947712418301 0.4466230936819172 0.6552287581699346 0.46187363834422657 0.6535947712418301 0.4749455337690632 0.6568627450980392 0.477124183006536 0.6601307189542484 0.47276688453159044 0.6748366013071896 0.4684095860566449 0.6797385620915033 0.47276688453159044 0.6895424836601307 0.47276688453159044 0.7026143790849673 0.47058823529411764 0.7058823529411765 0.46405228758169936 0.7107843137254902 0.45098039215686275 0.7140522875816994 0.42483660130718953 0.7140522875816994 0.4095860566448802 0.7091503267973857 0.40522875816993464 0.704248366013072 0.40305010893246185 0.7009803921568627 0.40305010893246185 0.6879084967320261 0.4117647058823529 0.6748366013071896 0.4117647058823529 0.6699346405228758 0.42701525054466233 0.6568627450980392 0.4357298474945534 0.6552287581699346
