1 0.5400326797385621 0.7688356164383562 0.0392156862745098 0.06506849315068493
1 0.5220588235294118 0.833904109589041 0.03758169934640523 0.05136986301369863
1 0.5882352941176471 0.6952054794520548 0.032679738562091505 0.06164383561643835
1 0.6176470588235294 0.6147260273972602 0.004901960784313725 0.003424657534246575
1 0.6740196078431373 0.6027397260273972 0.04084967320261438 0.04794520547945205
1 0.7001633986928104 0.5736301369863014 0.032679738562091505 0.0273972602739726
1 0.7214052287581699 0.8938356164383562 0.05392156862745098 0.05136986301369863
1 0.7606209150326797 0.8595890410958904 0.03431372549019608 0.04794520547945205
1 0.7736928104575164 0.809931506849315 0.029411764705882353 0.07191780821917808
1 0.8161764705882353 0.7893835616438356 0.04084967320261438 0.04794520547945205
1 0.795751633986928 0.7397260273972602 0.027777777777777776 0.05821917808219178
1 0.8308823529411765 0.7106164383561644 0.027777777777777776 0.0821917808219178
1 0.8513071895424836 0.6575342465753424 0.024509803921568627 0.0410958904109589
1 0.8856209150326797 0.6421232876712328 0.026143790849673203 0.05136986301369863
1 0.8946078431372549 0.5941780821917808 0.024509803921568627 0.0547945205479452
1 0.8333333333333334 0.8732876712328768 0.04084967320261438 0.07191780821917808
1 0.7802287581699346 0.9657534246575342 0.0457516339869281 0.04794520547945205
1 0.8415032679738562 0.9691780821917808 0.03594771241830065 0.06164383561643835
1 0.9305555555555556 0.934931506849315 0.0392156862745098 0.0821917808219178
1 0.9174836601307189 0.8732876712328768 0.0392156862745098 0.05821917808219178
1 0.9272875816993464 0.7791095890410958 0.07679738562091504 0.06164383561643835
1 0.946078431372549 0.7226027397260274 0.04084967320261438 0.0684931506849315
1 0.9763071895424836 0.666095890410959 0.02287581699346405 0.07534246575342465
1 0.28513071895424835 0.9845890410958904 0.05228758169934641 0.030821917808219176
1 0.3619281045751634 0.9708904109589042 0.05392156862745098 0.05821917808219178
