1 0.6180555555555556 0.8447265625 0.6875 0.849609375 0.7083333333333334 0.853515625 0.7135416666666666 0.857421875 0.7135416666666666 0.8603515625 0.7100694444444444 0.861328125 0.6666666666666666 0.861328125 0.65625 0.8564453125 0.6267361111111112 0.849609375 0.6197916666666666 0.845703125
1 0.057291666666666664 0.9248046875 0.06770833333333333 0.927734375 0.06944444444444445 0.9326171875 0.0642361111111111 0.9365234375 0.046875 0.9404296875 0.03298611111111111 0.9365234375 0.027777777777777776 0.9306640625 0.036458333333333336 0.9267578125 0.05555555555555555 0.9248046875
1 0.19444444444444445 0.8818359375 0.203125 0.8857421875 0.20833333333333334 0.892578125 0.20833333333333334 0.8974609375 0.19618055555555555 0.8994140625 0.17708333333333334 0.8994140625 0.1701388888888889 0.896484375 0.1597222222222222 0.9033203125 0.1545138888888889 0.904296875 0.14930555555555555 0.9140625 0.1371527777777778 0.9208984375 0.1267361111111111 0.921875 0.12152777777777778 0.919921875 0.1076388888888889 0.919921875 0.10590277777777778 0.9248046875 0.09027777777777778 0.9296875 0.0798611111111111 0.9306640625 0.06597222222222222 0.9423828125 0.041666666666666664 0.9423828125 0.027777777777777776 0.93359375 0.029513888888888888 0.9267578125 0.046875 0.923828125 0.052083333333333336 0.9208984375 0.052083333333333336 0.9130859375 0.06076388888888889 0.9130859375 0.0798611111111111 0.9072265625 0.0920138888888889 0.908203125 0.0920138888888889 0.9033203125 0.0954861111111111 0.900390625 0.10416666666666667 0.9013671875 0.11979166666666667 0.8935546875 0.1267361111111111 0.8935546875 0.13368055555555555 0.8896484375 0.14583333333333334 0.888671875 0.1527777777777778 0.8916015625 0.1597222222222222 0.8916015625 0.16666666666666666 0.8857421875 0.19270833333333334 0.8818359375
1 0.14930555555555555 0.8916015625 0.15625 0.8935546875 0.1597222222222222 0.8974609375 0.14930555555555555 0.9033203125 0.1440972222222222 0.912109375 0.1371527777777778 0.9169921875 0.13020833333333334 0.919921875 0.11284722222222222 0.919921875 0.1076388888888889 0.91796875 0.09895833333333333 0.92578125 0.08159722222222222 0.9296875 0.07465277777777778 0.93359375 0.06770833333333333 0.9423828125 0.052083333333333336 0.943359375 0.041666666666666664 0.9423828125 0.029513888888888888 0.935546875 0.027777777777777776 0.9296875 0.03125 0.9267578125 0.043402777777777776 0.9248046875 0.052083333333333336 0.9208984375 0.050347222222222224 0.9150390625 0.05555555555555555 0.912109375 0.06076388888888889 0.9130859375 0.07291666666666667 0.9091796875 0.0920138888888889 0.91015625 0.09722222222222222 0.9052734375 0.10243055555555555 0.9052734375 0.1076388888888889 0.9013671875 0.11631944444444445 0.8994140625 0.13194444444444445 0.9013671875 0.13368055555555555 0.900390625 0.1267361111111111 0.8994140625 0.125 0.896484375 0.1371527777777778 0.890625 0.14756944444444445 0.8916015625
1 0.1996527777777778 0.8857421875 0.2065972222222222 0.89453125 0.19791666666666666 0.8974609375 0.18055555555555555 0.8974609375 0.1701388888888889 0.8916015625 0.171875 0.88671875 0.18055555555555555 0.8837890625 0.1892361111111111 0.8828125 0.19791666666666666 0.8857421875
1 0.08159722222222222 0.9111328125 0.09027777777777778 0.9150390625 0.09027777777777778 0.9189453125 0.0798611111111111 0.923828125 0.06944444444444445 0.9228515625 0.0625 0.91796875 0.0625 0.9150390625 0.06770833333333333 0.912109375 0.0798611111111111 0.9111328125
1 0.14583333333333334 0.890625 0.1545138888888889 0.892578125 0.1597222222222222 0.896484375 0.15625 0.900390625 0.14583333333333334 0.9033203125 0.13368055555555555 0.8974609375 0.13368055555555555 0.892578125 0.1440972222222222 0.890625
1 0.2517361111111111 0.8671875 0.2569444444444444 0.8681640625 0.2638888888888889 0.873046875 0.265625 0.8759765625 0.2604166666666667 0.8779296875 0.25 0.8779296875 0.2326388888888889 0.8740234375 0.2326388888888889 0.8671875 0.25 0.8671875
1 0.4149305555555556 0.7939453125 0.4340277777777778 0.796875 0.4375 0.802734375 0.4375 0.8115234375 0.4340277777777778 0.8134765625 0.4114583333333333 0.8134765625 0.4184027777777778 0.81640625 0.4184027777777778 0.8212890625 0.4149305555555556 0.82421875 0.4236111111111111 0.826171875 0.4375 0.8330078125 0.4461805555555556 0.833984375 0.4479166666666667 0.837890625 0.4270833333333333 0.8369140625 0.3940972222222222 0.8388671875 0.3732638888888889 0.8330078125 0.3576388888888889 0.8310546875 0.3489583333333333 0.8232421875 0.3541666666666667 0.822265625 0.3559027777777778 0.828125 0.3611111111111111 0.830078125 0.3645833333333333 0.828125 0.3645833333333333 0.818359375 0.3611111111111111 0.8173828125 0.3541666666666667 0.8193359375 0.3472222222222222 0.8154296875 0.3472222222222222 0.8115234375 0.3541666666666667 0.8076171875 0.3506944444444444 0.7998046875 0.3541666666666667 0.796875 0.3628472222222222 0.7958984375 0.375 0.7900390625 0.3854166666666667 0.7880859375 0.3958333333333333 0.7783203125 0.4097222222222222 0.775390625 0.421875 0.76953125 0.4253472222222222 0.765625 0.4357638888888889 0.7646484375 0.4652777777777778 0.7490234375 0.4791666666666667 0.7470703125 0.4982638888888889 0.740234375 0.5052083333333334 0.740234375 0.5208333333333334 0.736328125 0.53125 0.7373046875 0.5243055555555556 0.7412109375 0.4722222222222222 0.7548828125 0.4583333333333333 0.7626953125 0.4409722222222222 0.7666015625 0.4236111111111111 0.7763671875 0.4114583333333333 0.779296875 0.4045138888888889 0.7861328125 0.40625 0.7900390625 0.4131944444444444 0.7939453125
1 0.4409722222222222 0.76171875 0.4670138888888889 0.75 0.5 0.740234375 0.5208333333333334 0.736328125 0.53125 0.7373046875 0.5138888888888888 0.7451171875 0.4878472222222222 0.75 0.4583333333333333 0.76171875 0.4444444444444444 0.763671875 0.4375 0.76953125 0.4236111111111111 0.7763671875 0.4131944444444444 0.7783203125 0.4079861111111111 0.7822265625 0.40625 0.7861328125 0.4097222222222222 0.7919921875 0.4166666666666667 0.794921875 0.4322916666666667 0.7958984375 0.4375 0.7998046875 0.4375 0.8125 0.421875 0.8154296875 0.4184027777777778 0.8173828125 0.4184027777777778 0.8212890625 0.4357638888888889 0.8310546875 0.4479166666666667 0.833984375 0.4479166666666667 0.8388671875 0.3923611111111111 0.8388671875 0.3819444444444444 0.8369140625 0.375 0.8330078125 0.3697916666666667 0.833984375 0.3663194444444444 0.83203125 0.3541666666666667 0.8310546875 0.3541666666666667 0.828125 0.3506944444444444 0.8271484375 0.3454861111111111 0.8310546875 0.328125 0.833984375 0.3194444444444444 0.8388671875 0.3125 0.8388671875 0.3055555555555556 0.8447265625 0.3055555555555556 0.849609375 0.3020833333333333 0.8525390625 0.28125 0.85546875 0.2760416666666667 0.8583984375 0.265625 0.865234375 0.2638888888888889 0.876953125 0.22916666666666666 0.8779296875 0.21875 0.8818359375 0.2065972222222222 0.8818359375 0.2013888888888889 0.8720703125 0.203125 0.8583984375 0.2326388888888889 0.8515625 0.234375 0.8486328125 0.24131944444444445 0.84765625 0.25 0.83984375 0.2621527777777778 0.8349609375 0.2777777777777778 0.833984375 0.28125 0.837890625 0.28125 0.8447265625 0.2847222222222222 0.8427734375 0.2881944444444444 0.8330078125 0.3072916666666667 0.83203125 0.3055555555555556 0.8271484375 0.3125 0.82421875 0.3125 0.8193359375 0.328125 0.80859375 0.3385416666666667 0.810546875 0.3506944444444444 0.8076171875 0.3506944444444444 0.8056640625 0.34375 0.8046875 0.3472222222222222 0.7998046875 0.3559027777777778 0.7958984375 0.3784722222222222 0.791015625 0.3958333333333333 0.7783203125 0.4097222222222222 0.775390625 0.4253472222222222 0.7666015625 0.4409722222222222 0.7626953125
1 0.125 0.904296875 0.1371527777777778 0.90625 0.140625 0.912109375 0.1371527777777778 0.9150390625 0.1232638888888889 0.9169921875 0.10590277777777778 0.9150390625 0.10069444444444445 0.912109375 0.10069444444444445 0.9091796875 0.10590277777777778 0.90625 0.1232638888888889 0.904296875
