1 0.7516826923076924 0.8708333333333333 0.7682692307692308 0.8772435897435897 0.7831730769230769 0.8980769230769231 0.7942307692307692 0.907051282051282 0.8173076923076923 0.9487179487179487 0.8259615384615384 0.9564102564102565 0.828125 0.9647435897435898 0.8348557692307692 0.9676282051282051 0.8411057692307692 0.9753205128205128 0.8459134615384616 0.9878205128205129 0.8512019230769231 0.9945512820512821 0.8461538461538461 0.9996794871794872 0.7980769230769231 0.9996794871794872 0.7942307692307692 0.9967948717948718 0.7788461538461539 0.9977564102564103 0.778125 0.9996794871794872 0.7735576923076923 0.9977564102564103 0.7709134615384615 0.9996794871794872 0.7447115384615385 0.9996794871794872 0.7377403846153846 0.9945512820512821 0.7382211538461538 0.9705128205128205 0.7228365384615385 0.9355769230769231 0.7173076923076923 0.9041666666666667 0.7298076923076923 0.878525641025641 0.7403846153846154 0.8724358974358974 0.7514423076923077 0.8711538461538462
1 0.05552884615384615 0.035576923076923075 0.07740384615384616 0.04358974358974359 0.09903846153846153 0.03717948717948718 0.1141826923076923 0.046153846153846156 0.11875 0.05416666666666667 0.11947115384615385 0.061217948717948716 0.11225961538461539 0.08525641025641026 0.12115384615384615 0.09487179487179487 0.12283653846153846 0.10512820512820513 0.11322115384615385 0.11538461538461539 0.10697115384615384 0.12692307692307692 0.08846153846153847 0.14102564102564102 0.057451923076923074 0.1483974358974359 0.014903846153846155 0.13782051282051283 0.005288461538461539 0.12884615384615383 0 0.12692307692307692 0 0.08269230769230769 0.0038461538461538464 0.0782051282051282 0.005288461538461539 0.06794871794871794 0.01875 0.05641025641025641 0.031009615384615385 0.0391025641025641 0.04567307692307692 0.03461538461538462 0.055288461538461536 0.035576923076923075
1 0.09927884615384615 0.34775641025641024 0.12379807692307693 0.35192307692307695 0.1362980769230769 0.3641025641025641 0.15817307692307692 0.37564102564102564 0.1752403846153846 0.3733974358974359 0.17884615384615385 0.3798076923076923 0.1814903846153846 0.39326923076923076 0.17884615384615385 0.4044871794871795 0.18365384615384617 0.4128205128205128 0.2014423076923077 0.4217948717948718 0.20673076923076922 0.4272435897435897 0.22067307692307692 0.42788461538461536 0.22716346153846154 0.4342948717948718 0.23846153846153847 0.4387820512820513 0.24471153846153845 0.44743589743589746 0.2456730769230769 0.47435897435897434 0.25384615384615383 0.5057692307692307 0.2519230769230769 0.5086538461538461 0.2516826923076923 0.5163461538461539 0.24783653846153847 0.5192307692307693 0.24735576923076924 0.5224358974358975 0.24783653846153847 0.5272435897435898 0.2516826923076923 0.5330128205128205 0.24110576923076923 0.5378205128205128 0.23942307692307693 0.5435897435897435 0.24110576923076923 0.5458333333333333 0.25264423076923076 0.5467948717948717 0.2519230769230769 0.5506410256410257 0.24615384615384617 0.5538461538461539 0.25096153846153846 0.5602564102564103 0.25240384615384615 0.5711538461538461 0.2653846153846154 0.5817307692307693 0.26778846153846153 0.5955128205128205 0.2742788461538462 0.6022435897435897 0.28076923076923077 0.6198717948717949 0.28918269230769234 0.6304487179487179 0.30528846153846156 0.6724358974358975 0.30649038461538464 0.6881410256410256 0.3014423076923077 0.7141025641025641 0.2865384615384615 0.7400641025641026 0.2798076923076923 0.7448717948717949 0.2692307692307692 0.7439102564102564 0.25817307692307695 0.7371794871794872 0.23677884615384615 0.7080128205128206 0.22764423076923077 0.6891025641025641 0.21826923076923077 0.6516025641025641 0.2153846153846154 0.6304487179487179 0.21971153846153846 0.6230769230769231 0.21153846153846154 0.6163461538461539 0.215625 0.6128205128205129 0.21346153846153845 0.6092948717948717 0.22115384615384615 0.6064102564102564 0.2201923076923077 0.6038461538461538 0.21153846153846154 0.6012820512820513 0.20264423076923077 0.6028846153846154 0.19663461538461538 0.5990384615384615 0.19278846153846155 0.6003205128205128 0.19134615384615383 0.6032051282051282 0.1908653846153846 0.6381410256410256 0.17211538461538461 0.6641025641025641 0.16129807692307693 0.6714743589743589 0.11971153846153847 0.6746794871794872 0.11129807692307692 0.6724358974358975 0.09831730769230769 0.6615384615384615 0.09663461538461539 0.6435897435897436 0.09879807692307692 0.6304487179487179 0.10697115384615384 0.6141025641025641 0.1110576923076923 0.5858974358974359 0.11802884615384615 0.5676282051282051 0.11754807692307692 0.5605769230769231 0.12163461538461538 0.5522435897435898 0.1233173076923077 0.5416666666666666 0.13052884615384616 0.5439102564102564 0.13413461538461538 0.5371794871794872 0.13533653846153845 0.5294871794871795 0.13173076923076923 0.5192307692307693 0.13389423076923077 0.5153846153846153 0.12211538461538461 0.5080128205128205 0.115625 0.49198717948717946 0.09711538461538462 0.475 0.09519230769230769 0.47115384615384615 0.09639423076923077 0.4669871794871795 0.09086538461538461 0.46057692307692305 0.090625 0.4564102564102564 0.08557692307692308 0.4483974358974359 0.08149038461538462 0.446474358974359 0.07524038461538461 0.4233974358974359 0.06778846153846153 0.4185897435897436 0.056971153846153845 0.4041666666666667 0.05360576923076923 0.3935897435897436 0.052403846153846155 0.3698717948717949 0.05432692307692308 0.3625 0.06995192307692308 0.35192307692307695 0.08509615384615385 0.35224358974358977 0.09903846153846153 0.34775641025641024
1 0.7365384615384616 0.875 0.7442307692307693 0.8724358974358974 0.759375 0.875 0.7668269230769231 0.8798076923076923 0.7810096153846153 0.8980769230769231 0.7903846153846154 0.9041666666666667 0.8009615384615385 0.9214743589743589 0.8117788461538461 0.9564102564102565 0.807451923076923 0.9721153846153846 0.7949519230769231 0.9839743589743589 0.7721153846153846 0.9871794871794872 0.7665865384615385 0.9935897435897436 0.7586538461538461 0.9967948717948718 0.7507211538461539 0.9974358974358974 0.7435096153846154 0.9945512820512821 0.7389423076923077 0.9775641025641025 0.7403846153846154 0.9676282051282051 0.7242788461538462 0.9387820512820513 0.7180288461538461 0.9080128205128205 0.7269230769230769 0.8833333333333333 0.7365384615384616 0.8753205128205128
1 0.7413461538461539 0.10737179487179487 0.7519230769230769 0.11153846153846154 0.7586538461538461 0.11987179487179488 0.7629807692307692 0.13044871794871796 0.7651442307692308 0.14358974358974358 0.7627403846153846 0.17692307692307693 0.753125 0.23653846153846153 0.7545673076923077 0.24775641025641026 0.7533653846153846 0.25544871794871793 0.75625 0.26794871794871794 0.7620192307692307 0.2685897435897436 0.7651442307692308 0.27275641025641023 0.7737980769230769 0.2971153846153846 0.7764423076923077 0.3243589743589744 0.7689903846153846 0.3310897435897436 0.7680288461538461 0.3349358974358974 0.776201923076923 0.3419871794871795 0.7834134615384616 0.3631410256410256 0.8206730769230769 0.39647435897435895 0.8326923076923077 0.4044871794871795 0.8557692307692307 0.4288461538461538 0.8620192307692308 0.4394230769230769 0.8555288461538462 0.47692307692307695 0.8478365384615385 0.4842948717948718 0.8394230769230769 0.5009615384615385 0.8326923076923077 0.5086538461538461 0.8338942307692307 0.5121794871794871 0.8391826923076923 0.5157051282051283 0.8415865384615384 0.5262820512820513 0.8461538461538461 0.5326923076923077 0.8454326923076924 0.5435897435897435 0.838701923076923 0.5477564102564103 0.8317307692307693 0.5451923076923076 0.8228365384615385 0.5358974358974359 0.8206730769230769 0.5294871794871795 0.8206730769230769 0.5185897435897436 0.8103365384615384 0.5160256410256411 0.8 0.5019230769230769 0.7903846153846154 0.4705128205128205 0.7826923076923077 0.4592948717948718 0.7521634615384616 0.43846153846153846 0.74375 0.42788461538461536 0.7389423076923077 0.41474358974358977 0.7163461538461539 0.3852564102564103 0.7067307692307693 0.3592948717948718 0.7079326923076923 0.3368589743589744 0.7112980769230769 0.32596153846153847 0.7168269230769231 0.31794871794871793 0.7112980769230769 0.3073717948717949 0.7084134615384615 0.2900641025641026 0.7088942307692307 0.2759615384615385 0.715625 0.24583333333333332 0.7122596153846154 0.2125 0.7149038461538462 0.13685897435897437 0.7173076923076923 0.125 0.7228365384615385 0.11538461538461539 0.7314903846153846 0.1092948717948718 0.7411057692307692 0.10737179487179487
1 0.29615384615384616 0 0.3870192307692308 0 0.39615384615384613 0.01858974358974359 0.39903846153846156 0.03974358974358974 0.40865384615384615 0.047435897435897434 0.4149038461538462 0.06346153846153846 0.41394230769230766 0.08365384615384615 0.40841346153846153 0.10064102564102564 0.3872596153846154 0.11217948717948718 0.3769230769230769 0.11057692307692307 0.36177884615384615 0.08814102564102565 0.34927884615384613 0.08525641025641026 0.3269230769230769 0.06794871794871794 0.3264423076923077 0.06057692307692308 0.32043269230769234 0.05737179487179487 0.31802884615384613 0.05032051282051282 0.3 0.02980769230769231 0.2956730769230769 0.015705128205128205 0.29615384615384616 0.0003205128205128205
1 0.8985576923076923 0.42756410256410254 0.9192307692307692 0.4362179487179487 0.9317307692307693 0.44903846153846155 0.9358173076923076 0.46057692307692305 0.942548076923077 0.46442307692307694 0.9461538461538461 0.46987179487179487 0.9557692307692308 0.4721153846153846 0.9634615384615385 0.46987179487179487 0.9716346153846154 0.4564102564102564 0.9807692307692307 0.4516025641025641 0.9920673076923077 0.45544871794871794 0.9997596153846153 0.46314102564102566 0.9997596153846153 0.5137820512820512 0.9978365384615384 0.5144230769230769 0.9956730769230769 0.5227564102564103 0.9947115384615385 0.5429487179487179 0.9903846153846154 0.5448717948717948 0.9625 0.5368589743589743 0.95 0.5253205128205128 0.9350961538461539 0.5192307692307693 0.9149038461538461 0.5016025641025641 0.8978365384615384 0.49455128205128207 0.8826923076923077 0.48173076923076924 0.8745192307692308 0.46634615384615385 0.8730769230769231 0.446474358974359 0.8766826923076924 0.4387820512820513 0.8831730769230769 0.43205128205128207 0.8983173076923077 0.42756410256410254
1 0.5177884615384616 0.6599358974358974 0.5302884615384615 0.6592948717948718 0.5358173076923077 0.6615384615384615 0.5516826923076923 0.6753205128205129 0.5605769230769231 0.6897435897435897 0.567548076923077 0.6926282051282051 0.5699519230769231 0.6990384615384615 0.5685096153846154 0.7246794871794872 0.5725961538461538 0.7567307692307692 0.5682692307692307 0.7881410256410256 0.5673076923076923 0.8211538461538461 0.5762019230769231 0.8733974358974359 0.5850961538461539 0.9025641025641026 0.5855769230769231 0.9224358974358975 0.5817307692307693 0.9381410256410256 0.5759615384615384 0.9496794871794871 0.5680288461538462 0.9586538461538462 0.5598557692307692 0.9615384615384616 0.5290865384615384 0.9592948717948718 0.5252403846153846 0.9560897435897436 0.5211538461538462 0.9464743589743589 0.5182692307692308 0.9288461538461539 0.5199519230769231 0.9108974358974359 0.5370192307692307 0.8384615384615385 0.5372596153846154 0.8314102564102565 0.534375 0.8272435897435897 0.53125 0.8073717948717949 0.5322115384615385 0.8038461538461539 0.5192307692307693 0.7958333333333333 0.5146634615384615 0.7830128205128205 0.4966346153846154 0.7586538461538461 0.4932692307692308 0.7522435897435897 0.49278846153846156 0.7230769230769231 0.48173076923076924 0.7150641025641026 0.4737980769230769 0.701602564102564 0.4737980769230769 0.6823717948717949 0.478125 0.6717948717948717 0.48870192307692306 0.6689102564102564 0.4983173076923077 0.6740384615384616 0.5016826923076924 0.673397435897436 0.5120192307692307 0.6608974358974359 0.5175480769230769 0.6599358974358974
1 0.44375 0.3262820512820513 0.4495192307692308 0.3278846153846154 0.4634615384615385 0.3384615384615385 0.4689903846153846 0.3487179487179487 0.4706730769230769 0.3573717948717949 0.47475961538461536 0.3939102564102564 0.4704326923076923 0.42916666666666664 0.46298076923076925 0.46025641025641023 0.4668269230769231 0.46314102564102566 0.46634615384615385 0.4669871794871795 0.4706730769230769 0.475 0.4913461538461538 0.49230769230769234 0.505048076923077 0.5086538461538461 0.5091346153846154 0.525 0.5103365384615385 0.5503205128205129 0.5216346153846154 0.5817307692307693 0.5225961538461539 0.5919871794871795 0.5158653846153847 0.621474358974359 0.5088942307692308 0.6269230769230769 0.5016826923076924 0.6211538461538462 0.4985576923076923 0.621474358974359 0.49567307692307694 0.6269230769230769 0.49182692307692305 0.6288461538461538 0.48125 0.6230769230769231 0.4737980769230769 0.6243589743589744 0.46658653846153847 0.6201923076923077 0.4634615384615385 0.6163461538461539 0.459375 0.6022435897435897 0.4514423076923077 0.5993589743589743 0.44302884615384613 0.5900641025641026 0.43485576923076924 0.5862179487179487 0.428125 0.573076923076923 0.42932692307692305 0.5503205128205129 0.4247596153846154 0.5176282051282052 0.42788461538461536 0.4669871794871795 0.42283653846153846 0.42596153846153845 0.4129807692307692 0.3903846153846154 0.41177884615384613 0.366025641025641 0.41418269230769234 0.35096153846153844 0.4216346153846154 0.33782051282051284 0.4329326923076923 0.3282051282051282 0.44350961538461536 0.3262820512820513
1 0.45625 0.16346153846153846 0.4798076923076923 0.16955128205128206 0.5447115384615384 0.1762820512820513 0.5752403846153846 0.1875 0.5834134615384615 0.20064102564102565 0.5920673076923076 0.20737179487179488 0.5954326923076924 0.22275641025641027 0.6040865384615385 0.23301282051282052 0.6127403846153846 0.26153846153846155 0.6081730769230769 0.2778846153846154 0.6117788461538461 0.2935897435897436 0.6096153846153847 0.2987179487179487 0.6028846153846154 0.3016025641025641 0.5814903846153846 0.2980769230769231 0.5646634615384616 0.2862179487179487 0.5536057692307692 0.2849358974358974 0.5456730769230769 0.2810897435897436 0.5358173076923077 0.2657051282051282 0.526201923076923 0.23461538461538461 0.5182692307692308 0.22692307692307692 0.49951923076923077 0.22628205128205128 0.4879807692307692 0.2342948717948718 0.4735576923076923 0.2362179487179487 0.44471153846153844 0.2298076923076923 0.43197115384615387 0.2233974358974359 0.4233173076923077 0.21378205128205127 0.4204326923076923 0.20705128205128207 0.4185096153846154 0.18942307692307692 0.4204326923076923 0.1782051282051282 0.4252403846153846 0.17083333333333334 0.43341346153846155 0.16474358974358974 0.4560096153846154 0.16346153846153846
1 0.5350961538461538 0 0.6048076923076923 0 0.6088942307692308 0.010576923076923078 0.6038461538461538 0.022756410256410255 0.6026442307692308 0.03333333333333333 0.5990384615384615 0.03974358974358974 0.5846153846153846 0.05032051282051282 0.5644230769230769 0.05448717948717949 0.5524038461538462 0.06282051282051282 0.5463942307692308 0.06346153846153846 0.5423076923076923 0.05993589743589744 0.5355769230769231 0.046794871794871795 0.5375 0.021794871794871794 0.5350961538461538 0.0003205128205128205
1 0.3074519230769231 0.8403846153846154 0.3216346153846154 0.8474358974358974 0.33052884615384615 0.8592948717948717 0.3314903846153846 0.871474358974359 0.35120192307692305 0.9044871794871795 0.36009615384615384 0.9246794871794872 0.3622596153846154 0.9365384615384615 0.3610576923076923 0.9564102564102565 0.3507211538461538 0.9807692307692307 0.3346153846153846 0.9945512820512821 0.32211538461538464 0.9996794871794872 0.2810096153846154 0.9996794871794872 0.2608173076923077 0.9778846153846154 0.2536057692307692 0.9576923076923077 0.2545673076923077 0.9323717948717949 0.25793269230769234 0.9185897435897435 0.24783653846153847 0.9 0.24783653846153847 0.8907051282051283 0.25769230769230766 0.8682692307692308 0.26514423076923077 0.8637820512820513 0.2764423076923077 0.8631410256410257 0.28389423076923076 0.8487179487179487 0.28942307692307695 0.844551282051282 0.3072115384615385 0.8403846153846154
