1 0.8578431372549019 0.37745098039215685 0.869281045751634 0.38480392156862747 0.869281045751634 0.39215686274509803 0.8676470588235294 0.3946078431372549 0.8562091503267973 0.3946078431372549 0.8529411764705882 0.39215686274509803 0.8529411764705882 0.38480392156862747 0.8562091503267973 0.3799019607843137
1 0.4820261437908497 0.7745098039215687 0.4950980392156863 0.7598039215686274 0.49673202614379086 0.7549019607843137 0.49673202614379086 0.7377450980392157 0.5016339869281046 0.7303921568627451 0.5081699346405228 0.7303921568627451 0.5130718954248366 0.7254901960784313 0.5179738562091504 0.7254901960784313 0.5326797385620915 0.7132352941176471 0.5702614379084967 0.7107843137254902 0.5800653594771242 0.7058823529411765 0.5931372549019608 0.6936274509803921 0.6062091503267973 0.6911764705882353 0.6078431372549019 0.6887254901960784 0.619281045751634 0.6887254901960784 0.6209150326797386 0.6911764705882353 0.6160130718954249 0.6985294117647058 0.6013071895424836 0.7034313725490197 0.5931372549019608 0.7107843137254902 0.5915032679738562 0.7156862745098039 0.5915032679738562 0.7328431372549019 0.5882352941176471 0.7401960784313726 0.5915032679738562 0.7450980392156863 0.5915032679738562 0.7573529411764706 0.5849673202614379 0.7647058823529411 0.5800653594771242 0.7671568627450981 0.5506535947712419 0.7671568627450981 0.5490196078431373 0.7647058823529411 0.5343137254901961 0.7647058823529411 0.5261437908496732 0.7549019607843137 0.5130718954248366 0.7549019607843137 0.49836601307189543 0.7622549019607843 0.48856209150326796 0.7745098039215687 0.48366013071895425 0.7745098039215687
1 0.8676470588235294 0.5098039215686274 0.8954248366013072 0.5392156862745098 0.8921568627450981 0.5441176470588235 0.8823529411764706 0.5490196078431373 0.8611111111111112 0.5465686274509803 0.8529411764705882 0.5416666666666666 0.8464052287581699 0.5318627450980392 0.8415032679738562 0.5294117647058824 0.8398692810457516 0.5245098039215687 0.8415032679738562 0.5171568627450981 0.8447712418300654 0.5171568627450981 0.8496732026143791 0.5122549019607843 0.8660130718954249 0.5098039215686274
1 0.4526143790849673 0.8455882352941176 0.4542483660130719 0.8480392156862745 0.46078431372549017 0.8480392156862745 0.47549019607843135 0.8602941176470589 0.4869281045751634 0.8799019607843137 0.48856209150326796 0.8848039215686274 0.4869281045751634 0.8897058823529411 0.46895424836601307 0.8970588235294118 0.45098039215686275 0.9313725490196079 0.43137254901960786 0.946078431372549 0.4215686274509804 0.9485294117647058 0.40522875816993464 0.9632352941176471 0.3937908496732026 0.9632352941176471 0.3872549019607843 0.9534313725490197 0.39705882352941174 0.9166666666666666 0.41013071895424835 0.8970588235294118 0.41013071895424835 0.8848039215686274 0.4117647058823529 0.8823529411764706 0.41013071895424835 0.8700980392156863 0.4133986928104575 0.8602941176470589 0.4199346405228758 0.8529411764705882 0.43300653594771243 0.8455882352941176 0.45098039215686275 0.8455882352941176
1 0.880718954248366 0.4632352941176471 0.880718954248366 0.4681372549019608 0.8725490196078431 0.47794117647058826 0.8643790849673203 0.47794117647058826 0.8627450980392157 0.4803921568627451 0.8513071895424836 0.47794117647058826 0.8480392156862745 0.4730392156862745 0.8562091503267973 0.46078431372549017 0.8611111111111112 0.4485294117647059 0.869281045751634 0.4485294117647059 0.8790849673202614 0.4632352941176471
1 0.7238562091503268 0.6593137254901961 0.7287581699346405 0.6666666666666666 0.7254901960784313 0.6715686274509803 0.7173202614379085 0.678921568627451 0.7091503267973857 0.6911764705882353 0.6944444444444444 0.6985294117647058 0.6830065359477124 0.7156862745098039 0.6813725490196079 0.7230392156862745 0.6699346405228758 0.7352941176470589 0.6617647058823529 0.75 0.6535947712418301 0.75 0.6356209150326797 0.7696078431372549 0.6258169934640523 0.7696078431372549 0.6225490196078431 0.7720588235294118 0.6045751633986928 0.7965686274509803 0.5947712418300654 0.7965686274509803 0.5964052287581699 0.7892156862745098 0.6127450980392157 0.7647058823529411 0.6225490196078431 0.7573529411764706 0.630718954248366 0.7450980392156863 0.6339869281045751 0.7426470588235294 0.6356209150326797 0.7450980392156863 0.6388888888888888 0.7401960784313726 0.6388888888888888 0.7352941176470589 0.6470588235294118 0.7279411764705882 0.6601307189542484 0.7034313725490197 0.6666666666666666 0.6985294117647058 0.6699346405228758 0.6887254901960784 0.6699346405228758 0.678921568627451 0.6633986928104575 0.6666666666666666 0.6683006535947712 0.6593137254901961 0.6748366013071896 0.6593137254901961 0.6764705882352942 0.6568627450980392 0.7205882352941176 0.6568627450980392 0.7222222222222222 0.6593137254901961
1 0.33986928104575165 0.9362745098039216 0.3431372549019608 0.9411764705882353 0.33986928104575165 0.9534313725490197 0.3333333333333333 0.9632352941176471 0.3300653594771242 0.9632352941176471 0.31862745098039214 0.9852941176470589 0.31209150326797386 0.9877450980392157 0.3104575163398693 0.9926470588235294 0.30392156862745096 0.9926470588235294 0.2973856209150327 0.9975490196078431 0.2369281045751634 0.9975490196078431 0.23529411764705882 0.9926470588235294 0.24509803921568626 0.9852941176470589 0.25 0.9779411764705882 0.25 0.9730392156862745 0.2565359477124183 0.9607843137254902 0.27124183006535946 0.9534313725490197 0.28431372549019607 0.9338235294117647 0.30392156862745096 0.9264705882352942 0.3202614379084967 0.9093137254901961 0.33169934640522875 0.9093137254901961 0.3333333333333333 0.9166666666666666 0.3300653594771242 0.9264705882352942 0.3333333333333333 0.9338235294117647 0.3382352941176471 0.9362745098039216
1 0.8611111111111112 0.34068627450980393 0.8660130718954249 0.34068627450980393 0.880718954248366 0.3602941176470588 0.8790849673202614 0.36519607843137253 0.8660130718954249 0.36519607843137253 0.8594771241830066 0.35784313725490197 0.8594771241830066 0.35294117647058826 0.8627450980392157 0.3480392156862745 0.8611111111111112 0.3431372549019608
1 0.8415032679738562 0.3088235294117647 0.8480392156862745 0.32107843137254904 0.8464052287581699 0.3235294117647059 0.826797385620915 0.32107843137254904 0.8284313725490197 0.3137254901960784 0.8398692810457516 0.3112745098039216
1 0.8366013071895425 0.32598039215686275 0.8431372549019608 0.33088235294117646 0.8431372549019608 0.3382352941176471 0.8366013071895425 0.3382352941176471 0.8349673202614379 0.34068627450980393 0.8284313725490197 0.33578431372549017 0.8284313725490197 0.3284313725490196 0.8349673202614379 0.32598039215686275
1 0.8954248366013072 0.4117647058823529 0.8986928104575164 0.4166666666666667 0.8986928104575164 0.42401960784313725 0.9035947712418301 0.4338235294117647 0.9019607843137255 0.4362745098039216 0.8872549019607843 0.4362745098039216 0.8839869281045751 0.4338235294117647 0.8823529411764706 0.4215686274509804 0.8888888888888888 0.41421568627450983 0.8937908496732027 0.41421568627450983
1 0.6911764705882353 0.6568627450980392 0.6928104575163399 0.6593137254901961 0.7107843137254902 0.6593137254901961 0.7156862745098039 0.6568627450980392 0.7254901960784313 0.6617647058823529 0.7271241830065359 0.6691176470588235 0.7173202614379085 0.6764705882352942 0.7058823529411765 0.6936274509803921 0.6928104575163399 0.6985294117647058 0.6879084967320261 0.7034313725490197 0.6764705882352942 0.7009803921568627 0.6715686274509803 0.678921568627451 0.6633986928104575 0.6666666666666666 0.6715686274509803 0.6593137254901961 0.6895424836601307 0.6568627450980392
1 0.7990196078431373 0.5735294117647058 0.803921568627451 0.5784313725490197 0.803921568627451 0.5882352941176471 0.8022875816993464 0.5906862745098039 0.7941176470588235 0.5955882352941176 0.7810457516339869 0.5955882352941176 0.7745098039215687 0.6004901960784313 0.7532679738562091 0.6004901960784313 0.75 0.5980392156862745 0.75 0.5906862745098039 0.761437908496732 0.5808823529411765 0.7712418300653595 0.5808823529411765 0.7908496732026143 0.571078431372549 0.7973856209150327 0.5735294117647058
1 0.8120915032679739 0.30637254901960786 0.8169934640522876 0.29901960784313725 0.8218954248366013 0.29901960784313725 0.8251633986928104 0.30637254901960786 0.8202614379084967 0.3088235294117647 0.8137254901960784 0.30637254901960786
