1 0.25 0.9609756097560975 0.25163398692810457 0.9682926829268292 0.24836601307189543 0.9707317073170731 0.20915032679738563 0.9682926829268292 0.20915032679738563 0.9634146341463414 0.24836601307189543 0.9609756097560975
1 0.3480392156862745 0.8097560975609757 0.35294117647058826 0.8146341463414634 0.35294117647058826 0.8170731707317073 0.3480392156862745 0.8195121951219512 0.3464052287581699 0.8170731707317073 0.33986928104575165 0.8170731707317073 0.3415032679738562 0.8097560975609757 0.3464052287581699 0.8097560975609757
1 0.1454248366013072 0.624390243902439 0.1503267973856209 0.6219512195121951 0.16013071895424835 0.6292682926829268 0.15522875816993464 0.6317073170731707 0.1454248366013072 0.6268292682926829
1 0.23039215686274508 0.6853658536585366 0.24019607843137256 0.6951219512195121 0.2434640522875817 0.6951219512195121 0.2434640522875817 0.7024390243902439 0.24836601307189543 0.7073170731707317 0.25163398692810457 0.7073170731707317 0.2549019607843137 0.7121951219512195 0.2549019607843137 0.7170731707317073 0.24509803921568626 0.7170731707317073 0.238562091503268 0.7121951219512195 0.23366013071895425 0.7121951219512195 0.23039215686274508 0.7073170731707317 0.23366013071895425 0.7 0.2222222222222222 0.6926829268292682 0.21895424836601307 0.6878048780487804 0.22058823529411764 0.6853658536585366 0.22875816993464052 0.6853658536585366
1 0.5718954248366013 0.6048780487804878 0.5915032679738562 0.6048780487804878 0.5931372549019608 0.6073170731707317 0.6013071895424836 0.6048780487804878 0.6078431372549019 0.6073170731707317 0.6094771241830066 0.6097560975609756 0.6078431372549019 0.6121951219512195 0.5866013071895425 0.6121951219512195 0.5735294117647058 0.6073170731707317
1 0.42810457516339867 0.8658536585365854 0.43790849673202614 0.8780487804878049 0.4477124183006536 0.8804878048780488 0.4526143790849673 0.8853658536585366 0.45751633986928103 0.8829268292682927 0.45751633986928103 0.8878048780487805 0.4542483660130719 0.8878048780487805 0.45098039215686275 0.8926829268292683 0.45098039215686275 0.9 0.4542483660130719 0.9073170731707317 0.45751633986928103 0.9048780487804878 0.4624183006535948 0.9073170731707317 0.46568627450980393 0.9048780487804878 0.47549019607843135 0.9048780487804878 0.4918300653594771 0.9146341463414634 0.49673202614379086 0.9219512195121952 0.5 0.9219512195121952 0.5016339869281046 0.9243902439024391 0.5 0.9390243902439024 0.49836601307189543 0.9390243902439024 0.5 0.9341463414634147 0.49673202614379086 0.926829268292683 0.4918300653594771 0.9317073170731708 0.47549019607843135 0.9317073170731708 0.4722222222222222 0.926829268292683 0.46568627450980393 0.9292682926829269 0.46405228758169936 0.9243902439024391 0.4477124183006536 0.9243902439024391 0.44281045751633985 0.9292682926829269 0.42320261437908496 0.9292682926829269 0.4215686274509804 0.926829268292683 0.4133986928104575 0.9292682926829269 0.4084967320261438 0.926829268292683 0.40522875816993464 0.9170731707317074 0.4068627450980392 0.9146341463414634 0.4068627450980392 0.9024390243902439 0.4133986928104575 0.8926829268292683 0.4133986928104575 0.8853658536585366 0.40522875816993464 0.875609756097561 0.40522875816993464 0.8682926829268293 0.4068627450980392 0.8658536585365854 0.41013071895424835 0.8682926829268293 0.4264705882352941 0.8658536585365854
1 0.1388888888888889 0.6146341463414634 0.1437908496732026 0.6146341463414634 0.14869281045751634 0.6195121951219512 0.14869281045751634 0.6219512195121951 0.14215686274509803 0.6219512195121951 0.1388888888888889 0.6170731707317073
1 0.48366013071895425 0.6902439024390243 0.48856209150326796 0.6902439024390243 0.49019607843137253 0.6926829268292682 0.48856209150326796 0.6951219512195121 0.4934640522875817 0.7 0.5016339869281046 0.7 0.5081699346405228 0.7121951219512195 0.511437908496732 0.7121951219512195 0.5065359477124183 0.7146341463414634 0.5098039215686274 0.7195121951219512 0.5163398692810458 0.7219512195121951 0.5179738562091504 0.7268292682926829 0.5228758169934641 0.724390243902439 0.5212418300653595 0.7195121951219512 0.5228758169934641 0.7121951219512195 0.5310457516339869 0.7121951219512195 0.5326797385620915 0.7097560975609756 0.5441176470588235 0.7097560975609756 0.5490196078431373 0.7146341463414634 0.5588235294117647 0.7170731707317073 0.5620915032679739 0.724390243902439 0.5669934640522876 0.7268292682926829 0.5702614379084967 0.7268292682926829 0.5735294117647058 0.7195121951219512 0.5784313725490197 0.7268292682926829 0.5816993464052288 0.7219512195121951 0.5800653594771242 0.7121951219512195 0.5849673202614379 0.7121951219512195 0.5866013071895425 0.7170731707317073 0.5898692810457516 0.7121951219512195 0.6013071895424836 0.7121951219512195 0.6045751633986928 0.7146341463414634 0.6045751633986928 0.7219512195121951 0.6127450980392157 0.7317073170731707 0.6078431372549019 0.7390243902439024 0.6094771241830066 0.7365853658536585 0.6062091503267973 0.7317073170731707 0.5980392156862745 0.7292682926829268 0.6029411764705882 0.724390243902439 0.6013071895424836 0.7219512195121951 0.5882352941176471 0.7195121951219512 0.5833333333333334 0.7219512195121951 0.5702614379084967 0.7365853658536585 0.5735294117647058 0.7390243902439024 0.5669934640522876 0.748780487804878 0.5718954248366013 0.7609756097560976 0.5669934640522876 0.7682926829268293 0.5637254901960784 0.7634146341463415 0.5555555555555556 0.7585365853658537 0.5441176470588235 0.7585365853658537 0.5424836601307189 0.7609756097560976 0.5359477124183006 0.7560975609756098 0.5343137254901961 0.7609756097560976 0.5375816993464052 0.7634146341463415 0.5375816993464052 0.7682926829268293 0.5326797385620915 0.7682926829268293 0.5196078431372549 0.7609756097560976 0.5179738562091504 0.7341463414634146 0.5147058823529411 0.7292682926829268 0.5081699346405228 0.7292682926829268 0.5049019607843137 0.7341463414634146 0.49836601307189543 0.7365853658536585 0.4950980392156863 0.7414634146341463 0.4934640522875817 0.751219512195122 0.48856209150326796 0.7439024390243902 0.4803921568627451 0.7414634146341463 0.4803921568627451 0.7390243902439024 0.4869281045751634 0.7390243902439024 0.4950980392156863 0.724390243902439 0.4918300653594771 0.7195121951219512 0.4869281045751634 0.7219512195121951 0.48366013071895425 0.7170731707317073 0.47875816993464054 0.7195121951219512 0.477124183006536 0.7121951219512195 0.4803921568627451 0.7097560975609756 0.4934640522875817 0.7146341463414634 0.49836601307189543 0.7097560975609756 0.49673202614379086 0.7048780487804878 0.49019607843137253 0.7048780487804878 0.4869281045751634 0.7 0.48366013071895425 0.7 0.4820261437908497 0.6951219512195121 0.48366013071895425 0.6926829268292682
1 0.09313725490196079 0.5365853658536586 0.09967320261437909 0.5317073170731708 0.10947712418300654 0.5341463414634147 0.1111111111111111 0.5365853658536586 0.10947712418300654 0.5390243902439025 0.09477124183006536 0.5390243902439025
1 0.42483660130718953 0.8682926829268293 0.434640522875817 0.8780487804878049 0.45098039215686275 0.8853658536585366 0.4493464052287582 0.8902439024390244 0.4526143790849673 0.8975609756097561 0.4526143790849673 0.9024390243902439 0.45751633986928103 0.9097560975609756 0.4542483660130719 0.9170731707317074 0.4542483660130719 0.9219512195121952 0.45098039215686275 0.926829268292683 0.434640522875817 0.9341463414634147 0.43300653594771243 0.9317073170731708 0.4117647058823529 0.9317073170731708 0.41013071895424835 0.9292682926829269 0.4035947712418301 0.9292682926829269 0.39869281045751637 0.9243902439024391 0.40032679738562094 0.9219512195121952 0.39869281045751637 0.9170731707317074 0.40032679738562094 0.9048780487804878 0.3954248366013072 0.9 0.39705882352941174 0.8951219512195122 0.41013071895424835 0.8926829268292683 0.41830065359477125 0.8829268292682927 0.4150326797385621 0.8780487804878049 0.4084967320261438 0.875609756097561 0.4084967320261438 0.8707317073170732 0.42320261437908496 0.8682926829268293
1 0.2222222222222222 0.6902439024390243 0.22712418300653595 0.6926829268292682 0.23202614379084968 0.6878048780487804 0.2369281045751634 0.6926829268292682 0.24509803921568626 0.6951219512195121 0.24509803921568626 0.7024390243902439 0.2549019607843137 0.7146341463414634 0.2549019607843137 0.7170731707317073 0.24509803921568626 0.7170731707317073 0.24019607843137256 0.7121951219512195 0.23039215686274508 0.7097560975609756 0.23202614379084968 0.7 0.2238562091503268 0.6926829268292682
1 0.19607843137254902 0.6707317073170732 0.20098039215686275 0.6682926829268293 0.21241830065359477 0.675609756097561 0.21241830065359477 0.6780487804878049 0.19934640522875818 0.6780487804878049 0.19607843137254902 0.6731707317073171
1 0.18137254901960784 0.6365853658536585 0.1830065359477124 0.6390243902439025 0.19281045751633988 0.6390243902439025 0.19444444444444445 0.6414634146341464 0.19281045751633988 0.6439024390243903 0.1715686274509804 0.6414634146341464 0.16830065359477125 0.6390243902439025 0.16993464052287582 0.6341463414634146 0.1781045751633987 0.6341463414634146 0.17973856209150327 0.6365853658536585
1 0.21895424836601307 0.6878048780487804 0.22058823529411764 0.6853658536585366 0.22875816993464052 0.6853658536585366 0.2434640522875817 0.6951219512195121 0.24509803921568626 0.697560975609756 0.2434640522875817 0.7024390243902439 0.2549019607843137 0.7121951219512195 0.2549019607843137 0.7170731707317073 0.24509803921568626 0.7170731707317073 0.24019607843137256 0.7121951219512195 0.23202614379084968 0.7097560975609756 0.23039215686274508 0.7048780487804878 0.23366013071895425 0.7024390243902439 0.22058823529411764 0.6902439024390243
1 0.4215686274509804 0.8658536585365854 0.4477124183006536 0.8829268292682927 0.4493464052287582 0.8853658536585366 0.4477124183006536 0.8878048780487805 0.4395424836601307 0.8878048780487805 0.43137254901960786 0.8829268292682927 0.4199346405228758 0.8829268292682927 0.4117647058823529 0.8780487804878049 0.41013071895424835 0.8707317073170732 0.4199346405228758 0.8658536585365854
1 0.39215686274509803 0.8365853658536585 0.39869281045751637 0.8463414634146341 0.39705882352941174 0.8512195121951219 0.37254901960784315 0.8390243902439024 0.3741830065359477 0.8341463414634146 0.3888888888888889 0.8341463414634146 0.39052287581699346 0.8365853658536585
1 0.14215686274509803 0.824390243902439 0.15196078431372548 0.8292682926829268 0.15522875816993464 0.8341463414634146 0.15359477124183007 0.8365853658536585 0.13725490196078433 0.8341463414634146 0.12745098039215685 0.8292682926829268 0.12908496732026145 0.824390243902439 0.13398692810457516 0.8219512195121951 0.14052287581699346 0.824390243902439
1 0.12091503267973856 0.6 0.12908496732026145 0.6 0.1323529411764706 0.6048780487804878 0.12091503267973856 0.6048780487804878 0.12091503267973856 0.6024390243902439
1 0.6568627450980392 0.8975609756097561 0.6617647058823529 0.9048780487804878 0.6519607843137255 0.9048780487804878 0.6503267973856209 0.9073170731707317 0.6437908496732027 0.9073170731707317 0.6405228758169934 0.9024390243902439 0.6470588235294118 0.8975609756097561 0.6552287581699346 0.8975609756097561
1 0.19607843137254902 0.6585365853658537 0.20261437908496732 0.6585365853658537 0.20751633986928106 0.6634146341463415 0.20588235294117646 0.6682926829268293 0.2042483660130719 0.6658536585365854 0.1977124183006536 0.6658536585365854 0.19607843137254902 0.6609756097560976
1 0.2581699346405229 0.724390243902439 0.2696078431372549 0.724390243902439 0.28594771241830064 0.7341463414634146 0.28431372549019607 0.7390243902439024 0.27450980392156865 0.7390243902439024 0.272875816993464 0.7365853658536585 0.26633986928104575 0.7365853658536585 0.25980392156862747 0.7317073170731707 0.2581699346405229 0.7268292682926829
1 0.12254901960784313 0.6024390243902439 0.12745098039215685 0.6024390243902439 0.13562091503267973 0.6097560975609756 0.13562091503267973 0.6121951219512195 0.12581699346405228 0.6121951219512195 0.12254901960784313 0.6097560975609756 0.12254901960784313 0.6048780487804878
1 0.7026143790849673 0.9146341463414634 0.704248366013072 0.9170731707317074 0.7173202614379085 0.9195121951219513 0.7205882352941176 0.926829268292683 0.7173202614379085 0.9317073170731708 0.6830065359477124 0.9317073170731708 0.6781045751633987 0.926829268292683 0.6813725490196079 0.9170731707317074 0.684640522875817 0.9146341463414634 0.7009803921568627 0.9170731707317074
1 0.31862745098039214 0.7707317073170732 0.32516339869281047 0.7804878048780488 0.3235294117647059 0.7951219512195122 0.32679738562091504 0.8 0.3366013071895425 0.802439024390244 0.34477124183006536 0.8097560975609757 0.3480392156862745 0.8097560975609757 0.35130718954248363 0.8121951219512196 0.35130718954248363 0.8170731707317073 0.3300653594771242 0.8146341463414634 0.3235294117647059 0.8097560975609757 0.3202614379084967 0.8048780487804879 0.3202614379084967 0.7926829268292683 0.31699346405228757 0.7878048780487805 0.3137254901960784 0.7902439024390244 0.3088235294117647 0.7829268292682927 0.3006535947712418 0.7780487804878049 0.3022875816993464 0.7707317073170732 0.31699346405228757 0.7707317073170732
1 0.42483660130718953 0.8682926829268293 0.43137254901960786 0.8731707317073171 0.4297385620915033 0.8804878048780488 0.41830065359477125 0.8804878048780488 0.4117647058823529 0.875609756097561 0.4117647058823529 0.8707317073170732 0.4150326797385621 0.8682926829268293 0.42320261437908496 0.8682926829268293
1 0.272875816993464 0.7317073170731707 0.2826797385620915 0.7317073170731707 0.28594771241830064 0.7341463414634146 0.28431372549019607 0.7390243902439024 0.27450980392156865 0.7390243902439024 0.27124183006535946 0.7365853658536585 0.272875816993464 0.7341463414634146
1 0.2679738562091503 0.748780487804878 0.28104575163398693 0.748780487804878 0.28921568627450983 0.7560975609756098 0.28921568627450983 0.7585365853658537 0.28431372549019607 0.7609756097560976 0.272875816993464 0.7560975609756098 0.2679738562091503 0.751219512195122
1 0.5049019607843137 0.9585365853658536 0.5147058823529411 0.9682926829268292 0.5277777777777778 0.975609756097561 0.5326797385620915 0.9829268292682927 0.5310457516339869 0.9878048780487805 0.5212418300653595 0.9878048780487805 0.511437908496732 0.9829268292682927 0.5081699346405228 0.9780487804878049 0.4934640522875817 0.973170731707317 0.49019607843137253 0.9658536585365853 0.4950980392156863 0.9585365853658536 0.5032679738562091 0.9585365853658536
1 0.2238562091503268 0.6829268292682927 0.2434640522875817 0.6951219512195121 0.2434640522875817 0.7024390243902439 0.24836601307189543 0.7073170731707317 0.25163398692810457 0.7073170731707317 0.2565359477124183 0.7170731707317073 0.24509803921568626 0.7170731707317073 0.238562091503268 0.7121951219512195 0.23366013071895425 0.7121951219512195 0.23039215686274508 0.7073170731707317 0.23366013071895425 0.7 0.21895424836601307 0.6902439024390243 0.21895424836601307 0.6853658536585366 0.2222222222222222 0.6853658536585366
1 0.4624183006535948 0.9097560975609756 0.4738562091503268 0.9073170731707317 0.4918300653594771 0.9170731707317074 0.4918300653594771 0.926829268292683 0.49019607843137253 0.9292682926829269 0.4803921568627451 0.9292682926829269 0.47549019607843135 0.926829268292683 0.47058823529411764 0.9170731707317074 0.4673202614379085 0.9170731707317074 0.4624183006535948 0.9121951219512195
1 0.06209150326797386 0.5682926829268292 0.08006535947712418 0.5707317073170731 0.10294117647058823 0.5853658536585366 0.1111111111111111 0.5878048780487805 0.11764705882352941 0.5951219512195122 0.1323529411764706 0.6 0.14215686274509803 0.6146341463414634 0.14705882352941177 0.6146341463414634 0.16013071895424835 0.6292682926829268 0.1781045751633987 0.6317073170731707 0.1830065359477124 0.6365853658536585 0.19444444444444445 0.6390243902439025 0.19281045751633988 0.6439024390243903 0.18790849673202614 0.6463414634146342 0.1895424836601307 0.6536585365853659 0.17647058823529413 0.6536585365853659 0.16176470588235295 0.6317073170731707 0.14705882352941177 0.6292682926829268 0.13562091503267973 0.6146341463414634 0.12254901960784313 0.6097560975609756 0.11764705882352941 0.6024390243902439 0.10294117647058823 0.5951219512195122 0.09477124183006536 0.5853658536585366 0.06862745098039216 0.5756097560975609 0.06372549019607843 0.5707317073170731
1 0.31209150326797386 0.7707317073170732 0.3235294117647059 0.7780487804878049 0.32516339869281047 0.7926829268292683 0.3284313725490196 0.8 0.3366013071895425 0.802439024390244 0.34477124183006536 0.8097560975609757 0.34967320261437906 0.8097560975609757 0.35294117647058826 0.8170731707317073 0.3480392156862745 0.8195121951219512 0.3464052287581699 0.8170731707317073 0.32516339869281047 0.8121951219512196 0.31862745098039214 0.802439024390244 0.31862745098039214 0.7926829268292683 0.3022875816993464 0.775609756097561 0.3055555555555556 0.7707317073170732 0.3104575163398693 0.7707317073170732
1 0.16830065359477125 0.6341463414634146 0.17483660130718953 0.6341463414634146 0.17973856209150327 0.6390243902439025 0.1781045751633987 0.6414634146341464 0.16993464052287582 0.6414634146341464 0.16830065359477125 0.6365853658536585
1 0.315359477124183 0.7731707317073171 0.32189542483660133 0.7804878048780488 0.3202614379084967 0.7878048780487805 0.315359477124183 0.7878048780487805 0.3022875816993464 0.775609756097561 0.30718954248366015 0.7707317073170732 0.3137254901960784 0.7731707317073171
1 0.17320261437908496 0.6463414634146342 0.18137254901960784 0.6463414634146342 0.18627450980392157 0.651219512195122 0.18627450980392157 0.6536585365853659 0.17973856209150327 0.6536585365853659 0.17320261437908496 0.6487804878048781
1 0.21895424836601307 0.6853658536585366 0.23039215686274508 0.6853658536585366 0.24019607843137256 0.6951219512195121 0.2434640522875817 0.6951219512195121 0.2434640522875817 0.7024390243902439 0.24836601307189543 0.7073170731707317 0.25163398692810457 0.7073170731707317 0.2565359477124183 0.7146341463414634 0.2565359477124183 0.7170731707317073 0.24509803921568626 0.7170731707317073 0.238562091503268 0.7121951219512195 0.23366013071895425 0.7121951219512195 0.23039215686274508 0.7073170731707317 0.23366013071895425 0.7 0.2238562091503268 0.6951219512195121 0.21895424836601307 0.6878048780487804
1 0.5294117647058824 0.9780487804878049 0.5310457516339869 0.9878048780487805 0.5212418300653595 0.9878048780487805 0.5130718954248366 0.9829268292682927 0.5179738562091504 0.975609756097561 0.5261437908496732 0.975609756097561 0.5277777777777778 0.9780487804878049
1 0.5800653594771242 0.8097560975609757 0.5816993464052288 0.8097560975609757 0.5833333333333334 0.8195121951219512 0.5898692810457516 0.8268292682926829 0.5947712418300654 0.824390243902439 0.5980392156862745 0.8268292682926829 0.5996732026143791 0.8341463414634146 0.6045751633986928 0.8414634146341463 0.6078431372549019 0.8390243902439024 0.6062091503267973 0.8439024390243902 0.6111111111111112 0.848780487804878 0.6160130718954249 0.848780487804878 0.6176470588235294 0.8463414634146341 0.6160130718954249 0.8439024390243902 0.6225490196078431 0.8414634146341463 0.6258169934640523 0.848780487804878 0.6323529411764706 0.8512195121951219 0.6356209150326797 0.8463414634146341 0.6339869281045751 0.8439024390243902 0.6372549019607843 0.8414634146341463 0.6388888888888888 0.8463414634146341 0.6437908496732027 0.8463414634146341 0.6470588235294118 0.8512195121951219 0.6503267973856209 0.8512195121951219 0.6454248366013072 0.8560975609756097 0.6437908496732027 0.8658536585365854 0.6470588235294118 0.8707317073170732 0.6405228758169934 0.8804878048780488 0.6421568627450981 0.8853658536585366 0.6405228758169934 0.8878048780487805 0.6339869281045751 0.8853658536585366 0.6323529411764706 0.8878048780487805 0.6339869281045751 0.8926829268292683 0.6437908496732027 0.8951219512195122 0.6503267973856209 0.8853658536585366 0.6486928104575164 0.8902439024390244 0.6535947712418301 0.8975609756097561 0.6683006535947712 0.8951219512195122 0.6715686274509803 0.9024390243902439 0.673202614379085 0.9 0.6748366013071896 0.9024390243902439 0.6699346405228758 0.9097560975609756 0.6715686274509803 0.9121951219512195 0.6830065359477124 0.9097560975609756 0.673202614379085 0.9243902439024391 0.6584967320261438 0.9243902439024391 0.6568627450980392 0.926829268292683 0.6519607843137255 0.9243902439024391 0.6486928104575164 0.926829268292683 0.6437908496732027 0.9243902439024391 0.6470588235294118 0.9243902439024391 0.6486928104575164 0.9195121951219513 0.6388888888888888 0.9097560975609756 0.6421568627450981 0.9097560975609756 0.6454248366013072 0.9146341463414634 0.6519607843137255 0.9097560975609756 0.6454248366013072 0.9073170731707317 0.6437908496732027 0.9024390243902439 0.6388888888888888 0.9024390243902439 0.6323529411764706 0.8951219512195122 0.6176470588235294 0.8975609756097561 0.6127450980392157 0.8902439024390244 0.6094771241830066 0.8926829268292683 0.5980392156862745 0.8902439024390244 0.5947712418300654 0.8829268292682927 0.5866013071895425 0.8853658536585366 0.5882352941176471 0.8829268292682927 0.5866013071895425 0.8780487804878049 0.5898692810457516 0.8804878048780488 0.5931372549019608 0.875609756097561 0.5931372549019608 0.8682926829268293 0.5866013071895425 0.8634146341463415 0.5718954248366013 0.8658536585365854 0.5588235294117647 0.8609756097560975 0.553921568627451 0.8536585365853658 0.5522875816993464 0.8414634146341463 0.5490196078431373 0.8365853658536585 0.5441176470588235 0.8365853658536585 0.545751633986928 0.824390243902439 0.5490196078431373 0.8268292682926829 0.5555555555555556 0.824390243902439 0.5588235294117647 0.8170731707317073 0.5637254901960784 0.8195121951219512 0.5669934640522876 0.8121951219512196 0.5686274509803921 0.8121951219512196 0.5702614379084967 0.8195121951219512 0.5718954248366013 0.8121951219512196 0.5751633986928104 0.8146341463414634 0.5800653594771242 0.8121951219512196
1 0.20588235294117646 0.6609756097560976 0.20915032679738563 0.6682926829268293 0.20751633986928106 0.6707317073170732 0.21241830065359477 0.6780487804878049 0.19934640522875818 0.6780487804878049 0.19607843137254902 0.6731707317073171 0.1977124183006536 0.6682926829268293 0.19607843137254902 0.6609756097560976 0.1977124183006536 0.6585365853658537 0.2042483660130719 0.6609756097560976
1 0.23039215686274508 0.7073170731707317 0.23202614379084968 0.7048780487804878 0.2434640522875817 0.7048780487804878 0.25 0.7097560975609756 0.25326797385620914 0.7146341463414634 0.25163398692810457 0.7170731707317073 0.23202614379084968 0.7097560975609756
1 0.2238562091503268 0.6829268292682927 0.24509803921568626 0.6951219512195121 0.2434640522875817 0.7024390243902439 0.24836601307189543 0.7073170731707317 0.25163398692810457 0.7073170731707317 0.2565359477124183 0.7170731707317073 0.24509803921568626 0.7170731707317073 0.24019607843137256 0.7121951219512195 0.23202614379084968 0.7097560975609756 0.23039215686274508 0.7048780487804878 0.23366013071895425 0.7 0.21895424836601307 0.6902439024390243 0.21895424836601307 0.6853658536585366 0.2222222222222222 0.6853658536585366
1 0.2581699346405229 0.724390243902439 0.272875816993464 0.7268292682926829 0.27124183006535946 0.7341463414634146 0.25980392156862747 0.7317073170731707 0.2581699346405229 0.7268292682926829
1 0.3349673202614379 0.802439024390244 0.3382352941176471 0.8073170731707318 0.3366013071895425 0.8121951219512196 0.32679738562091504 0.8121951219512196 0.3235294117647059 0.8097560975609757 0.32516339869281047 0.802439024390244 0.3333333333333333 0.802439024390244
1 0.3235294117647059 0.802439024390244 0.3349673202614379 0.802439024390244 0.3431372549019608 0.8097560975609757 0.34967320261437906 0.8097560975609757 0.35294117647058826 0.8146341463414634 0.34967320261437906 0.8195121951219512 0.33169934640522875 0.8146341463414634 0.3235294117647059 0.8097560975609757 0.32189542483660133 0.8073170731707318 0.3235294117647059 0.8048780487804879
1 0.04738562091503268 0.5658536585365853 0.05228758169934641 0.5634146341463414 0.06209150326797386 0.5682926829268292 0.0718954248366013 0.5682926829268292 0.09477124183006536 0.5780487804878048 0.10784313725490197 0.5878048780487805 0.1111111111111111 0.5878048780487805 0.119281045751634 0.5975609756097561 0.1323529411764706 0.6 0.14052287581699346 0.6121951219512195 0.14705882352941177 0.6146341463414634 0.16176470588235295 0.6292682926829268 0.16176470588235295 0.6317073170731707 0.1454248366013072 0.6292682926829268 0.13562091503267973 0.6146341463414634 0.12581699346405228 0.6121951219512195 0.11764705882352941 0.6024390243902439 0.10947712418300654 0.6 0.09640522875816994 0.5878048780487805 0.08660130718954248 0.5853658536585366 0.0718954248366013 0.5756097560975609 0.06699346405228758 0.5756097560975609 0.06045751633986928 0.5682926829268292 0.049019607843137254 0.5658536585365853
1 0.0032679738562091504 0.5487804878048781 0.00980392156862745 0.551219512195122 0.008169934640522876 0.5560975609756098 0.0032679738562091504 0.5536585365853659 0.0032679738562091504 0.551219512195122
1 0.12908496732026145 0.6024390243902439 0.13398692810457516 0.6048780487804878 0.13725490196078433 0.6146341463414634 0.14869281045751634 0.6146341463414634 0.1503267973856209 0.6170731707317073 0.1568627450980392 0.6146341463414634 0.15359477124183007 0.6195121951219512 0.16013071895424835 0.6292682926829268 0.16339869281045752 0.6268292682926829 0.16666666666666666 0.6292682926829268 0.17647058823529413 0.6292682926829268 0.18137254901960784 0.6317073170731707 0.184640522875817 0.6390243902439025 0.19281045751633988 0.6414634146341464 0.1895424836601307 0.6463414634146342 0.19117647058823528 0.6487804878048781 0.19607843137254902 0.6536585365853659 0.19934640522875818 0.6487804878048781 0.19934640522875818 0.651219512195122 0.19281045751633988 0.6560975609756098 0.19444444444444445 0.6585365853658537 0.19934640522875818 0.6560975609756098 0.20751633986928106 0.6585365853658537 0.20915032679738563 0.6560975609756098 0.21568627450980393 0.6658536585365854 0.21895424836601307 0.6682926829268293 0.2222222222222222 0.6658536585365854 0.22549019607843138 0.6707317073170732 0.22875816993464052 0.6707317073170732 0.23039215686274508 0.6731707317073171 0.22712418300653595 0.6707317073170732 0.22549019607843138 0.675609756097561 0.23366013071895425 0.6878048780487804 0.24019607843137256 0.6853658536585366 0.24673202614379086 0.6951219512195121 0.24509803921568626 0.697560975609756 0.24836601307189543 0.7024390243902439 0.25 0.7 0.2549019607843137 0.7048780487804878 0.2549019607843137 0.7146341463414634 0.2565359477124183 0.7170731707317073 0.25980392156862747 0.7195121951219512 0.2647058823529412 0.7170731707317073 0.2679738562091503 0.7195121951219512 0.26633986928104575 0.7219512195121951 0.2679738562091503 0.724390243902439 0.27124183006535946 0.724390243902439 0.2761437908496732 0.7317073170731707 0.28104575163398693 0.7341463414634146 0.2761437908496732 0.7365853658536585 0.272875816993464 0.7414634146341463 0.27450980392156865 0.7439024390243902 0.27941176470588236 0.7439024390243902 0.2908496732026144 0.7560975609756098 0.2908496732026144 0.7585365853658537 0.28594771241830064 0.7609756097560976 0.27450980392156865 0.7560975609756098 0.272875816993464 0.7536585365853659 0.2761437908496732 0.751219512195122 0.27450980392156865 0.748780487804878 0.2647058823529412 0.748780487804878 0.2630718954248366 0.7463414634146341 0.2647058823529412 0.7439024390243902 0.2630718954248366 0.7341463414634146 0.2581699346405229 0.7365853658536585 0.25980392156862747 0.7341463414634146 0.2581699346405229 0.7292682926829268 0.24836601307189543 0.7292682926829268 0.24836601307189543 0.7268292682926829 0.25 0.7292682926829268 0.25326797385620914 0.724390243902439 0.25163398692810457 0.7170731707317073 0.24509803921568626 0.7170731707317073 0.23039215686274508 0.7097560975609756 0.22875816993464052 0.7 0.21895424836601307 0.6902439024390243 0.21568627450980393 0.6951219512195121 0.21241830065359477 0.6878048780487804 0.20915032679738563 0.6878048780487804 0.21568627450980393 0.6804878048780488 0.21405228758169934 0.6780487804878049 0.1977124183006536 0.6780487804878049 0.19607843137254902 0.675609756097561 0.19117647058823528 0.6780487804878049 0.19444444444444445 0.6731707317073171 0.19117647058823528 0.6707317073170732 0.19117647058823528 0.6634146341463415 0.18790849673202614 0.6609756097560976 0.1895424836601307 0.6585365853658537 0.18790849673202614 0.6536585365853659 0.1830065359477124 0.6536585365853659 0.18137254901960784 0.6585365853658537 0.17647058823529413 0.6560975609756098 0.16993464052287582 0.6487804878048781 0.16993464052287582 0.6439024390243903 0.16666666666666666 0.6390243902439025 0.16339869281045752 0.6390243902439025 0.16176470588235295 0.6317073170731707 0.15359477124183007 0.6317073170731707 0.15196078431372548 0.6292682926829268 0.14705882352941177 0.6317073170731707 0.14869281045751634 0.6292682926829268 0.14705882352941177 0.6268292682926829 0.1388888888888889 0.6268292682926829 0.13725490196078433 0.6195121951219512 0.12908496732026145 0.6121951219512195 0.13071895424836602 0.6073170731707317 0.12908496732026145 0.6048780487804878
1 0 0.9317073170731708 0.011437908496732025 0.9341463414634147 0.014705882352941176 0.9414634146341463 0.011437908496732025 0.9463414634146341 0 0.9439024390243902 0 0.9341463414634147
1 0.22712418300653595 0.6951219512195121 0.23202614379084968 0.6926829268292682 0.24183006535947713 0.6951219512195121 0.2434640522875817 0.7024390243902439 0.24836601307189543 0.7073170731707317 0.25163398692810457 0.7073170731707317 0.2565359477124183 0.7170731707317073 0.24509803921568626 0.7170731707317073 0.23039215686274508 0.7097560975609756 0.23039215686274508 0.7048780487804878 0.23366013071895425 0.7 0.22875816993464052 0.6951219512195121
1 0.7140522875816994 0.9170731707317074 0.7205882352941176 0.9219512195121952 0.7205882352941176 0.9292682926829269 0.7091503267973857 0.9341463414634147 0.704248366013072 0.9317073170731708 0.6813725490196079 0.9317073170731708 0.6715686274509803 0.9243902439024391 0.6601307189542484 0.9243902439024391 0.6650326797385621 0.9243902439024391 0.6879084967320261 0.9121951219512195 0.7124183006535948 0.9170731707317074
1 0.5049019607843137 0.9585365853658536 0.5163398692810458 0.9707317073170731 0.5212418300653595 0.9707317073170731 0.5277777777777778 0.975609756097561 0.5326797385620915 0.9829268292682927 0.5310457516339869 0.9878048780487805 0.5212418300653595 0.9878048780487805 0.511437908496732 0.9829268292682927 0.5081699346405228 0.9780487804878049 0.4934640522875817 0.973170731707317 0.49019607843137253 0.9658536585365853 0.4950980392156863 0.9585365853658536 0.5032679738562091 0.9585365853658536
1 0.5032679738562091 0.9585365853658536 0.5098039215686274 0.9658536585365853 0.5098039215686274 0.9707317073170731 0.5065359477124183 0.975609756097561 0.49836601307189543 0.975609756097561 0.4918300653594771 0.9682926829268292 0.4934640522875817 0.9609756097560975 0.5016339869281046 0.9585365853658536
1 0.5049019607843137 0.9585365853658536 0.5310457516339869 0.9780487804878049 0.5326797385620915 0.9878048780487805 0.5196078431372549 0.9878048780487805 0.5065359477124183 0.9780487804878049 0.4934640522875817 0.973170731707317 0.49019607843137253 0.9658536585365853 0.4950980392156863 0.9585365853658536 0.5032679738562091 0.9585365853658536
1 0.17973856209150327 0.6390243902439025 0.19444444444444445 0.6390243902439025 0.19281045751633988 0.6439024390243903 0.1830065359477124 0.6439024390243903 0.17973856209150327 0.6414634146341464
1 0.43790849673202614 0.9048780487804878 0.4411764705882353 0.9097560975609756 0.4444444444444444 0.9048780487804878 0.4477124183006536 0.9097560975609756 0.45588235294117646 0.9097560975609756 0.46568627450980393 0.9048780487804878 0.47875816993464054 0.9073170731707317 0.4918300653594771 0.9146341463414634 0.4950980392156863 0.9243902439024391 0.48856209150326796 0.9317073170731708 0.47875816993464054 0.9317073170731708 0.4722222222222222 0.9243902439024391 0.4673202614379085 0.9243902439024391 0.4624183006535948 0.9146341463414634 0.4591503267973856 0.9170731707317074 0.45588235294117646 0.9121951219512195 0.4493464052287582 0.9146341463414634 0.45098039215686275 0.9170731707317074 0.4493464052287582 0.9243902439024391 0.44281045751633985 0.9243902439024391 0.4411764705882353 0.926829268292683 0.43790849673202614 0.9243902439024391 0.42810457516339867 0.9243902439024391 0.43300653594771243 0.9195121951219513 0.43137254901960786 0.9121951219512195 0.4297385620915033 0.9170731707317074 0.4215686274509804 0.9170731707317074 0.4199346405228758 0.9121951219512195 0.4150326797385621 0.9097560975609756 0.43300653594771243 0.9097560975609756 0.4362745098039216 0.9073170731707317
1 0.4297385620915033 0.8707317073170732 0.43790849673202614 0.8780487804878049 0.4493464052287582 0.8829268292682927 0.45098039215686275 0.8853658536585366 0.4493464052287582 0.8878048780487805 0.4362745098039216 0.8878048780487805 0.4297385620915033 0.8829268292682927 0.4215686274509804 0.8829268292682927 0.4117647058823529 0.8780487804878049 0.41013071895424835 0.875609756097561 0.4117647058823529 0.8682926829268293 0.4264705882352941 0.8682926829268293 0.42810457516339867 0.8707317073170732
1 0.5065359477124183 0.9609756097560975 0.5147058823529411 0.9707317073170731 0.5294117647058824 0.9780487804878049 0.5310457516339869 0.9804878048780488 0.5294117647058824 0.9878048780487805 0.5163398692810458 0.9853658536585366 0.5098039215686274 0.9780487804878049 0.5032679738562091 0.9780487804878049 0.4934640522875817 0.973170731707317 0.49019607843137253 0.9658536585365853 0.4950980392156863 0.9585365853658536 0.5032679738562091 0.9585365853658536 0.5049019607843137 0.9609756097560975
1 0.4133986928104575 0.8585365853658536 0.4166666666666667 0.8560975609756097 0.4264705882352941 0.8585365853658536 0.42483660130718953 0.8609756097560975 0.4264705882352941 0.8658536585365854 0.434640522875817 0.8682926829268293 0.43137254901960786 0.8707317073170732 0.434640522875817 0.8780487804878049 0.43790849673202614 0.8780487804878049 0.4493464052287582 0.8878048780487805 0.45588235294117646 0.8853658536585366 0.4493464052287582 0.8902439024390244 0.4542483660130719 0.9 0.4591503267973856 0.8951219512195122 0.46078431372549017 0.9 0.46568627450980393 0.8975609756097561 0.477124183006536 0.9 0.4803921568627451 0.9073170731707317 0.4918300653594771 0.9170731707317074 0.4918300653594771 0.9292682926829269 0.4934640522875817 0.9317073170731708 0.49673202614379086 0.9317073170731708 0.49836601307189543 0.9243902439024391 0.5016339869281046 0.9243902439024391 0.5016339869281046 0.9463414634146341 0.49836601307189543 0.948780487804878 0.5 0.9512195121951219 0.5032679738562091 0.9512195121951219 0.49673202614379086 0.9512195121951219 0.49836601307189543 0.9439024390243902 0.49019607843137253 0.9317073170731708 0.47875816993464054 0.9317073170731708 0.47549019607843135 0.9341463414634147 0.47058823529411764 0.926829268292683 0.4673202614379085 0.9317073170731708 0.46405228758169936 0.9317073170731708 0.4624183006535948 0.9243902439024391 0.45588235294117646 0.926829268292683 0.4542483660130719 0.9243902439024391 0.4444444444444444 0.9243902439024391 0.4411764705882353 0.926829268292683 0.4411764705882353 0.9146341463414634 0.434640522875817 0.9097560975609756 0.4297385620915033 0.8975609756097561 0.4133986928104575 0.8975609756097561 0.4117647058823529 0.8878048780487805 0.4019607843137255 0.8731707317073171 0.39869281045751637 0.8731707317073171 0.3954248366013072 0.8682926829268293 0.40032679738562094 0.8707317073170732 0.4084967320261438 0.8634146341463415 0.4117647058823529 0.8634146341463415 0.4133986928104575 0.8682926829268293 0.42320261437908496 0.8682926829268293 0.42483660130718953 0.8658536585365854 0.42320261437908496 0.8585365853658536 0.4150326797385621 0.8585365853658536
1 0.21895424836601307 0.6878048780487804 0.22058823529411764 0.6853658536585366 0.22875816993464052 0.6853658536585366 0.23529411764705882 0.6902439024390243 0.2369281045751634 0.6951219512195121 0.22549019607843138 0.6951219512195121 0.22058823529411764 0.6902439024390243
1 0.18790849673202614 0.9585365853658536 0.1895424836601307 0.9609756097560975 0.24509803921568626 0.9585365853658536 0.25326797385620914 0.9634146341463414 0.25 0.9707317073170731 0.20915032679738563 0.9707317073170731 0.20261437908496732 0.9658536585365853 0.19607843137254902 0.9682926829268292 0.19281045751633988 0.9658536585365853 0.1781045751633987 0.9658536585365853 0.17647058823529413 0.9634146341463414 0.1781045751633987 0.9609756097560975 0.18627450980392157 0.9585365853658536
