1 0.3993055555555556 0.5390625 0.4027777777777778 0.53515625 0.4166666666666667 0.5302734375 0.4305555555555556 0.53125 0.4305555555555556 0.5361328125 0.4201388888888889 0.5400390625 0.4097222222222222 0.5419921875 0.4010416666666667 0.5400390625
1 0.2934027777777778 0.6064453125 0.027777777777777776 0.013671875
1 0.4305555555555556 0.5322265625 0.4305555555555556 0.5361328125 0.4149305555555556 0.541015625 0.40625 0.541015625 0.4027777777777778 0.5390625 0.4045138888888889 0.5361328125 0.4149305555555556 0.53125 0.4288194444444444 0.5322265625
1 0.03819444444444445 0.58203125 0.03993055555555555 0.5888671875 0.036458333333333336 0.5927734375 0.019097222222222224 0.59765625 0.013888888888888888 0.5966796875 0.013888888888888888 0.591796875 0.036458333333333336 0.5830078125
1 0.3125 0.5830078125 0.3177083333333333 0.5849609375 0.3159722222222222 0.5888671875 0.3038194444444444 0.5927734375 0.2951388888888889 0.591796875 0.2951388888888889 0.587890625 0.3003472222222222 0.5849609375 0.3107638888888889 0.583984375
1 0.24479166666666666 0.6416015625 0.25 0.6435546875 0.25 0.646484375 0.234375 0.6533203125 0.22569444444444445 0.6533203125 0.2222222222222222 0.6494140625 0.2309027777777778 0.6435546875 0.24305555555555555 0.6416015625
1 0.359375 0.5654296875 0.3628472222222222 0.5673828125 0.3611111111111111 0.5703125 0.3541666666666667 0.57421875 0.3420138888888889 0.5771484375 0.3333333333333333 0.576171875 0.3333333333333333 0.5712890625 0.3454861111111111 0.5654296875 0.3576388888888889 0.5654296875
1 0.2708333333333333 0.6220703125 0.2725694444444444 0.6259765625 0.2638888888888889 0.630859375 0.2569444444444444 0.630859375 0.2552083333333333 0.62890625 0.2638888888888889 0.6220703125 0.2690972222222222 0.6220703125
1 0.1875 0.681640625 0.1909722222222222 0.6826171875 0.1892361111111111 0.6884765625 0.1736111111111111 0.6943359375 0.16666666666666666 0.6943359375 0.16319444444444445 0.6923828125 0.16493055555555555 0.6865234375 0.1736111111111111 0.681640625 0.1857638888888889 0.681640625
1 0.03819444444444445 0.7783203125 0.03819444444444445 0.783203125 0.026041666666666668 0.7900390625 0.015625 0.7919921875 0.015625 0.7861328125 0.026041666666666668 0.78125 0.036458333333333336 0.779296875
1 0.4288194444444444 0.53125 0.4305555555555556 0.5361328125 0.4149305555555556 0.541015625 0.4045138888888889 0.541015625 0.4027777777777778 0.5361328125 0.4149305555555556 0.53125 0.4270833333333333 0.53125
1 0.4253472222222222 0.52880859375 0.04513888888888889 0.0263671875
1 0.375 0.556640625 0.375 0.5537109375 0.3836805555555556 0.5498046875 0.3888888888888889 0.5498046875 0.390625 0.5537109375 0.3819444444444444 0.5576171875 0.3767361111111111 0.556640625
1 0.359375 0.5654296875 0.3628472222222222 0.5673828125 0.3611111111111111 0.5703125 0.3541666666666667 0.57421875 0.3420138888888889 0.5771484375 0.3333333333333333 0.576171875 0.3315972222222222 0.57421875 0.3350694444444444 0.5703125 0.3454861111111111 0.5654296875 0.3576388888888889 0.5654296875
1 0.4444444444444444 0.515625 0.4461805555555556 0.51953125 0.4375 0.5244140625 0.4270833333333333 0.5244140625 0.4253472222222222 0.521484375 0.4427083333333333 0.515625
1 0.12152777777777778 0.7294921875 0.1232638888888889 0.7333984375 0.11979166666666667 0.736328125 0.10590277777777778 0.7421875 0.09895833333333333 0.7412109375 0.10069444444444445 0.7373046875 0.11979166666666667 0.7294921875
