1 0.5659722222222222 0.556640625 0.5694444444444444 0.560546875 0.5677083333333334 0.572265625 0.5798611111111112 0.5771484375 0.5920138888888888 0.59765625 0.5954861111111112 0.6259765625 0.5920138888888888 0.630859375 0.5815972222222222 0.6259765625 0.578125 0.6279296875 0.5711805555555556 0.646484375 0.5694444444444444 0.6689453125 0.5607638888888888 0.6787109375 0.5451388888888888 0.6796875 0.5399305555555556 0.6826171875 0.5399305555555556 0.6884765625 0.53125 0.6875 0.5277777777777778 0.6826171875 0.5277777777777778 0.666015625 0.5225694444444444 0.642578125 0.5260416666666666 0.607421875 0.5104166666666666 0.5986328125 0.5104166666666666 0.59375 0.5208333333333334 0.580078125 0.5399305555555556 0.5712890625 0.5416666666666666 0.55859375 0.5520833333333334 0.5546875 0.5642361111111112 0.556640625
1 0.5746527777777778 0.783203125 0.5833333333333334 0.78515625 0.5885416666666666 0.791015625 0.5989583333333334 0.7890625 0.609375 0.7958984375 0.6232638888888888 0.7958984375 0.6354166666666666 0.802734375 0.6388888888888888 0.802734375 0.640625 0.814453125 0.6527777777777778 0.8212890625 0.6458333333333334 0.83203125 0.6371527777777778 0.8349609375 0.6041666666666666 0.8212890625 0.5989583333333334 0.81640625 0.5920138888888888 0.8212890625 0.5746527777777778 0.8203125 0.5711805555555556 0.8154296875 0.5833333333333334 0.8056640625 0.5746527777777778 0.7998046875 0.5711805555555556 0.7939453125 0.5625 0.7900390625 0.5746527777777778 0.7841796875
1 0.6527777777777778 0.791015625 0.6614583333333334 0.794921875 0.6614583333333334 0.80078125 0.6579861111111112 0.8037109375 0.6423611111111112 0.8037109375 0.6232638888888888 0.7998046875 0.6180555555555556 0.796875 0.6197916666666666 0.79296875 0.6267361111111112 0.7900390625 0.6510416666666666 0.791015625
1 0.8645833333333334 0.8583984375 0.8645833333333334 0.86328125 0.8715277777777778 0.8671875 0.875 0.8662109375 0.875 0.8623046875 0.8784722222222222 0.8623046875 0.8802083333333334 0.869140625 0.8767361111111112 0.873046875 0.8767361111111112 0.87890625 0.8732638888888888 0.880859375 0.8628472222222222 0.884765625 0.8541666666666666 0.884765625 0.8420138888888888 0.888671875 0.8333333333333334 0.88671875 0.8177083333333334 0.8916015625 0.8003472222222222 0.892578125 0.7760416666666666 0.88671875 0.7690972222222222 0.8818359375 0.7482638888888888 0.8798828125 0.75 0.875 0.7777777777777778 0.8662109375 0.7881944444444444 0.8662109375 0.8003472222222222 0.861328125 0.8333333333333334 0.8603515625 0.8524305555555556 0.86328125 0.8628472222222222 0.8583984375
1 0.9270833333333334 0.8779296875 0.9392361111111112 0.8828125 0.9427083333333334 0.88671875 0.9392361111111112 0.890625 0.921875 0.8955078125 0.9079861111111112 0.89453125 0.90625 0.88671875 0.9166666666666666 0.87890625 0.9253472222222222 0.8779296875
1 0.9565972222222222 0.9345703125 0.9652777777777778 0.9375 0.9947916666666666 0.9365234375 0.9965277777777778 0.9541015625 0.9930555555555556 0.9697265625 0.9791666666666666 0.9697265625 0.9583333333333334 0.966796875 0.9409722222222222 0.958984375 0.9184027777777778 0.955078125 0.9079861111111112 0.951171875 0.8940972222222222 0.9521484375 0.8888888888888888 0.94921875 0.9027777777777778 0.9423828125 0.921875 0.9423828125 0.9392361111111112 0.935546875 0.9548611111111112 0.9345703125
1 0.9288194444444444 0.8779296875 0.9583333333333334 0.8896484375 0.96875 0.896484375 0.9670138888888888 0.9091796875 0.9444444444444444 0.916015625 0.9357638888888888 0.9150390625 0.9305555555555556 0.912109375 0.9201388888888888 0.8984375 0.9045138888888888 0.8984375 0.8993055555555556 0.89453125 0.9079861111111112 0.8828125 0.9201388888888888 0.876953125 0.9270833333333334 0.8779296875
1 0.5416666666666666 0.7685546875 0.546875 0.7734375 0.5538194444444444 0.771484375 0.5642361111111112 0.771484375 0.5833333333333334 0.775390625 0.5920138888888888 0.78515625 0.6006944444444444 0.7890625 0.5989583333333334 0.7939453125 0.5850694444444444 0.7958984375 0.5711805555555556 0.7900390625 0.5381944444444444 0.787109375 0.5329861111111112 0.7841796875 0.53125 0.771484375 0.5399305555555556 0.76953125
1 0.7569444444444444 0.875 0.7725694444444444 0.8779296875 0.7934027777777778 0.8759765625 0.8038194444444444 0.8818359375 0.8211805555555556 0.8828125 0.8298611111111112 0.88671875 0.8263888888888888 0.8916015625 0.8211805555555556 0.892578125 0.796875 0.892578125 0.7743055555555556 0.88671875 0.765625 0.880859375 0.7430555555555556 0.8798828125 0.75 0.875 0.7552083333333334 0.875
1 0.8402777777777778 0.9033203125 0.8715277777777778 0.9072265625 0.8975694444444444 0.919921875 0.8975694444444444 0.923828125 0.8940972222222222 0.92578125 0.8628472222222222 0.93359375 0.8402777777777778 0.9287109375 0.828125 0.9208984375 0.8038194444444444 0.9140625 0.8038194444444444 0.9072265625 0.8177083333333334 0.904296875 0.8385416666666666 0.9033203125
1 0.9340277777777778 0.8798828125 0.9461805555555556 0.88671875 0.9600694444444444 0.890625 0.9774305555555556 0.90234375 0.9930555555555556 0.904296875 0.9947916666666666 0.90625 0.9965277777777778 0.95703125 0.9930555555555556 0.9697265625 0.9756944444444444 0.9697265625 0.9583333333333334 0.966796875 0.9444444444444444 0.9599609375 0.9288194444444444 0.9580078125 0.9079861111111112 0.9521484375 0.8802083333333334 0.9521484375 0.8958333333333334 0.943359375 0.9114583333333334 0.9384765625 0.9131944444444444 0.9404296875 0.921875 0.9404296875 0.9375 0.9345703125 0.9565972222222222 0.9326171875 0.9635416666666666 0.9296875 0.9635416666666666 0.9248046875 0.9565972222222222 0.9208984375 0.9496527777777778 0.9208984375 0.9444444444444444 0.9169921875 0.9357638888888888 0.9169921875 0.9288194444444444 0.9130859375 0.9236111111111112 0.900390625 0.9184027777777778 0.8974609375 0.9010416666666666 0.8974609375 0.9010416666666666 0.8935546875 0.9097222222222222 0.8828125 0.9201388888888888 0.8779296875 0.9322916666666666 0.8798828125
1 0.5911458333333334 0.8154296875 0.046875 0.015625
1 0.8350694444444444 0.85546875 0.8368055555555556 0.857421875 0.8402777777777778 0.85546875 0.8472222222222222 0.85546875 0.875 0.8583984375 0.8854166666666666 0.8623046875 0.9010416666666666 0.873046875 0.8958333333333334 0.8779296875 0.8767361111111112 0.8857421875 0.8784722222222222 0.890625 0.8697916666666666 0.890625 0.8663194444444444 0.8935546875 0.8697916666666666 0.896484375 0.8767361111111112 0.8974609375 0.8784722222222222 0.9013671875 0.8802083333333334 0.8974609375 0.8993055555555556 0.8896484375 0.9010416666666666 0.8837890625 0.9079861111111112 0.8828125 0.9149305555555556 0.8779296875 0.9253472222222222 0.8779296875 0.9322916666666666 0.8798828125 0.9652777777777778 0.8935546875 0.9739583333333334 0.900390625 0.9739583333333334 0.9072265625 0.96875 0.91015625 0.9670138888888888 0.91796875 0.9722222222222222 0.9208984375 0.9809027777777778 0.9208984375 0.9809027777777778 0.9326171875 0.9895833333333334 0.935546875 0.9930555555555556 0.93359375 0.9947916666666666 0.9375 0.9947916666666666 0.966796875 0.9895833333333334 0.9697265625 0.9739583333333334 0.9697265625 0.9565972222222222 0.966796875 0.9444444444444444 0.9599609375 0.921875 0.9560546875 0.9149305555555556 0.958984375 0.9079861111111112 0.9541015625 0.8993055555555556 0.9580078125 0.8888888888888888 0.9541015625 0.8732638888888888 0.9541015625 0.8715277777777778 0.9521484375 0.875 0.9453125 0.8715277777777778 0.9375 0.8663194444444444 0.9375 0.8472222222222222 0.9306640625 0.8333333333333334 0.9287109375 0.8194444444444444 0.921875 0.8055555555555556 0.9267578125 0.796875 0.923828125 0.7847222222222222 0.9287109375 0.7760416666666666 0.9287109375 0.7673611111111112 0.92578125 0.7586805555555556 0.919921875 0.7604166666666666 0.908203125 0.765625 0.9052734375 0.7864583333333334 0.9033203125 0.7916666666666666 0.896484375 0.7916666666666666 0.90234375 0.796875 0.90234375 0.8003472222222222 0.8994140625 0.7934027777777778 0.892578125 0.7760416666666666 0.8876953125 0.7673611111111112 0.8828125 0.7465277777777778 0.8798828125 0.75 0.875 0.7621527777777778 0.873046875 0.7743055555555556 0.8671875 0.7899305555555556 0.8662109375 0.7986111111111112 0.8623046875 0.828125 0.8603515625 0.8315972222222222 0.8583984375 0.8350694444444444 0.859375 0.8350694444444444 0.8564453125
1 0.6649305555555556 0.845703125 0.6770833333333334 0.84765625 0.6927083333333334 0.8466796875 0.7083333333333334 0.8515625 0.71875 0.859375 0.7204861111111112 0.8642578125 0.7013888888888888 0.869140625 0.6857638888888888 0.8671875 0.6788194444444444 0.86328125 0.6493055555555556 0.8662109375 0.640625 0.865234375 0.640625 0.8544921875 0.6631944444444444 0.845703125
1 0.6979166666666666 0.85888671875 0.04861111111111111 0.0205078125
1 0.8350694444444444 0.90234375 0.8680555555555556 0.90625 0.8975694444444444 0.919921875 0.8975694444444444 0.9248046875 0.8940972222222222 0.9267578125 0.8680555555555556 0.93359375 0.8559027777777778 0.93359375 0.8368055555555556 0.9287109375 0.8211805555555556 0.919921875 0.8072916666666666 0.9208984375 0.8055555555555556 0.9248046875 0.7951388888888888 0.923828125 0.7847222222222222 0.9287109375 0.7725694444444444 0.927734375 0.7586805555555556 0.9208984375 0.7569444444444444 0.9130859375 0.7604166666666666 0.9072265625 0.765625 0.9052734375 0.7899305555555556 0.904296875 0.8020833333333334 0.9072265625 0.8333333333333334 0.90234375
1 0.6371527777777778 0.6328125 0.640625 0.62890625 0.6475694444444444 0.6279296875 0.6597222222222222 0.62109375 0.671875 0.6171875 0.6979166666666666 0.6162109375 0.6996527777777778 0.619140625 0.6944444444444444 0.6220703125 0.6840277777777778 0.623046875 0.6527777777777778 0.6328125 0.6388888888888888 0.6337890625
1 0.6631944444444444 0.82421875 0.6892361111111112 0.8271484375 0.6979166666666666 0.8310546875 0.6979166666666666 0.8369140625 0.6857638888888888 0.8369140625 0.6736111111111112 0.83984375 0.6440972222222222 0.833984375 0.640625 0.8310546875 0.640625 0.8271484375 0.6510416666666666 0.8232421875 0.6614583333333334 0.82421875
1 0.7222222222222222 0.8056640625 0.7378472222222222 0.8095703125 0.7430555555555556 0.8134765625 0.7430555555555556 0.8173828125 0.7309027777777778 0.8232421875 0.7118055555555556 0.822265625 0.6875 0.8134765625 0.6875 0.8095703125 0.6961805555555556 0.806640625 0.7135416666666666 0.8046875 0.7204861111111112 0.8056640625
1 0.9427083333333334 0.88671875 0.9583333333333334 0.8896484375 0.9670138888888888 0.8974609375 0.9652777777777778 0.90625 0.9583333333333334 0.9111328125 0.9479166666666666 0.9140625 0.9340277777777778 0.9130859375 0.9305555555555556 0.9091796875 0.9305555555555556 0.8974609375 0.9392361111111112 0.892578125 0.9427083333333334 0.8876953125
1 0.5503472222222222 0.701171875 0.5607638888888888 0.7099609375 0.5625 0.724609375 0.5711805555555556 0.73046875 0.5729166666666666 0.7412109375 0.5763888888888888 0.7431640625 0.5833333333333334 0.7412109375 0.59375 0.748046875 0.59375 0.7509765625 0.6024305555555556 0.7548828125 0.6024305555555556 0.7578125 0.6163194444444444 0.76171875 0.6388888888888888 0.77734375 0.6475694444444444 0.7802734375 0.6527777777777778 0.7861328125 0.65625 0.7841796875 0.6597222222222222 0.787109375 0.6684027777777778 0.7861328125 0.6840277777777778 0.79296875 0.7361111111111112 0.80859375 0.7430555555555556 0.8134765625 0.75 0.814453125 0.7690972222222222 0.8232421875 0.7934027777777778 0.830078125 0.7986111111111112 0.8291015625 0.828125 0.8447265625 0.8298611111111112 0.8505859375 0.8385416666666666 0.849609375 0.8506944444444444 0.8515625 0.8888888888888888 0.8642578125 0.8993055555555556 0.8720703125 0.8975694444444444 0.8779296875 0.9010416666666666 0.8798828125 0.9027777777777778 0.87890625 0.90625 0.8828125 0.9149305555555556 0.8759765625 0.9618055555555556 0.8935546875 0.9652777777777778 0.90625 0.9600694444444444 0.91015625 0.9583333333333334 0.9169921875 0.9565972222222222 0.9150390625 0.9513888888888888 0.9169921875 0.9270833333333334 0.9169921875 0.9236111111111112 0.923828125 0.9270833333333334 0.92578125 0.9305555555555556 0.921875 0.9322916666666666 0.9228515625 0.9305555555555556 0.9287109375 0.9375 0.9375 0.9496527777777778 0.939453125 0.953125 0.9345703125 0.9583333333333334 0.9375 0.9739583333333334 0.9384765625 0.9670138888888888 0.9423828125 0.9670138888888888 0.9453125 0.9791666666666666 0.9501953125 0.9826388888888888 0.9482421875 0.9774305555555556 0.94140625 0.9861111111111112 0.9404296875 0.9895833333333334 0.9423828125 0.9913194444444444 0.9453125 0.9878472222222222 0.947265625 0.9878472222222222 0.951171875 0.9913194444444444 0.9541015625 0.9930555555555556 0.953125 0.9930555555555556 0.9638671875 0.9756944444444444 0.96875 0.9565972222222222 0.9677734375 0.9444444444444444 0.9599609375 0.9201388888888888 0.9609375 0.9131944444444444 0.966796875 0.9166666666666666 0.962890625 0.9097222222222222 0.9609375 0.9097222222222222 0.953125 0.9045138888888888 0.94921875 0.9079861111111112 0.9462890625 0.9131944444444444 0.9501953125 0.9166666666666666 0.947265625 0.921875 0.947265625 0.9270833333333334 0.943359375 0.921875 0.9404296875 0.8993055555555556 0.9404296875 0.8975694444444444 0.947265625 0.9010416666666666 0.94921875 0.8975694444444444 0.9521484375 0.8888888888888888 0.94921875 0.8819444444444444 0.953125 0.8732638888888888 0.9521484375 0.8663194444444444 0.9453125 0.8680555555555556 0.9423828125 0.8559027777777778 0.9365234375 0.8506944444444444 0.9365234375 0.8454861111111112 0.9306640625 0.8402777777777778 0.9326171875 0.8159722222222222 0.931640625 0.8125 0.93359375 0.8055555555555556 0.93359375 0.7986111111111112 0.931640625 0.7934027777777778 0.9248046875 0.7829861111111112 0.9287109375 0.7673611111111112 0.92578125 0.7586805555555556 0.91796875 0.7586805555555556 0.91015625 0.7621527777777778 0.90625 0.7690972222222222 0.9052734375 0.7708333333333334 0.9033203125 0.7604166666666666 0.9033203125 0.7586805555555556 0.8984375 0.75 0.8974609375 0.7517361111111112 0.890625 0.7586805555555556 0.888671875 0.7569444444444444 0.8818359375 0.7482638888888888 0.884765625 0.7482638888888888 0.888671875 0.7447916666666666 0.890625 0.7395833333333334 0.890625 0.7309027777777778 0.88671875 0.7309027777777778 0.8818359375 0.7204861111111112 0.8779296875 0.7170138888888888 0.880859375 0.7048611111111112 0.876953125 0.6909722222222222 0.876953125 0.6822916666666666 0.87890625 0.671875 0.8759765625 0.6666666666666666 0.87890625 0.6597222222222222 0.8759765625 0.6597222222222222 0.8701171875 0.6579861111111112 0.87109375 0.6510416666666666 0.8671875 0.6388888888888888 0.8671875 0.6302083333333334 0.86328125 0.6284722222222222 0.8486328125 0.6336805555555556 0.845703125 0.6319444444444444 0.841796875 0.6388888888888888 0.8359375 0.6354166666666666 0.8330078125 0.6284722222222222 0.8330078125 0.6284722222222222 0.841796875 0.6215277777777778 0.849609375 0.6163194444444444 0.8486328125 0.6163194444444444 0.84375 0.609375 0.84375 0.6076388888888888 0.8369140625 0.5920138888888888 0.8369140625 0.5868055555555556 0.8408203125 0.5850694444444444 0.8349609375 0.5885416666666666 0.8310546875 0.5850694444444444 0.8291015625 0.5815972222222222 0.83203125 0.5729166666666666 0.826171875 0.5677083333333334 0.830078125 0.5711805555555556 0.833984375 0.5694444444444444 0.8349609375 0.5642361111111112 0.833984375 0.5659722222222222 0.830078125 0.5607638888888888 0.8271484375 0.5555555555555556 0.8291015625 0.5538194444444444 0.828125 0.5538194444444444 0.8173828125 0.5607638888888888 0.814453125 0.5520833333333334 0.8056640625 0.5520833333333334 0.7998046875 0.5572916666666666 0.7978515625 0.5572916666666666 0.791015625 0.5486111111111112 0.7861328125 0.5364583333333334 0.787109375 0.5295138888888888 0.783203125 0.5243055555555556 0.7734375 0.515625 0.7685546875 0.5190972222222222 0.7587890625 0.5104166666666666 0.7490234375 0.4982638888888889 0.7412109375 0.5034722222222222 0.7333984375 0.4947916666666667 0.73046875 0.4895833333333333 0.7275390625 0.4895833333333333 0.724609375 0.4826388888888889 0.7216796875 0.4826388888888889 0.7177734375 0.5 0.7177734375 0.5034722222222222 0.712890625 0.5086805555555556 0.712890625 0.515625 0.708984375 0.5069444444444444 0.7060546875 0.5086805555555556 0.703125 0.5138888888888888 0.7060546875 0.5208333333333334 0.703125 0.5295138888888888 0.70703125 0.5399305555555556 0.7021484375 0.5399305555555556 0.6982421875 0.5486111111111112 0.701171875
1 0.7916666666666666 0.9052734375 0.8003472222222222 0.9091796875 0.8038194444444444 0.9189453125 0.7829861111111112 0.9296875 0.7725694444444444 0.9287109375 0.7569444444444444 0.9208984375 0.7569444444444444 0.9111328125 0.7604166666666666 0.9072265625 0.7690972222222222 0.904296875 0.7899305555555556 0.9052734375
1 0.5868055555555556 0.7724609375 0.6076388888888888 0.775390625 0.6163194444444444 0.779296875 0.6128472222222222 0.78515625 0.6059027777777778 0.787109375 0.6059027777777778 0.79296875 0.6006944444444444 0.7919921875 0.5798611111111112 0.779296875 0.578125 0.775390625 0.5850694444444444 0.7724609375
1 0.7690972222222222 0.8369140625 0.7847222222222222 0.8447265625 0.7847222222222222 0.8486328125 0.7760416666666666 0.8515625 0.7569444444444444 0.8505859375 0.7291666666666666 0.845703125 0.7204861111111112 0.8408203125 0.7204861111111112 0.837890625 0.7291666666666666 0.833984375 0.7517361111111112 0.833984375 0.7673611111111112 0.8369140625
1 0.5381944444444444 0.748046875 0.5711805555555556 0.7529296875 0.5729166666666666 0.7568359375 0.5642361111111112 0.765625 0.5538194444444444 0.7626953125 0.5260416666666666 0.765625 0.5173611111111112 0.76171875 0.5173611111111112 0.7548828125 0.5208333333333334 0.7509765625 0.5243055555555556 0.7490234375 0.5364583333333334 0.748046875
1 0.9930555555555556 0.904296875 0.9930555555555556 0.9375 0.9791666666666666 0.93359375 0.9756944444444444 0.9248046875 0.9791666666666666 0.91015625 0.9861111111111112 0.904296875 0.9913194444444444 0.904296875
1 0.8246527777777778 0.8623046875 0.8489583333333334 0.8642578125 0.8559027777777778 0.8671875 0.8559027777777778 0.8701171875 0.8611111111111112 0.873046875 0.8611111111111112 0.8779296875 0.8402777777777778 0.8837890625 0.8263888888888888 0.8837890625 0.8038194444444444 0.87890625 0.7916666666666666 0.869140625 0.7934027777777778 0.865234375 0.8003472222222222 0.8623046875 0.8229166666666666 0.8623046875
