1 0.9622467320261437 0.6920539215686274 0.02582516339869281 0.781218137254902 0.02582516339869281 0.9050416666666666 0.960186274509804 0.8728480392156863
1 0.029058823529411762 0.46874264705882357 0.96843954248366 0.46670833333333334 0.9849477124183007 0.600436274509804 0.0060163398692810455 0.6425367647058823
1 0.05392156862745098 0.9791666666666666 0.049019607843137254 0.041666666666666664
1 0.07434640522875817 0.928921568627451 0.029411764705882353 0.01715686274509804
1 0.15931372549019607 0.9448529411764706 0.03594771241830065 0.029411764705882353
1 0.14133986928104575 0.9865196078431373 0.0392156862745098 0.02696078431372549
1 0.20751633986928106 0.9730392156862745 0.029411764705882353 0.051470588235294115
1 0.3022875816993464 0.9791666666666666 0.06045751633986928 0.03431372549019608
1 0.33088235294117646 0.9215686274509803 0.07679738562091504 0.022058823529411766
1 0.39215686274509803 0.9546568627450981 0.05065359477124183 0.04411764705882353
1 0.40931372549019607 0.9105392156862745 0.03431372549019608 0.024509803921568627
1 0.5065359477124183 0.9044117647058824 0.03594771241830065 0.04411764705882353
1 0.49673202614379086 0.9534313725490197 0.0392156862745098 0.031862745098039214
1 0.571078431372549 0.9558823529411765 0.0392156862745098 0.041666666666666664
1 0.6674836601307189 0.9068627450980392 0.05065359477124183 0.022058823529411766
1 0.6617647058823529 0.9656862745098039 0.06209150326797386 0.041666666666666664
1 0.7124183006535948 0.9497549019607843 0.03104575163398693 0.03431372549019608
1 0.7843137254901961 0.9571078431372549 0.05392156862745098 0.04411764705882353
1 0.8169934640522876 0.9019607843137255 0.0392156862745098 0.031862745098039214
1 0.863562091503268 0.9399509803921569 0.03758169934640523 0.03431372549019608
1 0.15196078431372548 0.6703431372549019 0.05718954248366013 0.03431372549019608
1 0.28921568627450983 0.6752450980392157 0.058823529411764705 0.03676470588235294
1 0.352124183006536 0.6727941176470589 0.03758169934640523 0.04411764705882353
1 0.40441176470588236 0.6544117647058824 0.024509803921568627 0.0392156862745098
1 0.4624183006535948 0.6654411764705882 0.03104575163398693 0.0392156862745098
1 0.5269607843137255 0.6507352941176471 0.03758169934640523 0.02696078431372549
1 0.6013071895424836 0.6617647058823529 0.03758169934640523 0.049019607843137254
1 0.6503267973856209 0.6446078431372549 0.032679738562091505 0.029411764705882353
1 0.7075163398692811 0.6458333333333334 0.027777777777777776 0.04411764705882353
1 0.7549019607843137 0.6299019607843137 0.024509803921568627 0.04411764705882353
