1 0.7138461538461538 0.323559670781893 0.725 0.32664609053497945 0.7265384615384616 0.3281893004115226 0.7238461538461538 0.32947530864197533 0.6823076923076923 0.32767489711934156 0.6807692307692308 0.3245884773662551 0.686923076923077 0.32330246913580246 0.7134615384615385 0.323559670781893
1 0.8384615384615385 0.8027263374485597 0.88 0.8109567901234568 0.9042307692307693 0.8215020576131687 0.9073076923076923 0.8307613168724279 0.9465384615384616 0.8405349794238683 0.9538461538461539 0.845164609053498 0.955 0.8487654320987654 0.9503846153846154 0.8526234567901234 0.9396153846153846 0.8557098765432098 0.9188461538461539 0.8533950617283951 0.9011538461538462 0.8477366255144033 0.88 0.8485082304526749 0.8553846153846154 0.8364197530864198 0.8342307692307692 0.8356481481481481 0.8207692307692308 0.8315329218106996 0.8146153846153846 0.8245884773662552 0.8161538461538461 0.8109567901234568 0.821923076923077 0.8070987654320988 0.838076923076923 0.8027263374485597
1 0.6230769230769231 0.38940329218106995 0.6457692307692308 0.39737654320987653 0.645 0.400977366255144 0.6342307692307693 0.40149176954732513 0.6176923076923077 0.400977366255144 0.5846153846153846 0.39531893004115226 0.5842307692307692 0.393261316872428 0.5884615384615385 0.3917181069958848 0.6226923076923077 0.38940329218106995
1 0.7219230769230769 0.3377057613168724 0.7334615384615385 0.3420781893004115 0.7326923076923076 0.34516460905349794 0.7065384615384616 0.345679012345679 0.6796153846153846 0.3436213991769547 0.678076923076923 0.3410493827160494 0.6911538461538461 0.3377057613168724 0.7215384615384616 0.3377057613168724
1 0.7103846153846154 0.47608024691358025 0.7242307692307692 0.4791666666666667 0.7346153846153847 0.4876543209876543 0.7134615384615385 0.4940843621399177 0.6838461538461539 0.49228395061728397 0.6638461538461539 0.4879115226337449 0.685 0.47710905349794236 0.71 0.47608024691358025
1 0.7311538461538462 0.6257716049382716 0.7611538461538462 0.6301440329218106 0.7753846153846153 0.6370884773662552 0.7761538461538462 0.6440329218106996 0.7873076923076923 0.6507201646090535 0.7823076923076923 0.6545781893004116 0.7615384615384615 0.6525205761316872 0.7465384615384615 0.6553497942386831 0.7376923076923076 0.654320987654321 0.7273076923076923 0.6496913580246914 0.7103846153846154 0.6489197530864198 0.6984615384615385 0.6406893004115226 0.7173076923076923 0.6265432098765432 0.7307692307692307 0.6257716049382716
1 0.6538461538461539 0.5151748971193416 0.666923076923077 0.5185185185185185 0.6738461538461539 0.5236625514403292 0.6965384615384616 0.529835390946502 0.696923076923077 0.532664609053498 0.691923076923077 0.5342078189300411 0.6580769230769231 0.5354938271604939 0.6411538461538462 0.5313786008230452 0.6123076923076923 0.5295781893004116 0.6003846153846154 0.525977366255144 0.6023076923076923 0.5223765432098766 0.6123076923076923 0.5195473251028807 0.62 0.5200617283950617 0.6288461538461538 0.5154320987654321 0.6534615384615384 0.5151748971193416
1 0.6515384615384615 0.3492798353909465 0.6584615384615384 0.3500514403292181 0.6723076923076923 0.35725308641975306 0.6723076923076923 0.3595679012345679 0.6611538461538462 0.36059670781893005 0.6473076923076924 0.3603395061728395 0.6180769230769231 0.3557098765432099 0.6196153846153846 0.3523662551440329 0.6511538461538462 0.3492798353909465
1 0.833076923076923 0.7016460905349794 0.8523076923076923 0.7029320987654321 0.8734615384615385 0.7116769547325102 0.8753846153846154 0.7232510288065843 0.8703846153846154 0.727366255144033 0.87 0.7343106995884774 0.8661538461538462 0.7358539094650206 0.8507692307692307 0.7322530864197531 0.8126923076923077 0.7309670781893004 0.8126923076923077 0.727366255144033 0.8188461538461539 0.7237654320987654 0.795 0.7145061728395061 0.7965384615384615 0.7098765432098766 0.8103846153846154 0.7037037037037037 0.8326923076923077 0.7016460905349794
1 0.665 0.41435185185185186 0.6746153846153846 0.4156378600823045 0.68 0.4184670781893004 0.6792307692307692 0.4210390946502058 0.6684615384615384 0.426440329218107 0.6446153846153846 0.4256687242798354 0.6323076923076923 0.4218106995884774 0.6438461538461538 0.41640946502057613 0.6646153846153846 0.41435185185185186
1 0.6392307692307693 0.4403292181069959 0.6538461538461539 0.4426440329218107 0.675 0.4529320987654321 0.6723076923076923 0.4565329218106996 0.6603846153846153 0.4567901234567901 0.6403846153846153 0.4565329218106996 0.6284615384615385 0.4531893004115226 0.6003846153846154 0.4495884773662551 0.6026923076923076 0.4462448559670782 0.6153846153846154 0.44521604938271603 0.6230769230769231 0.44058641975308643 0.6388461538461538 0.4403292181069959
1 0.686923076923077 0.37165637860082307 0.7038461538461539 0.3765432098765432 0.703076923076923 0.37834362139917693 0.685 0.37834362139917693 0.6757692307692308 0.38040123456790126 0.6565384615384615 0.37988683127572015 0.6480769230769231 0.3765432098765432 0.6615384615384615 0.3724279835390947 0.6865384615384615 0.37165637860082307
1 0.7419230769230769 0.5648148148148148 0.7596153846153846 0.5673868312757202 0.7761538461538462 0.5725308641975309 0.7796153846153846 0.5776748971193416 0.7784615384615384 0.5799897119341564 0.7688461538461538 0.5835905349794238 0.765 0.5877057613168725 0.7596153846153846 0.5882201646090535 0.7265384615384616 0.5856481481481481 0.7253846153846154 0.5815329218106996 0.7165384615384616 0.5763888888888888 0.7176923076923077 0.5727880658436214 0.7307692307692307 0.5668724279835391 0.7415384615384616 0.5648148148148148
