1 0.4117647058823529 0.5945945945945946 0.4133986928104575 0.597051597051597 0.42320261437908496 0.597051597051597 0.43300653594771243 0.6044226044226044 0.43300653594771243 0.6117936117936118 0.4297385620915033 0.6142506142506142 0.42810457516339867 0.6216216216216216 0.4362745098039216 0.6314496314496314 0.4362745098039216 0.6388206388206388 0.434640522875817 0.6412776412776413 0.42320261437908496 0.6412776412776413 0.4117647058823529 0.6339066339066339 0.4068627450980392 0.6265356265356266 0.4068627450980392 0.6216216216216216 0.4150326797385621 0.6117936117936118 0.41013071895424835 0.6068796068796068 0.4084967320261438 0.601965601965602 0.41013071895424835 0.597051597051597
1 0.4820261437908497 0.6388206388206388 0.48856209150326796 0.6388206388206388 0.5 0.6461916461916462 0.5 0.6535626535626535 0.4950980392156863 0.6535626535626535 0.4820261437908497 0.6461916461916462 0.4820261437908497 0.6412776412776413
1 0.3349673202614379 0.5724815724815725 0.3464052287581699 0.5700245700245701 0.35294117647058826 0.5773955773955773 0.3464052287581699 0.5823095823095823 0.3415032679738562 0.5823095823095823 0.3366013071895425 0.5798525798525799 0.3349673202614379 0.5749385749385749
1 0.4395424836601307 0.7272727272727273 0.45588235294117646 0.7395577395577395 0.45588235294117646 0.7444717444717445 0.4477124183006536 0.7542997542997543 0.434640522875817 0.7542997542997543 0.4150326797385621 0.7444717444717445 0.4150326797385621 0.7395577395577395 0.4199346405228758 0.7321867321867321 0.43790849673202614 0.7272727272727273
1 0.5032679738562091 0.6658476658476659 0.511437908496732 0.6732186732186732 0.511437908496732 0.6805896805896806 0.5081699346405228 0.6855036855036855 0.4934640522875817 0.6855036855036855 0.48366013071895425 0.6781326781326781 0.4820261437908497 0.6732186732186732 0.48366013071895425 0.6658476658476659 0.5016339869281046 0.6658476658476659
1 0.48856209150326796 0.7027027027027027 0.49836601307189543 0.7100737100737101 0.5016339869281046 0.7174447174447175 0.5016339869281046 0.7223587223587223 0.4918300653594771 0.7297297297297297 0.4722222222222222 0.7272727272727273 0.46405228758169936 0.7223587223587223 0.46078431372549017 0.7174447174447175 0.46078431372549017 0.7100737100737101 0.46405228758169936 0.7051597051597052 0.4869281045751634 0.7027027027027027
1 0.40032679738562094 0.6461916461916462 0.4068627450980392 0.6486486486486487 0.4166666666666667 0.6584766584766585 0.4166666666666667 0.6633906633906634 0.4084967320261438 0.6732186732186732 0.3954248366013072 0.6732186732186732 0.38235294117647056 0.6633906633906634 0.38235294117647056 0.6535626535626535 0.3872549019607843 0.6486486486486487 0.39869281045751637 0.6461916461916462
1 0.41013071895424835 0.597051597051597 0.42320261437908496 0.597051597051597 0.43300653594771243 0.6044226044226044 0.43137254901960786 0.6117936117936118 0.4199346405228758 0.6117936117936118 0.4150326797385621 0.6093366093366094 0.41013071895424835 0.5995085995085995
1 0.41830065359477125 0.6167076167076168 0.434640522875817 0.628992628992629 0.4362745098039216 0.6339066339066339 0.434640522875817 0.6412776412776413 0.41830065359477125 0.6388206388206388 0.41013071895424835 0.6314496314496314 0.4084967320261438 0.6216216216216216 0.4166666666666667 0.6167076167076168
1 0.49019607843137253 0.5798525798525799 0.4950980392156863 0.5872235872235873 0.49019607843137253 0.5921375921375921 0.4869281045751634 0.5921375921375921 0.48366013071895425 0.5995085995085995 0.4738562091503268 0.5995085995085995 0.4673202614379085 0.5896805896805897 0.47875816993464054 0.5773955773955773 0.48856209150326796 0.5798525798525799
1 0.5735294117647058 0.6191646191646192 0.5849673202614379 0.6191646191646192 0.5898692810457516 0.6240786240786241 0.5898692810457516 0.628992628992629 0.5833333333333334 0.628992628992629 0.5735294117647058 0.6216216216216216
1 0.38480392156862747 0.7886977886977887 0.03594771241830065 0.04914004914004914
1 0.6323529411764706 0.5417690417690417 0.04411764705882353 0.029484029484029485
1 0.5473856209150327 0.538083538083538 0.0196078431372549 0.0171990171990172
1 0.5179738562091504 0.5687960687960688 0.0196078431372549 0.03931203931203931
1 0.23284313725490197 0.8304668304668305 0.05228758169934641 0.03931203931203931
1 0.2630718954248366 0.7555282555282555 0.04738562091503268 0.04176904176904177
1 0.40032679738562094 0.8427518427518428 0.05718954248366013 0.07371007371007371
