1 0.5208333333333334 0.5693359375 0.5243055555555556 0.572265625 0.5243055555555556 0.5849609375 0.5329861111111112 0.587890625 0.5381944444444444 0.5927734375 0.5451388888888888 0.609375 0.5451388888888888 0.6162109375 0.5381944444444444 0.619140625 0.5434027777777778 0.6328125 0.5416666666666666 0.666015625 0.5243055555555556 0.6865234375 0.5277777777777778 0.6982421875 0.5243055555555556 0.703125 0.5086805555555556 0.7021484375 0.4965277777777778 0.6962890625 0.4913194444444444 0.6630859375 0.484375 0.642578125 0.484375 0.619140625 0.4704861111111111 0.6162109375 0.4704861111111111 0.6064453125 0.4756944444444444 0.595703125 0.4791666666666667 0.591796875 0.4913194444444444 0.587890625 0.4965277777777778 0.5830078125 0.4947916666666667 0.5712890625 0.5034722222222222 0.5673828125 0.5190972222222222 0.5693359375
1 0.5520833333333334 0.83251953125 0.0625 0.029296875
1 0.6085069444444444 0.8623046875 0.036458333333333336 0.044921875
1 0.6276041666666666 0.91064453125 0.08333333333333333 0.0234375
1 0.6970486111111112 0.939453125 0.057291666666666664 0.033203125
1 0.7152777777777778 0.99072265625 0.06770833333333333 0.0185546875
1 0.5529513888888888 0.80029296875 0.029513888888888888 0.0224609375
1 0.5251736111111112 0.7783203125 0.06076388888888889 0.017578125
1 0.9114583333333334 0.919921875 0.052083333333333336 0.0322265625
1 0.84375 0.8544921875 0.046875 0.0341796875
