1 0.3300653594771242 0.6274509803921569 0.3382352941176471 0.6383442265795207 0.3382352941176471 0.644880174291939 0.32679738562091504 0.6535947712418301 0.3202614379084967 0.6557734204793029 0.31699346405228757 0.6535947712418301 0.3055555555555556 0.6666666666666666 0.29411764705882354 0.6688453159041394 0.2761437908496732 0.681917211328976 0.24183006535947713 0.681917211328976 0.23529411764705882 0.6797385620915033 0.23039215686274508 0.673202614379085 0.238562091503268 0.6623093681917211 0.25326797385620914 0.6557734204793029 0.2777777777777778 0.6383442265795207 0.2908496732026144 0.6383442265795207 0.29248366013071897 0.6405228758169934 0.2973856209150327 0.6361655773420479 0.3022875816993464 0.6361655773420479 0.315359477124183 0.6252723311546841 0.32679738562091504 0.6252723311546841 0.3284313725490196 0.6274509803921569
1 0.6748366013071896 0.5294117647058824 0.6781045751633987 0.5359477124183006 0.6748366013071896 0.5424836601307189 0.6617647058823529 0.5468409586056645 0.6421568627450981 0.5620915032679739 0.6274509803921569 0.5642701525054467 0.6258169934640523 0.5664488017429193 0.6078431372549019 0.5664488017429193 0.5964052287581699 0.5620915032679739 0.5947712418300654 0.5555555555555556 0.6029411764705882 0.5446623093681917 0.6176470588235294 0.5359477124183006 0.6356209150326797 0.5337690631808278 0.6470588235294118 0.5272331154684096 0.6715686274509803 0.5272331154684096 0.673202614379085 0.5294117647058824
1 0.7826797385620915 0.46187363834422657 0.7843137254901961 0.46405228758169936 0.7941176470588235 0.46405228758169936 0.8088235294117647 0.4684095860566449 0.8218954248366013 0.477124183006536 0.8251633986928104 0.48366013071895425 0.8202614379084967 0.49019607843137253 0.8137254901960784 0.49019607843137253 0.8120915032679739 0.4923747276688453 0.7663398692810458 0.4923747276688453 0.7647058823529411 0.49455337690631807 0.7532679738562091 0.49455337690631807 0.7516339869281046 0.4923747276688453 0.7369281045751634 0.49019607843137253 0.7303921568627451 0.48366013071895425 0.7303921568627451 0.4793028322440087 0.7369281045751634 0.47058823529411764 0.7450980392156863 0.4662309368191721 0.7549019607843137 0.4662309368191721 0.7663398692810458 0.46187363834422657 0.7810457516339869 0.46187363834422657
1 0.24019607843137256 0.41830065359477125 0.24509803921568626 0.420479302832244 0.24673202614379086 0.43137254901960786 0.23039215686274508 0.44880174291938996 0.22058823529411764 0.44880174291938996 0.21895424836601307 0.45098039215686275 0.20588235294117646 0.44880174291938996 0.20261437908496732 0.43790849673202614 0.2042483660130719 0.43137254901960786 0.22058823529411764 0.420479302832244 0.238562091503268 0.41830065359477125
1 0.12745098039215685 0.47276688453159044 0.12908496732026145 0.477124183006536 0.12418300653594772 0.48366013071895425 0.11437908496732026 0.49019607843137253 0.10947712418300654 0.49019607843137253 0.10294117647058823 0.49455337690631807 0.0915032679738562 0.49455337690631807 0.08986928104575163 0.49673202614379086 0.07352941176470588 0.49673202614379086 0.0718954248366013 0.49455337690631807 0.07516339869281045 0.49019607843137253 0.11437908496732026 0.47276688453159044 0.12581699346405228 0.47276688453159044
1 0.23529411764705882 0.49019607843137253 0.24019607843137256 0.49455337690631807 0.24019607843137256 0.5119825708061002 0.24183006535947713 0.514161220043573 0.24019607843137256 0.5272331154684096 0.22549019607843138 0.5468409586056645 0.20751633986928106 0.5533769063180828 0.18790849673202614 0.55119825708061 0.18627450980392157 0.5468409586056645 0.18790849673202614 0.5359477124183006 0.19607843137254902 0.5228758169934641 0.19934640522875818 0.5119825708061002 0.20751633986928106 0.5010893246187363 0.2222222222222222 0.49019607843137253 0.23366013071895425 0.49019607843137253
1 0.21405228758169934 0.2222222222222222 0.21241830065359477 0.22875816993464052 0.19444444444444445 0.23965141612200436 0.18790849673202614 0.23965141612200436 0.18627450980392157 0.2374727668845316 0.18627450980392157 0.23311546840958605 0.1895424836601307 0.22875816993464052 0.1977124183006536 0.2222222222222222 0.21241830065359477 0.2222222222222222
1 0.06045751633986928 0.29411764705882354 0.07516339869281045 0.2984749455337691 0.0784313725490196 0.3028322440087146 0.0784313725490196 0.30718954248366015 0.07026143790849673 0.3137254901960784 0.06045751633986928 0.3137254901960784 0.0457516339869281 0.3202614379084967 0.021241830065359478 0.3202614379084967 0.00980392156862745 0.3159041394335512 0.016339869281045753 0.3093681917211329 0.04738562091503268 0.2962962962962963 0.058823529411764705 0.29411764705882354
1 0.08986928104575163 0.6078431372549019 0.09967320261437909 0.616557734204793 0.09967320261437909 0.6296296296296297 0.10294117647058823 0.6339869281045751 0.11274509803921569 0.6427015250544662 0.12581699346405228 0.6492374727668845 0.13071895424836602 0.6557734204793029 0.13071895424836602 0.6601307189542484 0.10457516339869281 0.6775599128540305 0.08333333333333333 0.6775599128540305 0.0718954248366013 0.6710239651416122 0.06699346405228758 0.6710239651416122 0.06045751633986928 0.6753812636165577 0.05065359477124183 0.6884531590413944 0.0457516339869281 0.690631808278867 0.032679738562091505 0.6884531590413944 0.02287581699346405 0.6753812636165577 0.006535947712418301 0.6775599128540305 0 0.673202614379085 0 0.6514161220043573 0.027777777777777776 0.6318082788671024 0.049019607843137254 0.6274509803921569 0.06699346405228758 0.6122004357298475 0.08823529411764706 0.6078431372549019
1 0.25326797385620914 0.22440087145969498 0.2679738562091503 0.22875816993464052 0.2679738562091503 0.23311546840958605 0.2647058823529412 0.2374727668845316 0.2581699346405229 0.23965141612200436 0.24673202614379086 0.23965141612200436 0.24019607843137256 0.23529411764705882 0.24183006535947713 0.22875816993464052 0.25163398692810457 0.22440087145969498
1 0.09967320261437909 0.3159041394335512 0.1111111111111111 0.3093681917211329 0.11601307189542484 0.3093681917211329 0.12745098039215685 0.3006535947712418 0.13725490196078433 0.3028322440087146 0.13725490196078433 0.30718954248366015 0.12908496732026145 0.31808278867102396 0.119281045751634 0.3224400871459695 0.10130718954248366 0.32461873638344224 0.09803921568627451 0.3224400871459695 0.09967320261437909 0.31808278867102396
1 0.08986928104575163 0.2788671023965142 0.09313725490196079 0.27450980392156865 0.11437908496732026 0.2636165577342048 0.1388888888888889 0.2679738562091503 0.1388888888888889 0.27233115468409586 0.13398692810457516 0.2788671023965142 0.11764705882352941 0.2766884531590414 0.10620915032679738 0.28104575163398693 0.0915032679738562 0.28104575163398693
1 0.07679738562091504 0.3616557734204793 0.08006535947712418 0.3681917211328976 0.07516339869281045 0.3790849673202614 0.05228758169934641 0.3899782135076253 0.032679738562091505 0.3899782135076253 0.03104575163398693 0.38562091503267976 0.032679738562091505 0.3790849673202614 0.06209150326797386 0.35947712418300654 0.07516339869281045 0.3616557734204793
1 0.5163398692810458 0.5577342047930284 0.5212418300653595 0.5642701525054467 0.5212418300653595 0.5708061002178649 0.511437908496732 0.579520697167756 0.47058823529411764 0.5773420479302832 0.4526143790849673 0.5838779956427015 0.44281045751633985 0.5838779956427015 0.43300653594771243 0.5773420479302832 0.43137254901960786 0.5708061002178649 0.43300653594771243 0.5664488017429193 0.4444444444444444 0.5555555555555556 0.4852941176470588 0.5555555555555556 0.4869281045751634 0.5577342047930284 0.48856209150326796 0.5555555555555556 0.5130718954248366 0.5555555555555556 0.5147058823529411 0.5577342047930284
1 0.3349673202614379 0.3464052287581699 0.3431372549019608 0.35076252723311546 0.35130718954248363 0.3681917211328976 0.3480392156862745 0.3769063180827887 0.3284313725490196 0.38344226579520696 0.31209150326797386 0.3812636165577342 0.3088235294117647 0.3790849673202614 0.3088235294117647 0.37254901960784315 0.32516339869281047 0.3485838779956427 0.3333333333333333 0.3464052287581699
