1 0.4100985221674877 0.9264705882352942 0.13054187192118227 0.06535947712418301
1 0.2019704433497537 0.9558823529411765 0.09113300492610837 0.07026143790849673
1 0.2857142857142857 0.8733660130718954 0.0960591133004926 0.058823529411764705
1 0.24753694581280788 0.8382352941176471 0.07635467980295567 0.024509803921568627
1 0.5344827586206896 0.8553921568627451 0.09852216748768473 0.07026143790849673
1 0.6637931034482759 0.9084967320261438 0.06403940886699508 0.06209150326797386
1 0.6921182266009852 0.8504901960784313 0.1206896551724138 0.04411764705882353
1 0.6588669950738916 0.7949346405228758 0.0960591133004926 0.03758169934640523
1 0.6268472906403941 0.7418300653594772 0.07881773399014778 0.049019607843137254
1 0.5455665024630542 0.7467320261437909 0.09113300492610837 0.04411764705882353
1 0.6748768472906403 0.6936274509803921 0.08620689655172414 0.05228758169934641
1 0.9248768472906403 0.8349673202614379 0.10837438423645321 0.05718954248366013
1 0.9679802955665024 0.9419934640522876 0.06403940886699508 0.08006535947712418
1 0.7524630541871922 0.9493464052287581 0.12561576354679804 0.05065359477124183
1 0.8152709359605911 0.8897058823529411 0.0960591133004926 0.0457516339869281
