1 0.6775 0.7636022514071295 0.085 0.15384615384615385
1 0.511875 0.7861163227016885 0.09125 0.1350844277673546
1 0.336875 0.6941838649155723 0.11125 0.0975609756097561
1 0.293125 0.5609756097560976 0.05375 0.075046904315197
1 0.205625 0.4699812382739212 0.06125 0.06191369606003752
1 0.516875 0.6332082551594747 0.09125 0.08818011257035648
1 0.49625 0.4924953095684803 0.0425 0.08818011257035648
1 0.415625 0.424953095684803 0.05625 0.06191369606003752
1 0.38 0.3602251407129456 0.0375 0.05628517823639775
1 0.19125 0.3977485928705441 0.0375 0.03377110694183865
1 0.358125 0.31050656660412757 0.02875 0.028142589118198873
