1 0.3505859375 0.820250284414107 0.1005859375 0.1217292377701934
1 0.29638671875 0.6092150170648464 0.0751953125 0.10921501706484642
1 0.50634765625 0.4459613196814562 0.060546875 0.07849829351535836
1 0.50537109375 0.7974971558589306 0.0537109375 0.22866894197952217
1 0.68408203125 0.9465301478953356 0.0693359375 0.10693970420932879
1 0.47021484375 0.313424345847554 0.0517578125 0.09101251422070535
1 0.48583984375 0.22525597269624573 0.0341796875 0.07508532423208192
1 0.56787109375 0.313424345847554 0.0517578125 0.09101251422070535
1 0.87353515625 0.3890784982935154 0.072265625 0.08873720136518772
1 0.75439453125 0.21160409556313994 0.0390625 0.08191126279863481
1 0.80419921875 0.17235494880546076 0.0458984375 0.08304891922639362
1 0.8779296875 0.22582480091012513 0.0322265625 0.06370875995449374
1 0.93798828125 0.2974971558589306 0.0546875 0.06484641638225255
