1 0.40032679738562094 0.6151960784313726 0.4133986928104575 0.625 0.41830065359477125 0.6225490196078431 0.4362745098039216 0.6225490196078431 0.4411764705882353 0.6274509803921569 0.4444444444444444 0.6323529411764706 0.44607843137254904 0.6421568627450981 0.4444444444444444 0.6666666666666666 0.4526143790849673 0.6936274509803921 0.4526143790849673 0.7107843137254902 0.4411764705882353 0.7450980392156863 0.42483660130718953 0.7671568627450981 0.40032679738562094 0.7769607843137255 0.38235294117647056 0.7769607843137255 0.3660130718954248 0.7671568627450981 0.35784313725490197 0.7549019607843137 0.35294117647058826 0.7401960784313726 0.35294117647058826 0.7230392156862745 0.3562091503267974 0.7107843137254902 0.369281045751634 0.6911764705882353 0.38235294117647056 0.6813725490196079 0.3888888888888889 0.6715686274509803 0.3888888888888889 0.6666666666666666 0.380718954248366 0.6593137254901961 0.380718954248366 0.6446078431372549 0.3888888888888889 0.625 0.39869281045751637 0.6151960784313726
1 0.5816993464052288 0.25735294117647056 0.5833333333333334 0.25980392156862747 0.5898692810457516 0.25735294117647056 0.6013071895424836 0.25980392156862747 0.6094771241830066 0.2769607843137255 0.6225490196078431 0.29411764705882354 0.6470588235294118 0.30637254901960786 0.6617647058823529 0.3235294117647059 0.6650326797385621 0.33088235294117646 0.6650326797385621 0.33578431372549017 0.6715686274509803 0.34558823529411764 0.673202614379085 0.35294117647058826 0.6650326797385621 0.36519607843137253 0.6519607843137255 0.37254901960784315 0.6421568627450981 0.37254901960784315 0.6258169934640523 0.36519607843137253 0.6111111111111112 0.3431372549019608 0.6013071895424836 0.3333333333333333 0.5833333333333334 0.3014705882352941 0.5702614379084967 0.29411764705882354 0.5702614379084967 0.2867647058823529 0.5735294117647058 0.2818627450980392 0.5718954248366013 0.25735294117647056 0.5735294117647058 0.2549019607843137 0.5800653594771242 0.25735294117647056
1 0.6421568627450981 0.30392156862745096 0.6552287581699346 0.3137254901960784 0.6633986928104575 0.32598039215686275 0.6650326797385621 0.33578431372549017 0.673202614379085 0.3480392156862745 0.673202614379085 0.3553921568627451 0.6683006535947712 0.3627450980392157 0.6535947712418301 0.37254901960784315 0.6388888888888888 0.37254901960784315 0.6225490196078431 0.3627450980392157 0.5898692810457516 0.3137254901960784 0.5898692810457516 0.3088235294117647 0.6176470588235294 0.3014705882352941 0.6209150326797386 0.2965686274509804 0.6290849673202614 0.2965686274509804 0.6405228758169934 0.30392156862745096
1 0.7696078431372549 0.7083333333333334 0.7810457516339869 0.7156862745098039 0.7892156862745098 0.7254901960784313 0.8006535947712419 0.7426470588235294 0.8088235294117647 0.7598039215686274 0.8333333333333334 0.7794117647058824 0.8447712418300654 0.7916666666666666 0.8790849673202614 0.8406862745098039 0.8921568627450981 0.8676470588235294 0.9003267973856209 0.8970588235294118 0.9003267973856209 0.9044117647058824 0.8954248366013072 0.9215686274509803 0.8888888888888888 0.9313725490196079 0.8823529411764706 0.9338235294117647 0.8725490196078431 0.9338235294117647 0.8594771241830066 0.9240196078431373 0.8545751633986928 0.9240196078431373 0.8415032679738562 0.9166666666666666 0.7990196078431373 0.8823529411764706 0.7875816993464052 0.8627450980392157 0.7777777777777778 0.8382352941176471 0.7728758169934641 0.8112745098039216 0.7663398692810458 0.7941176470588235 0.761437908496732 0.7867647058823529 0.7483660130718954 0.7843137254901961 0.7418300653594772 0.7769607843137255 0.7352941176470589 0.7745098039215687 0.7156862745098039 0.7475490196078431 0.7140522875816994 0.7401960784313726 0.7156862745098039 0.7377450980392157 0.7156862745098039 0.7279411764705882 0.7173202614379085 0.7205882352941176 0.7222222222222222 0.7132352941176471 0.7483660130718954 0.7132352941176471 0.7565359477124183 0.7083333333333334 0.7679738562091504 0.7083333333333334
1 0.18137254901960784 0.9068627450980392 0.1895424836601307 0.9068627450980392 0.18790849673202614 0.9093137254901961 0.19281045751633988 0.9166666666666666 0.1977124183006536 0.9191176470588235 0.2173202614379085 0.9191176470588235 0.21895424836601307 0.9166666666666666 0.22712418300653595 0.9191176470588235 0.22712418300653595 0.9436274509803921 0.21241830065359477 0.9754901960784313 0.20098039215686275 0.9926470588235294 0.1977124183006536 0.9950980392156863 0.17320261437908496 0.9950980392156863 0.1715686274509804 0.9975490196078431 0.16830065359477125 0.9950980392156863 0.1650326797385621 0.9975490196078431 0.16176470588235295 0.9950980392156863 0.1503267973856209 0.9950980392156863 0.14705882352941177 0.9852941176470589 0.14705882352941177 0.9779411764705882 0.15359477124183007 0.9485294117647058 0.16339869281045752 0.928921568627451 0.18137254901960784 0.9093137254901961
1 0.5081699346405228 0.17647058823529413 0.5098039215686274 0.17892156862745098 0.5228758169934641 0.17892156862745098 0.5343137254901961 0.18382352941176472 0.5375816993464052 0.18872549019607843 0.5375816993464052 0.19362745098039216 0.5343137254901961 0.19852941176470587 0.5277777777777778 0.19852941176470587 0.5261437908496732 0.20098039215686275 0.4950980392156863 0.19852941176470587 0.4918300653594771 0.19607843137254902 0.49019607843137253 0.19362745098039216 0.49019607843137253 0.1715686274509804 0.4934640522875817 0.1642156862745098 0.49836601307189543 0.1642156862745098 0.5065359477124183 0.17647058823529413
1 0.38562091503267976 0.18872549019607843 0.3872549019607843 0.19117647058823528 0.4035947712418301 0.19362745098039216 0.4084967320261438 0.19852941176470587 0.40522875816993464 0.20588235294117646 0.4019607843137255 0.20588235294117646 0.39705882352941174 0.21323529411764705 0.40032679738562094 0.22794117647058823 0.39705882352941174 0.23284313725490197 0.39052287581699346 0.23284313725490197 0.3888888888888889 0.23529411764705882 0.3660130718954248 0.23284313725490197 0.3562091503267974 0.22549019607843138 0.3545751633986928 0.22058823529411764 0.35784313725490197 0.19607843137254902 0.3611111111111111 0.19117647058823528 0.3660130718954248 0.18872549019607843 0.3839869281045752 0.18872549019607843
1 0.380718954248366 0.1568627450980392 0.38235294117647056 0.15931372549019607 0.40032679738562094 0.16176470588235295 0.4068627450980392 0.16666666666666666 0.4166666666666667 0.16911764705882354 0.4199346405228758 0.17401960784313725 0.4199346405228758 0.18137254901960784 0.4133986928104575 0.18872549019607843 0.38562091503267976 0.18627450980392157 0.3758169934640523 0.17892156862745098 0.36437908496732024 0.17647058823529413 0.3464052287581699 0.16666666666666666 0.3464052287581699 0.16176470588235295 0.35130718954248363 0.1568627450980392 0.3611111111111111 0.1568627450980392 0.3627450980392157 0.15441176470588236 0.3790849673202614 0.1568627450980392
1 0.2875816993464052 0.0661764705882353 0.28921568627450983 0.06862745098039216 0.28921568627450983 0.0784313725490196 0.2777777777777778 0.0857843137254902 0.24836601307189543 0.08333333333333333 0.24019607843137256 0.07598039215686274 0.2238562091503268 0.07352941176470588 0.2238562091503268 0.06862745098039216 0.22712418300653595 0.0661764705882353 0.24836601307189543 0.0661764705882353 0.25 0.06372549019607843 0.2777777777777778 0.06372549019607843 0.27941176470588236 0.0661764705882353 0.28594771241830064 0.0661764705882353
1 0.29248366013071897 0.11274509803921569 0.3006535947712418 0.12745098039215685 0.3006535947712418 0.13725490196078433 0.2973856209150327 0.14215686274509803 0.28921568627450983 0.14705882352941177 0.2777777777777778 0.14705882352941177 0.26633986928104575 0.14215686274509803 0.2581699346405229 0.13480392156862744 0.2581699346405229 0.12745098039215685 0.25980392156862747 0.11764705882352941 0.26633986928104575 0.11274509803921569 0.2908496732026144 0.11274509803921569
1 0.15849673202614378 0.04411764705882353 0.16013071895424835 0.04656862745098039 0.16993464052287582 0.04656862745098039 0.184640522875817 0.056372549019607844 0.19281045751633988 0.056372549019607844 0.1781045751633987 0.06372549019607843 0.1437908496732026 0.06372549019607843 0.14052287581699346 0.061274509803921566 0.1388888888888889 0.056372549019607844 0.14215686274509803 0.04656862745098039 0.1454248366013072 0.04411764705882353 0.1568627450980392 0.04411764705882353
1 0.5473856209150327 0.24509803921568626 0.5637254901960784 0.27941176470588236 0.5637254901960784 0.28921568627450983 0.5506535947712419 0.3014705882352941 0.5343137254901961 0.3014705882352941 0.5212418300653595 0.2916666666666667 0.5147058823529411 0.2818627450980392 0.5147058823529411 0.26715686274509803 0.5098039215686274 0.25 0.5163398692810458 0.2426470588235294 0.5228758169934641 0.2426470588235294 0.5245098039215687 0.24019607843137256 0.5441176470588235 0.2426470588235294 0.545751633986928 0.24509803921568626
1 0.5098039215686274 0.11274509803921569 0.5147058823529411 0.10784313725490197 0.5212418300653595 0.10784313725490197 0.5228758169934641 0.1053921568627451 0.5392156862745098 0.10784313725490197 0.553921568627451 0.12009803921568628 0.5604575163398693 0.12009803921568628 0.5669934640522876 0.125 0.5735294117647058 0.13480392156862744 0.5735294117647058 0.14215686274509803 0.5686274509803921 0.14705882352941177 0.5506535947712419 0.14705882352941177 0.5441176470588235 0.14215686274509803 0.5343137254901961 0.13970588235294118 0.5245098039215687 0.12254901960784313 0.5179738562091504 0.12254901960784313 0.5098039215686274 0.11519607843137254
1 0.576797385620915 0.4019607843137255 0.5833333333333334 0.4166666666666667 0.5996732026143791 0.4411764705882353 0.6127450980392157 0.4485294117647059 0.6258169934640523 0.45098039215686275 0.6323529411764706 0.4583333333333333 0.6339869281045751 0.4730392156862745 0.6258169934640523 0.49019607843137253 0.6258169934640523 0.4950980392156863 0.6356209150326797 0.5122549019607843 0.6405228758169934 0.5269607843137255 0.6405228758169934 0.5465686274509803 0.630718954248366 0.5735294117647058 0.630718954248366 0.5784313725490197 0.6258169934640523 0.5882352941176471 0.6143790849673203 0.5955882352941176 0.5996732026143791 0.5955882352941176 0.5980392156862745 0.5931372549019608 0.5849673202614379 0.5906862745098039 0.5604575163398693 0.5637254901960784 0.5555555555555556 0.5465686274509803 0.5555555555555556 0.5245098039215687 0.5588235294117647 0.5147058823529411 0.5686274509803921 0.5 0.5735294117647058 0.4877450980392157 0.5735294117647058 0.47549019607843135 0.5718954248366013 0.4730392156862745 0.5735294117647058 0.45098039215686275 0.5702614379084967 0.4411764705882353 0.5702614379084967 0.4338235294117647 0.5735294117647058 0.42892156862745096 0.5751633986928104 0.4068627450980392 0.576797385620915 0.40441176470588236
1 0.5245098039215687 0.41911764705882354 0.5261437908496732 0.4215686274509804 0.5326797385620915 0.4215686274509804 0.5408496732026143 0.43137254901960786 0.5424836601307189 0.4411764705882353 0.5392156862745098 0.45098039215686275 0.5212418300653595 0.46568627450980393 0.5196078431372549 0.47058823529411764 0.5196078431372549 0.49019607843137253 0.5081699346405228 0.5073529411764706 0.49673202614379086 0.5171568627450981 0.4722222222222222 0.5294117647058824 0.4493464052287582 0.5294117647058824 0.4411764705882353 0.5196078431372549 0.4395424836601307 0.5122549019607843 0.4395424836601307 0.4877450980392157 0.44281045751633985 0.47549019607843135 0.45098039215686275 0.4632352941176471 0.46895424836601307 0.4534313725490196 0.477124183006536 0.44607843137254904 0.48366013071895425 0.4338235294117647 0.4934640522875817 0.42401960784313725 0.49836601307189543 0.42401960784313725 0.5049019607843137 0.41911764705882354 0.5228758169934641 0.41911764705882354
1 0.4803921568627451 0.05392156862745098 0.4820261437908497 0.056372549019607844 0.49673202614379086 0.056372549019607844 0.511437908496732 0.06372549019607843 0.511437908496732 0.07107843137254902 0.5032679738562091 0.08333333333333333 0.47875816993464054 0.08333333333333333 0.46895424836601307 0.0784313725490196 0.4673202614379085 0.07107843137254902 0.47058823529411764 0.06372549019607843 0.47058823529411764 0.058823529411764705 0.47875816993464054 0.05392156862745098
1 0.380718954248366 0.1568627450980392 0.3888888888888889 0.16176470588235295 0.40032679738562094 0.16176470588235295 0.4199346405228758 0.17401960784313725 0.4199346405228758 0.18137254901960784 0.4166666666666667 0.18627450980392157 0.4084967320261438 0.19117647058823528 0.41013071895424835 0.20098039215686275 0.4068627450980392 0.20588235294117646 0.4035947712418301 0.20588235294117646 0.39869281045751637 0.2107843137254902 0.40032679738562094 0.22794117647058823 0.39705882352941174 0.23284313725490197 0.39052287581699346 0.23529411764705882 0.3660130718954248 0.23284313725490197 0.3562091503267974 0.22549019607843138 0.3545751633986928 0.22058823529411764 0.35784313725490197 0.19607843137254902 0.3660130718954248 0.18872549019607843 0.3758169934640523 0.18872549019607843 0.37745098039215685 0.18382352941176472 0.37254901960784315 0.17892156862745098 0.36764705882352944 0.17892156862745098 0.35784313725490197 0.1715686274509804 0.34967320261437906 0.16911764705882354 0.3464052287581699 0.16176470588235295 0.35294117647058826 0.1568627450980392 0.3611111111111111 0.1568627450980392 0.3627450980392157 0.15441176470588236 0.3790849673202614 0.1568627450980392
