1 0.6127450980392157 0.5514705882352942 0.6160130718954249 0.5563725490196079 0.6143790849673203 0.571078431372549 0.6013071895424836 0.5833333333333334 0.5866013071895425 0.5906862745098039 0.5751633986928104 0.5906862745098039 0.5751633986928104 0.5857843137254902 0.5833333333333334 0.5784313725490197 0.5915032679738562 0.5661764705882353 0.5931372549019608 0.5588235294117647 0.6111111111111112 0.5514705882352942
1 0.9787581699346405 0.8186274509803921 0.9983660130718954 0.8259803921568627 0.9983660130718954 0.8872549019607843 0.9705882352941176 0.9068627450980392 0.946078431372549 0.9117647058823529 0.934640522875817 0.9166666666666666 0.9313725490196079 0.9215686274509803 0.9297385620915033 0.9313725490196079 0.9362745098039216 0.9583333333333334 0.9362745098039216 0.9656862745098039 0.9395424836601307 0.9705882352941176 0.9379084967320261 0.9926470588235294 0.9313725490196079 0.9975490196078431 0.9052287581699346 0.9975490196078431 0.9035947712418301 0.9950980392156863 0.9019607843137255 0.9975490196078431 0.8986928104575164 0.9950980392156863 0.8937908496732027 0.9975490196078431 0.8921568627450981 0.9950980392156863 0.869281045751634 0.9950980392156863 0.8676470588235294 0.9975490196078431 0.8415032679738562 0.9975490196078431 0.8398692810457516 0.9950980392156863 0.7875816993464052 0.9975490196078431 0.7859477124183006 0.9950980392156863 0.7712418300653595 0.9950980392156863 0.7696078431372549 0.9926470588235294 0.761437908496732 0.9926470588235294 0.7516339869281046 0.9975490196078431 0.7222222222222222 0.9975490196078431 0.7205882352941176 0.9950980392156863 0.7140522875816994 0.9975490196078431 0.6584967320261438 0.9975490196078431 0.6568627450980392 0.9950980392156863 0.6111111111111112 0.9975490196078431 0.6111111111111112 0.9901960784313726 0.6225490196078431 0.9754901960784313 0.6568627450980392 0.9485294117647058 0.6650326797385621 0.946078431372549 0.684640522875817 0.9313725490196079 0.704248366013072 0.9240196078431373 0.7091503267973857 0.9191176470588235 0.7287581699346405 0.9142156862745098 0.7369281045751634 0.9093137254901961 0.7434640522875817 0.9093137254901961 0.7630718954248366 0.8995098039215687 0.7794117647058824 0.8995098039215687 0.7924836601307189 0.8946078431372549 0.803921568627451 0.8946078431372549 0.8055555555555556 0.8921568627450981 0.8218954248366013 0.8897058823529411 0.8284313725490197 0.8848039215686274 0.8333333333333334 0.8848039215686274 0.8431372549019608 0.875 0.8643790849673203 0.8651960784313726 0.869281045751634 0.8602941176470589 0.8741830065359477 0.8602941176470589 0.880718954248366 0.8529411764705882 0.8872549019607843 0.8504901960784313 0.8986928104575164 0.8406862745098039 0.9166666666666666 0.8357843137254902 0.9411764705882353 0.8161764705882353 0.9689542483660131 0.8161764705882353 0.9705882352941176 0.8186274509803921 0.9771241830065359 0.8186274509803921
1 0.8611111111111112 0.8014705882352942 0.8741830065359477 0.8063725490196079 0.8839869281045751 0.8161764705882353 0.8872549019607843 0.821078431372549 0.8872549019607843 0.8284313725490197 0.8839869281045751 0.8333333333333334 0.869281045751634 0.8455882352941176 0.8545751633986928 0.8455882352941176 0.8529411764705882 0.8480392156862745 0.8235294117647058 0.8504901960784313 0.8218954248366013 0.8529411764705882 0.7892156862745098 0.8504901960784313 0.7826797385620915 0.8455882352941176 0.7810457516339869 0.8406862745098039 0.7859477124183006 0.8284313725490197 0.7973856209150327 0.821078431372549 0.803921568627451 0.8112745098039216 0.8104575163398693 0.8063725490196079 0.8366013071895425 0.803921568627451 0.8382352941176471 0.8014705882352942 0.8594771241830066 0.8014705882352942
1 0.5147058823529411 0.5882352941176471 0.5277777777777778 0.5808823529411765 0.5326797385620915 0.571078431372549 0.5424836601307189 0.5637254901960784 0.5555555555555556 0.5588235294117647 0.565359477124183 0.5490196078431373 0.576797385620915 0.5490196078431373 0.5751633986928104 0.553921568627451 0.5686274509803921 0.5588235294117647 0.5555555555555556 0.5759803921568627 0.5424836601307189 0.5857843137254902 0.5375816993464052 0.5857843137254902 0.5245098039215687 0.5931372549019608 0.5147058823529411 0.5931372549019608 0.5147058823529411 0.5906862745098039
1 0.5637254901960784 0.5269607843137255 0.5669934640522876 0.5318627450980392 0.5669934640522876 0.5367647058823529 0.5620915032679739 0.5441176470588235 0.5375816993464052 0.5637254901960784 0.5147058823529411 0.5735294117647058 0.5065359477124183 0.5735294117647058 0.5212418300653595 0.5637254901960784 0.5294117647058824 0.5514705882352942 0.5392156862745098 0.5441176470588235 0.5522875816993464 0.5392156862745098 0.5571895424836601 0.5294117647058824 0.5620915032679739 0.5269607843137255
1 0.7075163398692811 0.6838235294117647 0.7124183006535948 0.6862745098039216 0.7140522875816994 0.6936274509803921 0.7058823529411765 0.7058823529411765 0.696078431372549 0.7132352941176471 0.6911764705882353 0.7156862745098039 0.6633986928104575 0.7156862745098039 0.6601307189542484 0.7230392156862745 0.6568627450980392 0.7205882352941176 0.6486928104575164 0.7279411764705882 0.630718954248366 0.7352941176470589 0.619281045751634 0.7450980392156863 0.6029411764705882 0.7475490196078431 0.6013071895424836 0.75 0.5931372549019608 0.75 0.5882352941176471 0.7450980392156863 0.5882352941176471 0.7377450980392157 0.5947712418300654 0.7279411764705882 0.6160130718954249 0.7132352941176471 0.6356209150326797 0.7034313725490197 0.6388888888888888 0.6985294117647058 0.6454248366013072 0.6985294117647058 0.6552287581699346 0.6911764705882353 0.6666666666666666 0.6911764705882353 0.6764705882352942 0.6862745098039216 0.7058823529411765 0.6838235294117647
1 0.6421568627450981 0.6470588235294118 0.6535947712418301 0.6397058823529411 0.6683006535947712 0.6225490196078431 0.684640522875817 0.6200980392156863 0.696078431372549 0.6127450980392157 0.7026143790849673 0.6127450980392157 0.704248366013072 0.6102941176470589 0.7173202614379085 0.6127450980392157 0.7189542483660131 0.6225490196078431 0.7140522875816994 0.6299019607843137 0.6977124183006536 0.6421568627450981 0.6813725490196079 0.6593137254901961 0.6699346405228758 0.678921568627451 0.6535947712418301 0.6887254901960784 0.6486928104575164 0.6887254901960784 0.6356209150326797 0.696078431372549 0.6274509803921569 0.696078431372549 0.6258169934640523 0.6985294117647058 0.6160130718954249 0.6985294117647058 0.6127450980392157 0.696078431372549 0.6127450980392157 0.6911764705882353 0.6437908496732027 0.6519607843137255 0.6503267973856209 0.6519607843137255 0.6519607843137255 0.6495098039215687 0.6503267973856209 0.6470588235294118 0.6437908496732027 0.6470588235294118
1 0.7745098039215687 0.7671568627450981 0.7810457516339869 0.7745098039215687 0.7810457516339869 0.7892156862745098 0.7826797385620915 0.7916666666666666 0.7826797385620915 0.8014705882352942 0.7745098039215687 0.8137254901960784 0.7450980392156863 0.8333333333333334 0.7369281045751634 0.8357843137254902 0.7303921568627451 0.8431372549019608 0.7140522875816994 0.8529411764705882 0.7009803921568627 0.8553921568627451 0.6764705882352942 0.8676470588235294 0.6683006535947712 0.8676470588235294 0.6486928104575164 0.875 0.6356209150326797 0.875 0.6339869281045751 0.8774509803921569 0.6160130718954249 0.875 0.6078431372549019 0.8602941176470589 0.6078431372549019 0.8529411764705882 0.6209150326797386 0.8357843137254902 0.6797385620915033 0.7941176470588235 0.684640522875817 0.7941176470588235 0.7058823529411765 0.7818627450980392 0.7107843137254902 0.7818627450980392 0.7156862745098039 0.7769607843137255 0.738562091503268 0.7745098039215687 0.7549019607843137 0.7671568627450981 0.7728758169934641 0.7671568627450981
1 0.6683006535947712 0.7156862745098039 0.6699346405228758 0.7181372549019608 0.6977124183006536 0.7181372549019608 0.7026143790849673 0.7205882352941176 0.704248366013072 0.7254901960784313 0.6977124183006536 0.7450980392156863 0.6928104575163399 0.7524509803921569 0.6650326797385621 0.7745098039215687 0.6535947712418301 0.7794117647058824 0.6339869281045751 0.7941176470588235 0.6225490196078431 0.7990196078431373 0.5882352941176471 0.803921568627451 0.5866013071895425 0.8063725490196079 0.5784313725490197 0.8063725490196079 0.5669934640522876 0.7990196078431373 0.5735294117647058 0.7818627450980392 0.5816993464052288 0.7720588235294118 0.6013071895424836 0.7573529411764706 0.6045751633986928 0.7524509803921569 0.6111111111111112 0.7524509803921569 0.619281045751634 0.7450980392156863 0.6225490196078431 0.7450980392156863 0.6258169934640523 0.7401960784313726 0.6388888888888888 0.7352941176470589 0.6568627450980392 0.7181372549019608 0.6666666666666666 0.7156862745098039
1 0.6944444444444444 0.6200980392156863 0.696078431372549 0.6225490196078431 0.704248366013072 0.6200980392156863 0.6977124183006536 0.625 0.6977124183006536 0.6397058823529411 0.6944444444444444 0.6446078431372549 0.6879084967320261 0.6470588235294118 0.684640522875817 0.6519607843137255 0.6830065359477124 0.6446078431372549 0.6781045751633987 0.6421568627450981 0.6764705882352942 0.6470588235294118 0.6699346405228758 0.6470588235294118 0.6683006535947712 0.6544117647058824 0.6617647058823529 0.6568627450980392 0.6683006535947712 0.6666666666666666 0.6633986928104575 0.6813725490196079 0.6584967320261438 0.6691176470588235 0.6519607843137255 0.6691176470588235 0.6503267973856209 0.6666666666666666 0.6470588235294118 0.6715686274509803 0.6503267973856209 0.6740196078431373 0.6486928104575164 0.678921568627451 0.6535947712418301 0.6911764705882353 0.6715686274509803 0.6911764705882353 0.673202614379085 0.6887254901960784 0.7009803921568627 0.6862745098039216 0.7026143790849673 0.6838235294117647 0.7124183006535948 0.6887254901960784 0.7107843137254902 0.696078431372549 0.704248366013072 0.7058823529411765 0.6977124183006536 0.7083333333333334 0.6944444444444444 0.7132352941176471 0.696078431372549 0.7181372549019608 0.7026143790849673 0.7205882352941176 0.704248366013072 0.7254901960784313 0.6993464052287581 0.7377450980392157 0.6993464052287581 0.7426470588235294 0.6944444444444444 0.75 0.6781045751633987 0.7647058823529411 0.6486928104575164 0.7818627450980392 0.6372549019607843 0.7916666666666666 0.6209150326797386 0.7990196078431373 0.5980392156862745 0.8014705882352942 0.5964052287581699 0.803921568627451 0.5735294117647058 0.803921568627451 0.5686274509803921 0.7990196078431373 0.5702614379084967 0.7892156862745098 0.5800653594771242 0.7745098039215687 0.5882352941176471 0.7647058823529411 0.5947712418300654 0.7622549019607843 0.6013071895424836 0.7549019607843137 0.5996732026143791 0.75 0.5898692810457516 0.7475490196078431 0.5898692810457516 0.7401960784313726 0.5947712418300654 0.7377450980392157 0.6013071895424836 0.7254901960784313 0.6078431372549019 0.7230392156862745 0.6176470588235294 0.7132352941176471 0.6225490196078431 0.7132352941176471 0.630718954248366 0.7058823529411765 0.6339869281045751 0.7058823529411765 0.6405228758169934 0.6985294117647058 0.6437908496732027 0.6985294117647058 0.6454248366013072 0.696078431372549 0.6437908496732027 0.6911764705882353 0.6405228758169934 0.6936274509803921 0.6356209150326797 0.6911764705882353 0.6388888888888888 0.6862745098039216 0.6388888888888888 0.678921568627451 0.6421568627450981 0.6838235294117647 0.6454248366013072 0.6813725490196079 0.6470588235294118 0.6764705882352942 0.6437908496732027 0.6715686274509803 0.6454248366013072 0.6642156862745098 0.6486928104575164 0.6642156862745098 0.6601307189542484 0.6519607843137255 0.6650326797385621 0.6519607843137255 0.6666666666666666 0.6495098039215687 0.6650326797385621 0.6470588235294118 0.6683006535947712 0.6421568627450981 0.6666666666666666 0.6397058823529411 0.6748366013071896 0.6323529411764706 0.673202614379085 0.625 0.6928104575163399 0.6200980392156863
1 0.6699346405228758 0.34068627450980393 0.6748366013071896 0.3382352941176471 0.6781045751633987 0.34558823529411764 0.684640522875817 0.34068627450980393 0.6911764705882353 0.3431372549019608 0.6928104575163399 0.34558823529411764 0.6879084967320261 0.35294117647058826 0.6879084967320261 0.35784313725490197 0.673202614379085 0.37254901960784315 0.6683006535947712 0.38235294117647056 0.6535947712418301 0.39215686274509803 0.6437908496732027 0.4068627450980392 0.630718954248366 0.41421568627450983 0.6176470588235294 0.42892156862745096 0.6029411764705882 0.4362745098039216 0.5931372549019608 0.44607843137254904 0.5784313725490197 0.47058823529411764 0.5816993464052288 0.4852941176470588 0.5784313725490197 0.5 0.5816993464052288 0.5073529411764706 0.5816993464052288 0.5122549019607843 0.576797385620915 0.5196078431372549 0.5669934640522876 0.5220588235294118 0.5588235294117647 0.5294117647058824 0.565359477124183 0.5147058823529411 0.5604575163398693 0.5024509803921569 0.5637254901960784 0.49019607843137253 0.5669934640522876 0.4852941176470588 0.565359477124183 0.48284313725490197 0.5751633986928104 0.4730392156862745 0.5702614379084967 0.4632352941176471 0.565359477124183 0.4681372549019608 0.5604575163398693 0.4803921568627451 0.5571895424836601 0.4803921568627451 0.5490196078431373 0.49264705882352944 0.5408496732026143 0.49754901960784315 0.5326797385620915 0.49754901960784315 0.5326797385620915 0.49264705882352944 0.5522875816993464 0.46568627450980393 0.5686274509803921 0.45588235294117646 0.5800653594771242 0.4411764705882353 0.5964052287581699 0.4338235294117647 0.6062091503267973 0.41911764705882354 0.6372549019607843 0.4019607843137255 0.6535947712418301 0.375 0.6650326797385621 0.37254901960784315 0.6715686274509803 0.36764705882352944 0.6813725490196079 0.35294117647058826 0.6764705882352942 0.34558823529411764 0.6715686274509803 0.3480392156862745 0.6715686274509803 0.3431372549019608
1 0.7794117647058824 0.7279411764705882 0.7826797385620915 0.7328431372549019 0.7826797385620915 0.7401960784313726 0.7777777777777778 0.7475490196078431 0.7630718954248366 0.7549019607843137 0.7516339869281046 0.7647058823529411 0.7336601307189542 0.7671568627450981 0.7320261437908496 0.7696078431372549 0.7173202614379085 0.7696078431372549 0.7091503267973857 0.7647058823529411 0.7091503267973857 0.7573529411764706 0.7271241830065359 0.7377450980392157 0.7336601307189542 0.7328431372549019 0.7565359477124183 0.7279411764705882 0.7581699346405228 0.7254901960784313 0.7777777777777778 0.7279411764705882
