1 0.6813725490196079 0.8022875816993464 0.6862745098039216 0.8055555555555556 0.6862745098039216 0.8202614379084967 0.6715686274509803 0.8251633986928104 0.6495098039215687 0.8251633986928104 0.6470588235294118 0.826797385620915 0.6176470588235294 0.8235294117647058 0.6274509803921569 0.8104575163398693 0.6348039215686274 0.8055555555555556 0.6495098039215687 0.8006535947712419 0.6715686274509803 0.8006535947712419 0.678921568627451 0.8022875816993464
1 0.7254901960784313 0.5735294117647058 0.7377450980392157 0.576797385620915 0.75 0.576797385620915 0.7524509803921569 0.5784313725490197 0.7647058823529411 0.5784313725490197 0.7818627450980392 0.5816993464052288 0.8063725490196079 0.6013071895424836 0.8063725490196079 0.6062091503267973 0.8014705882352942 0.6078431372549019 0.7867647058823529 0.6029411764705882 0.7671568627450981 0.6029411764705882 0.7647058823529411 0.6013071895424836 0.7450980392156863 0.5996732026143791 0.7279411764705882 0.5898692810457516 0.678921568627451 0.5800653594771242 0.6764705882352942 0.576797385620915 0.6838235294117647 0.5735294117647058 0.7009803921568627 0.5735294117647058 0.7034313725490197 0.5751633986928104 0.7230392156862745 0.5735294117647058
1 0.6446078431372549 0.6045751633986928 0.6544117647058824 0.6127450980392157 0.6544117647058824 0.6160130718954249 0.6495098039215687 0.6176470588235294 0.6151960784313726 0.6176470588235294 0.6029411764705882 0.6111111111111112 0.6029411764705882 0.6062091503267973 0.6151960784313726 0.6013071895424836 0.6397058823529411 0.6029411764705882 0.6421568627450981 0.6045751633986928
1 0.9068627450980392 0.7009803921568627 0.9166666666666666 0.704248366013072 0.9387254901960784 0.7173202614379085 0.9362745098039216 0.7238562091503268 0.928921568627451 0.7254901960784313 0.9240196078431373 0.7303921568627451 0.8872549019607843 0.7303921568627451 0.8553921568627451 0.7205882352941176 0.8480392156862745 0.7156862745098039 0.8480392156862745 0.7124183006535948 0.8602941176470589 0.7107843137254902 0.875 0.704248366013072 0.9044117647058824 0.7026143790849673
1 0.6642156862745098 0.6486928104575164 0.6642156862745098 0.6584967320261438 0.6617647058823529 0.6601307189542484 0.6568627450980392 0.6617647058823529 0.6397058823529411 0.6617647058823529 0.6372549019607843 0.6633986928104575 0.625 0.6633986928104575 0.6200980392156863 0.6584967320261438 0.6200980392156863 0.6535947712418301 0.6299019607843137 0.6470588235294118 0.6421568627450981 0.6454248366013072 0.6617647058823529 0.6486928104575164
1 0.9264705882352942 0.7075163398692811 0.9362745098039216 0.7124183006535948 0.9632352941176471 0.7124183006535948 0.9803921568627451 0.7173202614379085 0.9877450980392157 0.7156862745098039 0.9975490196078431 0.7173202614379085 0.9975490196078431 0.738562091503268 0.9950980392156863 0.7401960784313726 0.9803921568627451 0.7401960784313726 0.9779411764705882 0.738562091503268 0.9681372549019608 0.738562091503268 0.9656862745098039 0.7401960784313726 0.9607843137254902 0.738562091503268 0.9583333333333334 0.7401960784313726 0.9485294117647058 0.7369281045751634 0.9215686274509803 0.7336601307189542 0.9166666666666666 0.7303921568627451 0.8970588235294118 0.7303921568627451 0.8946078431372549 0.7287581699346405 0.8725490196078431 0.7271241830065359 0.8676470588235294 0.7238562091503268 0.8553921568627451 0.7205882352941176 0.8480392156862745 0.7156862745098039 0.8480392156862745 0.7124183006535948 0.8602941176470589 0.7107843137254902 0.8651960784313726 0.7075163398692811 0.8823529411764706 0.7026143790849673 0.8946078431372549 0.7026143790849673 0.9142156862745098 0.6993464052287581 0.9240196078431373 0.7075163398692811
1 0.6421568627450981 0.8611111111111112 0.6519607843137255 0.8676470588235294 0.6519607843137255 0.8741830065359477 0.6568627450980392 0.8839869281045751 0.6495098039215687 0.8872549019607843 0.6421568627450981 0.8872549019607843 0.6323529411764706 0.8905228758169934 0.6200980392156863 0.8905228758169934 0.5931372549019608 0.8954248366013072 0.5808823529411765 0.8954248366013072 0.5759803921568627 0.8921568627450981 0.5759803921568627 0.8839869281045751 0.5808823529411765 0.8790849673202614 0.5980392156862745 0.8676470588235294 0.6176470588235294 0.8611111111111112 0.6397058823529411 0.8611111111111112
1 0.5784313725490197 0.5898692810457516 0.5882352941176471 0.5931372549019608 0.5931372549019608 0.6013071895424836 0.5882352941176471 0.6045751633986928 0.5784313725490197 0.6062091503267973 0.5735294117647058 0.6045751633986928 0.5686274509803921 0.6062091503267973 0.5588235294117647 0.6045751633986928 0.5392156862745098 0.5980392156862745 0.5392156862745098 0.5947712418300654 0.5490196078431373 0.5898692810457516 0.5759803921568627 0.5898692810457516
1 0.9338235294117647 0.7892156862745098 0.9436274509803921 0.7859477124183006 0.9656862745098039 0.7859477124183006 0.9730392156862745 0.7875816993464052 0.9950980392156863 0.7990196078431373 0.9950980392156863 0.803921568627451 0.9901960784313726 0.8088235294117647 0.9828431372549019 0.8071895424836601 0.9730392156862745 0.8104575163398693 0.9436274509803921 0.8104575163398693 0.9338235294117647 0.8071895424836601 0.928921568627451 0.8022875816993464 0.928921568627451 0.795751633986928 0.9338235294117647 0.7908496732026143
1 0.5955882352941176 0.5686274509803921 0.6102941176470589 0.5718954248366013 0.6176470588235294 0.576797385620915 0.6176470588235294 0.5800653594771242 0.6078431372549019 0.5849673202614379 0.5808823529411765 0.5849673202614379 0.5686274509803921 0.5800653594771242 0.5686274509803921 0.5751633986928104 0.5759803921568627 0.5702614379084967 0.5931372549019608 0.5686274509803921
1 0.6200980392156863 0.6258169934640523 0.6274509803921569 0.630718954248366 0.6274509803921569 0.6372549019607843 0.625 0.6388888888888888 0.6151960784313726 0.6372549019607843 0.5931372549019608 0.6388888888888888 0.5857843137254902 0.6356209150326797 0.5857843137254902 0.6290849673202614 0.5906862745098039 0.6258169934640523 0.6176470588235294 0.6258169934640523
1 0.9509803921568627 0.7663398692810458 0.9436274509803921 0.7549019607843137 0.9436274509803921 0.75 0.9509803921568627 0.7434640522875817 0.9607843137254902 0.7401960784313726 0.9975490196078431 0.7401960784313726 0.9975490196078431 0.7696078431372549 0.9877450980392157 0.7679738562091504 0.9828431372549019 0.7696078431372549 0.9803921568627451 0.7679738562091504 0.9558823529411765 0.7679738562091504 0.9534313725490197 0.7663398692810458
1 0.5784313725490197 0.696078431372549 0.5784313725490197 0.6895424836601307 0.5906862745098039 0.6813725490196079 0.6127450980392157 0.6764705882352942 0.6274509803921569 0.6781045751633987 0.6323529411764706 0.6813725490196079 0.6323529411764706 0.6911764705882353 0.6274509803921569 0.6944444444444444 0.6176470588235294 0.6977124183006536 0.5833333333333334 0.6977124183006536 0.5808823529411765 0.696078431372549
1 0.7549019607843137 0.6029411764705882 0.7573529411764706 0.6045751633986928 0.7720588235294118 0.6045751633986928 0.7867647058823529 0.6078431372549019 0.7965686274509803 0.6111111111111112 0.7990196078431373 0.6143790849673203 0.7941176470588235 0.619281045751634 0.7745098039215687 0.6209150326797386 0.7549019607843137 0.6274509803921569 0.7303921568627451 0.6274509803921569 0.7230392156862745 0.6241830065359477 0.7009803921568627 0.6258169934640523 0.6911764705882353 0.6241830065359477 0.6862745098039216 0.619281045751634 0.6911764705882353 0.6143790849673203 0.696078431372549 0.6143790849673203 0.7034313725490197 0.6111111111111112 0.7181372549019608 0.6094771241830066 0.7303921568627451 0.6045751633986928 0.7524509803921569 0.6029411764705882
1 0.5980392156862745 0.5588235294117647 0.6102941176470589 0.5620915032679739 0.6102941176470589 0.5669934640522876 0.6029411764705882 0.5718954248366013 0.571078431372549 0.5718954248366013 0.5612745098039216 0.5669934640522876 0.5612745098039216 0.5620915032679739 0.5686274509803921 0.5588235294117647 0.5955882352941176 0.5588235294117647
1 0.8259803921568627 0.6225490196078431 0.8382352941176471 0.6258169934640523 0.8651960784313726 0.6258169934640523 0.8725490196078431 0.6290849673202614 0.8921568627450981 0.6290849673202614 0.8995098039215687 0.6323529411764706 0.8995098039215687 0.6372549019607843 0.8823529411764706 0.6405228758169934 0.8382352941176471 0.6388888888888888 0.8357843137254902 0.6372549019607843 0.8235294117647058 0.6372549019607843 0.8063725490196079 0.6405228758169934 0.803921568627451 0.6388888888888888 0.7745098039215687 0.6388888888888888 0.7647058823529411 0.6372549019607843 0.7622549019607843 0.6339869281045751 0.7647058823529411 0.6290849673202614 0.7769607843137255 0.6241830065359477 0.7892156862745098 0.6241830065359477 0.7916666666666666 0.6258169934640523 0.8235294117647058 0.6241830065359477
1 0.9901960784313726 0.8480392156862745 0.9975490196078431 0.8464052287581699 0.9975490196078431 0.8741830065359477 0.9877450980392157 0.8758169934640523 0.9779411764705882 0.8709150326797386 0.9803921568627451 0.8578431372549019 0.9901960784313726 0.8496732026143791
1 0.40441176470588236 0.39869281045751637 0.4166666666666667 0.39869281045751637 0.41911764705882354 0.40032679738562094 0.42892156862745096 0.39869281045751637 0.4362745098039216 0.40032679738562094 0.4411764705882353 0.39869281045751637 0.44607843137254904 0.4019607843137255 0.44607843137254904 0.40522875816993464 0.44362745098039214 0.4068627450980392 0.4387254901960784 0.40522875816993464 0.43137254901960786 0.41013071895424835 0.4411764705882353 0.4199346405228758 0.44607843137254904 0.4199346405228758 0.4534313725490196 0.4133986928104575 0.4583333333333333 0.4133986928104575 0.46568627450980393 0.4166666666666667 0.4730392156862745 0.4166666666666667 0.4803921568627451 0.4199346405228758 0.4950980392156863 0.4199346405228758 0.5024509803921569 0.42320261437908496 0.5098039215686274 0.4215686274509804 0.5171568627450981 0.42320261437908496 0.5343137254901961 0.4215686274509804 0.5318627450980392 0.42483660130718953 0.5196078431372549 0.4264705882352941 0.5147058823529411 0.43137254901960786 0.5049019607843137 0.42810457516339867 0.49754901960784315 0.42810457516339867 0.4950980392156863 0.4297385620915033 0.47794117647058826 0.4297385620915033 0.4681372549019608 0.43300653594771243 0.46568627450980393 0.43790849673202614 0.4583333333333333 0.4411764705882353 0.46078431372549017 0.4493464052287582 0.46568627450980393 0.4526143790849673 0.47549019607843135 0.4526143790849673 0.4877450980392157 0.4477124183006536 0.5049019607843137 0.4591503267973856 0.5073529411764706 0.47058823529411764 0.5269607843137255 0.47549019607843135 0.5392156862745098 0.4820261437908497 0.5514705882352942 0.4934640522875817 0.5563725490196079 0.5032679738562091 0.5759803921568627 0.5147058823529411 0.5931372549019608 0.5179738562091504 0.6053921568627451 0.5179738562091504 0.6078431372549019 0.5163398692810458 0.6102941176470589 0.5179738562091504 0.625 0.5179738562091504 0.6299019607843137 0.5212418300653595 0.6495098039215687 0.5212418300653595 0.6544117647058824 0.5179738562091504 0.696078431372549 0.5179738562091504 0.7009803921568627 0.5196078431372549 0.7034313725490197 0.5179738562091504 0.7279411764705882 0.5179738562091504 0.7352941176470589 0.5147058823529411 0.7450980392156863 0.5147058823529411 0.7647058823529411 0.5245098039215687 0.7745098039215687 0.5245098039215687 0.7892156862745098 0.5310457516339869 0.8014705882352942 0.5326797385620915 0.7990196078431373 0.5343137254901961 0.8014705882352942 0.5375816993464052 0.8137254901960784 0.5375816993464052 0.8161764705882353 0.5392156862745098 0.8161764705882353 0.5441176470588235 0.8063725490196079 0.5490196078431373 0.8088235294117647 0.5555555555555556 0.803921568627451 0.5588235294117647 0.803921568627451 0.565359477124183 0.8088235294117647 0.5702614379084967 0.8063725490196079 0.5718954248366013 0.8063725490196079 0.5800653594771242 0.7965686274509803 0.5816993464052288 0.7965686274509803 0.5849673202614379 0.803921568627451 0.5866013071895425 0.8112745098039216 0.5947712418300654 0.8112745098039216 0.6013071895424836 0.8014705882352942 0.6045751633986928 0.8088235294117647 0.6078431372549019 0.7990196078431373 0.6143790849673203 0.7965686274509803 0.6225490196078431 0.7941176470588235 0.6209150326797386 0.7696078431372549 0.6225490196078431 0.7622549019607843 0.630718954248366 0.7573529411764706 0.6339869281045751 0.7524509803921569 0.6339869281045751 0.75 0.6372549019607843 0.7475490196078431 0.6372549019607843 0.75 0.6323529411764706 0.7475490196078431 0.6274509803921569 0.7205882352941176 0.6225490196078431 0.7230392156862745 0.619281045751634 0.7181372549019608 0.6143790849673203 0.7034313725490197 0.6111111111111112 0.7034313725490197 0.6062091503267973 0.7083333333333334 0.6029411764705882 0.7205882352941176 0.6094771241830066 0.7303921568627451 0.6045751633986928 0.7303921568627451 0.5980392156862745 0.7328431372549019 0.6013071895424836 0.7377450980392157 0.5996732026143791 0.7377450980392157 0.5964052287581699 0.7328431372549019 0.5931372549019608 0.7254901960784313 0.5915032679738562 0.7205882352941176 0.5947712418300654 0.7132352941176471 0.5882352941176471 0.7132352941176471 0.5866013071895425 0.7230392156862745 0.5866013071895425 0.7254901960784313 0.5816993464052288 0.7303921568627451 0.5833333333333334 0.7328431372549019 0.5816993464052288 0.7328431372549019 0.576797385620915 0.7279411764705882 0.5735294117647058 0.7083333333333334 0.5702614379084967 0.7083333333333334 0.5669934640522876 0.7132352941176471 0.5669934640522876 0.7205882352941176 0.5637254901960784 0.7156862745098039 0.5604575163398693 0.7181372549019608 0.5555555555555556 0.7156862745098039 0.553921568627451 0.7107843137254902 0.5571895424836601 0.6985294117647058 0.5588235294117647 0.696078431372549 0.5604575163398693 0.6985294117647058 0.5669934640522876 0.6936274509803921 0.5669934640522876 0.696078431372549 0.5637254901960784 0.6911764705882353 0.5604575163398693 0.6666666666666666 0.5620915032679739 0.6617647058823529 0.5571895424836601 0.6544117647058824 0.5571895424836601 0.6397058823529411 0.5473856209150327 0.6299019607843137 0.5490196078431373 0.625 0.5522875816993464 0.625 0.5800653594771242 0.6200980392156863 0.5784313725490197 0.6151960784313726 0.5816993464052288 0.6151960784313726 0.5849673202614379 0.6029411764705882 0.5866013071895425 0.5980392156862745 0.5915032679738562 0.6004901960784313 0.5931372549019608 0.6102941176470589 0.5931372549019608 0.6127450980392157 0.5915032679738562 0.6200980392156863 0.5931372549019608 0.625 0.5898692810457516 0.6323529411764706 0.5915032679738562 0.6372549019607843 0.5996732026143791 0.6421568627450981 0.5996732026143791 0.6495098039215687 0.5947712418300654 0.6495098039215687 0.5898692810457516 0.6519607843137255 0.5915032679738562 0.6666666666666666 0.5898692810457516 0.6740196078431373 0.5947712418300654 0.6715686274509803 0.5996732026143791 0.6666666666666666 0.5996732026143791 0.6593137254901961 0.6045751633986928 0.6642156862745098 0.6078431372549019 0.6666666666666666 0.6045751633986928 0.6715686274509803 0.6045751633986928 0.6715686274509803 0.6127450980392157 0.678921568627451 0.6176470588235294 0.6715686274509803 0.6160130718954249 0.6666666666666666 0.619281045751634 0.6691176470588235 0.6225490196078431 0.6642156862745098 0.6274509803921569 0.6568627450980392 0.6258169934640523 0.6446078431372549 0.6290849673202614 0.6617647058823529 0.6356209150326797 0.6666666666666666 0.6356209150326797 0.6666666666666666 0.6486928104575164 0.6617647058823529 0.6535947712418301 0.6642156862745098 0.6568627450980392 0.6666666666666666 0.6552287581699346 0.6666666666666666 0.6584967320261438 0.6593137254901961 0.6568627450980392 0.6397058823529411 0.6699346405228758 0.6421568627450981 0.673202614379085 0.6397058823529411 0.6781045751633987 0.6421568627450981 0.6797385620915033 0.6421568627450981 0.6911764705882353 0.6372549019607843 0.696078431372549 0.6372549019607843 0.7026143790849673 0.6397058823529411 0.704248366013072 0.6446078431372549 0.7026143790849673 0.6495098039215687 0.7058823529411765 0.6544117647058824 0.704248366013072 0.6593137254901961 0.7091503267973857 0.678921568627451 0.7107843137254902 0.6887254901960784 0.7156862745098039 0.6887254901960784 0.7189542483660131 0.6838235294117647 0.7254901960784313 0.6715686274509803 0.7254901960784313 0.6544117647058824 0.7287581699346405 0.6470588235294118 0.7254901960784313 0.6446078431372549 0.7271241830065359 0.6348039215686274 0.7205882352941176 0.6323529411764706 0.7238562091503268 0.6225490196078431 0.7238562091503268 0.6200980392156863 0.7156862745098039 0.6176470588235294 0.7140522875816994 0.6151960784313726 0.7156862745098039 0.6127450980392157 0.7124183006535948 0.6127450980392157 0.7091503267973857 0.6176470588235294 0.7091503267973857 0.6200980392156863 0.7140522875816994 0.6225490196078431 0.7124183006535948 0.6200980392156863 0.6993464052287581 0.6102941176470589 0.696078431372549 0.6127450980392157 0.6911764705882353 0.6078431372549019 0.6895424836601307 0.5980392156862745 0.6977124183006536 0.6004901960784313 0.6911764705882353 0.5906862745098039 0.684640522875817 0.5833333333333334 0.6862745098039216 0.5784313725490197 0.6813725490196079 0.5882352941176471 0.6650326797385621 0.5906862745098039 0.6650326797385621 0.5931372549019608 0.6699346405228758 0.5980392156862745 0.6683006535947712 0.6029411764705882 0.6699346405228758 0.6053921568627451 0.6683006535947712 0.6078431372549019 0.6633986928104575 0.6078431372549019 0.6437908496732027 0.6029411764705882 0.6405228758169934 0.5931372549019608 0.6405228758169934 0.5808823529411765 0.6323529411764706 0.5784313725490197 0.6274509803921569 0.571078431372549 0.6258169934640523 0.5735294117647058 0.6225490196078431 0.5637254901960784 0.619281045751634 0.5686274509803921 0.6143790849673203 0.5808823529411765 0.6094771241830066 0.5759803921568627 0.6062091503267973 0.5637254901960784 0.6062091503267973 0.5588235294117647 0.6029411764705882 0.553921568627451 0.6078431372549019 0.5441176470588235 0.6062091503267973 0.5416666666666666 0.6127450980392157 0.5343137254901961 0.6045751633986928 0.5490196078431373 0.5980392156862745 0.5514705882352942 0.5996732026143791 0.553921568627451 0.5980392156862745 0.5612745098039216 0.5996732026143791 0.5686274509803921 0.5980392156862745 0.5661764705882353 0.5947712418300654 0.5612745098039216 0.5947712418300654 0.5563725490196079 0.5915032679738562 0.5465686274509803 0.5931372549019608 0.5441176470588235 0.5915032679738562 0.5514705882352942 0.5882352941176471 0.5490196078431373 0.5849673202614379 0.5514705882352942 0.5816993464052288 0.553921568627451 0.5833333333333334 0.5588235294117647 0.5816993464052288 0.5637254901960784 0.5751633986928104 0.5612745098039216 0.5718954248366013 0.5637254901960784 0.565359477124183 0.5759803921568627 0.565359477124183 0.5784313725490197 0.5620915032679739 0.571078431372549 0.5588235294117647 0.5637254901960784 0.5620915032679739 0.5563725490196079 0.5588235294117647 0.553921568627451 0.5604575163398693 0.5490196078431373 0.5490196078431373 0.5392156862745098 0.5506535947712419 0.5269607843137255 0.5441176470588235 0.5245098039215687 0.545751633986928 0.5171568627450981 0.5441176470588235 0.5073529411764706 0.5473856209150327 0.5 0.545751633986928 0.49264705882352944 0.5473856209150327 0.4803921568627451 0.5424836601307189 0.4583333333333333 0.5441176470588235 0.44607843137254904 0.5392156862745098 0.4411764705882353 0.5408496732026143 0.4166666666666667 0.5310457516339869 0.40441176470588236 0.5212418300653595 0.39950980392156865 0.511437908496732 0.375 0.4950980392156863 0.37745098039215685 0.49019607843137253 0.36764705882352944 0.48366013071895425 0.3627450980392157 0.48366013071895425 0.3700980392156863 0.47875816993464054 0.36764705882352944 0.47549019607843135 0.3602941176470588 0.4738562091503268 0.3602941176470588 0.47058823529411764 0.36764705882352944 0.46568627450980393 0.3627450980392157 0.4624183006535948 0.35784313725490197 0.46405228758169936 0.35049019607843135 0.4624183006535948 0.34068627450980393 0.45588235294117646 0.3480392156862745 0.4542483660130719 0.35294117647058826 0.45098039215686275 0.35294117647058826 0.4477124183006536 0.36519607843137253 0.44281045751633985 0.3602941176470588 0.4395424836601307 0.3627450980392157 0.434640522875817 0.35294117647058826 0.4264705882352941 0.36519607843137253 0.4264705882352941 0.36764705882352944 0.4215686274509804 0.37254901960784315 0.4264705882352941 0.37745098039215685 0.4264705882352941 0.3799019607843137 0.4199346405228758 0.38480392156862747 0.41830065359477125 0.3799019607843137 0.4150326797385621 0.38235294117647056 0.4117647058823529 0.38480392156862747 0.4133986928104575 0.3897058823529412 0.4117647058823529 0.39950980392156865 0.4264705882352941 0.40441176470588236 0.42483660130718953 0.4019607843137255 0.4215686274509804 0.4068627450980392 0.4117647058823529 0.40441176470588236 0.40032679738562094
1 0.8970588235294118 0.673202614379085 0.8995098039215687 0.6748366013071896 0.9166666666666666 0.6748366013071896 0.9240196078431373 0.6781045751633987 0.946078431372549 0.6781045751633987 0.9558823529411765 0.6813725490196079 0.9730392156862745 0.6830065359477124 0.9779411764705882 0.684640522875817 0.9779411764705882 0.6944444444444444 0.9754901960784313 0.696078431372549 0.9411764705882353 0.6944444444444444 0.9191176470588235 0.6895424836601307 0.9019607843137255 0.6895424836601307 0.8921568627450981 0.6862745098039216 0.8848039215686274 0.6862745098039216 0.8774509803921569 0.6830065359477124 0.8774509803921569 0.6764705882352942 0.8823529411764706 0.673202614379085 0.8946078431372549 0.673202614379085
1 0.9975490196078431 0.9199346405228758 0.9975490196078431 0.9509803921568627 0.9803921568627451 0.9493464052287581 0.9730392156862745 0.9444444444444444 0.9803921568627451 0.9248366013071896 0.9950980392156863 0.9199346405228758
1 0.7377450980392157 0.9330065359477124 0.7450980392156863 0.9379084967320261 0.7475490196078431 0.9428104575163399 0.7450980392156863 0.954248366013072 0.7303921568627451 0.9673202614379085 0.7181372549019608 0.9673202614379085 0.7034313725490197 0.9705882352941176 0.6911764705882353 0.9656862745098039 0.6740196078431373 0.9640522875816994 0.6691176470588235 0.9607843137254902 0.6691176470588235 0.9558823529411765 0.6985294117647058 0.9330065359477124 0.7058823529411765 0.9313725490196079 0.7328431372549019 0.9313725490196079 0.7352941176470589 0.9330065359477124
1 0.6568627450980392 0.7532679738562091 0.6642156862745098 0.7565359477124183 0.6666666666666666 0.761437908496732 0.6666666666666666 0.7663398692810458 0.6617647058823529 0.7696078431372549 0.6519607843137255 0.7728758169934641 0.6421568627450981 0.7712418300653595 0.6225490196078431 0.7745098039215687 0.6102941176470589 0.7696078431372549 0.6127450980392157 0.761437908496732 0.6274509803921569 0.7532679738562091 0.6544117647058824 0.7532679738562091
1 0.6936274509803921 0.934640522875817 0.7009803921568627 0.9313725490196079 0.7230392156862745 0.9313725490196079 0.7254901960784313 0.9297385620915033 0.7426470588235294 0.934640522875817 0.7475490196078431 0.9411764705882353 0.7475490196078431 0.954248366013072 0.7401960784313726 0.9624183006535948 0.7401960784313726 0.9705882352941176 0.7524509803921569 0.9787581699346405 0.7549019607843137 0.9836601307189542 0.7549019607843137 0.9918300653594772 0.7426470588235294 0.9918300653594772 0.7401960784313726 0.9901960784313726 0.7426470588235294 0.9869281045751634 0.7352941176470589 0.9771241830065359 0.7132352941176471 0.9722222222222222 0.6838235294117647 0.9705882352941176 0.6715686274509803 0.9673202614379085 0.6666666666666666 0.9640522875816994 0.6691176470588235 0.9526143790849673 0.6936274509803921 0.9362745098039216
1 0.6813725490196079 0.7091503267973857 0.6911764705882353 0.7140522875816994 0.6911764705882353 0.7205882352941176 0.6813725490196079 0.7271241830065359 0.6740196078431373 0.7287581699346405 0.6470588235294118 0.7287581699346405 0.6397058823529411 0.7254901960784313 0.6397058823529411 0.7189542483660131 0.6544117647058824 0.7107843137254902 0.678921568627451 0.7091503267973857
1 0.7990196078431373 0.6470588235294118 0.8014705882352942 0.6486928104575164 0.8553921568627451 0.6503267973856209 0.8578431372549019 0.6519607843137255 0.8774509803921569 0.6535947712418301 0.8872549019607843 0.6568627450980392 0.8897058823529411 0.6601307189542484 0.8799019607843137 0.6650326797385621 0.8553921568627451 0.6650326797385621 0.8382352941176471 0.6617647058823529 0.8235294117647058 0.6650326797385621 0.7867647058823529 0.6633986928104575 0.7720588235294118 0.6568627450980392 0.7720588235294118 0.6519607843137255 0.7818627450980392 0.6486928104575164 0.7965686274509803 0.6470588235294118
