1 0.7303921568627451 0.017973856209150325 0.7401960784313726 0.0196078431372549 0.7426470588235294 0.024509803921568627 0.7181372549019608 0.04084967320261438 0.6813725490196079 0.0392156862745098 0.678921568627451 0.04084967320261438 0.6421568627450981 0.042483660130718956 0.6397058823529411 0.0392156862745098 0.6421568627450981 0.03758169934640523 0.6862745098039216 0.024509803921568627 0.7279411764705882 0.0196078431372549
1 0.5318627450980392 0.7336601307189542 0.5343137254901961 0.7352941176470589 0.5588235294117647 0.7369281045751634 0.5784313725490197 0.7418300653594772 0.5955882352941176 0.7532679738562091 0.6053921568627451 0.7712418300653595 0.6029411764705882 0.7810457516339869 0.5857843137254902 0.8022875816993464 0.5833333333333334 0.8137254901960784 0.5857843137254902 0.815359477124183 0.5857843137254902 0.8251633986928104 0.5882352941176471 0.8284313725490197 0.6004901960784313 0.8366013071895425 0.6127450980392157 0.8513071895424836 0.6127450980392157 0.8562091503267973 0.6176470588235294 0.8627450980392157 0.6176470588235294 0.8709150326797386 0.6200980392156863 0.8725490196078431 0.6176470588235294 0.8937908496732027 0.5980392156862745 0.9117647058823529 0.5686274509803921 0.9199346405228758 0.5441176470588235 0.9199346405228758 0.5416666666666666 0.9183006535947712 0.5220588235294118 0.9166666666666666 0.49019607843137253 0.8970588235294118 0.4803921568627451 0.9019607843137255 0.47549019607843135 0.9019607843137255 0.46568627450980393 0.9101307189542484 0.45098039215686275 0.9101307189542484 0.4411764705882353 0.9068627450980392 0.4068627450980392 0.8856209150326797 0.39215686274509803 0.8725490196078431 0.3799019607843137 0.8545751633986928 0.36764705882352944 0.8464052287581699 0.35784313725490197 0.8447712418300654 0.35049019607843135 0.8398692810457516 0.35049019607843135 0.8235294117647058 0.3553921568627451 0.815359477124183 0.38235294117647056 0.795751633986928 0.4338235294117647 0.7696078431372549 0.44607843137254904 0.7532679738562091 0.4534313725490196 0.7483660130718954 0.47549019607843135 0.7401960784313726 0.4950980392156863 0.738562091503268 0.5122549019607843 0.7336601307189542 0.5294117647058824 0.7336601307189542
1 0.7083333333333334 0.511437908496732 0.7303921568627451 0.5196078431372549 0.7377450980392157 0.5326797385620915 0.7328431372549019 0.5441176470588235 0.7230392156862745 0.5522875816993464 0.7132352941176471 0.5555555555555556 0.7058823529411765 0.5555555555555556 0.6911764705882353 0.565359477124183 0.678921568627451 0.5702614379084967 0.6740196078431373 0.5816993464052288 0.6642156862745098 0.5898692810457516 0.6544117647058824 0.6029411764705882 0.6348039215686274 0.6062091503267973 0.6004901960784313 0.6045751633986928 0.5857843137254902 0.5996732026143791 0.5808823529411765 0.5947712418300654 0.5784313725490197 0.5784313725490197 0.5980392156862745 0.5571895424836601 0.5980392156862745 0.5522875816993464 0.5906862745098039 0.5424836601307189 0.6053921568627451 0.5277777777777778 0.6372549019607843 0.5147058823529411 0.6666666666666666 0.5130718954248366 0.6691176470588235 0.511437908496732 0.7058823529411765 0.511437908496732
1 0.5637254901960784 0.13725490196078433 0.5686274509803921 0.1323529411764706 0.5931372549019608 0.12254901960784313 0.6004901960784313 0.12254901960784313 0.6151960784313726 0.11764705882352941 0.625 0.11764705882352941 0.6470588235294118 0.11274509803921569 0.6642156862745098 0.11274509803921569 0.6691176470588235 0.11601307189542484 0.6666666666666666 0.12254901960784313 0.6715686274509803 0.12581699346405228 0.6617647058823529 0.13725490196078433 0.6495098039215687 0.1437908496732026 0.6397058823529411 0.14215686274509803 0.6274509803921569 0.13562091503267973 0.625 0.13725490196078433 0.5955882352941176 0.1388888888888889 0.5931372549019608 0.14052287581699346 0.5661764705882353 0.1388888888888889
1 0.7401960784313726 0.14869281045751634 0.7426470588235294 0.15359477124183007 0.7377450980392157 0.1568627450980392 0.7034313725490197 0.1715686274509804 0.6936274509803921 0.1715686274509804 0.6862745098039216 0.17483660130718953 0.6715686274509803 0.17483660130718953 0.6691176470588235 0.17647058823529413 0.6568627450980392 0.17483660130718953 0.6470588235294118 0.1781045751633987 0.6348039215686274 0.1781045751633987 0.6200980392156863 0.18137254901960784 0.5759803921568627 0.18137254901960784 0.5857843137254902 0.17483660130718953 0.5906862745098039 0.17483660130718953 0.6151960784313726 0.1650326797385621 0.6519607843137255 0.15849673202614378 0.6642156862745098 0.15359477124183007 0.6862745098039216 0.14869281045751634 0.696078431372549 0.14869281045751634 0.6985294117647058 0.14705882352941177 0.7352941176470589 0.14705882352941177 0.7377450980392157 0.14869281045751634
1 0.6568627450980392 0.3709150326797386 0.6813725490196079 0.37745098039215685 0.6887254901960784 0.38235294117647056 0.6887254901960784 0.39052287581699346 0.6838235294117647 0.3954248366013072 0.6813725490196079 0.4035947712418301 0.6911764705882353 0.4150326797385621 0.6911764705882353 0.42483660130718953 0.6862745098039216 0.4297385620915033 0.678921568627451 0.4297385620915033 0.6666666666666666 0.4362745098039216 0.6519607843137255 0.4395424836601307 0.6176470588235294 0.4395424836601307 0.6078431372549019 0.434640522875817 0.5686274509803921 0.4297385620915033 0.5588235294117647 0.4215686274509804 0.5220588235294118 0.4199346405228758 0.5196078431372549 0.4166666666666667 0.5343137254901961 0.4068627450980392 0.5490196078431373 0.40032679738562094 0.5588235294117647 0.39705882352941174 0.5686274509803921 0.39705882352941174 0.5857843137254902 0.3839869281045752 0.6274509803921569 0.37254901960784315 0.6544117647058824 0.3709150326797386
1 0.6642156862745098 0.19934640522875818 0.6666666666666666 0.20098039215686275 0.6862745098039216 0.20098039215686275 0.6911764705882353 0.20588235294117646 0.678921568627451 0.21568627450980393 0.6862745098039216 0.22058823529411764 0.6862745098039216 0.22549019607843138 0.6813725490196079 0.22875816993464052 0.6519607843137255 0.2369281045751634 0.6225490196078431 0.2369281045751634 0.6200980392156863 0.238562091503268 0.6004901960784313 0.238562091503268 0.5980392156862745 0.24019607843137256 0.5563725490196079 0.24019607843137256 0.5514705882352942 0.238562091503268 0.5490196078431373 0.23529411764705882 0.5637254901960784 0.22549019607843138 0.5906862745098039 0.21568627450980393 0.5980392156862745 0.21568627450980393 0.6151960784313726 0.20588235294117646 0.6446078431372549 0.19934640522875818 0.6617647058823529 0.19934640522875818
1 0.6642156862745098 0.2696078431372549 0.6887254901960784 0.2761437908496732 0.696078431372549 0.28104575163398693 0.6936274509803921 0.2875816993464052 0.6838235294117647 0.29411764705882354 0.6691176470588235 0.3104575163398693 0.6299019607843137 0.31862745098039214 0.6151960784313726 0.31862745098039214 0.5906862745098039 0.3137254901960784 0.5612745098039216 0.3235294117647059 0.5514705882352942 0.3235294117647059 0.5490196078431373 0.32516339869281047 0.5465686274509803 0.3235294117647059 0.5416666666666666 0.32516339869281047 0.5049019607843137 0.32516339869281047 0.5024509803921569 0.32679738562091504 0.4681372549019608 0.3235294117647059 0.5 0.3022875816993464 0.5245098039215687 0.2957516339869281 0.5343137254901961 0.2957516339869281 0.5563725490196079 0.28921568627450983 0.5637254901960784 0.28921568627450983 0.5906862745098039 0.28104575163398693 0.6151960784313726 0.2777777777777778 0.6299019607843137 0.272875816993464 0.6495098039215687 0.2696078431372549 0.6617647058823529 0.2696078431372549
1 0.6887254901960784 0.5098039215686274 0.6911764705882353 0.511437908496732 0.696078431372549 0.5098039215686274 0.6985294117647058 0.511437908496732 0.7083333333333334 0.511437908496732 0.7279411764705882 0.5179738562091504 0.7352941176470589 0.5261437908496732 0.7377450980392157 0.5359477124183006 0.7328431372549019 0.5441176470588235 0.7205882352941176 0.553921568627451 0.7058823529411765 0.5588235294117647 0.6911764705882353 0.5702614379084967 0.6862745098039216 0.5702614379084967 0.678921568627451 0.5735294117647058 0.678921568627451 0.576797385620915 0.6666666666666666 0.5915032679738562 0.6642156862745098 0.6078431372549019 0.6740196078431373 0.6176470588235294 0.6911764705882353 0.6421568627450981 0.6911764705882353 0.6633986928104575 0.6887254901960784 0.6683006535947712 0.6813725490196079 0.673202614379085 0.6666666666666666 0.6764705882352942 0.6519607843137255 0.6748366013071896 0.6323529411764706 0.6601307189542484 0.6274509803921569 0.6470588235294118 0.6274509803921569 0.6372549019607843 0.625 0.6356209150326797 0.6274509803921569 0.619281045751634 0.6200980392156863 0.6127450980392157 0.5931372549019608 0.6127450980392157 0.5906862745098039 0.6143790849673203 0.5735294117647058 0.6127450980392157 0.5686274509803921 0.6078431372549019 0.5686274509803921 0.6029411764705882 0.5637254901960784 0.5996732026143791 0.5049019607843137 0.5915032679738562 0.49019607843137253 0.5849673202614379 0.49019607843137253 0.5784313725490197 0.5024509803921569 0.5702614379084967 0.5294117647058824 0.5620915032679739 0.5343137254901961 0.5588235294117647 0.5392156862745098 0.5588235294117647 0.5441176470588235 0.5555555555555556 0.5490196078431373 0.5555555555555556 0.571078431372549 0.545751633986928 0.5882352941176471 0.5343137254901961 0.5980392156862745 0.5326797385620915 0.6102941176470589 0.5245098039215687 0.6323529411764706 0.5179738562091504 0.6372549019607843 0.5147058823529411 0.6495098039215687 0.5147058823529411 0.6519607843137255 0.5130718954248366 0.6862745098039216 0.5098039215686274
1 0.6813725490196079 0.07679738562091504 0.6838235294117647 0.0784313725490196 0.696078431372549 0.0784313725490196 0.696078431372549 0.08169934640522876 0.6887254901960784 0.08823529411764706 0.6887254901960784 0.09640522875816994 0.6838235294117647 0.09967320261437909 0.6617647058823529 0.10130718954248366 0.6446078431372549 0.09640522875816994 0.6200980392156863 0.09640522875816994 0.6004901960784313 0.10294117647058823 0.5808823529411765 0.10620915032679738 0.5686274509803921 0.10620915032679738 0.5661764705882353 0.10784313725490197 0.5441176470588235 0.10784313725490197 0.5441176470588235 0.10457516339869281 0.5563725490196079 0.09803921568627451 0.5637254901960784 0.09803921568627451 0.571078431372549 0.09477124183006536 0.5931372549019608 0.0915032679738562 0.6274509803921569 0.08169934640522876 0.6568627450980392 0.08006535947712418 0.6593137254901961 0.0784313725490196 0.678921568627451 0.0784313725490196
1 0.6274509803921569 0.06045751633986928 0.10784313725490197 0.026143790849673203
1 0.6176470588235294 0.021241830065359478 0.6421568627450981 0.011437908496732025 0.6593137254901961 0.00980392156862745 0.6740196078431373 0.004901960784313725 0.7034313725490197 0.0032679738562091504 0.7058823529411765 0.0016339869281045752 0.7132352941176471 0.0016339869281045752 0.7230392156862745 0.004901960784313725 0.7230392156862745 0.011437908496732025 0.7132352941176471 0.014705882352941176 0.6985294117647058 0.014705882352941176 0.6862745098039216 0.017973856209150325 0.6740196078431373 0.017973856209150325 0.6715686274509803 0.0196078431372549 0.6593137254901961 0.0196078431372549 0.6568627450980392 0.021241830065359478 0.6299019607843137 0.02287581699346405 0.6274509803921569 0.024509803921568627 0.6176470588235294 0.02287581699346405
