1 0.5815972222222222 0.8046875 0.5989583333333334 0.8125 0.5989583333333334 0.8193359375 0.5833333333333334 0.8173828125 0.5677083333333334 0.8115234375 0.5677083333333334 0.806640625 0.5729166666666666 0.8037109375 0.5798611111111112 0.8046875
1 0.5399305555555556 0.748046875 0.5555555555555556 0.7548828125 0.5572916666666666 0.759765625 0.5520833333333334 0.76171875 0.5434027777777778 0.76171875 0.5260416666666666 0.7548828125 0.5260416666666666 0.7509765625 0.5381944444444444 0.748046875
1 0.9010416666666666 0.8525390625 0.9340277777777778 0.865234375 0.9357638888888888 0.8701171875 0.9322916666666666 0.8720703125 0.9270833333333334 0.8720703125 0.9166666666666666 0.8662109375 0.8958333333333334 0.859375 0.8923611111111112 0.853515625 0.8993055555555556 0.8525390625
1 0.7361111111111112 0.9560546875 0.7534722222222222 0.962890625 0.7673611111111112 0.97265625 0.7690972222222222 0.9775390625 0.7517361111111112 0.978515625 0.7378472222222222 0.970703125 0.7256944444444444 0.966796875 0.7222222222222222 0.9619140625 0.7256944444444444 0.958984375 0.734375 0.95703125
1 0.9392361111111112 0.892578125 0.9461805555555556 0.896484375 0.9461805555555556 0.8994140625 0.9548611111111112 0.9072265625 0.9548611111111112 0.9130859375 0.9513888888888888 0.9150390625 0.9409722222222222 0.9111328125 0.9340277777777778 0.904296875 0.9322916666666666 0.89453125 0.9375 0.892578125
1 0.5815972222222222 0.775390625 0.5868055555555556 0.7822265625 0.5833333333333334 0.7861328125 0.5746527777777778 0.7861328125 0.5642361111111112 0.7802734375 0.5642361111111112 0.7763671875 0.5677083333333334 0.7744140625 0.5763888888888888 0.7734375 0.5798611111111112 0.775390625
1 0.5269097222222222 0.494140625 0.026041666666666668 0.01953125
1 0.6770833333333334 0.87109375 0.6961805555555556 0.8837890625 0.6961805555555556 0.88671875 0.6892361111111112 0.888671875 0.6770833333333334 0.8876953125 0.65625 0.8779296875 0.65625 0.873046875 0.6597222222222222 0.87109375 0.6753472222222222 0.87109375
1 0.6371527777777778 0.833984375 0.6493055555555556 0.833984375 0.6579861111111112 0.841796875 0.6579861111111112 0.849609375 0.6493055555555556 0.8515625 0.640625 0.8466796875 0.6371527777777778 0.8349609375
1 0.7135416666666666 0.9072265625 0.7274305555555556 0.9140625 0.7309027777777778 0.91796875 0.7309027777777778 0.927734375 0.7239583333333334 0.931640625 0.7135416666666666 0.9287109375 0.6996527777777778 0.9150390625 0.7013888888888888 0.9111328125 0.7118055555555556 0.9072265625
1 0.5225694444444444 0.560546875 0.53125 0.5654296875 0.5329861111111112 0.5791015625 0.5434027777777778 0.5859375 0.5503472222222222 0.5947265625 0.5555555555555556 0.611328125 0.5538194444444444 0.6142578125 0.5434027777777778 0.619140625 0.5434027777777778 0.6396484375 0.5277777777777778 0.6943359375 0.5208333333333334 0.703125 0.5104166666666666 0.708984375 0.5017361111111112 0.7060546875 0.5052083333333334 0.703125 0.5052083333333334 0.697265625 0.4965277777777778 0.68359375 0.4930555555555556 0.662109375 0.4861111111111111 0.6484375 0.4878472222222222 0.615234375 0.4704861111111111 0.611328125 0.4704861111111111 0.6044921875 0.4809027777777778 0.587890625 0.4965277777777778 0.58203125 0.5034722222222222 0.5771484375 0.5034722222222222 0.5712890625 0.5 0.568359375 0.5017361111111112 0.564453125 0.5086805555555556 0.560546875 0.5208333333333334 0.560546875
