1 0.5607638888888888 0.55078125 0.5677083333333334 0.556640625 0.5659722222222222 0.564453125 0.5815972222222222 0.572265625 0.5920138888888888 0.5869140625 0.6041666666666666 0.626953125 0.6006944444444444 0.6298828125 0.5972222222222222 0.6298828125 0.5868055555555556 0.615234375 0.5833333333333334 0.61328125 0.5815972222222222 0.6142578125 0.5815972222222222 0.626953125 0.5763888888888888 0.63671875 0.5711805555555556 0.6787109375 0.5607638888888888 0.68359375 0.5520833333333334 0.68359375 0.5451388888888888 0.693359375 0.5381944444444444 0.6923828125 0.5381944444444444 0.6806640625 0.5208333333333334 0.6337890625 0.5225694444444444 0.6025390625 0.5173611111111112 0.599609375 0.5086805555555556 0.5986328125 0.5069444444444444 0.5908203125 0.5138888888888888 0.5791015625 0.5364583333333334 0.5615234375 0.5381944444444444 0.5537109375 0.5451388888888888 0.5498046875 0.5590277777777778 0.55078125
1 0.7291666666666666 0.9208984375 0.06944444444444445 0.0302734375
1 0.9305555555555556 0.91943359375 0.125 0.0458984375
1 0.8880208333333334 0.9609375 0.08333333333333333 0.021484375
1 0.7699652777777778 0.88720703125 0.09895833333333333 0.0302734375
1 0.7170138888888888 0.8603515625 0.0798611111111111 0.03125
1 0.6284722222222222 0.80712890625 0.050347222222222224 0.0224609375
1 0.6467013888888888 0.83642578125 0.078125 0.021484375
1 0.5625 0.78466796875 0.057291666666666664 0.0361328125
1 0.5130208333333334 0.7373046875 0.05381944444444445 0.01953125
1 0.5008680555555556 0.70166015625 0.046875 0.015625
