1 0.4117647058823529 0.6838235294117647 0.013071895424836602 0.014705882352941176
1 0.5866013071895425 0.9313725490196079 0.5931372549019608 0.9215686274509803 0.6062091503267973 0.9240196078431373 0.6094771241830066 0.928921568627451 0.6094771241830066 0.9338235294117647 0.6062091503267973 0.9387254901960784 0.5915032679738562 0.9387254901960784 0.5882352941176471 0.9338235294117647
1 0.5147058823529411 0.6127450980392157 0.5228758169934641 0.6127450980392157 0.5245098039215687 0.6151960784313726 0.5196078431372549 0.6225490196078431 0.5147058823529411 0.6200980392156863 0.5147058823529411 0.6151960784313726
1 0.6045751633986928 0.9240196078431373 0.6094771241830066 0.928921568627451 0.6094771241830066 0.9338235294117647 0.6062091503267973 0.9387254901960784 0.5915032679738562 0.9387254901960784 0.5882352941176471 0.9313725490196079 0.5915032679738562 0.9240196078431373 0.5964052287581699 0.9215686274509803 0.6029411764705882 0.9240196078431373
1 0.5032679738562091 0.5735294117647058 0.00980392156862745 0.00980392156862745
1 0.3709150326797386 0.8235294117647058 0.37254901960784315 0.8333333333333334 0.3627450980392157 0.8382352941176471 0.34967320261437906 0.8357843137254902 0.3480392156862745 0.8284313725490197 0.35130718954248363 0.8235294117647058 0.369281045751634 0.8235294117647058
1 0.48937908496732024 0.5122549019607843 0.011437908496732025 0.00980392156862745
1 0.49673202614379086 0.5490196078431373 0.5032679738562091 0.5490196078431373 0.5032679738562091 0.5563725490196079 0.49836601307189543 0.5563725490196079 0.49673202614379086 0.5514705882352942
1 0.3480392156862745 0.8897058823529411 0.35947712418300654 0.8872549019607843 0.36437908496732024 0.8921568627450981 0.3627450980392157 0.9117647058823529 0.3562091503267974 0.9166666666666666 0.3464052287581699 0.9166666666666666 0.34477124183006536 0.9142156862745098 0.34477124183006536 0.8970588235294118 0.3480392156862745 0.8921568627450981
1 0.49019607843137253 0.4583333333333333 0.4934640522875817 0.4632352941176471 0.4918300653594771 0.4681372549019608 0.4934640522875817 0.47058823529411764 0.4934640522875817 0.49019607843137253 0.4950980392156863 0.49264705882352944 0.4934640522875817 0.5049019607843137 0.49673202614379086 0.5220588235294118 0.4950980392156863 0.5294117647058824 0.49836601307189543 0.5343137254901961 0.49836601307189543 0.5392156862745098 0.4950980392156863 0.5416666666666666 0.48856209150326796 0.5416666666666666 0.4869281045751634 0.5392156862745098 0.48856209150326796 0.5343137254901961 0.4869281045751634 0.5220588235294118 0.48856209150326796 0.5196078431372549 0.4852941176470588 0.5147058823529411 0.4852941176470588 0.5073529411764706 0.48856209150326796 0.4877450980392157 0.4869281045751634 0.4730392156862745 0.49019607843137253 0.46078431372549017
1 0.47549019607843135 0.5588235294117647 0.477124183006536 0.553921568627451 0.48366013071895425 0.5563725490196079 0.4803921568627451 0.5612745098039216 0.477124183006536 0.5588235294117647
1 0.4852941176470588 0.5220588235294118 0.48856209150326796 0.5196078431372549 0.4950980392156863 0.5220588235294118 0.4918300653594771 0.5269607843137255 0.4852941176470588 0.5269607843137255 0.4852941176470588 0.5245098039215687
1 0.38562091503267976 0.7622549019607843 0.3888888888888889 0.7647058823529411 0.3888888888888889 0.7696078431372549 0.380718954248366 0.7769607843137255 0.3741830065359477 0.7769607843137255 0.3709150326797386 0.7720588235294118 0.3709150326797386 0.7671568627450981 0.3758169934640523 0.7622549019607843 0.3839869281045752 0.7622549019607843
1 0.4714052287581699 0.5784313725490197 0.011437908496732025 0.00980392156862745
1 0.44281045751633985 0.6151960784313726 0.4477124183006536 0.6200980392156863 0.4444444444444444 0.625 0.43790849673202614 0.625 0.4362745098039216 0.6225490196078431 0.4411764705882353 0.6151960784313726
1 0.39869281045751637 0.7156862745098039 0.40032679738562094 0.7230392156862745 0.3937908496732026 0.7279411764705882 0.3872549019607843 0.7279411764705882 0.3839869281045752 0.7230392156862745 0.3888888888888889 0.7156862745098039 0.39705882352941174 0.7156862745098039
1 0.5800653594771242 0.9044117647058824 0.5866013071895425 0.9117647058823529 0.5866013071895425 0.9166666666666666 0.5833333333333334 0.9215686274509803 0.5735294117647058 0.9215686274509803 0.5686274509803921 0.9166666666666666 0.5686274509803921 0.9117647058823529 0.5718954248366013 0.9068627450980392 0.5784313725490197 0.9044117647058824
1 0.5506535947712419 0.678921568627451 0.5571895424836601 0.6838235294117647 0.5555555555555556 0.6887254901960784 0.5310457516339869 0.6838235294117647 0.5326797385620915 0.6764705882352942 0.5490196078431373 0.678921568627451
1 0.4493464052287582 0.5980392156862745 0.4526143790849673 0.5931372549019608 0.45751633986928103 0.5931372549019608 0.4591503267973856 0.6004901960784313 0.45588235294117646 0.6029411764705882 0.45098039215686275 0.6004901960784313
1 0.5882352941176471 0.8357843137254902 0.5947712418300654 0.8431372549019608 0.5947712418300654 0.8480392156862745 0.5898692810457516 0.8553921568627451 0.576797385620915 0.8553921568627451 0.5735294117647058 0.8480392156862745 0.5751633986928104 0.8406862745098039 0.5816993464052288 0.8357843137254902 0.5866013071895425 0.8357843137254902
1 0.5866013071895425 0.9093137254901961 0.5915032679738562 0.9215686274509803 0.6013071895424836 0.9215686274509803 0.6094771241830066 0.9313725490196079 0.6045751633986928 0.9387254901960784 0.5915032679738562 0.9387254901960784 0.5866013071895425 0.9338235294117647 0.5849673202614379 0.9240196078431373 0.5800653594771242 0.9264705882352942 0.5718954248366013 0.9215686274509803 0.5686274509803921 0.9142156862745098 0.5718954248366013 0.9068627450980392 0.5833333333333334 0.9068627450980392 0.5849673202614379 0.9093137254901961
1 0.5081699346405228 0.5955882352941176 0.5098039215686274 0.5882352941176471 0.5163398692810458 0.5906862745098039 0.5147058823529411 0.5980392156862745 0.5098039215686274 0.5955882352941176
1 0.32679738562091504 0.9852941176470589 0.3300653594771242 0.9926470588235294 0.3300653594771242 0.9975490196078431 0.31209150326797386 0.9975490196078431 0.315359477124183 0.9901960784313726 0.32516339869281047 0.9852941176470589
1 0.576797385620915 0.8235294117647058 0.5947712418300654 0.8431372549019608 0.5947712418300654 0.8480392156862745 0.5898692810457516 0.8553921568627451 0.576797385620915 0.8553921568627451 0.5735294117647058 0.8455882352941176 0.5669934640522876 0.8382352941176471 0.565359477124183 0.8259803921568627 0.5669934640522876 0.8235294117647058 0.5751633986928104 0.8235294117647058
1 0.5392156862745098 0.7671568627450981 0.5441176470588235 0.7622549019607843 0.5490196078431373 0.7622549019607843 0.5702614379084967 0.7720588235294118 0.5686274509803921 0.7794117647058824 0.5588235294117647 0.7818627450980392 0.553921568627451 0.7769607843137255 0.545751633986928 0.7769607843137255 0.5408496732026143 0.7696078431372549
1 0.5555555555555556 0.7696078431372549 0.5669934640522876 0.7696078431372549 0.5702614379084967 0.7720588235294118 0.5686274509803921 0.7794117647058824 0.5620915032679739 0.7818627450980392 0.5555555555555556 0.7794117647058824 0.553921568627451 0.7769607843137255 0.5555555555555556 0.7720588235294118
1 0.49264705882352944 0.5392156862745098 0.011437908496732025 0.00980392156862745
1 0.5571895424836601 0.7156862745098039 0.5588235294117647 0.7230392156862745 0.553921568627451 0.7254901960784313 0.545751633986928 0.7254901960784313 0.5441176470588235 0.7205882352941176 0.5473856209150327 0.7156862745098039 0.5555555555555556 0.7156862745098039
1 0.4934640522875817 0.4950980392156863 0.4950980392156863 0.5 0.4918300653594771 0.5049019607843137 0.4869281045751634 0.5049019607843137 0.4852941176470588 0.5 0.4869281045751634 0.4950980392156863 0.4918300653594771 0.4950980392156863
1 0.35784313725490197 0.821078431372549 0.35947712418300654 0.8235294117647058 0.3709150326797386 0.8235294117647058 0.3741830065359477 0.8284313725490197 0.37254901960784315 0.8357843137254902 0.3660130718954248 0.8382352941176471 0.3545751633986928 0.8382352941176471 0.3464052287581699 0.8308823529411765 0.34967320261437906 0.8235294117647058 0.3562091503267974 0.821078431372549
1 0.5310457516339869 0.6421568627450981 0.5326797385620915 0.6446078431372549 0.5310457516339869 0.6519607843137255 0.5212418300653595 0.6519607843137255 0.5196078431372549 0.6495098039215687 0.5212418300653595 0.6446078431372549 0.5294117647058824 0.6421568627450981
1 0.4264705882352941 0.6507352941176471 0.016339869281045753 0.012254901960784314
1 0.5702614379084967 0.821078431372549 0.576797385620915 0.8235294117647058 0.5800653594771242 0.8284313725490197 0.5800653594771242 0.8333333333333334 0.5669934640522876 0.8357843137254902 0.5637254901960784 0.8284313725490197 0.5686274509803921 0.8235294117647058
