1 0.6290849673202614 0.8605664488017429 0.6323529411764706 0.8671023965141612 0.6209150326797386 0.8888888888888888 0.6029411764705882 0.906318082788671 0.576797385620915 0.9193899782135077 0.5718954248366013 0.9172113289760349 0.5702614379084967 0.906318082788671 0.5735294117647058 0.8976034858387799 0.5849673202614379 0.8845315904139434 0.5849673202614379 0.8758169934640523 0.5866013071895425 0.8736383442265795 0.5898692810457516 0.8736383442265795 0.6062091503267973 0.8605664488017429 0.6274509803921569 0.8605664488017429
1 0.7222222222222222 0.6753812636165577 0.7271241830065359 0.6797385620915033 0.7254901960784313 0.6971677559912854 0.7140522875816994 0.710239651416122 0.7140522875816994 0.7167755991285403 0.7107843137254902 0.7211328976034859 0.6977124183006536 0.7298474945533769 0.704248366013072 0.7407407407407407 0.7026143790849673 0.7516339869281046 0.696078431372549 0.7603485838779956 0.6895424836601307 0.7625272331154684 0.6764705882352942 0.7603485838779956 0.6699346405228758 0.7647058823529411 0.6650326797385621 0.7712418300653595 0.6666666666666666 0.7777777777777778 0.6535947712418301 0.7908496732026143 0.6535947712418301 0.7952069716775599 0.6486928104575164 0.7995642701525054 0.6486928104575164 0.803921568627451 0.6323529411764706 0.803921568627451 0.6290849673202614 0.8104575163398693 0.6339869281045751 0.8169934640522876 0.6339869281045751 0.8344226579520697 0.630718954248366 0.840958605664488 0.6258169934640523 0.8387799564270153 0.6225490196078431 0.8431372549019608 0.6160130718954249 0.8431372549019608 0.6176470588235294 0.840958605664488 0.6143790849673203 0.8366013071895425 0.619281045751634 0.8300653594771242 0.6160130718954249 0.8278867102396514 0.619281045751634 0.8213507625272332 0.619281045751634 0.8126361655773421 0.6013071895424836 0.7930283224400871 0.6013071895424836 0.7864923747276689 0.6094771241830066 0.7799564270152506 0.6372549019607843 0.7734204793028322 0.6454248366013072 0.7647058823529411 0.6503267973856209 0.7647058823529411 0.6601307189542484 0.7516339869281046 0.6683006535947712 0.7472766884531591 0.6617647058823529 0.7429193899782135 0.6486928104575164 0.7407407407407407 0.6372549019607843 0.7298474945533769 0.630718954248366 0.7298474945533769 0.630718954248366 0.7233115468409586 0.6388888888888888 0.7167755991285403 0.6437908496732027 0.7189542483660131 0.6454248366013072 0.7167755991285403 0.6535947712418301 0.7167755991285403 0.6666666666666666 0.6993464052287581 0.684640522875817 0.690631808278867 0.6911764705882353 0.681917211328976 0.6977124183006536 0.6775599128540305 0.7205882352941176 0.6753812636165577
1 0.6919934640522876 0.7026143790849673 0.03431372549019608 0.023965141612200435
1 0.6683006535947712 0.7254901960784313 0.6797385620915033 0.7145969498910676 0.7009803921568627 0.7145969498910676 0.7026143790849673 0.7211328976034859 0.6993464052287581 0.7254901960784313 0.684640522875817 0.7320261437908496 0.673202614379085 0.7320261437908496 0.6699346405228758 0.7276688453159041
1 0.6928104575163399 0.6862745098039216 0.7058823529411765 0.690631808278867 0.7058823529411765 0.6993464052287581 0.7075163398692811 0.7015250544662309 0.704248366013072 0.7058823529411765 0.7026143790849673 0.7211328976034859 0.6879084967320261 0.7298474945533769 0.6781045751633987 0.7320261437908496 0.6683006535947712 0.7407407407407407 0.6601307189542484 0.738562091503268 0.6503267973856209 0.7233115468409586 0.6503267973856209 0.7189542483660131 0.6617647058823529 0.7037037037037037 0.6911764705882353 0.6884531590413944
1 0.7222222222222222 0.6753812636165577 0.7271241830065359 0.6797385620915033 0.7254901960784313 0.6971677559912854 0.7156862745098039 0.710239651416122 0.7156862745098039 0.7145969498910676 0.7124183006535948 0.7189542483660131 0.6977124183006536 0.7276688453159041 0.6928104575163399 0.7342047930283224 0.6895424836601307 0.7320261437908496 0.6699346405228758 0.7342047930283224 0.6601307189542484 0.7276688453159041 0.6568627450980392 0.7233115468409586 0.6601307189542484 0.7080610021786492 0.6666666666666666 0.7015250544662309 0.684640522875817 0.6928104575163399 0.6977124183006536 0.6775599128540305 0.7205882352941176 0.6753812636165577
1 0.7418300653594772 0.6252723311546841 0.7467320261437909 0.6230936819172114 0.761437908496732 0.6230936819172114 0.7630718954248366 0.6252723311546841 0.7630718954248366 0.6274509803921569 0.7516339869281046 0.6339869281045751 0.7467320261437909 0.6339869281045751 0.7418300653594772 0.6274509803921569
1 0.6666666666666666 0.840958605664488 0.6683006535947712 0.8344226579520697 0.6748366013071896 0.8257080610021786 0.684640522875817 0.8213507625272332 0.7075163398692811 0.8191721132897604 0.7352941176470589 0.8104575163398693 0.7549019607843137 0.8104575163398693 0.7581699346405228 0.8082788671023965 0.7679738562091504 0.8126361655773421 0.7712418300653595 0.8169934640522876 0.7712418300653595 0.8235294117647058 0.7679738562091504 0.8278867102396514 0.7483660130718954 0.8366013071895425 0.7434640522875817 0.8366013071895425 0.7124183006535948 0.8562091503267973 0.6862745098039216 0.8583877995642701 0.6748366013071896 0.8540305010893247 0.6683006535947712 0.8431372549019608
1 0.7483660130718954 0.644880174291939 0.7532679738562091 0.6514161220043573 0.7565359477124183 0.6623093681917211 0.7434640522875817 0.673202614379085 0.7336601307189542 0.673202614379085 0.7271241830065359 0.664488017429194 0.7254901960784313 0.6535947712418301 0.7352941176470589 0.644880174291939 0.7467320261437909 0.644880174291939
1 0.7075163398692811 0.8758169934640523 0.7091503267973857 0.8779956427015251 0.7222222222222222 0.8779956427015251 0.7336601307189542 0.8845315904139434 0.7336601307189542 0.8932461873638344 0.7287581699346405 0.8997821350762527 0.7205882352941176 0.8997821350762527 0.7189542483660131 0.9019607843137255 0.696078431372549 0.8954248366013072 0.6928104575163399 0.8888888888888888 0.6944444444444444 0.8823529411764706 0.6977124183006536 0.8779956427015251 0.7058823529411765 0.8758169934640523
1 0.4869281045751634 0.9389978213507625 0.4918300653594771 0.9433551198257081 0.5 0.9455337690631809 0.511437908496732 0.9607843137254902 0.5196078431372549 0.954248366013072 0.5375816993464052 0.9564270152505446 0.5522875816993464 0.9477124183006536 0.5637254901960784 0.9455337690631809 0.5702614379084967 0.9498910675381264 0.5833333333333334 0.9498910675381264 0.5849673202614379 0.9477124183006536 0.5980392156862745 0.9498910675381264 0.6160130718954249 0.9673202614379085 0.6209150326797386 0.9694989106753813 0.630718954248366 0.9694989106753813 0.6405228758169934 0.9586056644880174 0.6519607843137255 0.9520697167755992 0.6584967320261438 0.9520697167755992 0.6601307189542484 0.9498910675381264 0.6748366013071896 0.9520697167755992 0.6895424836601307 0.9607843137254902 0.7026143790849673 0.9760348583877996 0.7075163398692811 0.9782135076252724 0.7124183006535948 0.9847494553376906 0.7140522875816994 0.9912854030501089 0.7124183006535948 0.9978213507625272 0.6797385620915033 0.9978213507625272 0.6781045751633987 0.9956427015250545 0.6764705882352942 0.9978213507625272 0.6699346405228758 0.9978213507625272 0.6683006535947712 0.9956427015250545 0.6617647058823529 0.9978213507625272 0.5326797385620915 0.9978213507625272 0.5310457516339869 0.9956427015250545 0.5261437908496732 0.9978213507625272 0.4738562091503268 0.9978213507625272 0.4722222222222222 0.9956427015250545 0.46895424836601307 0.9978213507625272 0.46568627450980393 0.9956427015250545 0.46078431372549017 0.9978213507625272 0.4591503267973856 0.9956427015250545 0.4526143790849673 0.9956427015250545 0.4477124183006536 0.9912854030501089 0.4477124183006536 0.9847494553376906 0.44281045751633985 0.9694989106753813 0.4444444444444444 0.9629629629629629 0.4526143790849673 0.9520697167755992 0.46568627450980393 0.9433551198257081 0.477124183006536 0.9389978213507625 0.4852941176470588 0.9389978213507625
1 0.7189542483660131 0.673202614379085 0.7254901960784313 0.6775599128540305 0.7238562091503268 0.6840958605664488 0.7124183006535948 0.6862745098039216 0.7058823529411765 0.690631808278867 0.696078431372549 0.6884531590413944 0.6928104575163399 0.681917211328976 0.7026143790849673 0.6753812636165577 0.7140522875816994 0.6753812636165577 0.7173202614379085 0.673202614379085
1 0.6813725490196079 0.7407407407407407 0.6879084967320261 0.7429193899782135 0.6944444444444444 0.738562091503268 0.6993464052287581 0.738562091503268 0.7026143790849673 0.7407407407407407 0.7026143790849673 0.7516339869281046 0.6928104575163399 0.7625272331154684 0.6879084967320261 0.7647058823529411 0.6862745098039216 0.7625272331154684 0.6748366013071896 0.7625272331154684 0.6683006535947712 0.7712418300653595 0.6699346405228758 0.7843137254901961 0.6601307189542484 0.7952069716775599 0.6617647058823529 0.8017429193899782 0.6601307189542484 0.8104575163398693 0.6633986928104575 0.8213507625272332 0.6601307189542484 0.8278867102396514 0.6535947712418301 0.8278867102396514 0.6519607843137255 0.8300653594771242 0.6535947712418301 0.8366013071895425 0.6486928104575164 0.8344226579520697 0.6454248366013072 0.840958605664488 0.6470588235294118 0.8431372549019608 0.6421568627450981 0.8474945533769063 0.6127450980392157 0.8496732026143791 0.5931372549019608 0.840958605664488 0.5947712418300654 0.8300653594771242 0.5980392156862745 0.8257080610021786 0.6029411764705882 0.8213507625272332 0.6111111111111112 0.8191721132897604 0.6143790849673203 0.8148148148148148 0.6143790849673203 0.8104575163398693 0.6013071895424836 0.7952069716775599 0.5996732026143791 0.7864923747276689 0.6045751633986928 0.7821350762527233 0.6356209150326797 0.775599128540305 0.6519607843137255 0.7625272331154684 0.6584967320261438 0.7538126361655774 0.6683006535947712 0.7494553376906318 0.6748366013071896 0.7494553376906318 0.6797385620915033 0.7429193899782135
1 0.6258169934640523 0.8169934640522876 0.6372549019607843 0.8235294117647058 0.6339869281045751 0.840958605664488 0.6290849673202614 0.8474945533769063 0.6143790849673203 0.8474945533769063 0.6078431372549019 0.840958605664488 0.6078431372549019 0.8344226579520697 0.6111111111111112 0.8278867102396514 0.6160130718954249 0.8213507625272332 0.6241830065359477 0.8169934640522876
1 0.8513071895424836 0.7058823529411765 0.8594771241830066 0.710239651416122 0.8611111111111112 0.7080610021786492 0.8660130718954249 0.7124183006535948 0.8594771241830066 0.7189542483660131 0.8513071895424836 0.7211328976034859 0.8447712418300654 0.7298474945533769 0.8431372549019608 0.738562091503268 0.8235294117647058 0.738562091503268 0.8169934640522876 0.7407407407407407 0.8055555555555556 0.7516339869281046 0.7990196078431373 0.7516339869281046 0.7924836601307189 0.7559912854030502 0.7810457516339869 0.7581699346405228 0.7794117647058824 0.7603485838779956 0.7810457516339869 0.7777777777777778 0.7859477124183006 0.7843137254901961 0.7924836601307189 0.7843137254901961 0.7924836601307189 0.7886710239651417 0.7892156862745098 0.7930283224400871 0.7728758169934641 0.8017429193899782 0.7598039215686274 0.8017429193899782 0.7532679738562091 0.7973856209150327 0.7483660130718954 0.7973856209150327 0.7401960784313726 0.7908496732026143 0.7156862745098039 0.7908496732026143 0.7140522875816994 0.7821350762527233 0.7205882352941176 0.7712418300653595 0.7320261437908496 0.7647058823529411 0.7418300653594772 0.7647058823529411 0.7467320261437909 0.7603485838779956 0.7598039215686274 0.7581699346405228 0.761437908496732 0.7559912854030502 0.7598039215686274 0.7429193899782135 0.7647058823529411 0.7363834422657952 0.7712418300653595 0.7363834422657952 0.7794117647058824 0.7320261437908496 0.7908496732026143 0.7320261437908496 0.7924836601307189 0.7298474945533769 0.795751633986928 0.7320261437908496 0.8022875816993464 0.7276688453159041 0.8088235294117647 0.7276688453159041 0.8120915032679739 0.7233115468409586 0.8104575163398693 0.7189542483660131 0.8120915032679739 0.7145969498910676 0.8104575163398693 0.7124183006535948 0.8137254901960784 0.710239651416122 0.8333333333333334 0.7080610021786492 0.8349673202614379 0.7058823529411765 0.8496732026143791 0.7058823529411765
1 0.6568627450980392 0.7298474945533769 0.6552287581699346 0.7189542483660131 0.6633986928104575 0.7037037037037037 0.6781045751633987 0.6971677559912854 0.6928104575163399 0.681917211328976 0.7009803921568627 0.6775599128540305 0.7222222222222222 0.6775599128540305 0.7222222222222222 0.6840958605664488 0.7254901960784313 0.6928104575163399 0.7238562091503268 0.6993464052287581 0.7091503267973857 0.7189542483660131 0.6813725490196079 0.7342047930283224 0.6797385620915033 0.7320261437908496 0.673202614379085 0.7342047930283224 0.6666666666666666 0.7298474945533769 0.6584967320261438 0.7298474945533769
1 0.7630718954248366 0.6230936819172114 0.7696078431372549 0.6296296296296297 0.7712418300653595 0.6405228758169934 0.7598039215686274 0.6405228758169934 0.7581699346405228 0.6383442265795207 0.7434640522875817 0.6405228758169934 0.738562091503268 0.6383442265795207 0.7336601307189542 0.6318082788671024 0.7369281045751634 0.6252723311546841 0.7434640522875817 0.6230936819172114 0.761437908496732 0.6230936819172114
1 0.6879084967320261 0.7080610021786492 0.6911764705882353 0.7124183006535948 0.7026143790849673 0.7124183006535948 0.7075163398692811 0.7189542483660131 0.696078431372549 0.7298474945533769 0.696078431372549 0.7342047930283224 0.7026143790849673 0.738562091503268 0.7026143790849673 0.7494553376906318 0.6928104575163399 0.7603485838779956 0.6862745098039216 0.7581699346405228 0.6748366013071896 0.7581699346405228 0.6715686274509803 0.7603485838779956 0.6503267973856209 0.7886710239651417 0.6437908496732027 0.7886710239651417 0.6241830065359477 0.803921568627451 0.6160130718954249 0.803921568627451 0.6045751633986928 0.7952069716775599 0.6029411764705882 0.7908496732026143 0.6045751633986928 0.7843137254901961 0.6339869281045751 0.775599128540305 0.6519607843137255 0.7625272331154684 0.6568627450980392 0.7538126361655774 0.6666666666666666 0.7472766884531591 0.6633986928104575 0.7429193899782135 0.6454248366013072 0.738562091503268 0.6356209150326797 0.7276688453159041 0.6356209150326797 0.7233115468409586 0.6437908496732027 0.7189542483660131 0.6535947712418301 0.7189542483660131 0.6568627450980392 0.7233115468409586 0.6617647058823529 0.7211328976034859 0.6683006535947712 0.7124183006535948 0.6683006535947712 0.7080610021786492 0.6715686274509803 0.7037037037037037 0.673202614379085 0.7037037037037037 0.6764705882352942 0.7124183006535948 0.6862745098039216 0.710239651416122
1 0.6715686274509803 0.7516339869281046 0.673202614379085 0.7538126361655774 0.6715686274509803 0.7581699346405228 0.6617647058823529 0.7690631808278867 0.6617647058823529 0.7777777777777778 0.6503267973856209 0.7908496732026143 0.6454248366013072 0.7930283224400871 0.6323529411764706 0.8104575163398693 0.6372549019607843 0.8191721132897604 0.6388888888888888 0.8278867102396514 0.6339869281045751 0.8453159041394336 0.6274509803921569 0.8540305010893247 0.630718954248366 0.8583877995642701 0.630718954248366 0.8627450980392157 0.6258169934640523 0.869281045751634 0.6274509803921569 0.8758169934640523 0.6127450980392157 0.8954248366013072 0.6013071895424836 0.906318082788671 0.5816993464052288 0.9172113289760349 0.5735294117647058 0.9172113289760349 0.5718954248366013 0.9150326797385621 0.5702614379084967 0.9084967320261438 0.5735294117647058 0.8997821350762527 0.5866013071895425 0.8823529411764706 0.5866013071895425 0.8779956427015251 0.5915032679738562 0.8714596949891068 0.5980392156862745 0.869281045751634 0.6111111111111112 0.8540305010893247 0.6078431372549019 0.8474945533769063 0.6013071895424836 0.8431372549019608 0.5947712418300654 0.8431372549019608 0.5947712418300654 0.8300653594771242 0.6127450980392157 0.8191721132897604 0.6160130718954249 0.8148148148148148 0.6143790849673203 0.8082788671023965 0.6013071895424836 0.7952069716775599 0.5996732026143791 0.7864923747276689 0.6094771241830066 0.7799564270152506 0.6388888888888888 0.7734204793028322 0.6486928104575164 0.7647058823529411 0.6519607843137255 0.7647058823529411 0.6584967320261438 0.7538126361655774 0.6699346405228758 0.7516339869281046
1 0.7238562091503268 0.6775599128540305 0.7205882352941176 0.6993464052287581 0.7107843137254902 0.7058823529411765 0.704248366013072 0.7145969498910676 0.704248366013072 0.7189542483660131 0.6862745098039216 0.7298474945533769 0.6699346405228758 0.7342047930283224 0.6666666666666666 0.7407407407407407 0.6650326797385621 0.738562091503268 0.6486928104575164 0.7407407407407407 0.6356209150326797 0.7298474945533769 0.6274509803921569 0.7298474945533769 0.6258169934640523 0.7320261437908496 0.6274509803921569 0.7254901960784313 0.6388888888888888 0.7167755991285403 0.6552287581699346 0.7124183006535948 0.6650326797385621 0.7015250544662309 0.684640522875817 0.6928104575163399 0.6944444444444444 0.6797385620915033 0.7091503267973857 0.6753812636165577 0.7205882352941176 0.6753812636165577 0.7222222222222222 0.6775599128540305
1 0.7214052287581699 0.6579520697167756 0.014705882352941176 0.013071895424836602
1 0.8251633986928104 0.7254901960784313 0.826797385620915 0.7276688453159041 0.8382352941176471 0.7276688453159041 0.8447712418300654 0.7320261437908496 0.8464052287581699 0.7363834422657952 0.8447712418300654 0.7407407407407407 0.8186274509803921 0.7429193899782135 0.8071895424836601 0.7516339869281046 0.7859477124183006 0.7581699346405228 0.7777777777777778 0.7559912854030502 0.7663398692810458 0.7472766884531591 0.7663398692810458 0.7407407407407407 0.7696078431372549 0.7363834422657952 0.7990196078431373 0.7276688453159041 0.8104575163398693 0.7276688453159041 0.8137254901960784 0.7233115468409586 0.8235294117647058 0.7254901960784313
1 0.4869281045751634 0.9368191721132898 0.5032679738562091 0.9455337690631809 0.5147058823529411 0.9586056644880174 0.5179738562091504 0.9564270152505446 0.5310457516339869 0.9564270152505446 0.5326797385620915 0.9586056644880174 0.5343137254901961 0.9694989106753813 0.5294117647058824 0.9803921568627451 0.5277777777777778 0.9934640522875817 0.5163398692810458 0.9978213507625272 0.5032679738562091 0.9978213507625272 0.5016339869281046 0.9956427015250545 0.5 0.9978213507625272 0.4738562091503268 0.9978213507625272 0.4722222222222222 0.9956427015250545 0.47058823529411764 0.9978213507625272 0.4673202614379085 0.9956427015250545 0.4624183006535948 0.9978213507625272 0.4493464052287582 0.9934640522875817 0.44281045751633985 0.9738562091503268 0.44281045751633985 0.9673202614379085 0.4477124183006536 0.9564270152505446 0.4673202614379085 0.9411764705882353 0.4852941176470588 0.9368191721132898
1 0.619281045751634 0.7363834422657952 0.6258169934640523 0.7211328976034859 0.6372549019607843 0.7145969498910676 0.6437908496732027 0.7145969498910676 0.6519607843137255 0.7080610021786492 0.6552287581699346 0.7124183006535948 0.6552287581699346 0.7254901960784313 0.6617647058823529 0.7342047930283224 0.6568627450980392 0.7407407407407407 0.6421568627450981 0.7407407407407407 0.6372549019607843 0.7363834422657952 0.6290849673202614 0.7407407407407407 0.6225490196078431 0.7407407407407407 0.6209150326797386 0.738562091503268
1 0.7401960784313726 0.6339869281045751 0.7434640522875817 0.6361655773420479 0.7434640522875817 0.6470588235294118 0.75 0.6535947712418301 0.7483660130718954 0.6557734204793029 0.75 0.664488017429194 0.7483660130718954 0.6666666666666666 0.7401960784313726 0.6666666666666666 0.738562091503268 0.6710239651416122 0.7287581699346405 0.6753812636165577 0.7254901960784313 0.6862745098039216 0.7254901960784313 0.6949891067538126 0.7140522875816994 0.7080610021786492 0.7124183006535948 0.7189542483660131 0.6993464052287581 0.7254901960784313 0.696078431372549 0.7298474945533769 0.7026143790849673 0.738562091503268 0.7026143790849673 0.7516339869281046 0.6944444444444444 0.7603485838779956 0.6862745098039216 0.7603485838779956 0.684640522875817 0.7581699346405228 0.6830065359477124 0.7603485838779956 0.6764705882352942 0.7603485838779956 0.6748366013071896 0.7581699346405228 0.6650326797385621 0.7647058823529411 0.6601307189542484 0.7712418300653595 0.6584967320261438 0.7799564270152506 0.6437908496732027 0.7973856209150327 0.6454248366013072 0.8017429193899782 0.6503267973856209 0.8017429193899782 0.6503267973856209 0.8061002178649237 0.6405228758169934 0.8169934640522876 0.6421568627450981 0.8191721132897604 0.6421568627450981 0.8300653594771242 0.6454248366013072 0.8322440087145969 0.6454248366013072 0.840958605664488 0.6470588235294118 0.8431372549019608 0.6437908496732027 0.8474945533769063 0.6470588235294118 0.8540305010893247 0.6535947712418301 0.8518518518518519 0.6519607843137255 0.8605664488017429 0.6486928104575164 0.8605664488017429 0.6437908496732027 0.8540305010893247 0.6405228758169934 0.8583877995642701 0.6437908496732027 0.8627450980392157 0.6388888888888888 0.8714596949891068 0.6323529411764706 0.8758169934640523 0.6176470588235294 0.8954248366013072 0.6078431372549019 0.9041394335511983 0.6045751633986928 0.9041394335511983 0.6013071895424836 0.9084967320261438 0.5849673202614379 0.9172113289760349 0.5735294117647058 0.9172113289760349 0.5718954248366013 0.9150326797385621 0.5702614379084967 0.9084967320261438 0.576797385620915 0.8932461873638344 0.5866013071895425 0.8823529411764706 0.5849673202614379 0.8758169934640523 0.5915032679738562 0.869281045751634 0.5980392156862745 0.8671023965141612 0.6029411764705882 0.8605664488017429 0.6062091503267973 0.8605664488017429 0.6094771241830066 0.8540305010893247 0.6094771241830066 0.8496732026143791 0.5980392156862745 0.8344226579520697 0.6045751633986928 0.8235294117647058 0.6111111111111112 0.8213507625272332 0.6160130718954249 0.8126361655773421 0.6111111111111112 0.803921568627451 0.6013071895424836 0.7952069716775599 0.5996732026143791 0.7864923747276689 0.6078431372549019 0.7799564270152506 0.6388888888888888 0.7734204793028322 0.6454248366013072 0.7647058823529411 0.6503267973856209 0.7668845315904139 0.6617647058823529 0.7472766884531591 0.6552287581699346 0.7407407407407407 0.6503267973856209 0.7429193899782135 0.6356209150326797 0.7320261437908496 0.6323529411764706 0.7320261437908496 0.6323529411764706 0.7233115468409586 0.6388888888888888 0.7167755991285403 0.6568627450980392 0.7124183006535948 0.6748366013071896 0.6949891067538126 0.6781045751633987 0.6949891067538126 0.6813725490196079 0.690631808278867 0.6862745098039216 0.690631808278867 0.6879084967320261 0.6862745098039216 0.696078431372549 0.6797385620915033 0.7254901960784313 0.6688453159041394 0.7271241830065359 0.6666666666666666 0.7238562091503268 0.6579520697167756 0.7271241830065359 0.6535947712418301 0.7254901960784313 0.6514161220043573 0.7271241830065359 0.6383442265795207 0.738562091503268 0.6361655773420479
1 0.6478758169934641 0.7309368191721133 0.021241830065359478 0.023965141612200435
1 0.6715686274509803 0.7494553376906318 0.6748366013071896 0.7538126361655774 0.6617647058823529 0.7712418300653595 0.6633986928104575 0.7777777777777778 0.6519607843137255 0.7930283224400871 0.6372549019607843 0.803921568627451 0.6290849673202614 0.8061002178649237 0.6241830065359477 0.8148148148148148 0.619281045751634 0.8148148148148148 0.6111111111111112 0.803921568627451 0.6029411764705882 0.7995642701525054 0.5980392156862745 0.7930283224400871 0.5980392156862745 0.7864923747276689 0.6078431372549019 0.7799564270152506 0.6339869281045751 0.7734204793028322 0.6372549019607843 0.7690631808278867 0.6535947712418301 0.7603485838779956 0.6584967320261438 0.7538126361655774 0.6699346405228758 0.7494553376906318
1 0.6176470588235294 0.8082788671023965 0.6258169934640523 0.8061002178649237 0.6388888888888888 0.8213507625272332 0.6388888888888888 0.8322440087145969 0.6339869281045751 0.8453159041394336 0.6290849673202614 0.8496732026143791 0.6094771241830066 0.8496732026143791 0.5947712418300654 0.8453159041394336 0.5915032679738562 0.840958605664488 0.5980392156862745 0.8257080610021786 0.6127450980392157 0.8191721132897604 0.6176470588235294 0.8104575163398693
1 0.7140522875816994 0.6318082788671024 0.7189542483660131 0.6383442265795207 0.7156862745098039 0.6427015250544662 0.7124183006535948 0.6427015250544662 0.704248366013072 0.6361655773420479 0.7075163398692811 0.6318082788671024 0.7124183006535948 0.6318082788671024
1 0.6813725490196079 0.7124183006535948 0.6911764705882353 0.7167755991285403 0.6993464052287581 0.7167755991285403 0.6993464052287581 0.7211328976034859 0.6862745098039216 0.7254901960784313 0.6748366013071896 0.7363834422657952 0.6748366013071896 0.7450980392156863 0.6764705882352942 0.7472766884531591 0.6748366013071896 0.7538126361655774 0.6633986928104575 0.7668845315904139 0.6617647058823529 0.7777777777777778 0.6503267973856209 0.7908496732026143 0.630718954248366 0.803921568627451 0.6225490196078431 0.803921568627451 0.619281045751634 0.8082788671023965 0.6029411764705882 0.7973856209150327 0.5980392156862745 0.7864923747276689 0.6062091503267973 0.7799564270152506 0.630718954248366 0.7734204793028322 0.6372549019607843 0.7668845315904139 0.6405228758169934 0.7668845315904139 0.6454248366013072 0.7581699346405228 0.6519607843137255 0.7603485838779956 0.6568627450980392 0.7538126361655774 0.6552287581699346 0.7472766884531591 0.6486928104575164 0.7472766884531591 0.6405228758169934 0.7363834422657952 0.6372549019607843 0.7342047930283224 0.6323529411764706 0.7363834422657952 0.6290849673202614 0.7298474945533769 0.6258169934640523 0.7298474945533769 0.6274509803921569 0.7233115468409586 0.6356209150326797 0.7211328976034859 0.6405228758169934 0.7167755991285403 0.6552287581699346 0.7167755991285403 0.6568627450980392 0.7145969498910676 0.6666666666666666 0.7167755991285403 0.6715686274509803 0.7145969498910676 0.6683006535947712 0.7211328976034859 0.6748366013071896 0.7276688453159041 0.6813725490196079 0.7276688453159041 0.6895424836601307 0.7233115468409586 0.6862745098039216 0.7167755991285403 0.6797385620915033 0.7167755991285403 0.6813725490196079 0.7145969498910676
1 0.7369281045751634 0.9084967320261438 0.7516339869281046 0.9281045751633987 0.7516339869281046 0.934640522875817 0.7434640522875817 0.9433551198257081 0.7222222222222222 0.9433551198257081 0.7124183006535948 0.9368191721132898 0.7107843137254902 0.9324618736383442 0.7107843137254902 0.9215686274509803 0.7140522875816994 0.9150326797385621 0.7254901960784313 0.906318082788671 0.7336601307189542 0.906318082788671 0.7352941176470589 0.9084967320261438
1 0.7598039215686274 0.6209150326797386 0.7647058823529411 0.6230936819172114 0.7696078431372549 0.6296296296296297 0.7679738562091504 0.6339869281045751 0.761437908496732 0.6383442265795207 0.7467320261437909 0.6383442265795207 0.7369281045751634 0.6427015250544662 0.7287581699346405 0.6427015250544662 0.7271241830065359 0.6405228758169934 0.7254901960784313 0.6427015250544662 0.7140522875816994 0.6427015250544662 0.7075163398692811 0.6383442265795207 0.7058823529411765 0.6339869281045751 0.7124183006535948 0.6296296296296297 0.7238562091503268 0.6296296296296297 0.7287581699346405 0.6252723311546841 0.7352941176470589 0.6252723311546841 0.7369281045751634 0.6230936819172114 0.7581699346405228 0.6209150326797386
1 0.6225490196078431 0.8082788671023965 0.630718954248366 0.8191721132897604 0.6339869281045751 0.8191721132897604 0.6372549019607843 0.8235294117647058 0.6372549019607843 0.8366013071895425 0.6323529411764706 0.8518518518518519 0.6339869281045751 0.8540305010893247 0.6405228758169934 0.8518518518518519 0.6405228758169934 0.8562091503267973 0.6372549019607843 0.8605664488017429 0.6405228758169934 0.869281045751634 0.6388888888888888 0.8736383442265795 0.6339869281045751 0.8779956427015251 0.6290849673202614 0.8779956427015251 0.6176470588235294 0.8932461873638344 0.6013071895424836 0.9084967320261438 0.5784313725490197 0.9193899782135077 0.5735294117647058 0.9193899782135077 0.5702614379084967 0.9150326797385621 0.5702614379084967 0.9041394335511983 0.5784313725490197 0.8867102396514162 0.5784313725490197 0.8779956427015251 0.5849673202614379 0.8714596949891068 0.5964052287581699 0.8671023965141612 0.6094771241830066 0.8540305010893247 0.6078431372549019 0.8474945533769063 0.5980392156862745 0.8431372549019608 0.5947712418300654 0.8387799564270153 0.5964052287581699 0.8322440087145969 0.5996732026143791 0.8278867102396514 0.6045751633986928 0.8278867102396514 0.6078431372549019 0.8235294117647058 0.6143790849673203 0.8213507625272332 0.6209150326797386 0.8104575163398693
1 0.8529411764705882 0.7058823529411765 0.8545751633986928 0.7080610021786492 0.8627450980392157 0.7080610021786492 0.8676470588235294 0.7145969498910676 0.8513071895424836 0.7233115468409586 0.8464052287581699 0.7298474945533769 0.8464052287581699 0.738562091503268 0.8431372549019608 0.7407407407407407 0.8186274509803921 0.7407407407407407 0.8088235294117647 0.7494553376906318 0.7892156862745098 0.7559912854030502 0.7826797385620915 0.7559912854030502 0.7712418300653595 0.7494553376906318 0.7679738562091504 0.7450980392156863 0.7679738562091504 0.7407407407407407 0.7712418300653595 0.7363834422657952 0.7794117647058824 0.7320261437908496 0.7908496732026143 0.7320261437908496 0.8055555555555556 0.7254901960784313 0.8104575163398693 0.7211328976034859 0.8104575163398693 0.7124183006535948 0.8169934640522876 0.7080610021786492 0.8513071895424836 0.7058823529411765
1 0.7647058823529411 0.6252723311546841 0.7712418300653595 0.6383442265795207 0.7696078431372549 0.6405228758169934 0.7581699346405228 0.6405228758169934 0.7549019607843137 0.6427015250544662 0.7516339869281046 0.6470588235294118 0.7565359477124183 0.6623093681917211 0.7434640522875817 0.673202614379085 0.7336601307189542 0.673202614379085 0.7303921568627451 0.6666666666666666 0.7156862745098039 0.6601307189542484 0.7140522875816994 0.6579520697167756 0.7140522875816994 0.644880174291939 0.7058823529411765 0.6361655773420479 0.7091503267973857 0.6318082788671024 0.7222222222222222 0.6318082788671024 0.7336601307189542 0.6252723311546841 0.7450980392156863 0.6252723311546841 0.7467320261437909 0.6230936819172114 0.761437908496732 0.6230936819172114 0.7630718954248366 0.6252723311546841
1 0.6952614379084967 0.7516339869281046 0.021241830065359478 0.02178649237472767
1 0.8120915032679739 0.7298474945533769 0.8186274509803921 0.7363834422657952 0.8104575163398693 0.7472766884531591 0.7973856209150327 0.7538126361655774 0.7794117647058824 0.7538126361655774 0.7745098039215687 0.7516339869281046 0.7696078431372549 0.7472766884531591 0.7696078431372549 0.738562091503268 0.7826797385620915 0.7320261437908496 0.8104575163398693 0.7298474945533769
1 0.7401960784313726 0.6470588235294118 0.7418300653594772 0.6492374727668845 0.7483660130718954 0.6492374727668845 0.7549019607843137 0.6579520697167756 0.7549019607843137 0.664488017429194 0.7418300653594772 0.673202614379085 0.7336601307189542 0.673202614379085 0.7303921568627451 0.6666666666666666 0.7222222222222222 0.6666666666666666 0.7173202614379085 0.6623093681917211 0.7140522875816994 0.6579520697167756 0.7156862745098039 0.6514161220043573 0.7336601307189542 0.6514161220043573 0.738562091503268 0.6492374727668845
1 0.7107843137254902 0.7124183006535948 0.7124183006535948 0.7189542483660131 0.7009803921568627 0.7298474945533769 0.704248366013072 0.7472766884531591 0.6993464052287581 0.7559912854030502 0.6928104575163399 0.7603485838779956 0.6862745098039216 0.7581699346405228 0.6715686274509803 0.7603485838779956 0.6683006535947712 0.7647058823529411 0.6535947712418301 0.7734204793028322 0.6503267973856209 0.7712418300653595 0.6584967320261438 0.7538126361655774 0.6699346405228758 0.7472766884531591 0.6601307189542484 0.7407407407407407 0.6633986928104575 0.7363834422657952 0.6633986928104575 0.7298474945533769 0.6584967320261438 0.7233115468409586 0.6683006535947712 0.7124183006535948 0.6699346405228758 0.7058823529411765 0.6715686274509803 0.7058823529411765 0.6748366013071896 0.7145969498910676 0.6813725490196079 0.710239651416122 0.6895424836601307 0.710239651416122 0.6911764705882353 0.7124183006535948 0.704248366013072 0.710239651416122 0.7091503267973857 0.7124183006535948
1 0.6568627450980392 0.7538126361655774 0.6650326797385621 0.7494553376906318 0.673202614379085 0.7494553376906318 0.6797385620915033 0.7429193899782135 0.684640522875817 0.7472766884531591 0.6928104575163399 0.7407407407407407 0.7009803921568627 0.7407407407407407 0.7026143790849673 0.7429193899782135 0.7009803921568627 0.7516339869281046 0.696078431372549 0.7581699346405228 0.6830065359477124 0.7581699346405228 0.6830065359477124 0.7494553376906318 0.6813725490196079 0.7472766884531591 0.6797385620915033 0.7559912854030502 0.6748366013071896 0.7581699346405228 0.6650326797385621 0.7690631808278867 0.6650326797385621 0.7777777777777778 0.6568627450980392 0.7843137254901961 0.6470588235294118 0.7973856209150327 0.6454248366013072 0.8082788671023965 0.6372549019607843 0.8148148148148148 0.6388888888888888 0.8300653594771242 0.6372549019607843 0.8387799564270153 0.6323529411764706 0.8474945533769063 0.6290849673202614 0.8496732026143791 0.6127450980392157 0.8496732026143791 0.6029411764705882 0.8431372549019608 0.5947712418300654 0.8431372549019608 0.5947712418300654 0.8322440087145969 0.6013071895424836 0.8235294117647058 0.6062091503267973 0.8235294117647058 0.6160130718954249 0.8169934640522876 0.6143790849673203 0.8082788671023965 0.5996732026143791 0.7930283224400871 0.5996732026143791 0.7864923747276689 0.6094771241830066 0.7799564270152506 0.6372549019607843 0.7734204793028322 0.6470588235294118 0.7647058823529411 0.6503267973856209 0.7647058823529411 0.6568627450980392 0.7559912854030502
1 0.7222222222222222 0.673202614379085 0.7271241830065359 0.6775599128540305 0.7238562091503268 0.6949891067538126 0.7173202614379085 0.7037037037037037 0.7075163398692811 0.710239651416122 0.704248366013072 0.7145969498910676 0.704248366013072 0.7189542483660131 0.6895424836601307 0.7254901960784313 0.6813725490196079 0.7320261437908496 0.6715686274509803 0.7320261437908496 0.6683006535947712 0.738562091503268 0.6617647058823529 0.738562091503268 0.6601307189542484 0.7407407407407407 0.6486928104575164 0.7407407407407407 0.6372549019607843 0.7320261437908496 0.6241830065359477 0.7363834422657952 0.6225490196078431 0.7320261437908496 0.6274509803921569 0.7233115468409586 0.6405228758169934 0.7145969498910676 0.6470588235294118 0.7145969498910676 0.6568627450980392 0.710239651416122 0.6633986928104575 0.7015250544662309 0.684640522875817 0.690631808278867 0.6928104575163399 0.6797385620915033 0.7026143790849673 0.6753812636165577 0.7205882352941176 0.673202614379085
1 0.8406862745098039 0.7156862745098039 0.05718954248366013 0.023965141612200435
1 0.7516339869281046 0.6296296296296297 0.7450980392156863 0.6383442265795207 0.7450980392156863 0.644880174291939 0.75 0.6492374727668845 0.7549019607843137 0.6623093681917211 0.7336601307189542 0.6775599128540305 0.7287581699346405 0.6775599128540305 0.7254901960784313 0.6884531590413944 0.7271241830065359 0.6928104575163399 0.7238562091503268 0.6993464052287581 0.7140522875816994 0.7080610021786492 0.7124183006535948 0.7189542483660131 0.7075163398692811 0.7233115468409586 0.6993464052287581 0.7254901960784313 0.696078431372549 0.7298474945533769 0.6977124183006536 0.7342047930283224 0.7026143790849673 0.7363834422657952 0.7026143790849673 0.7516339869281046 0.6944444444444444 0.7603485838779956 0.6879084967320261 0.7603485838779956 0.6862745098039216 0.7581699346405228 0.673202614379085 0.7603485838779956 0.6633986928104575 0.7668845315904139 0.6568627450980392 0.7734204793028322 0.6568627450980392 0.7821350762527233 0.6470588235294118 0.7952069716775599 0.6519607843137255 0.8017429193899782 0.6519607843137255 0.8061002178649237 0.6470588235294118 0.8104575163398693 0.6470588235294118 0.8169934640522876 0.6437908496732027 0.8191721132897604 0.6470588235294118 0.8300653594771242 0.6470588235294118 0.8453159041394336 0.6437908496732027 0.8474945533769063 0.6470588235294118 0.8540305010893247 0.6486928104575164 0.8518518518518519 0.6552287581699346 0.8518518518518519 0.6519607843137255 0.8583877995642701 0.6535947712418301 0.8605664488017429 0.6486928104575164 0.8605664488017429 0.6454248366013072 0.8540305010893247 0.6323529411764706 0.8583877995642701 0.6274509803921569 0.8583877995642701 0.6225490196078431 0.8540305010893247 0.6209150326797386 0.8583877995642701 0.6290849673202614 0.8649237472766884 0.6323529411764706 0.8758169934640523 0.6176470588235294 0.8954248366013072 0.6078431372549019 0.9041394335511983 0.5833333333333334 0.9172113289760349 0.5735294117647058 0.9172113289760349 0.5702614379084967 0.9106753812636166 0.5718954248366013 0.9041394335511983 0.5882352941176471 0.8823529411764706 0.5882352941176471 0.8758169934640523 0.5931372549019608 0.869281045751634 0.5964052287581699 0.869281045751634 0.6094771241830066 0.8583877995642701 0.6111111111111112 0.8496732026143791 0.6029411764705882 0.840958605664488 0.5996732026143791 0.840958605664488 0.5980392156862745 0.8322440087145969 0.6013071895424836 0.8257080610021786 0.6143790849673203 0.8191721132897604 0.6176470588235294 0.8126361655773421 0.6013071895424836 0.7930283224400871 0.6013071895424836 0.7864923747276689 0.6094771241830066 0.7799564270152506 0.6372549019607843 0.7734204793028322 0.6454248366013072 0.7647058823529411 0.6503267973856209 0.7668845315904139 0.6601307189542484 0.7516339869281046 0.6650326797385621 0.7494553376906318 0.6601307189542484 0.7429193899782135 0.6519607843137255 0.7429193899782135 0.6503267973856209 0.7450980392156863 0.6519607843137255 0.7472766884531591 0.6503267973856209 0.7472766884531591 0.6470588235294118 0.7407407407407407 0.6339869281045751 0.7342047930283224 0.630718954248366 0.7298474945533769 0.630718954248366 0.7233115468409586 0.6339869281045751 0.7189542483660131 0.6323529411764706 0.7167755991285403 0.6356209150326797 0.7189542483660131 0.6405228758169934 0.7145969498910676 0.6421568627450981 0.7167755991285403 0.6503267973856209 0.7124183006535948 0.6568627450980392 0.7124183006535948 0.6633986928104575 0.7037037037037037 0.6748366013071896 0.6949891067538126 0.6781045751633987 0.6949891067538126 0.6813725490196079 0.690631808278867 0.684640522875817 0.690631808278867 0.696078431372549 0.6797385620915033 0.7238562091503268 0.6688453159041394 0.7254901960784313 0.6666666666666666 0.7254901960784313 0.6557734204793029 0.7287581699346405 0.6535947712418301 0.7254901960784313 0.6514161220043573 0.7287581699346405 0.6427015250544662 0.7271241830065359 0.6405228758169934 0.7369281045751634 0.6339869281045751 0.7434640522875817 0.6339869281045751 0.75 0.6296296296296297
1 0.7271241830065359 0.8801742919389978 0.7336601307189542 0.8867102396514162 0.7336601307189542 0.8954248366013072 0.7320261437908496 0.8976034858387799 0.7336601307189542 0.9041394335511983 0.7516339869281046 0.9281045751633987 0.7516339869281046 0.934640522875817 0.7467320261437909 0.9411764705882353 0.7418300653594772 0.9433551198257081 0.7222222222222222 0.9433551198257081 0.7173202614379085 0.9411764705882353 0.7075163398692811 0.9281045751633987 0.6977124183006536 0.9215686274509803 0.6977124183006536 0.9150326797385621 0.7009803921568627 0.9106753812636166 0.7009803921568627 0.906318082788671 0.6944444444444444 0.8954248366013072 0.696078431372549 0.8823529411764706 0.6993464052287581 0.8779956427015251 0.7254901960784313 0.8801742919389978
1 0.6519607843137255 0.7712418300653595 0.6519607843137255 0.7647058823529411 0.6601307189542484 0.7538126361655774 0.6699346405228758 0.7494553376906318 0.6748366013071896 0.7494553376906318 0.6764705882352942 0.7538126361655774 0.6584967320261438 0.7734204793028322 0.6535947712418301 0.7712418300653595
1 0.619281045751634 0.8148148148148148 0.6127450980392157 0.803921568627451 0.6013071895424836 0.7973856209150327 0.5980392156862745 0.7930283224400871 0.5980392156862745 0.7864923747276689 0.6078431372549019 0.7799564270152506 0.6339869281045751 0.7734204793028322 0.6633986928104575 0.7494553376906318 0.6748366013071896 0.7494553376906318 0.6748366013071896 0.7559912854030502 0.6633986928104575 0.7690631808278867 0.6633986928104575 0.7777777777777778 0.6470588235294118 0.7973856209150327 0.6356209150326797 0.803921568627451 0.630718954248366 0.803921568627451 0.6209150326797386 0.8148148148148148
1 0.5964052287581699 0.9498910675381264 0.6029411764705882 0.954248366013072 0.6225490196078431 0.9760348583877996 0.619281045751634 0.9934640522875817 0.6094771241830066 0.9978213507625272 0.5375816993464052 0.9978213507625272 0.5326797385620915 0.9956427015250545 0.5326797385620915 0.9891067538126361 0.5375816993464052 0.9760348583877996 0.5392156862745098 0.9564270152505446 0.5555555555555556 0.9477124183006536 0.5669934640522876 0.9477124183006536 0.5702614379084967 0.9520697167755992 0.5947712418300654 0.9498910675381264
1 0.6699346405228758 0.7516339869281046 0.6715686274509803 0.7538126361655774 0.6601307189542484 0.7647058823529411 0.6601307189542484 0.7799564270152506 0.6486928104575164 0.7908496732026143 0.6454248366013072 0.7908496732026143 0.6323529411764706 0.8082788671023965 0.6339869281045751 0.8169934640522876 0.6372549019607843 0.8191721132897604 0.6372549019607843 0.8366013071895425 0.630718954248366 0.8518518518518519 0.6339869281045751 0.8562091503267973 0.6339869281045751 0.8627450980392157 0.6388888888888888 0.8671023965141612 0.6388888888888888 0.8714596949891068 0.6274509803921569 0.8779956427015251 0.6225490196078431 0.8867102396514162 0.6029411764705882 0.906318082788671 0.5833333333333334 0.9172113289760349 0.5718954248366013 0.9172113289760349 0.5702614379084967 0.9128540305010894 0.5718954248366013 0.9019607843137255 0.5849673202614379 0.8823529411764706 0.5816993464052288 0.8758169934640523 0.5882352941176471 0.8736383442265795 0.5915032679738562 0.869281045751634 0.5964052287581699 0.869281045751634 0.6127450980392157 0.8518518518518519 0.6094771241830066 0.8474945533769063 0.6029411764705882 0.8431372549019608 0.5980392156862745 0.8431372549019608 0.5947712418300654 0.8387799564270153 0.5980392156862745 0.8278867102396514 0.6143790849673203 0.8191721132897604 0.6176470588235294 0.8126361655773421 0.6029411764705882 0.7952069716775599 0.6013071895424836 0.7864923747276689 0.6045751633986928 0.7821350762527233 0.6372549019607843 0.775599128540305 0.6421568627450981 0.7712418300653595 0.6503267973856209 0.7690631808278867 0.6601307189542484 0.7581699346405228 0.6601307189542484 0.7538126361655774 0.6683006535947712 0.7516339869281046
1 0.6715686274509803 0.9520697167755992 0.6879084967320261 0.9607843137254902 0.7009803921568627 0.9760348583877996 0.7075163398692811 0.9782135076252724 0.7124183006535948 0.9847494553376906 0.7140522875816994 0.9912854030501089 0.7124183006535948 0.9978213507625272 0.6699346405228758 0.9978213507625272 0.6683006535947712 0.9956427015250545 0.6617647058823529 0.9978213507625272 0.6274509803921569 0.9978213507625272 0.6241830065359477 0.9934640522875817 0.6290849673202614 0.9869281045751634 0.630718954248366 0.9803921568627451 0.6290849673202614 0.9760348583877996 0.6388888888888888 0.9607843137254902 0.6535947712418301 0.9520697167755992 0.6617647058823529 0.9520697167755992 0.6633986928104575 0.9498910675381264 0.6699346405228758 0.9520697167755992
1 0.761437908496732 0.7538126361655774 0.7679738562091504 0.7603485838779956 0.7777777777777778 0.7581699346405228 0.7810457516339869 0.7668845315904139 0.7810457516339869 0.775599128540305 0.7875816993464052 0.7821350762527233 0.7941176470588235 0.7843137254901961 0.7941176470588235 0.7886710239651417 0.7794117647058824 0.7995642701525054 0.7663398692810458 0.7995642701525054 0.7647058823529411 0.8017429193899782 0.7352941176470589 0.7930283224400871 0.7287581699346405 0.7952069716775599 0.7124183006535948 0.7952069716775599 0.7091503267973857 0.7930283224400871 0.7058823529411765 0.7886710239651417 0.7091503267973857 0.7799564270152506 0.7173202614379085 0.7690631808278867 0.7303921568627451 0.7625272331154684 0.7434640522875817 0.7625272331154684 0.7598039215686274 0.7559912854030502
1 0.7254901960784313 0.6753812636165577 0.7271241830065359 0.6840958605664488 0.7238562091503268 0.6993464052287581 0.7156862745098039 0.7058823529411765 0.7124183006535948 0.710239651416122 0.7124183006535948 0.7145969498910676 0.704248366013072 0.7233115468409586 0.6911764705882353 0.7276688453159041 0.6813725490196079 0.7342047930283224 0.6764705882352942 0.7342047930283224 0.6748366013071896 0.7363834422657952 0.6748366013071896 0.7450980392156863 0.6683006535947712 0.7450980392156863 0.6650326797385621 0.7407407407407407 0.6486928104575164 0.7407407407407407 0.630718954248366 0.7298474945533769 0.6258169934640523 0.7320261437908496 0.6258169934640523 0.7254901960784313 0.6339869281045751 0.7189542483660131 0.6568627450980392 0.710239651416122 0.6633986928104575 0.7015250544662309 0.6781045751633987 0.6949891067538126 0.696078431372549 0.6775599128540305 0.7107843137254902 0.673202614379085 0.7222222222222222 0.673202614379085 0.7238562091503268 0.6753812636165577
1 0.7516339869281046 0.6557734204793029 0.7549019607843137 0.6601307189542484 0.7549019607843137 0.664488017429194 0.7434640522875817 0.673202614379085 0.7336601307189542 0.673202614379085 0.7336601307189542 0.664488017429194 0.7401960784313726 0.6557734204793029 0.7467320261437909 0.6535947712418301 0.75 0.6557734204793029
1 0.6699346405228758 0.7058823529411765 0.684640522875817 0.6928104575163399 0.696078431372549 0.6775599128540305 0.7156862745098039 0.6710239651416122 0.7238562091503268 0.6710239651416122 0.7287581699346405 0.6775599128540305 0.7287581699346405 0.6862745098039216 0.7271241830065359 0.6884531590413944 0.7287581699346405 0.6928104575163399 0.7189542483660131 0.7058823529411765 0.7026143790849673 0.7145969498910676 0.7009803921568627 0.7124183006535948 0.6813725490196079 0.7124183006535948 0.6764705882352942 0.7145969498910676 0.6715686274509803 0.7080610021786492
1 0.6813725490196079 0.7363834422657952 0.6683006535947712 0.7320261437908496 0.6633986928104575 0.7254901960784313 0.6584967320261438 0.7320261437908496 0.6568627450980392 0.738562091503268 0.6535947712418301 0.7342047930283224 0.6470588235294118 0.7363834422657952 0.6388888888888888 0.7276688453159041 0.6405228758169934 0.7189542483660131 0.6535947712418301 0.7189542483660131 0.6650326797385621 0.7037037037037037 0.6862745098039216 0.690631808278867 0.6928104575163399 0.681917211328976 0.7058823529411765 0.6753812636165577 0.7238562091503268 0.673202614379085 0.7271241830065359 0.681917211328976 0.7238562091503268 0.6884531590413944 0.7254901960784313 0.690631808278867 0.7238562091503268 0.6971677559912854 0.7124183006535948 0.710239651416122 0.7091503267973857 0.7189542483660131 0.7058823529411765 0.7233115468409586 0.6944444444444444 0.7298474945533769 0.696078431372549 0.7363834422657952 0.7026143790849673 0.738562091503268 0.7026143790849673 0.7516339869281046 0.6977124183006536 0.7581699346405228 0.6895424836601307 0.7603485838779956 0.6879084967320261 0.7581699346405228 0.673202614379085 0.7559912854030502 0.6666666666666666 0.7625272331154684 0.6568627450980392 0.7668845315904139 0.6568627450980392 0.7625272331154684 0.6617647058823529 0.7603485838779956 0.6650326797385621 0.7538126361655774 0.6748366013071896 0.7516339869281046 0.6764705882352942 0.7494553376906318 0.6748366013071896 0.7429193899782135 0.6781045751633987 0.7429193899782135 0.6813725490196079 0.738562091503268
1 0.7630718954248366 0.6230936819172114 0.7663398692810458 0.6274509803921569 0.7663398692810458 0.6318082788671024 0.7598039215686274 0.6361655773420479 0.7516339869281046 0.6361655773420479 0.7450980392156863 0.6405228758169934 0.7401960784313726 0.6405228758169934 0.7303921568627451 0.6470588235294118 0.7222222222222222 0.6470588235294118 0.7091503267973857 0.6383442265795207 0.7075163398692811 0.6361655773420479 0.7091503267973857 0.6339869281045751 0.7401960784313726 0.6230936819172114 0.761437908496732 0.6230936819172114
1 0.6470588235294118 0.775599128540305 0.6486928104575164 0.7777777777777778 0.6470588235294118 0.7843137254901961 0.6421568627450981 0.7864923747276689 0.6274509803921569 0.803921568627451 0.6127450980392157 0.803921568627451 0.6094771241830066 0.8017429193899782 0.6029411764705882 0.7930283224400871 0.6013071895424836 0.7886710239651417 0.6029411764705882 0.7843137254901961 0.6176470588235294 0.7777777777777778 0.630718954248366 0.7777777777777778 0.6421568627450981 0.7734204793028322 0.6454248366013072 0.775599128540305
1 0.7303921568627451 0.6383442265795207 0.7320261437908496 0.6427015250544662 0.7303921568627451 0.6470588235294118 0.7238562091503268 0.6514161220043573 0.7189542483660131 0.6492374727668845 0.7173202614379085 0.6427015250544662 0.7287581699346405 0.6383442265795207
1 0.5016339869281046 0.9455337690631809 0.511437908496732 0.9586056644880174 0.5245098039215687 0.9520697167755992 0.5359477124183006 0.9564270152505446 0.553921568627451 0.9477124183006536 0.5669934640522876 0.9477124183006536 0.5686274509803921 0.9498910675381264 0.5833333333333334 0.9498910675381264 0.5866013071895425 0.9477124183006536 0.6013071895424836 0.9520697167755992 0.6143790849673203 0.9673202614379085 0.6241830065359477 0.9738562091503268 0.6258169934640523 0.9912854030501089 0.6127450980392157 0.9978213507625272 0.5310457516339869 0.9978213507625272 0.5294117647058824 0.9956427015250545 0.5261437908496732 0.9978213507625272 0.4673202614379085 0.9978213507625272 0.46568627450980393 0.9956427015250545 0.4624183006535948 0.9978213507625272 0.46078431372549017 0.9956427015250545 0.4526143790849673 0.9956427015250545 0.4477124183006536 0.9912854030501089 0.44607843137254904 0.9803921568627451 0.44281045751633985 0.9738562091503268 0.4444444444444444 0.9629629629629629 0.4526143790849673 0.9520697167755992 0.4738562091503268 0.9389978213507625 0.48856209150326796 0.9389978213507625 0.5 0.9455337690631809
1 0.7745098039215687 0.7625272331154684 0.7794117647058824 0.7690631808278867 0.7794117647058824 0.7777777777777778 0.7908496732026143 0.7886710239651417 0.7859477124183006 0.7952069716775599 0.7712418300653595 0.7995642701525054 0.7565359477124183 0.7995642701525054 0.7434640522875817 0.7930283224400871 0.7369281045751634 0.7821350762527233 0.7369281045751634 0.7712418300653595 0.75 0.7603485838779956 0.7728758169934641 0.7625272331154684
