1 0.4083333333333333 0.8625 0.09166666666666666 0.1875
1 0.37083333333333335 0.6625 0.09166666666666666 0.1625
1 0.2625 0.4625 0.09166666666666666 0.0875
1 0.37083333333333335 0.51875 0.05 0.125
1 0.5958333333333333 0.60625 0.16666666666666666 0.125
1 0.7875 0.71875 0.125 0.1375
1 0.8833333333333333 0.95625 0.125 0.0875
1 0.625 0.45625 0.075 0.1
1 0.4791666666666667 0.40625 0.11666666666666667 0.075
1 0.5583333333333333 0.325 0.08333333333333333 0.075
1 0.5291666666666667 0.23125 0.058333333333333334 0.075
