1 0.7516339869281046 0.7254901960784313 0.7630718954248366 0.7328431372549019 0.7663398692810458 0.7377450980392157 0.7696078431372549 0.7475490196078431 0.7630718954248366 0.7573529411764706 0.7647058823529411 0.7598039215686274 0.7745098039215687 0.7598039215686274 0.7892156862745098 0.7818627450980392 0.7892156862745098 0.7892156862745098 0.7843137254901961 0.7916666666666666 0.7794117647058824 0.7990196078431373 0.7745098039215687 0.7990196078431373 0.7532679738562091 0.7843137254901961 0.7467320261437909 0.7720588235294118 0.7467320261437909 0.7573529411764706 0.7320261437908496 0.7426470588235294 0.7320261437908496 0.7303921568627451 0.7336601307189542 0.7279411764705882 0.75 0.7254901960784313
1 0.6944444444444444 0.6421568627450981 0.696078431372549 0.6446078431372549 0.7091503267973857 0.6446078431372549 0.7140522875816994 0.6495098039215687 0.7173202614379085 0.6495098039215687 0.7205882352941176 0.6544117647058824 0.7189542483660131 0.6642156862745098 0.7156862745098039 0.6666666666666666 0.7058823529411765 0.6666666666666666 0.704248366013072 0.6691176470588235 0.6830065359477124 0.6691176470588235 0.6781045751633987 0.6642156862745098 0.684640522875817 0.6470588235294118 0.6879084967320261 0.6421568627450981 0.6928104575163399 0.6421568627450981
1 0.7630718954248366 0.6274509803921569 0.7712418300653595 0.6323529411764706 0.7728758169934641 0.6421568627450981 0.7467320261437909 0.6397058823529411 0.7450980392156863 0.6372549019607843 0.7467320261437909 0.6274509803921569 0.7516339869281046 0.625 0.761437908496732 0.6274509803921569
1 0.7303921568627451 0.7524509803921569 0.738562091503268 0.7622549019607843 0.7369281045751634 0.7745098039215687 0.7189542483660131 0.7745098039215687 0.7124183006535948 0.7671568627450981 0.7124183006535948 0.7549019607843137 0.7156862745098039 0.75 0.7287581699346405 0.7524509803921569
1 0.7549019607843137 0.7254901960784313 0.7630718954248366 0.7303921568627451 0.7696078431372549 0.7401960784313726 0.7777777777777778 0.7622549019607843 0.795751633986928 0.7892156862745098 0.8022875816993464 0.7892156862745098 0.815359477124183 0.7990196078431373 0.8316993464052288 0.8063725490196079 0.8382352941176471 0.8186274509803921 0.8382352941176471 0.8284313725490197 0.8300653594771242 0.8357843137254902 0.8169934640522876 0.8308823529411765 0.8006535947712419 0.8333333333333334 0.7810457516339869 0.8235294117647058 0.7745098039215687 0.8137254901960784 0.7745098039215687 0.8014705882352942 0.7728758169934641 0.7990196078431373 0.7598039215686274 0.7892156862745098 0.7565359477124183 0.7892156862745098 0.7467320261437909 0.7745098039215687 0.7450980392156863 0.7573529411764706 0.7352941176470589 0.7475490196078431 0.7303921568627451 0.7377450980392157 0.7303921568627451 0.7328431372549019 0.7336601307189542 0.7254901960784313 0.7450980392156863 0.7254901960784313 0.7467320261437909 0.7230392156862745 0.7532679738562091 0.7254901960784313
1 0.6781045751633987 0.6029411764705882 0.684640522875817 0.6029411764705882 0.6911764705882353 0.6078431372549019 0.696078431372549 0.6078431372549019 0.7009803921568627 0.6127450980392157 0.6993464052287581 0.6200980392156863 0.6879084967320261 0.6200980392156863 0.6781045751633987 0.6053921568627451
1 0.7107843137254902 0.7083333333333334 0.7173202614379085 0.7107843137254902 0.7238562091503268 0.7205882352941176 0.7254901960784313 0.7254901960784313 0.7238562091503268 0.7401960784313726 0.7303921568627451 0.7524509803921569 0.738562091503268 0.7598039215686274 0.7369281045751634 0.7745098039215687 0.7173202614379085 0.7745098039215687 0.7124183006535948 0.7671568627450981 0.7107843137254902 0.7524509803921569 0.6977124183006536 0.7303921568627451 0.6993464052287581 0.7107843137254902 0.7009803921568627 0.7083333333333334 0.7091503267973857 0.7083333333333334
1 0.6258169934640523 0.5833333333333334 0.6290849673202614 0.5808823529411765 0.6405228758169934 0.5808823529411765 0.6421568627450981 0.5833333333333334 0.6372549019607843 0.5906862745098039 0.6290849673202614 0.5906862745098039 0.6258169934640523 0.5857843137254902
1 0.6552287581699346 0.6176470588235294 0.6584967320261438 0.6225490196078431 0.6584967320261438 0.6299019607843137 0.6552287581699346 0.6348039215686274 0.6437908496732027 0.6323529411764706 0.6388888888888888 0.6274509803921569 0.6388888888888888 0.6225490196078431 0.6421568627450981 0.6176470588235294 0.6535947712418301 0.6176470588235294
1 0.6503267973856209 0.5980392156862745 0.6552287581699346 0.6004901960784313 0.6552287581699346 0.6078431372549019 0.6519607843137255 0.6102941176470589 0.6388888888888888 0.6053921568627451 0.6388888888888888 0.6004901960784313 0.6486928104575164 0.5980392156862745
1 0.7467320261437909 0.6593137254901961 0.7565359477124183 0.6642156862745098 0.7581699346405228 0.6666666666666666 0.7565359477124183 0.6715686274509803 0.7238562091503268 0.6715686274509803 0.7222222222222222 0.6666666666666666 0.7271241830065359 0.6593137254901961 0.7320261437908496 0.6568627450980392 0.7450980392156863 0.6593137254901961
1 0.8088235294117647 0.7941176470588235 0.8186274509803921 0.8014705882352942 0.826797385620915 0.803921568627451 0.8366013071895425 0.8137254901960784 0.8382352941176471 0.8284313725490197 0.8300653594771242 0.8357843137254902 0.8169934640522876 0.8308823529411765 0.8088235294117647 0.8308823529411765 0.8071895424836601 0.8333333333333334 0.7941176470588235 0.8308823529411765 0.7892156862745098 0.8259803921568627 0.7810457516339869 0.8235294117647058 0.7745098039215687 0.8137254901960784 0.7745098039215687 0.8063725490196079 0.7859477124183006 0.7941176470588235 0.7908496732026143 0.7916666666666666 0.8055555555555556 0.7916666666666666 0.8071895424836601 0.7941176470588235
1 0.7140522875816994 0.6200980392156863 0.7205882352941176 0.6274509803921569 0.7320261437908496 0.6225490196078431 0.7418300653594772 0.6225490196078431 0.7467320261437909 0.6274509803921569 0.7581699346405228 0.6274509803921569 0.7647058823529411 0.6323529411764706 0.7696078431372549 0.6323529411764706 0.7728758169934641 0.6372549019607843 0.7712418300653595 0.6421568627450981 0.7467320261437909 0.6397058823529411 0.7369281045751634 0.6495098039215687 0.7401960784313726 0.6568627450980392 0.7565359477124183 0.6666666666666666 0.75 0.6715686274509803 0.7271241830065359 0.6715686274509803 0.7222222222222222 0.6740196078431373 0.7189542483660131 0.6813725490196079 0.7238562091503268 0.6887254901960784 0.7238562091503268 0.6985294117647058 0.7205882352941176 0.7058823529411765 0.7205882352941176 0.7181372549019608 0.7254901960784313 0.7254901960784313 0.7336601307189542 0.7181372549019608 0.738562091503268 0.7230392156862745 0.7516339869281046 0.7230392156862745 0.7630718954248366 0.7279411764705882 0.7663398692810458 0.7328431372549019 0.7696078431372549 0.7475490196078431 0.7745098039215687 0.7524509803921569 0.7745098039215687 0.7573529411764706 0.7941176470588235 0.7892156862745098 0.8055555555555556 0.7916666666666666 0.8088235294117647 0.7965686274509803 0.8120915032679739 0.7965686274509803 0.8251633986928104 0.8063725490196079 0.8300653594771242 0.8063725490196079 0.8382352941176471 0.821078431372549 0.8382352941176471 0.8284313725490197 0.8349673202614379 0.8333333333333334 0.8186274509803921 0.8333333333333334 0.8169934640522876 0.8308823529411765 0.8071895424836601 0.8308823529411765 0.803921568627451 0.8333333333333334 0.7794117647058824 0.821078431372549 0.7745098039215687 0.8137254901960784 0.7761437908496732 0.8063725490196079 0.7745098039215687 0.8014705882352942 0.7516339869281046 0.7843137254901961 0.7467320261437909 0.7769607843137255 0.7434640522875817 0.7598039215686274 0.7401960784313726 0.7549019607843137 0.738562091503268 0.7573529411764706 0.738562091503268 0.7696078431372549 0.7336601307189542 0.7745098039215687 0.7271241830065359 0.7720588235294118 0.7173202614379085 0.7745098039215687 0.7124183006535948 0.7671568627450981 0.7107843137254902 0.7549019607843137 0.7058823529411765 0.7475490196078431 0.7058823529411765 0.7426470588235294 0.6977124183006536 0.7303921568627451 0.6977124183006536 0.7107843137254902 0.6879084967320261 0.7058823529411765 0.6830065359477124 0.6985294117647058 0.6830065359477124 0.6887254901960784 0.6911764705882353 0.6740196078431373 0.6813725490196079 0.6691176470588235 0.6781045751633987 0.6642156862745098 0.6781045751633987 0.6593137254901961 0.6879084967320261 0.6397058823529411 0.6944444444444444 0.6421568627450981 0.7009803921568627 0.6397058823529411 0.7009803921568627 0.6225490196078431 0.7091503267973857 0.6176470588235294 0.7124183006535948 0.6200980392156863
1 0.7140522875816994 0.6715686274509803 0.7173202614379085 0.6862745098039216 0.7238562091503268 0.6936274509803921 0.7222222222222222 0.7009803921568627 0.7140522875816994 0.7083333333333334 0.6879084967320261 0.7058823529411765 0.6830065359477124 0.7009803921568627 0.6830065359477124 0.6887254901960784 0.6895424836601307 0.6764705882352942 0.6977124183006536 0.6715686274509803 0.7124183006535948 0.6715686274509803
1 0.7810457516339869 0.7034313725490197 0.7892156862745098 0.7107843137254902 0.7973856209150327 0.7132352941176471 0.8137254901960784 0.7279411764705882 0.8088235294117647 0.7352941176470589 0.8022875816993464 0.7352941176470589 0.7941176470588235 0.7401960784313726 0.7745098039215687 0.7303921568627451 0.7712418300653595 0.7156862745098039 0.7679738562091504 0.7132352941176471 0.7679738562091504 0.7083333333333334 0.7712418300653595 0.7034313725490197 0.7794117647058824 0.7034313725490197
1 0.7826797385620915 0.7696078431372549 0.7892156862745098 0.7818627450980392 0.7892156862745098 0.7892156862745098 0.7794117647058824 0.7990196078431373 0.7696078431372549 0.7965686274509803 0.7532679738562091 0.7843137254901961 0.75 0.7794117647058824 0.7467320261437909 0.7647058823529411 0.7483660130718954 0.7622549019607843 0.7696078431372549 0.7622549019607843 0.7810457516339869 0.7696078431372549
1 0.6683006535947712 0.571078431372549 0.6748366013071896 0.5784313725490197 0.6813725490196079 0.5784313725490197 0.6830065359477124 0.5833333333333334 0.6781045751633987 0.5857843137254902 0.6699346405228758 0.5857843137254902 0.6568627450980392 0.5784313725490197 0.6552287581699346 0.5759803921568627 0.6568627450980392 0.571078431372549 0.6601307189542484 0.5686274509803921 0.6666666666666666 0.571078431372549
1 0.6944444444444444 0.7965686274509803 0.7026143790849673 0.8014705882352942 0.7173202614379085 0.803921568627451 0.7222222222222222 0.8088235294117647 0.7434640522875817 0.8186274509803921 0.7532679738562091 0.8308823529411765 0.761437908496732 0.8480392156862745 0.761437908496732 0.8578431372549019 0.7581699346405228 0.8651960784313726 0.7581699346405228 0.875 0.7565359477124183 0.8774509803921569 0.7565359477124183 0.8921568627450981 0.7647058823529411 0.9215686274509803 0.7516339869281046 0.9436274509803921 0.7418300653594772 0.9656862745098039 0.7320261437908496 0.9803921568627451 0.7238562091503268 0.9852941176470589 0.696078431372549 0.9852941176470589 0.6879084967320261 0.9803921568627451 0.6797385620915033 0.9681372549019608 0.6764705882352942 0.9583333333333334 0.6764705882352942 0.9215686274509803 0.673202614379085 0.9142156862745098 0.673202614379085 0.9093137254901961 0.6699346405228758 0.9044117647058824 0.6699346405228758 0.8970588235294118 0.6503267973856209 0.8676470588235294 0.6584967320261438 0.8431372549019608 0.6584967320261438 0.8308823529411765 0.6519607843137255 0.821078431372549 0.6535947712418301 0.8112745098039216 0.6552287581699346 0.8088235294117647 0.6633986928104575 0.8088235294117647 0.6715686274509803 0.8014705882352942 0.6797385620915033 0.8014705882352942 0.684640522875817 0.7965686274509803 0.6928104575163399 0.7965686274509803
1 0.7581699346405228 0.7303921568627451 0.7647058823529411 0.7352941176470589 0.7663398692810458 0.7401960784313726 0.7663398692810458 0.7475490196078431 0.7581699346405228 0.7573529411764706 0.7434640522875817 0.7549019607843137 0.7336601307189542 0.7450980392156863 0.7303921568627451 0.7377450980392157 0.7303921568627451 0.7328431372549019 0.738562091503268 0.7254901960784313 0.75 0.7254901960784313 0.7565359477124183 0.7303921568627451
1 0.6519607843137255 0.5980392156862745 0.6552287581699346 0.6004901960784313 0.6552287581699346 0.6078431372549019 0.6519607843137255 0.6127450980392157 0.6584967320261438 0.6225490196078431 0.6584967320261438 0.6299019607843137 0.6535947712418301 0.6348039215686274 0.6437908496732027 0.6323529411764706 0.6388888888888888 0.6274509803921569 0.6388888888888888 0.6200980392156863 0.6437908496732027 0.6127450980392157 0.6372549019607843 0.6029411764705882 0.6421568627450981 0.5980392156862745 0.6503267973856209 0.5980392156862745
