1 0.625 0.3611111111111111 0.625 0.38333333333333336 0.6083333333333333 0.38333333333333336 0.6 0.37777777777777777 0.6 0.36666666666666664 0.6083333333333333 0.3611111111111111 0.6166666666666667 0.3611111111111111
1 0.5708333333333333 0.4444444444444444 0.025 0.022222222222222223
1 0.5666666666666667 0.40555555555555556 0.575 0.4111111111111111 0.575 0.4388888888888889 0.5666666666666667 0.4444444444444444 0.5583333333333333 0.4444444444444444 0.5583333333333333 0.4111111111111111
1 0.5708333333333333 0.4222222222222222 0.025 0.022222222222222223
1 0.9916666666666667 0.4777777777777778 0.9916666666666667 0.5 0.9833333333333333 0.5055555555555555 0.9666666666666667 0.5055555555555555 0.9583333333333334 0.5 0.95 0.5 0.9416666666666667 0.49444444444444446 0.9333333333333333 0.49444444444444446 0.9333333333333333 0.4888888888888889 0.9416666666666667 0.48333333333333334 0.9833333333333333 0.48333333333333334
1 0.49166666666666664 0.6388888888888888 0.49166666666666664 0.65 0.48333333333333334 0.65 0.475 0.6555555555555556 0.475 0.6611111111111111 0.4666666666666667 0.6666666666666666 0.4666666666666667 0.6722222222222223 0.4583333333333333 0.6777777777777778 0.45 0.6777777777777778 0.44166666666666665 0.6833333333333333 0.425 0.6722222222222223 0.425 0.6611111111111111 0.43333333333333335 0.6555555555555556 0.45 0.6555555555555556 0.475 0.6388888888888888 0.48333333333333334 0.6388888888888888
1 0.4666666666666667 0.7611111111111111 0.475 0.7611111111111111 0.48333333333333334 0.7555555555555555 0.49166666666666664 0.7555555555555555 0.5 0.7611111111111111 0.5083333333333333 0.7611111111111111 0.5083333333333333 0.7777777777777778 0.5166666666666667 0.7833333333333333 0.5166666666666667 0.8055555555555556 0.5 0.8166666666666667 0.49166666666666664 0.8166666666666667 0.48333333333333334 0.8222222222222222 0.4666666666666667 0.8222222222222222 0.4583333333333333 0.8166666666666667 0.4583333333333333 0.7888888888888889 0.4666666666666667 0.7833333333333333 0.4666666666666667 0.7666666666666667
1 0.5708333333333333 0.4027777777777778 0.025 0.016666666666666666
1 0.5 0.5222222222222223 0.5166666666666667 0.5111111111111111 0.525 0.5111111111111111 0.5333333333333333 0.5055555555555555 0.5416666666666666 0.5055555555555555 0.55 0.5111111111111111 0.55 0.5166666666666667 0.5333333333333333 0.5277777777777778 0.5083333333333333 0.5277777777777778
1 0.6166666666666667 0.3638888888888889 0.03333333333333333 0.027777777777777776
1 0.4583333333333333 0.6555555555555556 0.4666666666666667 0.6611111111111111 0.4666666666666667 0.6722222222222223 0.4583333333333333 0.6777777777777778 0.45 0.6777777777777778 0.44166666666666665 0.6833333333333333 0.425 0.6722222222222223 0.425 0.6666666666666666 0.44166666666666665 0.6555555555555556 0.45 0.6555555555555556
1 0.575 0.4666666666666667 0.6 0.4666666666666667 0.6 0.48333333333333334 0.575 0.48333333333333334 0.575 0.4722222222222222
1 0.5416666666666666 0.5611111111111111 0.55 0.5666666666666667 0.55 0.5722222222222222 0.5583333333333333 0.5777777777777777 0.5416666666666666 0.5888888888888889 0.5166666666666667 0.5888888888888889 0.5166666666666667 0.5666666666666667 0.525 0.5611111111111111 0.5333333333333333 0.5611111111111111
1 0.6166666666666667 0.38055555555555554 0.03333333333333333 0.016666666666666666
1 0.8166666666666667 0.37777777777777777 0.8166666666666667 0.3888888888888889 0.7916666666666666 0.3888888888888889 0.7833333333333333 0.38333333333333336 0.775 0.38333333333333336 0.7833333333333333 0.37777777777777777 0.8083333333333333 0.37777777777777777
1 0.35 0.9944444444444445 0.35 0.9611111111111111 0.35833333333333334 0.9555555555555556 0.36666666666666664 0.9555555555555556 0.375 0.95 0.38333333333333336 0.95 0.39166666666666666 0.9555555555555556 0.39166666666666666 0.9611111111111111 0.4 0.9666666666666667 0.4 0.9777777777777777 0.39166666666666666 0.9833333333333333 0.39166666666666666 0.9944444444444445 0.35833333333333334 0.9944444444444445
1 0.825 0.37777777777777777 0.8333333333333334 0.38333333333333336 0.8416666666666667 0.38333333333333336 0.8416666666666667 0.39444444444444443 0.825 0.39444444444444443 0.8166666666666667 0.3888888888888889 0.7833333333333333 0.3888888888888889 0.775 0.38333333333333336 0.7833333333333333 0.38333333333333336 0.7916666666666666 0.37777777777777777 0.8166666666666667 0.37777777777777777
