1 0.6879084967320261 0.41379310344827586 0.696078431372549 0.4211822660098522 0.6928104575163399 0.4211822660098522 0.6895424836601307 0.42610837438423643 0.6911764705882353 0.43103448275862066 0.696078431372549 0.43103448275862066 0.7058823529411765 0.43842364532019706 0.7140522875816994 0.42857142857142855 0.7189542483660131 0.42857142857142855 0.7222222222222222 0.43349753694581283 0.7205882352941176 0.43842364532019706 0.7222222222222222 0.4408866995073892 0.7303921568627451 0.43842364532019706 0.7320261437908496 0.4408866995073892 0.7450980392156863 0.4433497536945813 0.7516339869281046 0.4482758620689655 0.7679738562091504 0.45073891625615764 0.7696078431372549 0.45320197044334976 0.7630718954248366 0.458128078817734 0.7630718954248366 0.46551724137931033 0.7663398692810458 0.46798029556650245 0.7679738562091504 0.4753694581280788 0.7712418300653595 0.4729064039408867 0.7728758169934641 0.4753694581280788 0.7826797385620915 0.4753694581280788 0.7924836601307189 0.46798029556650245 0.8006535947712419 0.46798029556650245 0.8022875816993464 0.47044334975369456 0.8071895424836601 0.46798029556650245 0.8104575163398693 0.4753694581280788 0.8137254901960784 0.47044334975369456 0.8202614379084967 0.4729064039408867 0.8235294117647058 0.4753694581280788 0.8235294117647058 0.4876847290640394 0.826797385620915 0.49261083743842365 0.8300653594771242 0.49261083743842365 0.826797385620915 0.5 0.8235294117647058 0.5 0.8202614379084967 0.49507389162561577 0.8071895424836601 0.4876847290640394 0.803921568627451 0.49261083743842365 0.7892156862745098 0.4975369458128079 0.7663398692810458 0.4802955665024631 0.7450980392156863 0.4729064039408867 0.7401960784313726 0.46798029556650245 0.7124183006535948 0.45320197044334976 0.7091503267973857 0.4482758620689655 0.6944444444444444 0.4458128078817734 0.684640522875817 0.43842364532019706 0.6862745098039216 0.42857142857142855 0.6830065359477124 0.4236453201970443 0.6830065359477124 0.41625615763546797 0.6862745098039216 0.41379310344827586
1 0.4362745098039216 0.9445812807881774 0.04738562091503268 0.03940886699507389
1 0.4861111111111111 0.8288177339901478 0.03104575163398693 0.05172413793103448
1 0.5441176470588235 0.8263546798029556 0.027777777777777776 0.03201970443349754
1 0.4820261437908497 0.9211822660098522 0.03431372549019608 0.029556650246305417
1 0.553921568627451 0.729064039408867 0.04084967320261438 0.05172413793103448
1 0.5735294117647058 0.6416256157635468 0.024509803921568627 0.034482758620689655
1 0.6274509803921569 0.5541871921182266 0.03758169934640523 0.07881773399014778
1 0.8233823529411766 0.5773891625615764 0.049068627450980395 0.08677339901477832
1 0.8534150326797385 0.40916256157635467 0.05831699346405229 0.034975369458128076
1 0.9006372549019609 0.379064039408867 0.07284313725490196 0.04044334975369458
1 0.966078431372549 0.3107635467980296 0.04761437908496732 0.0625615763546798
1 0.9537745098039216 0.49327586206896556 0.05568627450980392 0.06088669950738916
1 0.9384313725490196 0.7139901477832512 0.08308823529411764 0.09726600985221676
1 0.39338235294117646 0.9082019704433498 0.0605392156862745 0.042339901477832516
1 0.5069444444444444 0.7325369458128079 0.04800653594771242 0.030344827586206897
