1 0.6416666666666667 0.7333333333333333 0.6583333333333333 0.7555555555555555 0.6583333333333333 0.8333333333333334 0.6666666666666666 0.8444444444444444 0.6666666666666666 0.8666666666666667 0.6583333333333333 0.8777777777777778 0.65 0.8666666666666667 0.65 0.8222222222222222 0.6416666666666667 0.8111111111111111 0.6416666666666667 0.7777777777777778 0.6333333333333333 0.7666666666666667 0.6333333333333333 0.7444444444444445
1 0.45416666666666666 0.9944444444444445 0.025 0.011111111111111112
1 0.4166666666666667 0.4777777777777778 0.43333333333333335 0.4777777777777778 0.44166666666666665 0.4888888888888889 0.44166666666666665 0.5 0.4666666666666667 0.5333333333333333 0.4666666666666667 0.5444444444444444 0.475 0.5555555555555556 0.475 0.5777777777777777 0.4666666666666667 0.5888888888888889 0.4666666666666667 0.6111111111111112 0.4583333333333333 0.6222222222222222 0.4583333333333333 0.6555555555555556 0.4666666666666667 0.6666666666666666 0.4666666666666667 0.7444444444444445 0.4583333333333333 0.7555555555555555 0.4583333333333333 0.8222222222222222 0.4666666666666667 0.8333333333333334 0.4666666666666667 0.8444444444444444 0.4583333333333333 0.8555555555555555 0.4583333333333333 0.9444444444444444 0.45 0.9555555555555556 0.4583333333333333 0.9666666666666667 0.4583333333333333 0.9888888888888889 0.43333333333333335 0.9888888888888889 0.43333333333333335 0.9666666666666667 0.425 0.9555555555555556 0.425 0.9111111111111111 0.43333333333333335 0.9 0.43333333333333335 0.8888888888888888 0.44166666666666665 0.8777777777777778 0.44166666666666665 0.8666666666666667 0.43333333333333335 0.8555555555555555 0.44166666666666665 0.8444444444444444 0.43333333333333335 0.8333333333333334 0.43333333333333335 0.8111111111111111 0.4166666666666667 0.7888888888888889 0.43333333333333335 0.7666666666666667 0.43333333333333335 0.6777777777777778 0.425 0.6666666666666666 0.425 0.6555555555555556 0.43333333333333335 0.6444444444444445 0.43333333333333335 0.6222222222222222 0.44166666666666665 0.6111111111111112 0.44166666666666665 0.6 0.45 0.5888888888888889 0.45 0.5555555555555556 0.44166666666666665 0.5444444444444444 0.44166666666666665 0.5333333333333333 0.425 0.5111111111111111 0.425 0.5 0.4166666666666667 0.4888888888888889
1 0.4583333333333333 0.8388888888888889 0.03333333333333333 0.03333333333333333
1 0.6416666666666667 0.7333333333333333 0.6583333333333333 0.7555555555555555 0.6583333333333333 0.8222222222222222 0.6666666666666666 0.8333333333333334 0.6666666666666666 0.8666666666666667 0.6583333333333333 0.8777777777777778 0.6583333333333333 0.8888888888888888 0.6666666666666666 0.9 0.6666666666666666 0.9222222222222223 0.675 0.9333333333333333 0.675 0.9444444444444444 0.6666666666666666 0.9555555555555556 0.65 0.9555555555555556 0.65 0.9333333333333333 0.6583333333333333 0.9222222222222223 0.6583333333333333 0.8777777777777778 0.65 0.8666666666666667 0.65 0.8222222222222222 0.6416666666666667 0.8111111111111111 0.6416666666666667 0.7777777777777778 0.6333333333333333 0.7666666666666667 0.6333333333333333 0.7444444444444445
1 0.4625 0.6888888888888889 0.025 0.022222222222222223
1 0.6666666666666666 0.95 0.03333333333333333 0.03333333333333333
1 0.6583333333333333 0.8055555555555556 0.016666666666666666 0.03333333333333333
1 0.44583333333333336 0.7111111111111111 0.025 0.022222222222222223
1 0.44166666666666665 0.7888888888888889 0.03333333333333333 0.022222222222222223
1 0.43333333333333335 0.9888888888888889 0.43333333333333335 0.9333333333333333 0.425 0.9222222222222223 0.425 0.9111111111111111 0.44166666666666665 0.8888888888888888 0.44166666666666665 0.8444444444444444 0.43333333333333335 0.8333333333333334 0.43333333333333335 0.8111111111111111 0.425 0.8 0.425 0.7777777777777778 0.43333333333333335 0.7666666666666667 0.44166666666666665 0.7666666666666667 0.45 0.7555555555555555 0.4583333333333333 0.7555555555555555 0.4583333333333333 0.8222222222222222 0.4666666666666667 0.8333333333333334 0.4666666666666667 0.8444444444444444 0.4583333333333333 0.8555555555555555 0.4583333333333333 0.9333333333333333 0.45 0.9444444444444444 0.45 0.9666666666666667 0.4583333333333333 0.9777777777777777 0.4583333333333333 0.9888888888888889 0.44166666666666665 0.9888888888888889
1 0.4666666666666667 0.5222222222222223 0.4666666666666667 0.5 0.475 0.4888888888888889 0.48333333333333334 0.4888888888888889 0.48333333333333334 0.5 0.49166666666666664 0.5111111111111111 0.5083333333333333 0.5111111111111111 0.5083333333333333 0.5222222222222223 0.525 0.5444444444444444 0.55 0.5444444444444444 0.5416666666666666 0.5444444444444444 0.5333333333333333 0.5555555555555556 0.5416666666666666 0.5666666666666667 0.55 0.5666666666666667 0.5583333333333333 0.5777777777777777 0.5666666666666667 0.5777777777777777 0.5916666666666667 0.6111111111111112 0.6 0.6111111111111112 0.6 0.6222222222222222 0.6083333333333333 0.6333333333333333 0.625 0.6333333333333333 0.6416666666666667 0.6555555555555556 0.65 0.6444444444444445 0.6583333333333333 0.6555555555555556 0.6666666666666666 0.6444444444444445 0.6666666666666666 0.6555555555555556 0.65 0.6777777777777778 0.65 0.7 0.6583333333333333 0.7111111111111111 0.65 0.7222222222222222 0.6666666666666666 0.7444444444444445 0.6666666666666666 0.8333333333333334 0.675 0.8444444444444444 0.675 0.8555555555555555 0.6833333333333333 0.8666666666666667 0.6833333333333333 0.9 0.6916666666666667 0.9111111111111111 0.6916666666666667 0.9666666666666667 0.6833333333333333 0.9777777777777777 0.675 0.9777777777777777 0.6666666666666666 0.9666666666666667 0.65 0.9888888888888889 0.6333333333333333 0.9888888888888889 0.6416666666666667 0.9777777777777777 0.625 0.9555555555555556 0.6166666666666667 0.9555555555555556 0.625 0.9444444444444444 0.625 0.9222222222222223 0.6333333333333333 0.9111111111111111 0.625 0.9 0.6166666666666667 0.9 0.625 0.8888888888888888 0.625 0.8777777777777778 0.6333333333333333 0.8666666666666667 0.6333333333333333 0.8555555555555555 0.625 0.8444444444444444 0.6166666666666667 0.8444444444444444 0.6166666666666667 0.8222222222222222 0.625 0.8111111111111111 0.6083333333333333 0.7888888888888889 0.6166666666666667 0.7777777777777778 0.6083333333333333 0.7666666666666667 0.6 0.7666666666666667 0.5833333333333334 0.7444444444444445 0.5833333333333334 0.7222222222222222 0.575 0.7111111111111111 0.5583333333333333 0.7333333333333333 0.5666666666666667 0.7444444444444445 0.5583333333333333 0.7333333333333333 0.5583333333333333 0.7222222222222222 0.55 0.7111111111111111 0.5333333333333333 0.7111111111111111 0.5416666666666666 0.7111111111111111 0.55 0.7 0.5416666666666666 0.6888888888888889 0.5333333333333333 0.6888888888888889 0.5416666666666666 0.6777777777777778 0.5416666666666666 0.6666666666666666 0.5333333333333333 0.6555555555555556 0.5416666666666666 0.6444444444444445 0.5416666666666666 0.6333333333333333 0.525 0.6111111111111112 0.525 0.6 0.5166666666666667 0.5888888888888889 0.5083333333333333 0.5888888888888889 0.5083333333333333 0.5666666666666667 0.5 0.5555555555555556 0.49166666666666664 0.5555555555555556 0.48333333333333334 0.5444444444444444 0.48333333333333334 0.5333333333333333 0.475 0.5222222222222223
1 0.6125 0.7166666666666667 0.025 0.03333333333333333
1 0.5 0.5333333333333333 0.5166666666666667 0.5555555555555556 0.525 0.5555555555555556 0.5333333333333333 0.5666666666666667 0.5416666666666666 0.5666666666666667 0.5666666666666667 0.6 0.575 0.6 0.6333333333333333 0.6777777777777778 0.6416666666666667 0.6777777777777778 0.6416666666666667 0.7111111111111111 0.65 0.7222222222222222 0.65 0.7333333333333333 0.6583333333333333 0.7444444444444445 0.6583333333333333 0.8222222222222222 0.6666666666666666 0.8333333333333334 0.6666666666666666 0.9 0.675 0.9111111111111111 0.675 0.9444444444444444 0.6666666666666666 0.9555555555555556 0.6416666666666667 0.9555555555555556 0.6416666666666667 0.9333333333333333 0.6333333333333333 0.9222222222222223 0.6333333333333333 0.9111111111111111 0.6416666666666667 0.9 0.6416666666666667 0.8888888888888888 0.65 0.8777777777777778 0.6416666666666667 0.8666666666666667 0.6416666666666667 0.8555555555555555 0.6333333333333333 0.8444444444444444 0.6333333333333333 0.8 0.625 0.7888888888888889 0.625 0.7777777777777778 0.6166666666666667 0.7666666666666667 0.6166666666666667 0.7555555555555555 0.6 0.7333333333333333 0.6 0.7222222222222222 0.5916666666666667 0.7111111111111111 0.5916666666666667 0.6888888888888889 0.5833333333333334 0.6777777777777778 0.575 0.6777777777777778 0.5666666666666667 0.6666666666666666 0.5583333333333333 0.6777777777777778 0.55 0.6777777777777778 0.5583333333333333 0.6666666666666666 0.5583333333333333 0.6444444444444445 0.5333333333333333 0.6111111111111112 0.5333333333333333 0.6 0.5083333333333333 0.5666666666666667 0.5083333333333333 0.5555555555555556 0.5 0.5444444444444444
1 0.4583333333333333 0.7444444444444445 0.016666666666666666 0.022222222222222223
1 0.6625 0.8611111111111112 0.025 0.03333333333333333
1 0.44583333333333336 0.9111111111111111 0.041666666666666664 0.044444444444444446
1 0.6458333333333334 0.7555555555555555 0.025 0.022222222222222223
1 0.425 0.9888888888888889 0.425 0.9777777777777777 0.43333333333333335 0.9666666666666667 0.43333333333333335 0.9555555555555556 0.44166666666666665 0.9444444444444444 0.425 0.9222222222222223 0.425 0.9111111111111111 0.44166666666666665 0.8888888888888888 0.45 0.8888888888888888 0.4583333333333333 0.9 0.45 0.9111111111111111 0.45 0.9222222222222223 0.44166666666666665 0.9333333333333333 0.44166666666666665 0.9444444444444444 0.45 0.9555555555555556 0.45 0.9666666666666667 0.4666666666666667 0.9888888888888889 0.43333333333333335 0.9888888888888889
