1 0.5588235294117647 0.8420479302832244 0.12908496732026145 0.14161220043572983
1 0.8488562091503268 0.9400871459694989 0.0915032679738562 0.11328976034858387
1 0.6176470588235294 0.4466230936819172 0.06372549019607843 0.06535947712418301
1 0.8684640522875817 0.5119825708061002 0.13071895424836602 0.11764705882352941
1 0.7173202614379085 0.38453159041394336 0.06209150326797386 0.07625272331154684
1 0.5424836601307189 0.3627450980392157 0.03594771241830065 0.054466230936819175
1 0.35947712418300654 0.8954248366013072 0.119281045751634 0.1568627450980392
1 0.2867647058823529 0.5958605664488017 0.11601307189542484 0.09803921568627451
1 0.12581699346405228 0.42701525054466233 0.058823529411764705 0.06318082788671024
1 0.05800653594771242 0.7200435729847494 0.05392156862745098 0.13725490196078433
1 0.10866013071895425 0.9335511982570807 0.08169934640522876 0.11764705882352941
1 0.02369281045751634 0.9248366013071896 0.04738562091503268 0.14814814814814814
1 0.5996732026143791 0.19716775599128541 0.08496732026143791 0.04357298474945534
1 0.809640522875817 0.2657952069716776 0.06209150326797386 0.05010893246187364
1 0.8954248366013072 0.3148148148148148 0.042483660130718956 0.04139433551198257
1 0.9379084967320261 0.3997821350762527 0.09477124183006536 0.054466230936819175
1 0.7459150326797386 0.3464052287581699 0.10294117647058823 0.0718954248366013
1 0.6405228758169934 0.30718954248366015 0.11274509803921569 0.0915032679738562
