1 0.1454248366013072 0.5348583877995643 0.184640522875817 0.1111111111111111
1 0.3880718954248366 0.6132897603485838 0.06209150326797386 0.0718954248366013
1 0.4411764705882353 0.630718954248366 0.04411764705882353 0.06318082788671024
1 0.5073529411764706 0.6677559912854031 0.05065359477124183 0.08278867102396514
1 0.03431372549019608 0.690631808278867 0.05555555555555555 0.05228758169934641
1 0.08415032679738563 0.7015250544662309 0.029411764705882353 0.0784313725490196
1 0.13480392156862744 0.7222222222222222 0.03758169934640523 0.054466230936819175
1 0.18627450980392157 0.7331154684095861 0.03758169934640523 0.06100217864923747
1 0.24509803921568626 0.7407407407407407 0.04084967320261438 0.04793028322440087
1 0.2965686274509804 0.7516339869281046 0.03758169934640523 0.06535947712418301
1 0.3488562091503268 0.7636165577342048 0.04084967320261438 0.06535947712418301
1 0.4166666666666667 0.7636165577342048 0.0196078431372549 0.054466230936819175
1 0.4673202614379085 0.789760348583878 0.03594771241830065 0.05228758169934641
1 0.511437908496732 0.7886710239651417 0.03104575163398693 0.05010893246187364
1 0.5694444444444444 0.7919389978213508 0.04411764705882353 0.04793028322440087
1 0.6200980392156863 0.7941176470588235 0.02287581699346405 0.0392156862745098
1 0.6609477124183006 0.8137254901960784 0.03594771241830065 0.030501089324618737
1 0.7116013071895425 0.8126361655773421 0.03104575163398693 0.05664488017429194
1 0.8668300653594772 0.31263616557734203 0.058823529411764705 0.10021786492374728
1 0.8897058823529411 0.4455337690631808 0.07679738562091504 0.1111111111111111
1 0.9485294117647058 0.5522875816993464 0.04738562091503268 0.0915032679738562
1 0.9550653594771242 0.35185185185185186 0.08006535947712418 0.11982570806100218
1 0.7295751633986928 0.738562091503268 0.08169934640522876 0.06535947712418301
1 0.8333333333333334 0.7647058823529411 0.10620915032679738 0.0915032679738562
1 0.9027777777777778 0.9422657952069716 0.05718954248366013 0.07407407407407407
