1 0.7479166666666667 0.7114583333333333 0.7583333333333333 0.7140625 0.7611111111111111 0.7166666666666667 0.7597222222222222 0.71875 0.7402777777777778 0.7208333333333333 0.7416666666666667 0.7135416666666666 0.7472222222222222 0.7119791666666667
1 0.8979166666666667 0.7296875 0.9166666666666666 0.7411458333333333 0.9159722222222222 0.7442708333333333 0.9118055555555555 0.7463541666666667 0.8708333333333333 0.7375 0.875 0.7333333333333333 0.8972222222222223 0.7296875
1 0.7430555555555556 0.71875 0.7444444444444445 0.7239583333333334 0.7333333333333333 0.7286458333333333 0.7208333333333333 0.7286458333333333 0.7208333333333333 0.7239583333333334 0.7423611111111111 0.71875
1 0.7305555555555555 0.7317708333333334 0.7361111111111112 0.7338541666666667 0.7354166666666667 0.7359375 0.73125 0.7385416666666667 0.7208333333333333 0.7401041666666667 0.7048611111111112 0.7375 0.7194444444444444 0.7317708333333334 0.7298611111111111 0.7317708333333334
1 0.7583333333333333 0.6401041666666667 0.7777777777777778 0.64375 0.7868055555555555 0.6552083333333333 0.7958333333333333 0.6578125 0.7965277777777777 0.6645833333333333 0.7972222222222223 0.6578125 0.8 0.6578125 0.8104166666666667 0.6677083333333333 0.8159722222222222 0.6666666666666666 0.8229166666666666 0.6703125 0.8347222222222223 0.671875 0.84375 0.6786458333333333 0.8534722222222222 0.68125 0.8534722222222222 0.6854166666666667 0.8472222222222222 0.6890625 0.8416666666666667 0.6890625 0.8409722222222222 0.6864583333333333 0.8347222222222223 0.6838541666666667 0.8305555555555556 0.6854166666666667 0.8173611111111111 0.6822916666666666 0.8138888888888889 0.6755208333333333 0.7986111111111112 0.6682291666666667 0.7826388888888889 0.6682291666666667 0.7798611111111111 0.6645833333333333 0.7868055555555555 0.6609375 0.7791666666666667 0.6536458333333334 0.7701388888888889 0.653125 0.7479166666666667 0.6447916666666667 0.7486111111111111 0.6427083333333333 0.7576388888888889 0.640625
1 0.9375 0.7541666666666667 0.9486111111111111 0.7583333333333333 0.9465277777777777 0.7619791666666667 0.9395833333333333 0.7635416666666667 0.9277777777777778 0.7625 0.9222222222222223 0.759375 0.9270833333333334 0.7546875 0.9368055555555556 0.7541666666666667
1 0.7402777777777778 0.7604166666666666 0.7423611111111111 0.7619791666666667 0.7402777777777778 0.7666666666666667 0.7222222222222222 0.7723958333333333 0.7104166666666667 0.7708333333333334 0.70625 0.7682291666666666 0.7243055555555555 0.7619791666666667 0.7395833333333334 0.7604166666666666
1 0.5993055555555555 0.8442708333333333 0.6069444444444444 0.8453125 0.6097222222222223 0.8489583333333334 0.60625 0.8557291666666667 0.5979166666666667 0.8588541666666667 0.5888888888888889 0.8572916666666667 0.5861111111111111 0.8505208333333333 0.5902777777777778 0.8463541666666666 0.5986111111111111 0.8442708333333333
1 0.9993055555555556 0.9265625 0.9993055555555556 0.9625 0.9958333333333333 0.9630208333333333 0.975 0.9619791666666667 0.9513888888888888 0.95625 0.9458333333333333 0.9526041666666667 0.9451388888888889 0.9432291666666667 0.9513888888888888 0.9348958333333334 0.9666666666666667 0.928125 0.98125 0.9260416666666667 0.9986111111111111 0.9265625
1 0.9527777777777777 0.7880208333333333 0.9604166666666667 0.7927083333333333 0.95625 0.7989583333333333 0.9458333333333333 0.8036458333333333 0.9340277777777778 0.8052083333333333 0.90625 0.8036458333333333 0.9020833333333333 0.8005208333333333 0.9034722222222222 0.7963541666666667 0.9145833333333333 0.7921875 0.9229166666666667 0.7921875 0.9326388888888889 0.7890625 0.9520833333333333 0.7880208333333333
1 0.6159722222222223 0.8 0.6256944444444444 0.7973958333333333 0.6333333333333333 0.7994791666666666 0.6236111111111111 0.8083333333333333 0.6166666666666667 0.809375 0.6041666666666666 0.8072916666666666 0.6076388888888888 0.8036458333333333 0.6159722222222223 0.8005208333333333
1 0.6611111111111111 0.6713541666666667 0.6715277777777777 0.6703125 0.6763888888888889 0.6765625 0.675 0.6848958333333334 0.6645833333333333 0.69375 0.6680555555555555 0.7026041666666667 0.6652777777777777 0.7197916666666667 0.6680555555555555 0.7234375 0.675 0.7229166666666667 0.6854166666666667 0.7276041666666667 0.6708333333333333 0.7338541666666667 0.6715277777777777 0.7364583333333333 0.6743055555555556 0.7348958333333333 0.6777777777777778 0.7364583333333333 0.6770833333333334 0.7411458333333333 0.6618055555555555 0.7421875 0.6576388888888889 0.7442708333333333 0.6645833333333333 0.746875 0.6666666666666666 0.7510416666666667 0.6555555555555556 0.7578125 0.6638888888888889 0.76875 0.6604166666666667 0.7729166666666667 0.6465277777777778 0.775 0.6423611111111112 0.7661458333333333 0.6319444444444444 0.7645833333333333 0.6326388888888889 0.7588541666666667 0.6388888888888888 0.7552083333333334 0.6375 0.7515625 0.6333333333333333 0.7526041666666666 0.6256944444444444 0.7489583333333333 0.6326388888888889 0.7442708333333333 0.6430555555555556 0.7411458333333333 0.65 0.7348958333333333 0.6479166666666667 0.7317708333333334 0.64375 0.7328125 0.6368055555555555 0.7276041666666667 0.6395833333333333 0.725 0.6458333333333334 0.7239583333333334 0.6368055555555555 0.7223958333333333 0.6333333333333333 0.7197916666666667 0.6402777777777777 0.7098958333333333 0.6388888888888888 0.703125 0.6534722222222222 0.6927083333333334 0.6611111111111111 0.671875
1 0.6461805555555555 0.790625 0.024305555555555556 0.011458333333333333
1 0.8694444444444445 0.6869791666666667 0.8722222222222222 0.690625 0.8902777777777777 0.6932291666666667 0.8965277777777778 0.7005208333333334 0.8972222222222223 0.7104166666666667 0.9027777777777778 0.709375 0.9069444444444444 0.6994791666666667 0.9180555555555555 0.6994791666666667 0.91875 0.70625 0.9118055555555555 0.7098958333333333 0.9131944444444444 0.7166666666666667 0.9215277777777777 0.7197916666666667 0.9284722222222223 0.7260416666666667 0.9263888888888889 0.73125 0.9180555555555555 0.7338541666666667 0.9145833333333333 0.7375 0.9166666666666666 0.74375 0.9069444444444444 0.7552083333333334 0.8875 0.759375 0.8708333333333333 0.7578125 0.8680555555555556 0.7546875 0.8694444444444445 0.7515625 0.8826388888888889 0.7453125 0.8826388888888889 0.7432291666666667 0.8743055555555556 0.7375 0.8743055555555556 0.7338541666666667 0.8826388888888889 0.7302083333333333 0.8791666666666667 0.7270833333333333 0.8805555555555555 0.7234375 0.8784722222222222 0.7182291666666667 0.8743055555555556 0.7161458333333334 0.8694444444444445 0.7166666666666667 0.8611111111111112 0.7104166666666667 0.86875 0.703125 0.8666666666666667 0.6890625 0.8694444444444445 0.6875
1 0.7659722222222223 0.7270833333333333 0.7666666666666667 0.7307291666666667 0.7604166666666666 0.7338541666666667 0.7652777777777777 0.7411458333333333 0.7597222222222222 0.7427083333333333 0.7465277777777778 0.7421875 0.7340277777777777 0.7380208333333333 0.7236111111111111 0.7401041666666667 0.7111111111111111 0.7395833333333334 0.7055555555555556 0.7369791666666666 0.7229166666666667 0.73125 0.7340277777777777 0.73125 0.7527777777777778 0.7265625 0.7652777777777777 0.7270833333333333
1 0.7583333333333333 0.8026041666666667 0.7708333333333334 0.80625 0.7756944444444445 0.8104166666666667 0.7715277777777778 0.8140625 0.7618055555555555 0.8166666666666667 0.7347222222222223 0.8145833333333333 0.7291666666666666 0.8104166666666667 0.7458333333333333 0.8036458333333333 0.7576388888888889 0.8026041666666667
1 0.6472222222222223 0.7421875 0.6527777777777778 0.7442708333333333 0.6472222222222223 0.7494791666666667 0.6284722222222222 0.7515625 0.6229166666666667 0.7479166666666667 0.6465277777777778 0.7427083333333333
1 0.6625 0.7109375 0.6652777777777777 0.7130208333333333 0.6631944444444444 0.7171875 0.6659722222222222 0.7203125 0.6618055555555555 0.7213541666666666 0.6520833333333333 0.7192708333333333 0.6381944444444444 0.7213541666666666 0.63125 0.7203125 0.6333333333333333 0.7166666666666667 0.6368055555555555 0.7171875 0.65 0.7114583333333333 0.6618055555555555 0.7109375
1 0.6826388888888889 0.7260416666666667 0.6854166666666667 0.7276041666666667 0.675 0.7302083333333333 0.6729166666666667 0.7338541666666667 0.6791666666666667 0.7375 0.6756944444444445 0.7427083333333333 0.6590277777777778 0.7421875 0.65625 0.7364583333333333 0.6618055555555555 0.73125 0.6819444444444445 0.7260416666666667
1 0.9798611111111111 0.8567708333333334 0.9881944444444445 0.859375 0.9881944444444445 0.8635416666666667 0.9826388888888888 0.8729166666666667 0.9722222222222222 0.878125 0.9625 0.8770833333333333 0.9541666666666667 0.8708333333333333 0.9534722222222223 0.8677083333333333 0.9645833333333333 0.8588541666666667 0.9791666666666666 0.8567708333333334
1 0.5743055555555555 0.8932291666666666 0.5861111111111111 0.8984375 0.5881944444444445 0.9010416666666666 0.5854166666666667 0.9057291666666667 0.575 0.9125 0.5520833333333334 0.9161458333333333 0.5444444444444444 0.9161458333333333 0.5333333333333333 0.9125 0.5284722222222222 0.9078125 0.5291666666666667 0.9020833333333333 0.5361111111111111 0.8973958333333333 0.5520833333333334 0.8932291666666666 0.5736111111111111 0.8932291666666666
1 0.9555555555555556 0.83125 0.9527777777777777 0.828125 0.9534722222222223 0.825 0.9694444444444444 0.8171875 0.98125 0.81875 0.9819444444444444 0.8213541666666667 0.9756944444444444 0.8286458333333333 0.9645833333333333 0.8328125 0.95625 0.83125
1 0.8875 0.6942708333333333 0.8944444444444445 0.6994791666666667 0.89375 0.703125 0.8875 0.7046875 0.8694444444444445 0.7026041666666667 0.8770833333333333 0.6953125 0.8868055555555555 0.6942708333333333
1 0.6333333333333333 0.6119791666666666 0.6479166666666667 0.6020833333333333 0.6527777777777778 0.6020833333333333 0.6520833333333333 0.6057291666666667 0.6416666666666667 0.6130208333333333 0.6347222222222222 0.6270833333333333 0.6541666666666667 0.6348958333333333 0.6652777777777777 0.6442708333333333 0.6715277777777777 0.653125 0.6715277777777777 0.6682291666666667 0.675 0.6708333333333333 0.6770833333333334 0.6791666666666667 0.675 0.6848958333333334 0.6666666666666666 0.6921875 0.66875 0.7046875 0.6652777777777777 0.71875 0.6680555555555555 0.7229166666666667 0.6756944444444445 0.7234375 0.6847222222222222 0.7270833333333333 0.66875 0.7338541666666667 0.6715277777777777 0.7369791666666666 0.675 0.7359375 0.6770833333333334 0.7375 0.675 0.7416666666666667 0.6576388888888889 0.7411458333333333 0.6520833333333333 0.7364583333333333 0.6493055555555556 0.7380208333333333 0.6486111111111111 0.7411458333333333 0.6645833333333333 0.7479166666666667 0.6666666666666666 0.7515625 0.6555555555555556 0.7583333333333333 0.65625 0.7619791666666667 0.6631944444444444 0.7682291666666666 0.6618055555555555 0.7723958333333333 0.6472222222222223 0.7760416666666666 0.6479166666666667 0.7822916666666667 0.65625 0.7890625 0.6548611111111111 0.79375 0.6472222222222223 0.7963541666666667 0.6354166666666666 0.7963541666666667 0.6270833333333333 0.8067708333333333 0.6298611111111111 0.809375 0.6375 0.8109375 0.6409722222222223 0.8208333333333333 0.6298611111111111 0.825 0.6159722222222223 0.8229166666666666 0.6118055555555556 0.8177083333333334 0.6166666666666667 0.8130208333333333 0.6138888888888889 0.8098958333333334 0.6055555555555555 0.8067708333333333 0.6270833333333333 0.79375 0.6277777777777778 0.7895833333333333 0.6229166666666667 0.7890625 0.6180555555555556 0.7828125 0.6333333333333333 0.7739583333333333 0.6430555555555556 0.7744791666666667 0.6458333333333334 0.7723958333333333 0.64375 0.7661458333333333 0.63125 0.7645833333333333 0.6305555555555555 0.7619791666666667 0.6402777777777777 0.7552083333333334 0.6395833333333333 0.7536458333333333 0.6368055555555555 0.7515625 0.6263888888888889 0.7510416666666667 0.6236111111111111 0.7479166666666667 0.6430555555555556 0.7416666666666667 0.6458333333333334 0.7375 0.65 0.7359375 0.6486111111111111 0.7317708333333334 0.64375 0.7322916666666667 0.6375 0.7270833333333333 0.6472222222222223 0.725 0.6486111111111111 0.7223958333333333 0.6347222222222222 0.7213541666666666 0.6333333333333333 0.7171875 0.6388888888888888 0.7104166666666667 0.6361111111111111 0.7020833333333333 0.65 0.6927083333333334 0.6520833333333333 0.678125 0.6604166666666667 0.6666666666666666 0.6590277777777778 0.6567708333333333 0.65 0.6463541666666667 0.6298611111111111 0.63125 0.6222222222222222 0.6296875 0.6291666666666667 0.6265625 0.6229166666666667 0.6229166666666667 0.6298611111111111 0.6182291666666667 0.6333333333333333 0.6125
1 0.7163194444444444 0.834375 0.06597222222222222 0.020833333333333332
1 0.5125 0.9213541666666667 0.5131944444444444 0.925 0.49375 0.9369791666666667 0.47430555555555554 0.94375 0.46041666666666664 0.9421875 0.46111111111111114 0.9390625 0.4701388888888889 0.9322916666666666 0.49722222222222223 0.9213541666666667 0.5118055555555555 0.9213541666666667
1 0.6625 0.721875 0.6659722222222222 0.7244791666666667 0.6611111111111111 0.7286458333333333 0.6479166666666667 0.7307291666666667 0.6409722222222223 0.7302083333333333 0.6388888888888888 0.7265625 0.6541666666666667 0.721875 0.6618055555555555 0.721875
1 0.6368055555555555 0.7583333333333333 0.6479166666666667 0.7557291666666667 0.6541666666666667 0.7578125 0.6506944444444445 0.7619791666666667 0.6375 0.7661458333333333 0.6319444444444444 0.7661458333333333 0.6291666666666667 0.7640625 0.6298611111111111 0.7614583333333333 0.6368055555555555 0.7588541666666667
1 0.5708333333333333 0.8916666666666667 0.5847222222222223 0.896875 0.5875 0.9 0.5868055555555556 0.9041666666666667 0.5777777777777777 0.9114583333333334 0.55 0.9161458333333333 0.5340277777777778 0.9145833333333333 0.4909722222222222 0.9390625 0.4756944444444444 0.94375 0.46041666666666664 0.9427083333333334 0.46111111111111114 0.9390625 0.4722222222222222 0.93125 0.4951388888888889 0.921875 0.5152777777777777 0.9192708333333334 0.5270833333333333 0.9125 0.5270833333333333 0.9041666666666667 0.5354166666666667 0.8973958333333333 0.5527777777777778 0.8927083333333333 0.5701388888888889 0.8916666666666667
1 0.6315972222222223 0.7807291666666667 0.02847222222222222 0.0125
1 0.6354166666666666 0.8104166666666667 0.6395833333333333 0.8135416666666667 0.6409722222222223 0.8208333333333333 0.63125 0.8244791666666667 0.6159722222222223 0.821875 0.6138888888888889 0.8171875 0.6256944444444444 0.8109375 0.6347222222222222 0.8104166666666667
1 0.9215277777777777 0.721875 0.9284722222222223 0.7239583333333334 0.9284722222222223 0.7276041666666667 0.925 0.7296875 0.9131944444444444 0.7276041666666667 0.9131944444444444 0.7234375 0.9208333333333333 0.721875
1 0.49930555555555556 0.9526041666666667 0.5055555555555555 0.9526041666666667 0.5118055555555555 0.9567708333333333 0.5131944444444444 0.9619791666666667 0.5111111111111111 0.9635416666666666 0.5152777777777777 0.9630208333333333 0.5166666666666667 0.9661458333333334 0.5138888888888888 0.9713541666666666 0.5145833333333333 0.9765625 0.5194444444444445 0.9744791666666667 0.5222222222222223 0.9770833333333333 0.5013888888888889 0.978125 0.49722222222222223 0.9807291666666667 0.48333333333333334 0.9817708333333334 0.4701388888888889 0.9807291666666667 0.4722222222222222 0.9770833333333333 0.4701388888888889 0.971875 0.46319444444444446 0.9677083333333333 0.46319444444444446 0.9651041666666667 0.4701388888888889 0.959375 0.4840277777777778 0.9630208333333333 0.4875 0.95625 0.4986111111111111 0.9526041666666667
1 0.6590277777777778 0.7645833333333333 0.6638888888888889 0.7671875 0.6645833333333333 0.7703125 0.65625 0.7744791666666667 0.65 0.7734375 0.6472222222222223 0.7682291666666666 0.6534722222222222 0.7645833333333333 0.6583333333333333 0.7645833333333333
1 0.7659722222222223 0.7515625 0.7722222222222223 0.7541666666666667 0.7722222222222223 0.7572916666666667 0.7625 0.7609375 0.7444444444444445 0.7604166666666666 0.7444444444444445 0.7578125 0.7506944444444444 0.7526041666666666 0.7652777777777777 0.7515625
1 0.5659722222222222 0.8661458333333333 0.5694444444444444 0.86875 0.5666666666666667 0.8723958333333334 0.5430555555555555 0.8822916666666667 0.5229166666666667 0.8802083333333334 0.5222222222222223 0.8755208333333333 0.5472222222222223 0.8692708333333333 0.5527777777777778 0.8661458333333333 0.5652777777777778 0.8661458333333333
1 0.7541666666666667 0.7036458333333333 0.7583333333333333 0.7046875 0.7590277777777777 0.7088541666666667 0.7486111111111111 0.7109375 0.7347222222222223 0.7078125 0.7333333333333333 0.703125 0.7486111111111111 0.6994791666666667 0.7534722222222222 0.7036458333333333
1 0.9993055555555556 0.8015625 0.9993055555555556 0.809375 0.9868055555555556 0.8072916666666666 0.9895833333333334 0.8036458333333333 0.9986111111111111 0.8015625
1 0.44375 0.9859375 0.4527777777777778 0.9859375 0.45416666666666666 0.9875 0.44583333333333336 0.9994791666666667 0.4027777777777778 0.9994791666666667 0.4027777777777778 0.9979166666666667 0.425 0.9875 0.44305555555555554 0.9859375
1 0.9958333333333333 0.8921875 0.9993055555555556 0.8927083333333333 0.9993055555555556 0.9109375 0.9875 0.9088541666666666 0.9798611111111111 0.8984375 0.9840277777777777 0.89375 0.9951388888888889 0.8921875
1 0.6819444444444445 0.6192708333333333 0.6854166666666667 0.615625 0.6972222222222222 0.6161458333333333 0.6972222222222222 0.6229166666666667 0.7006944444444444 0.6270833333333333 0.6986111111111111 0.6416666666666667 0.7083333333333334 0.64375 0.7208333333333333 0.6510416666666666 0.7305555555555555 0.6666666666666666 0.7319444444444444 0.6645833333333333 0.7375 0.6645833333333333 0.7395833333333334 0.6671875 0.7541666666666667 0.6713541666666667 0.7722222222222223 0.6958333333333333 0.76875 0.6984375 0.7618055555555555 0.6994791666666667 0.7597222222222222 0.7135416666666666 0.7631944444444444 0.7208333333333333 0.7604166666666666 0.7239583333333334 0.7652777777777777 0.7265625 0.7659722222222223 0.7317708333333334 0.7625 0.734375 0.7638888888888888 0.7411458333333333 0.7583333333333333 0.7447916666666666 0.7590277777777777 0.7473958333333334 0.7722222222222223 0.7552083333333334 0.7708333333333334 0.7583333333333333 0.7576388888888889 0.7625 0.7527777777777778 0.759375 0.7576388888888889 0.7546875 0.75 0.753125 0.7465277777777778 0.7552083333333334 0.7444444444444445 0.7619791666666667 0.7458333333333333 0.76875 0.7583333333333333 0.7755208333333333 0.7583333333333333 0.7796875 0.7479166666666667 0.7838541666666666 0.7256944444444444 0.7828125 0.7229166666666667 0.7802083333333333 0.7236111111111111 0.7776041666666667 0.7277777777777777 0.7765625 0.7256944444444444 0.7739583333333333 0.7138888888888889 0.7723958333333333 0.70625 0.76875 0.7118055555555556 0.7651041666666667 0.71875 0.7645833333333333 0.7236111111111111 0.7572916666666667 0.7270833333333333 0.759375 0.7284722222222222 0.7583333333333333 0.7277777777777777 0.7546875 0.7208333333333333 0.7526041666666666 0.7173611111111111 0.7484375 0.7270833333333333 0.7442708333333333 0.7236111111111111 0.7411458333333333 0.71875 0.7411458333333333 0.7173611111111111 0.734375 0.7222222222222222 0.721875 0.7166666666666667 0.7166666666666667 0.7319444444444444 0.7041666666666667 0.7375 0.703125 0.7395833333333334 0.6994791666666667 0.7368055555555556 0.6963541666666667 0.7381944444444445 0.6921875 0.7298611111111111 0.6890625 0.73125 0.6703125 0.7166666666666667 0.6645833333333333 0.7076388888888889 0.6651041666666667 0.7041666666666667 0.65 0.6993055555555555 0.6473958333333333 0.6958333333333333 0.6489583333333333 0.6854166666666667 0.64375 0.6868055555555556 0.640625 0.6826388888888889 0.6333333333333333 0.6840277777777778 0.625 0.6819444444444445 0.6197916666666666
1 0.7645833333333333 0.7265625 0.7666666666666667 0.7307291666666667 0.7604166666666666 0.734375 0.7659722222222223 0.7411458333333333 0.7590277777777777 0.7432291666666667 0.7472222222222222 0.7411458333333333 0.74375 0.7375 0.7444444444444445 0.7307291666666667 0.7520833333333333 0.7270833333333333 0.7638888888888888 0.7265625
1 0.75 0.74375 0.7520833333333333 0.7479166666666667 0.7486111111111111 0.7505208333333333 0.73125 0.7546875 0.7125 0.7526041666666666 0.7097222222222223 0.7515625 0.7104166666666667 0.7479166666666667 0.7375 0.7432291666666667 0.7493055555555556 0.74375
1 0.9673611111111111 0.7755208333333333 0.9784722222222222 0.7791666666666667 0.9791666666666666 0.7828125 0.9631944444444445 0.7864583333333334 0.9486111111111111 0.7833333333333333 0.9458333333333333 0.7791666666666667 0.9520833333333333 0.7755208333333333 0.9666666666666667 0.7755208333333333
1 0.7729166666666667 0.8401041666666667 0.7861111111111111 0.8447916666666667 0.7993055555555556 0.8546875 0.7930555555555555 0.8583333333333333 0.78125 0.8598958333333333 0.7736111111111111 0.8598958333333333 0.7659722222222223 0.8572916666666667 0.75 0.8588541666666667 0.7375 0.8557291666666667 0.7354166666666667 0.8520833333333333 0.7548611111111111 0.8458333333333333 0.7618055555555555 0.8416666666666667 0.7722222222222223 0.8401041666666667
1 0.6965277777777777 0.8786458333333333 0.7194444444444444 0.8692708333333333 0.7409722222222223 0.8677083333333333 0.7486111111111111 0.8692708333333333 0.75 0.8713541666666667 0.75 0.8734375 0.7381944444444445 0.8796875 0.7291666666666666 0.8875 0.7125 0.8927083333333333 0.7034722222222223 0.8927083333333333 0.69375 0.8895833333333333 0.6923611111111111 0.8859375 0.6965277777777777 0.8791666666666667
1 0.6541666666666667 0.7463541666666667 0.6652777777777777 0.7484375 0.6673611111111111 0.7526041666666666 0.6611111111111111 0.7557291666666667 0.6534722222222222 0.7557291666666667 0.6493055555555556 0.7520833333333333 0.6534722222222222 0.746875
1 0.9194444444444444 0.7 0.9215277777777777 0.7036458333333333 0.91875 0.7057291666666666 0.9104166666666667 0.7057291666666666 0.9069444444444444 0.703125 0.9097222222222222 0.7 0.91875 0.7
1 0.6833333333333333 0.9229166666666667 0.6861111111111111 0.925 0.6854166666666667 0.9286458333333333 0.6770833333333334 0.9390625 0.6784722222222223 0.9432291666666667 0.6763888888888889 0.9453125 0.6541666666666667 0.9510416666666667 0.64375 0.9598958333333333 0.6298611111111111 0.9645833333333333 0.61875 0.9635416666666666 0.6020833333333333 0.9578125 0.5972222222222222 0.9526041666666667 0.6013888888888889 0.946875 0.61875 0.9385416666666667 0.6430555555555556 0.9338541666666667 0.6645833333333333 0.9244791666666666 0.6826388888888889 0.9229166666666667
1 0.7166666666666667 0.7955729166666666 0.041666666666666664 0.013020833333333334
1 0.6861111111111111 0.9802083333333333 0.7006944444444444 0.9932291666666667 0.6972222222222222 0.9994791666666667 0.6361111111111111 0.9994791666666667 0.6319444444444444 0.9953125 0.6340277777777777 0.9921875 0.65625 0.9869791666666666 0.6680555555555555 0.9807291666666667 0.6854166666666667 0.9802083333333333
1 0.8701388888888889 0.6848958333333334 0.8763888888888889 0.6895833333333333 0.8680555555555556 0.69375 0.85625 0.6958333333333333 0.8527777777777777 0.6932291666666667 0.85625 0.6880208333333333 0.8694444444444445 0.6848958333333334
1 0.7388888888888889 0.709375 0.7423611111111111 0.7130208333333333 0.7354166666666667 0.71875 0.7180555555555556 0.7161458333333334 0.7236111111111111 0.7114583333333333 0.7381944444444445 0.709375
1 0.9041666666666667 0.7447916666666666 0.9104166666666667 0.7479166666666667 0.9090277777777778 0.7515625 0.9006944444444445 0.7567708333333333 0.8881944444444444 0.7588541666666667 0.8708333333333333 0.7583333333333333 0.8680555555555556 0.7536458333333333 0.8770833333333333 0.7489583333333333 0.8944444444444445 0.7447916666666666 0.9034722222222222 0.7447916666666666
1 0.7534722222222222 0.7739583333333333 0.7597222222222222 0.7791666666666667 0.7486111111111111 0.7838541666666666 0.73125 0.7828125 0.7236111111111111 0.7786458333333334 0.7409722222222223 0.7729166666666667 0.7527777777777778 0.7739583333333333
1 0.5819444444444445 0.8341145833333333 0.043055555555555555 0.0140625
1 0.5027777777777778 0.9515625 0.5104166666666666 0.9526041666666667 0.5340277777777778 0.9630208333333333 0.5395833333333333 0.9661458333333334 0.5395833333333333 0.9708333333333333 0.5319444444444444 0.9770833333333333 0.5222222222222223 0.9802083333333333 0.5013888888888889 0.9802083333333333 0.47708333333333336 0.984375 0.46458333333333335 0.9807291666666667 0.4673611111111111 0.9765625 0.46041666666666664 0.9666666666666667 0.46111111111111114 0.9630208333333333 0.4701388888888889 0.9578125 0.5020833333333333 0.9515625
1 0.9798611111111111 0.8416666666666667 0.9909722222222223 0.834375 0.9993055555555556 0.8338541666666667 0.9993055555555556 0.8526041666666667 0.9854166666666667 0.8489583333333334 0.9798611111111111 0.8421875
1 0.91875 0.765625 0.9263888888888889 0.7682291666666666 0.9243055555555556 0.7729166666666667 0.9152777777777777 0.7791666666666667 0.8993055555555556 0.7807291666666667 0.8763888888888889 0.7802083333333333 0.8722222222222222 0.7786458333333334 0.8708333333333333 0.775 0.8805555555555555 0.7708333333333334 0.9180555555555555 0.765625
1 0.7486111111111111 0.9026041666666667 0.7618055555555555 0.9114583333333334 0.7583333333333333 0.9197916666666667 0.7486111111111111 0.9255208333333333 0.7354166666666667 0.9291666666666667 0.7263888888888889 0.9291666666666667 0.7145833333333333 0.9244791666666666 0.7027777777777777 0.9177083333333333 0.7020833333333333 0.9125 0.7229166666666667 0.9026041666666667 0.7479166666666667 0.9026041666666667
