1 0.6597222222222222 0.703125 0.6684027777777778 0.7021484375 0.6736111111111112 0.7060546875 0.671875 0.712890625 0.6892361111111112 0.7265625 0.6892361111111112 0.7294921875 0.7083333333333334 0.73828125 0.7256944444444444 0.740234375 0.7361111111111112 0.7470703125 0.734375 0.7548828125 0.7413194444444444 0.7666015625 0.7517361111111112 0.775390625 0.7621527777777778 0.7802734375 0.7673611111111112 0.7802734375 0.7829861111111112 0.7890625 0.7847222222222222 0.7880859375 0.7951388888888888 0.791015625 0.8038194444444444 0.7958984375 0.8055555555555556 0.8017578125 0.8142361111111112 0.8037109375 0.8211805555555556 0.80859375 0.8229166666666666 0.8154296875 0.8350694444444444 0.8173828125 0.8385416666666666 0.822265625 0.8385416666666666 0.8271484375 0.8246527777777778 0.828125 0.8177083333333334 0.8359375 0.8107638888888888 0.8359375 0.7951388888888888 0.826171875 0.7899305555555556 0.8203125 0.7916666666666666 0.8134765625 0.78125 0.802734375 0.765625 0.7939453125 0.7482638888888888 0.779296875 0.7395833333333334 0.779296875 0.7274305555555556 0.775390625 0.7152777777777778 0.7568359375 0.6944444444444444 0.744140625 0.6927083333333334 0.73828125 0.671875 0.73046875 0.671875 0.7265625 0.6631944444444444 0.71875 0.6631944444444444 0.7099609375 0.6597222222222222 0.7041015625
1 0.4861111111111111 0.6826171875 0.4930555555555556 0.6875 0.4930555555555556 0.6923828125 0.4895833333333333 0.6943359375 0.4652777777777778 0.6923828125 0.4548611111111111 0.6884765625 0.4548611111111111 0.685546875 0.4618055555555556 0.6806640625 0.4774305555555556 0.6806640625 0.484375 0.6826171875
1 0.9461805555555556 0.9248046875 0.9809027777777778 0.939453125 0.9826388888888888 0.947265625 0.9791666666666666 0.9482421875 0.9704861111111112 0.947265625 0.9600694444444444 0.9404296875 0.9357638888888888 0.9296875 0.9357638888888888 0.9248046875 0.9444444444444444 0.9248046875
1 0.7230902777777778 0.36865234375 0.022569444444444444 0.0126953125
1 0.8975694444444444 0.8857421875 0.9045138888888888 0.8876953125 0.90625 0.8935546875 0.9131944444444444 0.8984375 0.9149305555555556 0.9052734375 0.9097222222222222 0.9072265625 0.90625 0.90625 0.9010416666666666 0.900390625 0.890625 0.8955078125 0.890625 0.888671875 0.8958333333333334 0.88671875
1 0.5885416666666666 0.8662109375 0.6128472222222222 0.8798828125 0.6128472222222222 0.884765625 0.6076388888888888 0.88671875 0.59375 0.8837890625 0.578125 0.8759765625 0.5763888888888888 0.8701171875 0.5868055555555556 0.8662109375
1 0.9409722222222222 0.9228515625 0.9652777777777778 0.9306640625 0.9826388888888888 0.939453125 0.984375 0.9462890625 0.9791666666666666 0.94921875 0.9739583333333334 0.94921875 0.9565972222222222 0.943359375 0.9340277777777778 0.9296875 0.9322916666666666 0.923828125 0.9392361111111112 0.9228515625
1 0.5451388888888888 0.7978515625 0.5677083333333334 0.810546875 0.5590277777777778 0.814453125 0.546875 0.8134765625 0.53125 0.8056640625 0.53125 0.8017578125 0.5434027777777778 0.7978515625
1 0.5104166666666666 0.744140625 0.5208333333333334 0.7509765625 0.5208333333333334 0.7587890625 0.5086805555555556 0.7578125 0.4982638888888889 0.751953125 0.4982638888888889 0.748046875 0.5086805555555556 0.744140625
1 0.5277777777777778 0.7236328125 0.5329861111111112 0.7275390625 0.5329861111111112 0.732421875 0.5295138888888888 0.734375 0.5243055555555556 0.734375 0.5173611111111112 0.73046875 0.5173611111111112 0.7236328125 0.5260416666666666 0.7236328125
1 0.75 0.77734375 0.7638888888888888 0.7802734375 0.7829861111111112 0.7900390625 0.7951388888888888 0.7919921875 0.8020833333333334 0.7958984375 0.8055555555555556 0.8037109375 0.8125 0.8046875 0.8211805555555556 0.810546875 0.8107638888888888 0.8115234375 0.8055555555555556 0.8095703125 0.8038194444444444 0.810546875 0.8072916666666666 0.8134765625 0.8177083333333334 0.8203125 0.8263888888888888 0.81640625 0.8315972222222222 0.8173828125 0.8368055555555556 0.8232421875 0.8368055555555556 0.8271484375 0.8246527777777778 0.8271484375 0.8194444444444444 0.833984375 0.8107638888888888 0.8349609375 0.7916666666666666 0.8212890625 0.7934027777777778 0.8095703125 0.7604166666666666 0.7900390625 0.75 0.7783203125
1 0.9930555555555556 0.9755859375 0.9930555555555556 0.9873046875 0.9861111111111112 0.9873046875 0.9809027777777778 0.9833984375 0.9809027777777778 0.9765625 0.984375 0.974609375 0.9913194444444444 0.9755859375
1 0.5850694444444444 0.8291015625 0.59375 0.83203125 0.5972222222222222 0.8369140625 0.5972222222222222 0.841796875 0.5920138888888888 0.845703125 0.5850694444444444 0.845703125 0.5746527777777778 0.8359375 0.5763888888888888 0.830078125 0.5833333333333334 0.8291015625
1 0.53125 0.4990234375 0.03125 0.021484375
1 0.5434027777777778 0.771484375 0.5555555555555556 0.7705078125 0.5607638888888888 0.7744140625 0.5607638888888888 0.7802734375 0.5520833333333334 0.7822265625 0.5434027777777778 0.77734375 0.5434027777777778 0.7724609375
1 0.6927083333333334 0.94921875 0.7152777777777778 0.9599609375 0.7204861111111112 0.96875 0.7170138888888888 0.9716796875 0.6979166666666666 0.970703125 0.6770833333333334 0.9599609375 0.6753472222222222 0.953125 0.6857638888888888 0.94921875 0.6909722222222222 0.94921875
1 0.6666666666666666 0.904296875 0.6788194444444444 0.91015625 0.6770833333333334 0.92578125 0.6666666666666666 0.92578125 0.6579861111111112 0.9208984375 0.6545138888888888 0.9052734375 0.6649305555555556 0.904296875
1 0.515625 0.564453125 0.5260416666666666 0.5703125 0.5243055555555556 0.583984375 0.5329861111111112 0.587890625 0.5451388888888888 0.5986328125 0.5486111111111112 0.6171875 0.5416666666666666 0.6220703125 0.5416666666666666 0.638671875 0.5347222222222222 0.6611328125 0.5347222222222222 0.685546875 0.5225694444444444 0.703125 0.5104166666666666 0.7138671875 0.5034722222222222 0.7138671875 0.4965277777777778 0.7099609375 0.5 0.7001953125 0.4947916666666667 0.6923828125 0.4930555555555556 0.6796875 0.4791666666666667 0.6455078125 0.4809027777777778 0.623046875 0.4774305555555556 0.619140625 0.4670138888888889 0.619140625 0.4618055555555556 0.6123046875 0.4722222222222222 0.59375 0.4774305555555556 0.58984375 0.4878472222222222 0.587890625 0.4947916666666667 0.58203125 0.4913194444444444 0.5703125 0.5017361111111112 0.564453125 0.5138888888888888 0.564453125
