1 0.6166666666666667 0.21388888888888888 0.03333333333333333 0.016666666666666666
1 0.9083333333333333 0.2833333333333333 0.9333333333333333 0.2833333333333333 0.9416666666666667 0.2777777777777778 0.95 0.2777777777777778 0.9583333333333334 0.2833333333333333 0.9666666666666667 0.2833333333333333 0.975 0.28888888888888886 0.9916666666666667 0.28888888888888886 0.9916666666666667 0.29444444444444445 0.975 0.29444444444444445 0.9666666666666667 0.3 0.95 0.3 0.9416666666666667 0.29444444444444445 0.9333333333333333 0.29444444444444445 0.925 0.28888888888888886 0.9083333333333333 0.28888888888888886
1 0.5333333333333333 0.2388888888888889 0.5666666666666667 0.2388888888888889 0.5666666666666667 0.24444444444444444 0.5583333333333333 0.25 0.5333333333333333 0.25 0.5333333333333333 0.24444444444444444
1 0.5333333333333333 0.36666666666666664 0.5333333333333333 0.37777777777777777 0.49166666666666664 0.37777777777777777 0.49166666666666664 0.37222222222222223 0.5 0.36666666666666664 0.525 0.36666666666666664
1 0.9583333333333334 0.34444444444444444 0.9583333333333334 0.3388888888888889 0.9666666666666667 0.3333333333333333 0.9916666666666667 0.3333333333333333 0.9916666666666667 0.35 0.975 0.35 0.9666666666666667 0.34444444444444444
1 0.5083333333333333 0.7388888888888889 0.5166666666666667 0.7444444444444445 0.5166666666666667 0.75 0.5083333333333333 0.7555555555555555 0.5 0.7555555555555555 0.49166666666666664 0.7611111111111111 0.48333333333333334 0.7611111111111111 0.475 0.7666666666666667 0.4666666666666667 0.7611111111111111 0.4583333333333333 0.7666666666666667 0.4583333333333333 0.7722222222222223 0.45 0.7777777777777778 0.43333333333333335 0.7777777777777778 0.425 0.7833333333333333 0.4166666666666667 0.7833333333333333 0.4083333333333333 0.7777777777777778 0.4083333333333333 0.7666666666666667 0.4166666666666667 0.7666666666666667 0.43333333333333335 0.7555555555555555 0.44166666666666665 0.7555555555555555 0.4583333333333333 0.7444444444444445 0.4666666666666667 0.7444444444444445 0.475 0.7388888888888889 0.5 0.7388888888888889
1 0.4166666666666667 0.4777777777777778 0.425 0.48333333333333334 0.425 0.4888888888888889 0.4166666666666667 0.4888888888888889 0.4083333333333333 0.49444444444444446 0.39166666666666666 0.49444444444444446 0.38333333333333336 0.4888888888888889 0.38333333333333336 0.48333333333333334 0.39166666666666666 0.48333333333333334 0.4 0.4777777777777778 0.4083333333333333 0.4777777777777778
1 0.4166666666666667 0.4777777777777778 0.425 0.48333333333333334 0.425 0.4888888888888889 0.4083333333333333 0.5 0.4083333333333333 0.5055555555555555 0.36666666666666664 0.5055555555555555 0.35833333333333334 0.5111111111111111 0.3416666666666667 0.5111111111111111 0.3416666666666667 0.5055555555555555 0.35 0.5055555555555555 0.38333333333333336 0.48333333333333334 0.39166666666666666 0.48333333333333334 0.4 0.4777777777777778 0.4083333333333333 0.4777777777777778
1 0.5083333333333333 0.18888888888888888 0.5166666666666667 0.18333333333333332 0.525 0.18333333333333332 0.5333333333333333 0.17777777777777778 0.5583333333333333 0.17777777777777778 0.5583333333333333 0.18888888888888888 0.5166666666666667 0.18888888888888888
1 0.9458333333333333 0.17222222222222222 0.041666666666666664 0.011111111111111112
1 0.9833333333333333 0.20277777777777778 0.03333333333333333 0.016666666666666666
1 0.5666666666666667 0.31666666666666665 0.5666666666666667 0.3277777777777778 0.5333333333333333 0.3277777777777778 0.525 0.3333333333333333 0.5 0.3333333333333333 0.5 0.3277777777777778 0.5166666666666667 0.3277777777777778 0.5333333333333333 0.31666666666666665 0.5583333333333333 0.31666666666666665
1 0.575 0.17222222222222222 0.575 0.16666666666666666 0.5833333333333334 0.16111111111111112 0.625 0.16111111111111112 0.625 0.16666666666666666 0.6166666666666667 0.17222222222222222 0.5833333333333334 0.17222222222222222
1 0.4 0.55 0.4083333333333333 0.5555555555555556 0.4083333333333333 0.5611111111111111 0.4 0.5666666666666667 0.4 0.5722222222222222 0.39166666666666666 0.5777777777777777 0.38333333333333336 0.5777777777777777 0.375 0.5722222222222222 0.36666666666666664 0.5722222222222222 0.35833333333333334 0.5666666666666667 0.35833333333333334 0.5555555555555556 0.36666666666666664 0.55 0.39166666666666666 0.55
1 0.6375 0.28055555555555556 0.041666666666666664 0.016666666666666666
1 0.5541666666666667 0.325 0.041666666666666664 0.016666666666666666
1 0.95 0.2777777777777778 0.9583333333333334 0.2833333333333333 0.9583333333333334 0.28888888888888886 0.95 0.29444444444444445 0.9416666666666667 0.29444444444444445 0.9333333333333333 0.28888888888888886 0.9083333333333333 0.28888888888888886 0.9083333333333333 0.2833333333333333 0.925 0.2833333333333333 0.9333333333333333 0.2777777777777778 0.9416666666666667 0.2777777777777778
1 0.48333333333333334 0.6388888888888888 0.49166666666666664 0.6444444444444445 0.49166666666666664 0.65 0.5 0.6555555555555556 0.5 0.6666666666666666 0.48333333333333334 0.6777777777777778 0.4083333333333333 0.6777777777777778 0.4083333333333333 0.6722222222222223 0.425 0.6611111111111111 0.425 0.6555555555555556 0.43333333333333335 0.65 0.43333333333333335 0.6444444444444445 0.44166666666666665 0.6388888888888888 0.45 0.6388888888888888 0.4583333333333333 0.6333333333333333 0.4666666666666667 0.6333333333333333 0.475 0.6388888888888888
1 0.5333333333333333 0.36666666666666664 0.5333333333333333 0.37777777777777777 0.5083333333333333 0.37777777777777777 0.5 0.38333333333333336 0.48333333333333334 0.38333333333333336 0.475 0.3888888888888889 0.475 0.37777777777777777 0.48333333333333334 0.37777777777777777 0.5 0.36666666666666664 0.525 0.36666666666666664
1 0.44166666666666665 0.4166666666666667 0.45 0.4222222222222222 0.45 0.42777777777777776 0.425 0.4444444444444444 0.38333333333333336 0.4444444444444444 0.375 0.4388888888888889 0.39166666666666666 0.42777777777777776 0.4 0.42777777777777776 0.4083333333333333 0.4222222222222222 0.43333333333333335 0.4222222222222222
