1 0.10784313725490197 0.4681372549019608 0.10947712418300654 0.4632352941176471 0.119281045751634 0.45588235294117646 0.12581699346405228 0.4583333333333333 0.12908496732026145 0.46568627450980393 0.12254901960784313 0.4730392156862745 0.11437908496732026 0.4730392156862745 0.10947712418300654 0.4681372549019608
1 0.23529411764705882 0.6715686274509803 0.2369281045751634 0.6740196078431373 0.24836601307189543 0.6740196078431373 0.25 0.6764705882352942 0.2777777777777778 0.6838235294117647 0.27941176470588236 0.6936274509803921 0.2761437908496732 0.6985294117647058 0.2549019607843137 0.6985294117647058 0.24836601307189543 0.6936274509803921 0.2434640522875817 0.6936274509803921 0.238562091503268 0.6887254901960784 0.21568627450980393 0.6838235294117647 0.21241830065359477 0.678921568627451 0.21568627450980393 0.6715686274509803 0.22058823529411764 0.6691176470588235 0.23366013071895425 0.6715686274509803
1 0.14705882352941177 0.5514705882352942 0.1568627450980392 0.5490196078431373 0.16993464052287582 0.5563725490196079 0.1781045751633987 0.5563725490196079 0.18137254901960784 0.5612745098039216 0.17973856209150327 0.5686274509803921 0.16830065359477125 0.5686274509803921 0.15359477124183007 0.5588235294117647 0.14705882352941177 0.5588235294117647 0.1454248366013072 0.5563725490196079 0.14705882352941177 0.553921568627451
1 0.12254901960784313 0.43137254901960786 0.13071895424836602 0.42892156862745096 0.13725490196078433 0.43137254901960786 0.14052287581699346 0.4362745098039216 0.14052287581699346 0.4411764705882353 0.12908496732026145 0.4411764705882353 0.12254901960784313 0.4338235294117647
1 0.16176470588235295 0.6151960784313726 0.17647058823529413 0.6372549019607843 0.17647058823529413 0.6446078431372549 0.16830065359477125 0.6495098039215687 0.16666666666666666 0.6470588235294118 0.16013071895424835 0.6470588235294118 0.1503267973856209 0.6397058823529411 0.1437908496732026 0.625 0.1437908496732026 0.6200980392156863 0.14705882352941177 0.6151960784313726 0.15359477124183007 0.6127450980392157 0.16013071895424835 0.6151960784313726
1 0.09640522875816994 0.4166666666666667 0.09967320261437909 0.41421568627450983 0.1111111111111111 0.41421568627450983 0.10620915032679738 0.42401960784313725 0.09803921568627451 0.42401960784313725 0.09640522875816994 0.41911764705882354
1 0.1568627450980392 0.47794117647058826 0.15849673202614378 0.4803921568627451 0.1715686274509804 0.48284313725490197 0.17320261437908496 0.4852941176470588 0.1715686274509804 0.49019607843137253 0.16013071895424835 0.49019607843137253 0.15522875816993464 0.4852941176470588 0.1454248366013072 0.4852941176470588 0.14215686274509803 0.48284313725490197 0.1437908496732026 0.47794117647058826 0.15522875816993464 0.47794117647058826
1 0.14705882352941177 0.5171568627450981 0.15359477124183007 0.5269607843137255 0.14869281045751634 0.5343137254901961 0.1388888888888889 0.5343137254901961 0.13071895424836602 0.5269607843137255 0.13071895424836602 0.5196078431372549 0.13562091503267973 0.5147058823529411 0.1437908496732026 0.5147058823529411 0.1454248366013072 0.5171568627450981
1 0.30392156862745096 0.7892156862745098 0.3088235294117647 0.7916666666666666 0.3137254901960784 0.7990196078431373 0.315359477124183 0.8063725490196079 0.315359477124183 0.8137254901960784 0.3104575163398693 0.821078431372549 0.3006535947712418 0.8259803921568627 0.2761437908496732 0.8235294117647058 0.26633986928104575 0.8333333333333334 0.2549019607843137 0.8333333333333334 0.24183006535947713 0.8235294117647058 0.238562091503268 0.8186274509803921 0.238562091503268 0.8088235294117647 0.24183006535947713 0.803921568627451 0.2565359477124183 0.7990196078431373 0.2696078431372549 0.8063725490196079 0.27450980392156865 0.8063725490196079 0.28104575163398693 0.7941176470588235 0.2875816993464052 0.7892156862745098 0.3022875816993464 0.7892156862745098
1 0.2107843137254902 0.9975490196078431 0.2107843137254902 0.9877450980392157 0.20588235294117646 0.9705882352941176 0.20915032679738563 0.9485294117647058 0.21895424836601307 0.9313725490196079 0.23366013071895425 0.9215686274509803 0.24183006535947713 0.9215686274509803 0.24836601307189543 0.9264705882352942 0.25163398692810457 0.9362745098039216 0.25163398692810457 0.9534313725490197 0.25326797385620914 0.9558823529411765 0.25163398692810457 0.9583333333333334 0.2549019607843137 0.9632352941176471 0.2549019607843137 0.9828431372549019 0.25 0.9950980392156863 0.21241830065359477 0.9975490196078431
