1 0.184640522875817 0.9534313725490197 0.18627450980392157 0.9583333333333334 0.17973856209150327 0.9681372549019608 0.16013071895424835 0.9828431372549019 0.14705882352941177 0.9828431372549019 0.1437908496732026 0.9779411764705882 0.1568627450980392 0.9558823529411765 0.16666666666666666 0.9509803921568627 0.18137254901960784 0.9509803921568627 0.1830065359477124 0.9534313725490197
1 0.33169934640522875 0.8357843137254902 0.3349673202614379 0.8382352941176471 0.3349673202614379 0.8431372549019608 0.3235294117647059 0.8578431372549019 0.31699346405228757 0.8578431372549019 0.315359477124183 0.8602941176470589 0.3055555555555556 0.8578431372549019 0.30392156862745096 0.8480392156862745 0.3088235294117647 0.8382352941176471 0.31209150326797386 0.8357843137254902 0.3300653594771242 0.8357843137254902
1 0.15196078431372548 0.7450980392156863 0.15359477124183007 0.7549019607843137 0.14869281045751634 0.7573529411764706 0.12745098039215685 0.7573529411764706 0.12581699346405228 0.7524509803921569 0.13562091503267973 0.7450980392156863 0.1503267973856209 0.7450980392156863
1 0.738562091503268 0.7965686274509803 0.7418300653594772 0.8014705882352942 0.7418300653594772 0.8063725490196079 0.7320261437908496 0.8137254901960784 0.7075163398692811 0.8112745098039216 0.7058823529411765 0.803921568627451 0.7091503267973857 0.7990196078431373 0.7156862745098039 0.7965686274509803 0.7369281045751634 0.7965686274509803
1 0.7369281045751634 0.6470588235294118 0.7434640522875817 0.6544117647058824 0.7434640522875817 0.6666666666666666 0.7369281045751634 0.6764705882352942 0.7238562091503268 0.6740196078431373 0.7140522875816994 0.6666666666666666 0.7075163398692811 0.6544117647058824 0.7075163398692811 0.6495098039215687 0.7124183006535948 0.6446078431372549 0.7336601307189542 0.6446078431372549 0.7352941176470589 0.6470588235294118
1 0.30718954248366015 0.75 0.31209150326797386 0.7549019607843137 0.3104575163398693 0.7622549019607843 0.29248366013071897 0.7647058823529411 0.2908496732026144 0.7671568627450981 0.28594771241830064 0.7598039215686274 0.28921568627450983 0.7524509803921569 0.3055555555555556 0.75
1 0.3235294117647059 0.8946078431372549 0.32516339869281047 0.8970588235294118 0.3235294117647059 0.8995098039215687 0.3202614379084967 0.8995098039215687 0.315359477124183 0.9093137254901961 0.3055555555555556 0.9166666666666666 0.28431372549019607 0.9142156862745098 0.2761437908496732 0.9240196078431373 0.2581699346405229 0.9338235294117647 0.2434640522875817 0.9313725490196079 0.2369281045751634 0.9240196078431373 0.2369281045751634 0.9191176470588235 0.2581699346405229 0.9044117647058824 0.28104575163398693 0.9019607843137255 0.2973856209150327 0.8946078431372549 0.32189542483660133 0.8946078431372549
1 0.08496732026143791 0.6887254901960784 0.08823529411764706 0.6985294117647058 0.08006535947712418 0.6985294117647058 0.0784313725490196 0.7009803921568627 0.07026143790849673 0.7009803921568627 0.06862745098039216 0.6985294117647058 0.0784313725490196 0.6887254901960784 0.08333333333333333 0.6887254901960784
1 0.315359477124183 0.8063725490196079 0.3202614379084967 0.8112745098039216 0.3202614379084967 0.8161764705882353 0.3088235294117647 0.8235294117647058 0.3006535947712418 0.8235294117647058 0.29901960784313725 0.8259803921568627 0.2908496732026144 0.8259803921568627 0.28921568627450983 0.8235294117647058 0.2875816993464052 0.8137254901960784 0.29248366013071897 0.8063725490196079 0.2973856209150327 0.803921568627451 0.31209150326797386 0.803921568627451 0.3137254901960784 0.8063725490196079
1 0.619281045751634 0.6372549019607843 0.6258169934640523 0.6397058823529411 0.6323529411764706 0.6470588235294118 0.6437908496732027 0.6495098039215687 0.6470588235294118 0.6544117647058824 0.6454248366013072 0.6666666666666666 0.6356209150326797 0.6764705882352942 0.630718954248366 0.6764705882352942 0.6176470588235294 0.6666666666666666 0.6127450980392157 0.6593137254901961 0.6111111111111112 0.6495098039215687 0.6045751633986928 0.6421568627450981 0.6062091503267973 0.6372549019607843 0.6176470588235294 0.6372549019607843
1 0.12581699346405228 0.6225490196078431 0.12745098039215685 0.6274509803921569 0.11601307189542484 0.6323529411764706 0.10620915032679738 0.6323529411764706 0.10457516339869281 0.6274509803921569 0.12418300653594772 0.6225490196078431
1 0.7875816993464052 0.7720588235294118 0.795751633986928 0.7867647058823529 0.7875816993464052 0.7867647058823529 0.7859477124183006 0.7892156862745098 0.7696078431372549 0.7892156862745098 0.7565359477124183 0.7794117647058824 0.7598039215686274 0.7720588235294118 0.7679738562091504 0.7720588235294118 0.7696078431372549 0.7696078431372549 0.7843137254901961 0.7696078431372549 0.7859477124183006 0.7720588235294118
1 0.11274509803921569 0.8553921568627451 0.11437908496732026 0.8676470588235294 0.10947712418300654 0.8725490196078431 0.09313725490196079 0.8725490196078431 0.0784313725490196 0.8799019607843137 0.06862745098039216 0.8725490196078431 0.06045751633986928 0.8700980392156863 0.06045751633986928 0.8651960784313726 0.07679738562091504 0.8627450980392157 0.08333333333333333 0.8578431372549019 0.0915032679738562 0.8578431372549019 0.09313725490196079 0.8553921568627451 0.1111111111111111 0.8553921568627451
1 0.2908496732026144 0.7058823529411765 0.29411764705882354 0.7107843137254902 0.2908496732026144 0.7156862745098039 0.2777777777777778 0.7181372549019608 0.2761437908496732 0.7205882352941176 0.2630718954248366 0.7181372549019608 0.26143790849673204 0.7156862745098039 0.2630718954248366 0.7132352941176471 0.2777777777777778 0.7058823529411765 0.28921568627450983 0.7058823529411765
1 0.06862745098039216 0.6813725490196079 0.08333333333333333 0.6740196078431373 0.0915032679738562 0.6740196078431373 0.09313725490196079 0.6764705882352942 0.09313725490196079 0.6813725490196079 0.08823529411764706 0.6838235294117647 0.08169934640522876 0.6838235294117647 0.08006535947712418 0.6862745098039216 0.07026143790849673 0.6862745098039216 0.06862745098039216 0.6838235294117647
1 0.8333333333333334 0.7647058823529411 0.8415032679738562 0.7573529411764706 0.8562091503267973 0.7549019607843137 0.8611111111111112 0.7573529411764706 0.8660130718954249 0.7647058823529411 0.8725490196078431 0.7671568627450981 0.8725490196078431 0.7720588235294118 0.8676470588235294 0.7745098039215687 0.8415032679738562 0.7745098039215687 0.8349673202614379 0.7671568627450981
1 0.2973856209150327 0.8651960784313726 0.30392156862745096 0.8725490196078431 0.3022875816993464 0.8823529411764706 0.29901960784313725 0.8872549019607843 0.28921568627450983 0.8872549019607843 0.2875816993464052 0.8897058823529411 0.2777777777777778 0.8897058823529411 0.27124183006535946 0.8823529411764706 0.27124183006535946 0.8774509803921569 0.28104575163398693 0.8676470588235294 0.2957516339869281 0.8651960784313726
1 0.548202614379085 0.8529411764705882 0.04738562091503268 0.029411764705882353
1 0.08496732026143791 0.9338235294117647 0.09313725490196079 0.928921568627451 0.09967320261437909 0.9191176470588235 0.11274509803921569 0.9142156862745098 0.16993464052287582 0.9142156862745098 0.15359477124183007 0.9387254901960784 0.13071895424836602 0.9509803921568627 0.12581699346405228 0.9509803921568627 0.119281045751634 0.9436274509803921 0.10457516339869281 0.946078431372549 0.09967320261437909 0.9411764705882353 0.09313725490196079 0.9411764705882353 0.08496732026143791 0.9362745098039216
1 0.3006535947712418 0.6666666666666666 0.30392156862745096 0.6691176470588235 0.3055555555555556 0.6764705882352942 0.30392156862745096 0.678921568627451 0.29248366013071897 0.678921568627451 0.2908496732026144 0.6813725490196079 0.2777777777777778 0.6813725490196079 0.2761437908496732 0.6764705882352942 0.28594771241830064 0.6691176470588235 0.29901960784313725 0.6666666666666666
1 0.3145424836601307 0.7855392156862745 0.03431372549019608 0.022058823529411766
1 0.1781045751633987 0.7965686274509803 0.184640522875817 0.803921568627451 0.1830065359477124 0.8088235294117647 0.16339869281045752 0.8112745098039216 0.16176470588235295 0.8137254901960784 0.1503267973856209 0.8112745098039216 0.15196078431372548 0.803921568627451 0.1650326797385621 0.7965686274509803 0.17647058823529413 0.7965686274509803
1 0.7320261437908496 0.8897058823529411 0.7352941176470589 0.8970588235294118 0.7238562091503268 0.9019607843137255 0.7026143790849673 0.9019607843137255 0.696078431372549 0.8995098039215687 0.6944444444444444 0.8921568627450981 0.7124183006535948 0.8848039215686274 0.7238562091503268 0.8848039215686274 0.7303921568627451 0.8897058823529411
1 0.2777777777777778 0.6911764705882353 0.29248366013071897 0.6838235294117647 0.30718954248366015 0.6838235294117647 0.30718954248366015 0.6911764705882353 0.2973856209150327 0.696078431372549 0.28104575163398693 0.6985294117647058 0.2777777777777778 0.6936274509803921
1 0 0.8725490196078431 0.017973856209150325 0.8725490196078431 0.014705882352941176 0.8799019607843137 0.006535947712418301 0.8848039215686274 0 0.8848039215686274 0 0.875
1 0.1650326797385621 0.7671568627450981 0.16993464052287582 0.7745098039215687 0.16176470588235295 0.7818627450980392 0.1454248366013072 0.7818627450980392 0.14215686274509803 0.7769607843137255 0.14705882352941177 0.7696078431372549 0.15196078431372548 0.7671568627450981 0.16339869281045752 0.7671568627450981
1 0.8202614379084967 0.9632352941176471 0.8218954248366013 0.9656862745098039 0.8202614379084967 0.9705882352941176 0.8071895424836601 0.9730392156862745 0.8055555555555556 0.9754901960784313 0.795751633986928 0.9730392156862745 0.7924836601307189 0.9681372549019608 0.795751633986928 0.9607843137254902 0.8120915032679739 0.9583333333333334 0.8186274509803921 0.9632352941176471
1 0.1111111111111111 0.7034313725490197 0.11437908496732026 0.7058823529411765 0.11437908496732026 0.7107843137254902 0.10620915032679738 0.7156862745098039 0.0915032679738562 0.7156862745098039 0.0915032679738562 0.7107843137254902 0.10130718954248366 0.7034313725490197 0.10947712418300654 0.7034313725490197
1 0.11764705882352941 0.7254901960784313 0.12418300653594772 0.7303921568627451 0.12418300653594772 0.7328431372549019 0.12091503267973856 0.7352941176470589 0.1111111111111111 0.7352941176470589 0.10947712418300654 0.7377450980392157 0.10130718954248366 0.7377450980392157 0.09640522875816994 0.7328431372549019 0.10457516339869281 0.7254901960784313 0.11601307189542484 0.7254901960784313
1 0.1454248366013072 0.8235294117647058 0.14705882352941177 0.8308823529411765 0.1437908496732026 0.8382352941176471 0.1323529411764706 0.8455882352941176 0.12418300653594772 0.8455882352941176 0.12254901960784313 0.8480392156862745 0.11274509803921569 0.8480392156862745 0.10784313725490197 0.8431372549019608 0.1111111111111111 0.8357843137254902 0.11764705882352941 0.8333333333333334 0.12254901960784313 0.8259803921568627 0.1437908496732026 0.8235294117647058
1 0.6503267973856209 0.8137254901960784 0.6552287581699346 0.8186274509803921 0.6568627450980392 0.8284313725490197 0.6486928104575164 0.8333333333333334 0.6339869281045751 0.8333333333333334 0.6209150326797386 0.8259803921568627 0.6160130718954249 0.8259803921568627 0.6111111111111112 0.821078431372549 0.6127450980392157 0.8161764705882353 0.619281045751634 0.8161764705882353 0.6209150326797386 0.8137254901960784 0.6486928104575164 0.8137254901960784
1 0.315359477124183 0.7230392156862745 0.31862745098039214 0.7279411764705882 0.31862745098039214 0.7328431372549019 0.3088235294117647 0.7377450980392157 0.2908496732026144 0.7377450980392157 0.2908496732026144 0.7328431372549019 0.3022875816993464 0.7230392156862745 0.3137254901960784 0.7230392156862745
1 0.24673202614379086 0.5955882352941176 0.24836601307189543 0.5980392156862745 0.238562091503268 0.6029411764705882 0.22712418300653595 0.6029411764705882 0.22549019607843138 0.5980392156862745 0.24509803921568626 0.5955882352941176
1 0.4150326797385621 0.8676470588235294 0.4166666666666667 0.8602941176470589 0.4215686274509804 0.8578431372549019 0.4362745098039216 0.8578431372549019 0.43790849673202614 0.8553921568627451 0.4624183006535948 0.8553921568627451 0.46405228758169936 0.8627450980392157 0.45751633986928103 0.8725490196078431 0.4444444444444444 0.875 0.44281045751633985 0.8725490196078431 0.42483660130718953 0.8725490196078431 0.4166666666666667 0.8676470588235294
1 0.05228758169934641 0.6397058823529411 0.06862745098039216 0.6323529411764706 0.08006535947712418 0.6323529411764706 0.08006535947712418 0.6372549019607843 0.07516339869281045 0.6397058823529411 0.06862745098039216 0.6397058823529411 0.058823529411764705 0.6446078431372549 0.05228758169934641 0.6421568627450981
1 0.6862745098039216 0.6446078431372549 0.6895424836601307 0.6495098039215687 0.6911764705882353 0.6593137254901961 0.6830065359477124 0.6740196078431373 0.6683006535947712 0.6715686274509803 0.6601307189542484 0.6642156862745098 0.6568627450980392 0.6568627450980392 0.6633986928104575 0.6470588235294118 0.684640522875817 0.6446078431372549
1 0.8872549019607843 0.7328431372549019 0.8888888888888888 0.7352941176470589 0.9019607843137255 0.7352941176470589 0.9133986928104575 0.7401960784313726 0.9150326797385621 0.75 0.9117647058823529 0.7647058823529411 0.8970588235294118 0.7598039215686274 0.8905228758169934 0.7524509803921569 0.8774509803921569 0.75 0.8709150326797386 0.7450980392156863 0.869281045751634 0.7377450980392157 0.8774509803921569 0.7328431372549019 0.8856209150326797 0.7328431372549019
