1 0.5196078431372549 0.8235294117647058 0.5294117647058824 0.8284313725490197 0.5473856209150327 0.8284313725490197 0.553921568627451 0.8333333333333334 0.5490196078431373 0.8455882352941176 0.5375816993464052 0.8504901960784313 0.5147058823529411 0.8504901960784313 0.5049019607843137 0.8431372549019608 0.49019607843137253 0.8431372549019608 0.4852941176470588 0.8406862745098039 0.4852941176470588 0.8357843137254902 0.49019607843137253 0.8308823529411765 0.5179738562091504 0.8235294117647058
1 0.8169934640522876 0.8259803921568627 0.8202614379084967 0.8308823529411765 0.8186274509803921 0.8357843137254902 0.8055555555555556 0.8406862745098039 0.7924836601307189 0.8553921568627451 0.7826797385620915 0.8553921568627451 0.7745098039215687 0.8431372549019608 0.7598039215686274 0.8406862745098039 0.7565359477124183 0.8357843137254902 0.7581699346405228 0.8259803921568627 0.761437908496732 0.8235294117647058 0.7728758169934641 0.8235294117647058 0.7745098039215687 0.821078431372549 0.8055555555555556 0.821078431372549 0.815359477124183 0.8259803921568627
1 0.5996732026143791 0.7401960784313726 0.6094771241830066 0.7450980392156863 0.6127450980392157 0.75 0.5915032679738562 0.7598039215686274 0.5669934640522876 0.7573529411764706 0.5637254901960784 0.7549019607843137 0.5637254901960784 0.7475490196078431 0.576797385620915 0.7401960784313726 0.5980392156862745 0.7401960784313726
1 0.8725490196078431 0.7549019607843137 0.8741830065359477 0.7573529411764706 0.8725490196078431 0.7622549019607843 0.8643790849673203 0.7671568627450981 0.8300653594771242 0.7647058823529411 0.8186274509803921 0.7573529411764706 0.8333333333333334 0.75 0.8643790849673203 0.75 0.8709150326797386 0.7549019607843137
1 0.9142156862745098 0.7169117647058824 0.03431372549019608 0.022058823529411766
1 0.7549019607843137 0.8700980392156863 0.761437908496732 0.8823529411764706 0.7630718954248366 0.8897058823529411 0.7532679738562091 0.8946078431372549 0.7401960784313726 0.8946078431372549 0.7205882352941176 0.8872549019607843 0.704248366013072 0.8872549019607843 0.6862745098039216 0.8799019607843137 0.6797385620915033 0.8725490196078431 0.6797385620915033 0.8676470588235294 0.6862745098039216 0.8627450980392157 0.7091503267973857 0.8602941176470589 0.7107843137254902 0.8578431372549019 0.7369281045751634 0.8602941176470589 0.7532679738562091 0.8700980392156863
1 0.34395424836601307 0.9718137254901961 0.09313725490196079 0.04656862745098039
1 0.5980392156862745 0.7696078431372549 0.6029411764705882 0.7769607843137255 0.5996732026143791 0.7818627450980392 0.5849673202614379 0.7843137254901961 0.5833333333333334 0.7867647058823529 0.5669934640522876 0.7843137254901961 0.565359477124183 0.7818627450980392 0.553921568627451 0.7818627450980392 0.5506535947712419 0.7794117647058824 0.5506535947712419 0.7745098039215687 0.5571895424836601 0.7696078431372549 0.576797385620915 0.7671568627450981 0.5784313725490197 0.7647058823529411 0.5947712418300654 0.7671568627450981 0.5964052287581699 0.7696078431372549
1 0.477124183006536 0.8553921568627451 0.49019607843137253 0.8602941176470589 0.4918300653594771 0.8651960784313726 0.4803921568627451 0.875 0.47549019607843135 0.875 0.4624183006535948 0.8823529411764706 0.4362745098039216 0.8823529411764706 0.4264705882352941 0.875 0.4166666666666667 0.875 0.4133986928104575 0.8725490196078431 0.4133986928104575 0.8651960784313726 0.41830065359477125 0.8602941176470589 0.43300653594771243 0.8578431372549019 0.434640522875817 0.8553921568627451 0.47549019607843135 0.8553921568627451
1 0.6568627450980392 0.7254901960784313 0.6617647058823529 0.7279411764705882 0.6617647058823529 0.7352941176470589 0.6535947712418301 0.7401960784313726 0.6290849673202614 0.7401960784313726 0.619281045751634 0.7352941176470589 0.6339869281045751 0.7254901960784313 0.6552287581699346 0.7254901960784313
1 0.6699346405228758 0.7009803921568627 0.6715686274509803 0.7034313725490197 0.6911764705882353 0.7083333333333334 0.6895424836601307 0.7107843137254902 0.6748366013071896 0.7132352941176471 0.6683006535947712 0.7181372549019608 0.6519607843137255 0.7156862745098039 0.6454248366013072 0.7083333333333334 0.6535947712418301 0.7009803921568627 0.6683006535947712 0.7009803921568627
1 0.7369281045751634 0.9142156862745098 0.738562091503268 0.9166666666666666 0.7450980392156863 0.9166666666666666 0.7450980392156863 0.9215686274509803 0.75 0.928921568627451 0.7549019607843137 0.9313725490196079 0.7549019607843137 0.9411764705882353 0.7418300653594772 0.9534313725490197 0.7352941176470589 0.9632352941176471 0.7352941176470589 0.9705882352941176 0.7287581699346405 0.9779411764705882 0.7205882352941176 0.9754901960784313 0.7140522875816994 0.9632352941176471 0.6862745098039216 0.9509803921568627 0.6813725490196079 0.946078431372549 0.6650326797385621 0.9436274509803921 0.6601307189542484 0.9485294117647058 0.6568627450980392 0.9485294117647058 0.6552287581699346 0.946078431372549 0.6470588235294118 0.946078431372549 0.6437908496732027 0.9387254901960784 0.6470588235294118 0.9313725490196079 0.6503267973856209 0.9313725490196079 0.6535947712418301 0.9264705882352942 0.673202614379085 0.9191176470588235 0.6797385620915033 0.9191176470588235 0.6813725490196079 0.9166666666666666 0.7352941176470589 0.9142156862745098
1 0.5555555555555556 0.7965686274509803 0.5571895424836601 0.7990196078431373 0.5555555555555556 0.803921568627451 0.5359477124183006 0.8161764705882353 0.49836601307189543 0.8112745098039216 0.49673202614379086 0.8088235294117647 0.49836601307189543 0.803921568627451 0.5294117647058824 0.7916666666666666 0.5408496732026143 0.7916666666666666 0.553921568627451 0.7965686274509803
1 0.40032679738562094 0.9191176470588235 0.40032679738562094 0.9142156862745098 0.4035947712418301 0.9093137254901961 0.4297385620915033 0.8995098039215687 0.46405228758169936 0.8995098039215687 0.46895424836601307 0.9019607843137255 0.46895424836601307 0.9191176470588235 0.4673202614379085 0.9240196078431373 0.45751633986928103 0.9313725490196079 0.43137254901960786 0.9338235294117647 0.4199346405228758 0.928921568627451 0.4133986928104575 0.9215686274509803 0.4035947712418301 0.9215686274509803 0.4019607843137255 0.9191176470588235
1 0.8643790849673203 0.7230392156862745 0.8823529411764706 0.7303921568627451 0.8856209150326797 0.7352941176470589 0.8823529411764706 0.7401960784313726 0.8578431372549019 0.7401960784313726 0.8562091503267973 0.7377450980392157 0.8284313725490197 0.7377450980392157 0.8235294117647058 0.7352941176470589 0.8202614379084967 0.7279411764705882 0.8251633986928104 0.7230392156862745 0.8447712418300654 0.7230392156862745 0.8464052287581699 0.7205882352941176 0.8627450980392157 0.7230392156862745
1 0.8006535947712419 0.7843137254901961 0.8104575163398693 0.7892156862745098 0.8169934640522876 0.7990196078431373 0.7679738562091504 0.7965686274509803 0.7581699346405228 0.7916666666666666 0.7598039215686274 0.7867647058823529 0.7663398692810458 0.7867647058823529 0.7679738562091504 0.7843137254901961 0.7990196078431373 0.7843137254901961
