1 0.4560975609756098 0.8006535947712419 0.4585365853658537 0.8071895424836601 0.4682926829268293 0.8137254901960784 0.4853658536585366 0.8137254901960784 0.4878048780487805 0.815359477124183 0.5073170731707317 0.8169934640522876 0.5146341463414634 0.8218954248366013 0.5121951219512195 0.826797385620915 0.5146341463414634 0.8333333333333334 0.524390243902439 0.8415032679738562 0.526829268292683 0.8496732026143791 0.5195121951219512 0.8578431372549019 0.5195121951219512 0.8611111111111112 0.5121951219512195 0.8643790849673203 0.5073170731707317 0.8725490196078431 0.5 0.8758169934640523 0.4926829268292683 0.8758169934640523 0.48292682926829267 0.8790849673202614 0.47073170731707314 0.8790849673202614 0.4560975609756098 0.8709150326797386 0.44878048780487806 0.8709150326797386 0.43658536585365854 0.8758169934640523 0.4292682926829268 0.8758169934640523 0.4219512195121951 0.8790849673202614 0.4121951219512195 0.8790849673202614 0.4097560975609756 0.880718954248366 0.3926829268292683 0.8774509803921569 0.3902439024390244 0.8790849673202614 0.3878048780487805 0.8774509803921569 0.3804878048780488 0.8790849673202614 0.37317073170731707 0.8758169934640523 0.35365853658536583 0.8758169934640523 0.35121951219512193 0.8741830065359477 0.35121951219512193 0.8660130718954249 0.36341463414634145 0.8627450980392157 0.37073170731707317 0.8578431372549019 0.3804878048780488 0.8578431372549019 0.3902439024390244 0.8496732026143791 0.4 0.8480392156862745 0.4 0.8366013071895425 0.4024390243902439 0.8333333333333334 0.4073170731707317 0.8349673202614379 0.40487804878048783 0.8398692810457516 0.4073170731707317 0.8447712418300654 0.4146341463414634 0.8431372549019608 0.4268292682926829 0.8349673202614379 0.4219512195121951 0.8300653594771242 0.4219512195121951 0.8235294117647058 0.4292682926829268 0.8218954248366013 0.4268292682926829 0.8169934640522876 0.45365853658536587 0.8022875816993464
1 0 0.8251633986928104 0.024390243902439025 0.8202614379084967 0.07073170731707316 0.8202614379084967 0.07317073170731707 0.8186274509803921 0.08536585365853659 0.8186274509803921 0.0951219512195122 0.8218954248366013 0.09268292682926829 0.8316993464052288 0.08292682926829269 0.8398692810457516 0.05609756097560976 0.8447712418300654 0.012195121951219513 0.8431372549019608 0.004878048780487805 0.8398692810457516 0 0.8415032679738562 0 0.826797385620915
1 0.6341463414634146 0.6111111111111112 0.6390243902439025 0.6160130718954249 0.6317073170731707 0.6209150326797386 0.624390243902439 0.6225490196078431 0.6121951219512195 0.6225490196078431 0.6048780487804878 0.619281045751634 0.6048780487804878 0.6160130718954249 0.6219512195121951 0.6094771241830066 0.6317073170731707 0.6111111111111112
1 0.33170731707317075 0.8594771241830066 0.33414634146341465 0.8611111111111112 0.35609756097560974 0.8627450980392157 0.36097560975609755 0.8660130718954249 0.36097560975609755 0.869281045751634 0.35609756097560974 0.8676470588235294 0.3439024390243902 0.8774509803921569 0.33658536585365856 0.8790849673202614 0.32439024390243903 0.8921568627450981 0.3097560975609756 0.8970588235294118 0.29024390243902437 0.8954248366013072 0.28780487804878047 0.8937908496732027 0.28780487804878047 0.8839869281045751 0.2951219512195122 0.8741830065359477 0.3048780487804878 0.8676470588235294 0.3121951219512195 0.8676470588235294 0.32926829268292684 0.8611111111111112
1 0.4682926829268293 0.6781045751633987 0.47073170731707314 0.6797385620915033 0.4682926829268293 0.6830065359477124 0.44634146341463415 0.6895424836601307 0.44146341463414634 0.6928104575163399 0.4195121951219512 0.6928104575163399 0.4170731707317073 0.6879084967320261 0.4317073170731707 0.6830065359477124 0.44146341463414634 0.6830065359477124 0.4585365853658537 0.6781045751633987 0.4658536585365854 0.6781045751633987
1 0.4121951219512195 0.7124183006535948 0.4121951219512195 0.7173202614379085 0.3902439024390244 0.7271241830065359 0.36097560975609755 0.7271241830065359 0.35365853658536583 0.7222222222222222 0.35365853658536583 0.7189542483660131 0.35853658536585364 0.7156862745098039 0.3780487804878049 0.7107843137254902 0.3951219512195122 0.7107843137254902 0.4 0.7091503267973857 0.4097560975609756 0.7124183006535948
1 0.18536585365853658 0.8088235294117647 0.2 0.8120915032679739 0.2048780487804878 0.815359477124183 0.2048780487804878 0.8186274509803921 0.1951219512195122 0.8251633986928104 0.17317073170731706 0.8316993464052288 0.14390243902439023 0.8300653594771242 0.13902439024390245 0.826797385620915 0.13902439024390245 0.8202614379084967 0.14390243902439023 0.815359477124183 0.16097560975609757 0.8088235294117647 0.18292682926829268 0.8088235294117647
1 0.9560975609756097 0.8316993464052288 0.9804878048780488 0.8480392156862745 0.9829268292682927 0.8562091503267973 0.9682926829268292 0.8627450980392157 0.9414634146341463 0.8627450980392157 0.9219512195121952 0.8660130718954249 0.8731707317073171 0.8660130718954249 0.8658536585365854 0.8643790849673203 0.8585365853658536 0.8578431372549019 0.8585365853658536 0.8529411764705882 0.8658536585365854 0.8415032679738562 0.8731707317073171 0.8366013071895425 0.8878048780487805 0.8333333333333334 0.8975609756097561 0.8333333333333334 0.9024390243902439 0.8300653594771242 0.9097560975609756 0.8300653594771242 0.926829268292683 0.8251633986928104 0.9365853658536586 0.826797385620915 0.9414634146341463 0.8300653594771242 0.9512195121951219 0.8300653594771242 0.9536585365853658 0.8316993464052288
1 0.775609756097561 0.7581699346405228 0.7853658536585366 0.7549019607843137 0.7902439024390244 0.75 0.7902439024390244 0.7467320261437909 0.8048780487804879 0.7401960784313726 0.8317073170731707 0.7401960784313726 0.8341463414634146 0.7434640522875817 0.8268292682926829 0.7516339869281046 0.8268292682926829 0.7549019607843137 0.8341463414634146 0.761437908496732 0.8317073170731707 0.7630718954248366 0.8268292682926829 0.7647058823529411 0.8219512195121951 0.7630718954248366 0.8 0.7679738562091504 0.7804878048780488 0.7630718954248366 0.7780487804878049 0.7598039215686274
1 0.09024390243902439 0.8970588235294118 0.0951219512195122 0.9019607843137255 0.09268292682926829 0.9101307189542484 0.08048780487804878 0.9150326797385621 0.06829268292682927 0.9150326797385621 0.06585365853658537 0.9166666666666666 0.041463414634146344 0.9166666666666666 0.036585365853658534 0.9150326797385621 0.00975609756097561 0.9215686274509803 0 0.9215686274509803 0 0.8986928104575164 0.004878048780487805 0.8970588235294118 0.041463414634146344 0.8970588235294118 0.04390243902439024 0.8954248366013072 0.08536585365853659 0.8954248366013072 0.08780487804878048 0.8970588235294118
1 0.28292682926829266 0.7516339869281046 0.28780487804878047 0.7549019607843137 0.28536585365853656 0.7598039215686274 0.25853658536585367 0.7663398692810458 0.25365853658536586 0.7696078431372549 0.24878048780487805 0.7696078431372549 0.24146341463414633 0.7728758169934641 0.22926829268292684 0.7728758169934641 0.21951219512195122 0.7696078431372549 0.21951219512195122 0.7647058823529411 0.22926829268292684 0.7581699346405228 0.23658536585365852 0.7565359477124183 0.25853658536585367 0.7565359477124183 0.2804878048780488 0.7516339869281046
1 0.6365853658536585 0.7990196078431373 0.6414634146341464 0.8022875816993464 0.6414634146341464 0.8137254901960784 0.6317073170731707 0.8218954248366013 0.6170731707317073 0.8251633986928104 0.5853658536585366 0.8235294117647058 0.5804878048780487 0.8202614379084967 0.5829268292682926 0.8120915032679739 0.5878048780487805 0.8071895424836601 0.5975609756097561 0.803921568627451 0.6146341463414634 0.8022875816993464 0.624390243902439 0.7973856209150327 0.6341463414634146 0.7990196078431373
1 0.4634146341463415 0.7941176470588235 0.4658536585365854 0.795751633986928 0.4634146341463415 0.8006535947712419 0.45121951219512196 0.8071895424836601 0.44634146341463415 0.815359477124183 0.43658536585365854 0.8120915032679739 0.4219512195121951 0.8120915032679739 0.4024390243902439 0.8169934640522876 0.3829268292682927 0.8169934640522876 0.3780487804878049 0.815359477124183 0.3780487804878049 0.8088235294117647 0.3951219512195122 0.8006535947712419 0.4097560975609756 0.7973856209150327 0.44390243902439025 0.7941176470588235 0.44634146341463415 0.7924836601307189 0.4585365853658537 0.7924836601307189 0.4609756097560976 0.7941176470588235
1 0.2121951219512195 0.9411764705882353 0.2146341463414634 0.9428104575163399 0.2146341463414634 0.9509803921568627 0.2073170731707317 0.9591503267973857 0.1951219512195122 0.9624183006535948 0.17560975609756097 0.9722222222222222 0.16585365853658537 0.9738562091503268 0.14878048780487804 0.9852941176470589 0.13902439024390245 0.9869281045751634 0.13170731707317074 0.9918300653594772 0.1073170731707317 0.9967320261437909 0.1048780487804878 0.9950980392156863 0.0975609756097561 0.9983660130718954 0.02926829268292683 0.9983660130718954 0.024390243902439025 0.9934640522875817 0.02926829268292683 0.9934640522875817 0.06341463414634146 0.9787581699346405 0.07804878048780488 0.9754901960784313 0.09024390243902439 0.9754901960784313 0.1048780487804878 0.9705882352941176 0.12195121951219512 0.9607843137254902 0.13902439024390245 0.9575163398692811 0.17560975609756097 0.9428104575163399 0.18292682926829268 0.9411764705882353 0.2097560975609756 0.9411764705882353
1 0.5658536585365853 0.6290849673202614 0.573170731707317 0.6323529411764706 0.5707317073170731 0.6372549019607843 0.5536585365853659 0.6421568627450981 0.5365853658536586 0.6405228758169934 0.5341463414634147 0.6356209150326797 0.5439024390243903 0.630718954248366 0.5634146341463414 0.6290849673202614
1 0.8926829268292683 0.9689542483660131 0.9097560975609756 0.9722222222222222 0.9170731707317074 0.9787581699346405 0.9195121951219513 0.9852941176470589 0.9292682926829269 0.9934640522875817 0.9292682926829269 0.9983660130718954 0.9073170731707317 0.9983660130718954 0.9024390243902439 0.9950980392156863 0.9 0.9967320261437909 0.8975609756097561 0.9950980392156863 0.8658536585365854 0.9950980392156863 0.8609756097560975 0.9983660130718954 0.848780487804878 0.9983660130718954 0.8463414634146341 0.9967320261437909 0.8390243902439024 0.9983660130718954 0.8146341463414634 0.9983660130718954 0.8121951219512196 0.9950980392156863 0.8146341463414634 0.9869281045751634 0.8219512195121951 0.9771241830065359 0.8292682926829268 0.9722222222222222 0.8585365853658536 0.9656862745098039 0.875609756097561 0.9656862745098039 0.8902439024390244 0.9689542483660131
1 0.8317073170731707 0.7091503267973857 0.8341463414634146 0.7189542483660131 0.8219512195121951 0.7271241830065359 0.8097560975609757 0.7271241830065359 0.8048780487804879 0.7238562091503268 0.8073170731707318 0.7091503267973857 0.8121951219512196 0.7058823529411765 0.824390243902439 0.7058823529411765 0.8292682926829268 0.7091503267973857
1 0.7853658536585366 0.6797385620915033 0.7951219512195122 0.6862745098039216 0.7975609756097561 0.6911764705882353 0.7951219512195122 0.6993464052287581 0.7878048780487805 0.7026143790849673 0.775609756097561 0.7026143790849673 0.7682926829268293 0.7058823529411765 0.7536585365853659 0.7058823529411765 0.751219512195122 0.7075163398692811 0.7439024390243902 0.7075163398692811 0.7341463414634146 0.7026143790849673 0.7365853658536585 0.684640522875817 0.7414634146341463 0.6813725490196079 0.7463414634146341 0.6813725490196079 0.7536585365853659 0.6781045751633987 0.7829268292682927 0.6797385620915033
1 0.3024390243902439 0.8431372549019608 0.3097560975609756 0.8464052287581699 0.3097560975609756 0.8529411764705882 0.3 0.8627450980392157 0.29024390243902437 0.8660130718954249 0.28536585365853656 0.8758169934640523 0.25365853658536586 0.8856209150326797 0.23658536585365852 0.8856209150326797 0.21951219512195122 0.8790849673202614 0.21951219512195122 0.8725490196078431 0.22439024390243903 0.8676470588235294 0.23414634146341465 0.8611111111111112 0.25853658536585367 0.8529411764705882 0.2731707317073171 0.8447712418300654 0.3 0.8431372549019608
1 0.6804878048780488 0.7728758169934641 0.6780487804878049 0.7679738562091504 0.6878048780487804 0.7581699346405228 0.7146341463414634 0.7516339869281046 0.7317073170731707 0.7516339869281046 0.7341463414634146 0.7581699346405228 0.7268292682926829 0.7598039215686274 0.697560975609756 0.7745098039215687 0.6853658536585366 0.7745098039215687 0.6829268292682927 0.7728758169934641
1 0.4975609756097561 0.6552287581699346 0.5097560975609756 0.6519607843137255 0.5317073170731708 0.6519607843137255 0.5414634146341464 0.6552287581699346 0.5414634146341464 0.6584967320261438 0.5292682926829269 0.6633986928104575 0.5 0.6633986928104575 0.4951219512195122 0.6601307189542484 0.4975609756097561 0.6568627450980392
1 0.47560975609756095 0.8496732026143791 0.48292682926829267 0.8464052287581699 0.4902439024390244 0.8464052287581699 0.4975609756097561 0.8431372549019608 0.5073170731707317 0.8431372549019608 0.5097560975609756 0.8415032679738562 0.5219512195121951 0.8415032679738562 0.526829268292683 0.8447712418300654 0.5195121951219512 0.8578431372549019 0.5121951219512195 0.8611111111111112 0.5097560975609756 0.8709150326797386 0.5 0.8758169934640523 0.48048780487804876 0.8790849673202614 0.47073170731707314 0.8790849673202614 0.4634146341463415 0.8741830065359477 0.4634146341463415 0.8627450980392157 0.47560975609756095 0.8513071895424836
1 0.7268292682926829 0.7663398692810458 0.7292682926829268 0.7679738562091504 0.7268292682926829 0.7696078431372549 0.7268292682926829 0.7810457516339869 0.7292682926829268 0.7826797385620915 0.7390243902439024 0.7810457516339869 0.7390243902439024 0.7892156862745098 0.7292682926829268 0.7875816993464052 0.7219512195121951 0.7908496732026143 0.7146341463414634 0.7908496732026143 0.7097560975609756 0.7941176470588235 0.7048780487804878 0.7941176470588235 0.6878048780487804 0.8006535947712419 0.675609756097561 0.8006535947712419 0.6731707317073171 0.7990196078431373 0.6707317073170732 0.8006535947712419 0.6658536585365854 0.7990196078431373 0.6609756097560976 0.8006535947712419 0.6560975609756098 0.7990196078431373 0.6536585365853659 0.8006535947712419 0.651219512195122 0.7990196078431373 0.651219512195122 0.795751633986928 0.6609756097560976 0.7941176470588235 0.6634146341463415 0.7908496732026143 0.6707317073170732 0.7892156862745098 0.6804878048780488 0.7908496732026143 0.6853658536585366 0.7859477124183006 0.6804878048780488 0.7794117647058824 0.6926829268292682 0.7794117647058824 0.6926829268292682 0.7859477124183006 0.6951219512195121 0.7875816993464052 0.697560975609756 0.7810457516339869 0.7121951219512195 0.7745098039215687 0.7195121951219512 0.7679738562091504 0.724390243902439 0.7679738562091504
1 0.6048780487804878 0.6013071895424836 0.6317073170731707 0.6013071895424836 0.6317073170731707 0.6062091503267973 0.6195121951219512 0.6094771241830066 0.6048780487804878 0.6078431372549019 0.6024390243902439 0.6045751633986928 0.6048780487804878 0.6029411764705882
1 0.6341463414634146 0.7647058823529411 0.6414634146341464 0.7712418300653595 0.6390243902439025 0.7745098039215687 0.6414634146341464 0.7810457516339869 0.6390243902439025 0.7973856209150327 0.6439024390243903 0.8022875816993464 0.6439024390243903 0.8137254901960784 0.6317073170731707 0.8218954248366013 0.6219512195121951 0.8251633986928104 0.5951219512195122 0.8251633986928104 0.5926829268292683 0.8235294117647058 0.5829268292682926 0.8251633986928104 0.5682926829268292 0.8137254901960784 0.5707317073170731 0.8104575163398693 0.5658536585365853 0.8071895424836601 0.5634146341463414 0.8088235294117647 0.5585365853658537 0.8071895424836601 0.5585365853658537 0.795751633986928 0.5560975609756098 0.7941176470588235 0.5536585365853659 0.7794117647058824 0.5560975609756098 0.7745098039215687 0.5634146341463414 0.7696078431372549 0.5829268292682926 0.7647058823529411 0.6146341463414634 0.7647058823529411 0.6170731707317073 0.7630718954248366 0.6292682926829268 0.7630718954248366 0.6317073170731707 0.7647058823529411
1 0.7170731707317073 0.934640522875817 0.7390243902439024 0.9395424836601307 0.7439024390243902 0.9379084967320261 0.7634146341463415 0.9395424836601307 0.7731707317073171 0.9477124183006536 0.7731707317073171 0.954248366013072 0.775609756097561 0.9558823529411765 0.7658536585365854 0.9705882352941176 0.751219512195122 0.9803921568627451 0.7341463414634146 0.9869281045751634 0.6609756097560976 0.9820261437908496 0.6536585365853659 0.9803921568627451 0.6414634146341464 0.9689542483660131 0.6390243902439025 0.9575163398692811 0.6439024390243903 0.9493464052287581 0.6536585365853659 0.9411764705882353 0.6609756097560976 0.9379084967320261 0.6926829268292682 0.9313725490196079 0.7146341463414634 0.934640522875817
1 0.45365853658536587 0.8169934640522876 0.47073170731707314 0.815359477124183 0.48048780487804876 0.8186274509803921 0.48292682926829267 0.8169934640522876 0.5048780487804878 0.8169934640522876 0.5097560975609756 0.8186274509803921 0.5146341463414634 0.8235294117647058 0.5121951219512195 0.8284313725490197 0.5195121951219512 0.8382352941176471 0.526829268292683 0.8431372549019608 0.526829268292683 0.8513071895424836 0.5219512195121951 0.8562091503267973 0.5219512195121951 0.8627450980392157 0.5170731707317073 0.8627450980392157 0.5024390243902439 0.8758169934640523 0.48292682926829267 0.8790849673202614 0.47073170731707314 0.8790849673202614 0.4634146341463415 0.8758169934640523 0.4609756097560976 0.8709150326797386 0.4609756097560976 0.8545751633986928 0.45365853658536587 0.8496732026143791 0.44878048780487806 0.8447712418300654 0.44878048780487806 0.8415032679738562 0.44390243902439025 0.8382352941176471 0.44390243902439025 0.8333333333333334 0.45365853658536587 0.8186274509803921
1 0.5780487804878048 0.7320261437908496 0.6073170731707317 0.7254901960784313 0.6439024390243903 0.7254901960784313 0.6585365853658537 0.7287581699346405 0.6682926829268293 0.7369281045751634 0.6634146341463415 0.7450980392156863 0.6585365853658537 0.7483660130718954 0.6170731707317073 0.7483660130718954 0.6024390243902439 0.7450980392156863 0.5804878048780487 0.7450980392156863 0.573170731707317 0.7401960784313726 0.5780487804878048 0.7336601307189542
1 0.7024390243902439 0.9313725490196079 0.7048780487804878 0.9330065359477124 0.7195121951219512 0.9330065359477124 0.7341463414634146 0.9379084967320261 0.7560975609756098 0.9379084967320261 0.7682926829268293 0.9411764705882353 0.7731707317073171 0.946078431372549 0.7780487804878049 0.9575163398692811 0.7682926829268293 0.9705882352941176 0.7560975609756098 0.9787581699346405 0.7365853658536585 0.9869281045751634 0.7268292682926829 0.9869281045751634 0.724390243902439 0.988562091503268 0.7170731707317073 0.9852941176470589 0.7073170731707317 0.9869281045751634 0.6634146341463415 0.9852941176470589 0.6560975609756098 0.9901960784313726 0.6560975609756098 0.9934640522875817 0.6365853658536585 0.9950980392156863 0.6292682926829268 0.9983660130718954 0.5439024390243903 0.9983660130718954 0.5439024390243903 0.9950980392156863 0.5658536585365853 0.9836601307189542 0.5658536585365853 0.9771241830065359 0.5780487804878048 0.9673202614379085 0.5902439024390244 0.9607843137254902 0.5951219512195122 0.9607843137254902 0.5975609756097561 0.9575163398692811 0.6024390243902439 0.9575163398692811 0.6170731707317073 0.9509803921568627 0.6170731707317073 0.946078431372549 0.6219512195121951 0.9411764705882353 0.6317073170731707 0.9428104575163399 0.6731707317073171 0.9330065359477124 0.7 0.9313725490196079
1 0.7560975609756098 0.7941176470588235 0.7609756097560976 0.795751633986928 0.7609756097560976 0.8022875816993464 0.751219512195122 0.8088235294117647 0.7463414634146341 0.8088235294117647 0.7414634146341463 0.8120915032679739 0.7268292682926829 0.815359477124183 0.6926829268292682 0.8169934640522876 0.6804878048780488 0.8202614379084967 0.6609756097560976 0.8202614379084967 0.6536585365853659 0.8169934640522876 0.651219512195122 0.8088235294117647 0.6585365853658537 0.803921568627451 0.6902439024390243 0.8022875816993464 0.7097560975609756 0.795751633986928 0.7292682926829268 0.7924836601307189 0.751219512195122 0.7924836601307189 0.7536585365853659 0.7941176470588235
1 0.6634146341463415 0.5866013071895425 0.6707317073170732 0.5882352941176471 0.6707317073170732 0.5915032679738562 0.6634146341463415 0.5947712418300654 0.6439024390243903 0.5947712418300654 0.6414634146341464 0.5931372549019608 0.6439024390243903 0.5882352941176471 0.6609756097560976 0.5866013071895425
1 0.348780487804878 0.9166666666666666 0.35853658536585364 0.9199346405228758 0.37073170731707317 0.9199346405228758 0.37317073170731707 0.9183006535947712 0.40487804878048783 0.9199346405228758 0.4121951219512195 0.923202614379085 0.4146341463414634 0.9330065359477124 0.40487804878048783 0.9444444444444444 0.40487804878048783 0.9493464052287581 0.4 0.9558823529411765 0.3804878048780488 0.9624183006535948 0.35853658536585364 0.9640522875816994 0.35365853658536583 0.9673202614379085 0.34146341463414637 0.9673202614379085 0.33414634146341465 0.9722222222222222 0.32682926829268294 0.9836601307189542 0.3195121951219512 0.9852941176470589 0.3146341463414634 0.9852941176470589 0.3146341463414634 0.9836601307189542 0.32195121951219513 0.9754901960784313 0.32195121951219513 0.9624183006535948 0.3121951219512195 0.9591503267973857 0.2951219512195122 0.9624183006535948 0.2780487804878049 0.9607843137254902 0.2682926829268293 0.9526143790849673 0.2682926829268293 0.9477124183006536 0.26097560975609757 0.9395424836601307 0.26097560975609757 0.934640522875817 0.2658536585365854 0.934640522875817 0.2780487804878049 0.9297385620915033 0.2951219512195122 0.9281045751633987 0.3121951219512195 0.9183006535947712 0.3170731707317073 0.9199346405228758 0.3195121951219512 0.9183006535947712 0.32195121951219513 0.9199346405228758 0.32439024390243903 0.9183006535947712 0.33658536585365856 0.9199346405228758 0.3463414634146341 0.9166666666666666
1 0.8585365853658536 0.6633986928104575 0.8658536585365854 0.6666666666666666 0.8658536585365854 0.6699346405228758 0.8609756097560975 0.673202614379085 0.8609756097560975 0.6797385620915033 0.8463414634146341 0.6862745098039216 0.8121951219512196 0.6862745098039216 0.8 0.6813725490196079 0.8 0.6764705882352942 0.8121951219512196 0.6699346405228758 0.8195121951219512 0.6699346405228758 0.8292682926829268 0.6666666666666666 0.8341463414634146 0.6683006535947712 0.8536585365853658 0.6683006535947712 0.8560975609756097 0.6666666666666666 0.8536585365853658 0.6650326797385621 0.8560975609756097 0.6650326797385621
1 0.7390243902439024 0.8921568627450981 0.751219512195122 0.8888888888888888 0.802439024390244 0.8888888888888888 0.8048780487804879 0.8872549019607843 0.8170731707317073 0.8872549019607843 0.8390243902439024 0.8954248366013072 0.848780487804878 0.8970588235294118 0.8536585365853658 0.9003267973856209 0.8512195121951219 0.9133986928104575 0.8439024390243902 0.9183006535947712 0.8390243902439024 0.9183006535947712 0.8317073170731707 0.9215686274509803 0.8195121951219512 0.9215686274509803 0.7951219512195122 0.9313725490196079 0.7536585365853659 0.9313725490196079 0.7439024390243902 0.9297385620915033 0.7219512195121951 0.9150326797385621 0.724390243902439 0.9052287581699346 0.7341463414634146 0.8954248366013072 0.7390243902439024 0.8937908496732027
