1 0.553921568627451 0.5220588235294118 0.5506535947712419 0.5294117647058824 0.5392156862745098 0.5392156862745098 0.5326797385620915 0.5416666666666666 0.5163398692810458 0.5416666666666666 0.5130718954248366 0.5367647058823529 0.5163398692810458 0.5294117647058824 0.5359477124183006 0.5196078431372549 0.5506535947712419 0.5196078431372549 0.5522875816993464 0.5220588235294118
1 0.9395424836601307 0.38235294117647056 0.9411764705882353 0.38480392156862747 0.9395424836601307 0.3897058823529412 0.9183006535947712 0.3897058823529412 0.9150326797385621 0.3872549019607843 0.9150326797385621 0.38480392156862747 0.9199346405228758 0.38235294117647056 0.9379084967320261 0.38235294117647056
1 0.815359477124183 0.4166666666666667 0.8235294117647058 0.4117647058823529 0.8316993464052288 0.4117647058823529 0.8382352941176471 0.4166666666666667 0.8366013071895425 0.4215686274509804 0.8169934640522876 0.4215686274509804 0.815359477124183 0.41911764705882354
1 0.2761437908496732 0.5367647058823529 0.2761437908496732 0.5465686274509803 0.27450980392156865 0.5490196078431373 0.26143790849673204 0.5490196078431373 0.2581699346405229 0.5441176470588235 0.2581699346405229 0.5392156862745098 0.2647058823529412 0.5343137254901961 0.272875816993464 0.5343137254901961 0.27450980392156865 0.5367647058823529
1 0.29901960784313725 0.37745098039215685 0.30392156862745096 0.38480392156862747 0.3006535947712418 0.39215686274509803 0.28431372549019607 0.39215686274509803 0.28431372549019607 0.3872549019607843 0.28921568627450983 0.3799019607843137 0.2973856209150327 0.37745098039215685
1 0.2369281045751634 0.6127450980392157 0.24019607843137256 0.6176470588235294 0.238562091503268 0.6200980392156863 0.238562091503268 0.6323529411764706 0.23039215686274508 0.6372549019607843 0.2173202614379085 0.6323529411764706 0.21405228758169934 0.625 0.22058823529411764 0.6151960784313726 0.23529411764705882 0.6127450980392157
1 0.2679738562091503 0.5637254901960784 0.2696078431372549 0.5661764705882353 0.28594771241830064 0.5661764705882353 0.28921568627450983 0.5686274509803921 0.28921568627450983 0.5735294117647058 0.2761437908496732 0.5882352941176471 0.2565359477124183 0.5882352941176471 0.2549019607843137 0.5857843137254902 0.2549019607843137 0.5686274509803921 0.26143790849673204 0.5637254901960784 0.26633986928104575 0.5637254901960784
1 0.6094771241830066 0.5098039215686274 0.0392156862745098 0.0196078431372549
1 0.6781045751633987 0.4803921568627451 0.6748366013071896 0.49019607843137253 0.6683006535947712 0.49019607843137253 0.6666666666666666 0.49264705882352944 0.6454248366013072 0.49264705882352944 0.6421568627450981 0.49019607843137253 0.6470588235294118 0.48284313725490197 0.6617647058823529 0.4803921568627451 0.6633986928104575 0.47794117647058826 0.6748366013071896 0.47794117647058826 0.6764705882352942 0.4803921568627451
1 0.1323529411764706 0.7843137254901961 0.13398692810457516 0.7867647058823529 0.14052287581699346 0.7867647058823529 0.15522875816993464 0.7965686274509803 0.16013071895424835 0.803921568627451 0.16013071895424835 0.8112745098039216 0.13398692810457516 0.8357843137254902 0.10620915032679738 0.8406862745098039 0.09313725490196079 0.8504901960784313 0.08496732026143791 0.8504901960784313 0.08333333333333333 0.8480392156862745 0.08333333333333333 0.8357843137254902 0.08660130718954248 0.8259803921568627 0.10620915032679738 0.8088235294117647 0.11601307189542484 0.803921568627451 0.12418300653594772 0.7892156862745098 0.13071895424836602 0.7867647058823529
1 0.22058823529411764 0.7426470588235294 0.22712418300653595 0.7573529411764706 0.22712418300653595 0.7696078431372549 0.2238562091503268 0.7745098039215687 0.20915032679738563 0.7745098039215687 0.20588235294117646 0.7794117647058824 0.19117647058823528 0.7794117647058824 0.18790849673202614 0.7745098039215687 0.184640522875817 0.7745098039215687 0.18137254901960784 0.7696078431372549 0.1830065359477124 0.7549019607843137 0.1895424836601307 0.7475490196078431 0.2042483660130719 0.7377450980392157 0.21241830065359477 0.7377450980392157 0.21895424836601307 0.7426470588235294
1 0.49836601307189543 0.5588235294117647 0.5032679738562091 0.5612745098039216 0.5032679738562091 0.5661764705882353 0.49836601307189543 0.5735294117647058 0.49019607843137253 0.5784313725490197 0.4722222222222222 0.5784313725490197 0.47058823529411764 0.5808823529411765 0.45751633986928103 0.5759803921568627 0.4591503267973856 0.5686274509803921 0.47549019607843135 0.5637254901960784 0.4820261437908497 0.5588235294117647 0.49673202614379086 0.5588235294117647
1 0.13725490196078433 0.7867647058823529 0.1437908496732026 0.7892156862745098 0.16013071895424835 0.803921568627451 0.16339869281045752 0.803921568627451 0.16339869281045752 0.8088235294117647 0.15849673202614378 0.821078431372549 0.16666666666666666 0.8382352941176471 0.184640522875817 0.8308823529411765 0.1977124183006536 0.8357843137254902 0.20588235294117646 0.8357843137254902 0.21241830065359477 0.8284313725490197 0.21895424836601307 0.8382352941176471 0.2107843137254902 0.8553921568627451 0.18627450980392157 0.8872549019607843 0.17973856209150327 0.8921568627450981 0.1650326797385621 0.8946078431372549 0.15359477124183007 0.9019607843137255 0.14869281045751634 0.9019607843137255 0.14215686274509803 0.8946078431372549 0.14215686274509803 0.8872549019607843 0.1454248366013072 0.8823529411764706 0.15359477124183007 0.8504901960784313 0.16013071895424835 0.8382352941176471 0.16013071895424835 0.8333333333333334 0.15522875816993464 0.8235294117647058 0.14869281045751634 0.8235294117647058 0.14052287581699346 0.8284313725490197 0.13725490196078433 0.8333333333333334 0.12581699346405228 0.8382352941176471 0.10294117647058823 0.8406862745098039 0.09313725490196079 0.8480392156862745 0.08496732026143791 0.8357843137254902 0.08496732026143791 0.8308823529411765 0.09313725490196079 0.821078431372549 0.10620915032679738 0.8088235294117647 0.119281045751634 0.8014705882352942 0.12581699346405228 0.7892156862745098 0.13562091503267973 0.7867647058823529
1 0.27124183006535946 0.47549019607843135 0.27124183006535946 0.46568627450980393 0.272875816993464 0.4632352941176471 0.29411764705882354 0.4632352941176471 0.2957516339869281 0.46568627450980393 0.28921568627450983 0.47549019607843135 0.2826797385620915 0.47794117647058826 0.272875816993464 0.47549019607843135
1 0.2777777777777778 0.41911764705882354 0.2826797385620915 0.42401960784313725 0.27941176470588236 0.42892156862745096 0.2630718954248366 0.42892156862745096 0.26143790849673204 0.4264705882352941 0.2679738562091503 0.41911764705882354 0.2761437908496732 0.41911764705882354
1 0.28104575163398693 0.42892156862745096 0.28921568627450983 0.4338235294117647 0.28921568627450983 0.4387254901960784 0.28594771241830064 0.4411764705882353 0.2696078431372549 0.4411764705882353 0.26633986928104575 0.4362745098039216 0.2679738562091503 0.42892156862745096 0.27941176470588236 0.42892156862745096
1 0.24019607843137256 0.6642156862745098 0.24183006535947713 0.6666666666666666 0.25163398692810457 0.6666666666666666 0.2581699346405229 0.6764705882352942 0.2434640522875817 0.6985294117647058 0.24019607843137256 0.7009803921568627 0.22712418300653595 0.7009803921568627 0.22549019607843138 0.7034313725490197 0.21568627450980393 0.7009803921568627 0.21405228758169934 0.696078431372549 0.21405228758169934 0.6764705882352942 0.2238562091503268 0.6642156862745098 0.22875816993464052 0.6617647058823529 0.2369281045751634 0.6617647058823529 0.238562091503268 0.6642156862745098
1 0.8120915032679739 0.42892156862745096 0.8169934640522876 0.4338235294117647 0.815359477124183 0.4387254901960784 0.7826797385620915 0.4387254901960784 0.7761437908496732 0.4362745098039216 0.7826797385620915 0.43137254901960786 0.8104575163398693 0.42892156862745096
1 0.7336601307189542 0.4632352941176471 0.7336601307189542 0.4681372549019608 0.7303921568627451 0.4730392156862745 0.6993464052287581 0.4730392156862745 0.6911764705882353 0.4681372549019608 0.7026143790849673 0.4632352941176471 0.7107843137254902 0.4632352941176471 0.7124183006535948 0.46078431372549017 0.7303921568627451 0.46078431372549017 0.7320261437908496 0.4632352941176471
1 0.2761437908496732 0.5122549019607843 0.27941176470588236 0.5049019607843137 0.30392156862745096 0.5049019607843137 0.3055555555555556 0.5098039215686274 0.2973856209150327 0.5196078431372549 0.27941176470588236 0.5196078431372549 0.2777777777777778 0.5147058823529411
1 0.28104575163398693 0.4485294117647059 0.28594771241830064 0.45588235294117646 0.27941176470588236 0.45588235294117646 0.2777777777777778 0.4583333333333333 0.2679738562091503 0.4583333333333333 0.26633986928104575 0.4534313725490196 0.27124183006535946 0.4485294117647059 0.27941176470588236 0.4485294117647059
1 0.2696078431372549 0.4852941176470588 0.27450980392156865 0.49019607843137253 0.27124183006535946 0.49754901960784315 0.2581699346405229 0.4950980392156863 0.2549019607843137 0.49019607843137253 0.2679738562091503 0.4852941176470588
1 0.11437908496732026 0.9681372549019608 0.12418300653594772 0.9779411764705882 0.12745098039215685 0.9877450980392157 0.1323529411764706 0.9926470588235294 0.13071895424836602 0.9975490196078431 0.05718954248366013 0.9975490196078431 0.058823529411764705 0.9926470588235294 0.06535947712418301 0.9877450980392157 0.07352941176470588 0.9852941176470589 0.08006535947712418 0.9779411764705882 0.09477124183006536 0.9730392156862745 0.09803921568627451 0.9681372549019608 0.11274509803921569 0.9681372549019608
1 0.9673202614379085 0.37254901960784315 0.9689542483660131 0.3799019607843137 0.9591503267973857 0.3799019607843137 0.9575163398692811 0.38235294117647056 0.9477124183006536 0.3799019607843137 0.9493464052287581 0.375 0.9656862745098039 0.37254901960784315
1 0.8513071895424836 0.40931372549019607 0.8611111111111112 0.40441176470588236 0.8823529411764706 0.40441176470588236 0.8839869281045751 0.4068627450980392 0.8823529411764706 0.4117647058823529 0.8676470588235294 0.41421568627450983 0.8660130718954249 0.4117647058823529 0.8562091503267973 0.4117647058823529 0.8529411764705882 0.40931372549019607
1 0.23202614379084968 0.7009803921568627 0.23366013071895425 0.7034313725490197 0.24836601307189543 0.7009803921568627 0.25326797385620914 0.7058823529411765 0.25163398692810457 0.7132352941176471 0.24509803921568626 0.7230392156862745 0.2369281045751634 0.7254901960784313 0.22712418300653595 0.7328431372549019 0.2107843137254902 0.7303921568627451 0.2042483660130719 0.7352941176470589 0.1895424836601307 0.7328431372549019 0.18790849673202614 0.7303921568627451 0.1895424836601307 0.7205882352941176 0.2173202614379085 0.7034313725490197 0.23039215686274508 0.7009803921568627
1 0.9052287581699346 0.3897058823529412 0.9035947712418301 0.39950980392156865 0.8872549019607843 0.39950980392156865 0.8856209150326797 0.39705882352941174 0.8872549019607843 0.39215686274509803 0.8921568627450981 0.3897058823529412 0.9035947712418301 0.3897058823529412
1 0.2908496732026144 0.4068627450980392 0.29248366013071897 0.40931372549019607 0.2908496732026144 0.41421568627450983 0.2777777777777778 0.41911764705882354 0.2679738562091503 0.4166666666666667 0.27124183006535946 0.40931372549019607 0.27450980392156865 0.4068627450980392 0.28921568627450983 0.4068627450980392
1 0.3300653594771242 0.6397058823529411 0.33169934640522875 0.6421568627450981 0.34477124183006536 0.6446078431372549 0.3464052287581699 0.6495098039215687 0.3349673202614379 0.6642156862745098 0.32189542483660133 0.6691176470588235 0.3022875816993464 0.6691176470588235 0.29901960784313725 0.6642156862745098 0.29901960784313725 0.6568627450980392 0.30392156862745096 0.6495098039215687 0.3137254901960784 0.6470588235294118 0.3235294117647059 0.6397058823529411 0.3284313725490196 0.6397058823529411
1 0.4199346405228758 0.5955882352941176 0.42810457516339867 0.6102941176470589 0.4133986928104575 0.6102941176470589 0.40522875816993464 0.6151960784313726 0.3839869281045752 0.6176470588235294 0.3758169934640523 0.6225490196078431 0.3627450980392157 0.6176470588235294 0.35784313725490197 0.6102941176470589 0.35947712418300654 0.6004901960784313 0.36437908496732024 0.5980392156862745 0.4068627450980392 0.5955882352941176 0.4084967320261438 0.5931372549019608 0.41830065359477125 0.5955882352941176
1 0.7434640522875817 0.45098039215686275 0.75 0.4411764705882353 0.7647058823529411 0.4411764705882353 0.7679738562091504 0.4485294117647059 0.7581699346405228 0.4534313725490196 0.7467320261437909 0.4534313725490196 0.7450980392156863 0.45098039215686275
1 0.21405228758169934 0.8333333333333334 0.2173202614379085 0.8382352941176471 0.2173202614379085 0.8431372549019608 0.184640522875817 0.8897058823529411 0.17647058823529413 0.8946078431372549 0.16830065359477125 0.8946078431372549 0.15196078431372548 0.9044117647058824 0.14705882352941177 0.9019607843137255 0.14215686274509803 0.8946078431372549 0.14215686274509803 0.8872549019607843 0.14705882352941177 0.8774509803921569 0.1503267973856209 0.8578431372549019 0.16013071895424835 0.8406862745098039 0.17973856209150327 0.8308823529411765 0.1830065359477124 0.8333333333333334 0.21241830065359477 0.8333333333333334
