1 0.7173202614379085 0 0.7467320261437909 0 0.7483660130718954 0.0029069767441860465 0.7630718954248366 0.0029069767441860465 0.7647058823529411 0.005813953488372093 0.7941176470588235 0.00872093023255814 0.795751633986928 0.011627906976744186 0.8006535947712419 0.00872093023255814 0.8022875816993464 0.011627906976744186 0.8137254901960784 0.011627906976744186 0.8218954248366013 0.01744186046511628 0.8562091503267973 0.020348837209302327 0.8578431372549019 0.023255813953488372 0.869281045751634 0.023255813953488372 0.8709150326797386 0.02616279069767442 0.880718954248366 0.02616279069767442 0.8823529411764706 0.029069767441860465 0.9003267973856209 0.029069767441860465 0.9019607843137255 0.03197674418604651 0.9150326797385621 0.03197674418604651 0.9166666666666666 0.03488372093023256 0.9362745098039216 0.03488372093023256 0.9379084967320261 0.0377906976744186 0.9477124183006536 0.0377906976744186 0.9493464052287581 0.040697674418604654 0.9689542483660131 0.040697674418604654 0.9705882352941176 0.0436046511627907 0.9820261437908496 0.0436046511627907 0.9836601307189542 0.046511627906976744 0.9983660130718954 0.046511627906976744 0.9983660130718954 0.05232558139534884 0.9640522875816994 0.04941860465116279 0.9624183006535948 0.046511627906976744 0.9313725490196079 0.0436046511627907 0.9297385620915033 0.040697674418604654 0.9199346405228758 0.040697674418604654 0.9183006535947712 0.0377906976744186 0.8970588235294118 0.0377906976744186 0.8954248366013072 0.03488372093023256 0.8823529411764706 0.03488372093023256 0.880718954248366 0.03197674418604651 0.8660130718954249 0.03197674418604651 0.8545751633986928 0.02616279069767442 0.8071895424836601 0.020348837209302327 0.8055555555555556 0.01744186046511628 0.7924836601307189 0.01744186046511628 0.7908496732026143 0.014534883720930232 0.7810457516339869 0.014534883720930232 0.7794117647058824 0.011627906976744186 0.75 0.00872093023255814 0.7483660130718954 0.005813953488372093 0.7189542483660131 0
1 0.5081699346405228 0 0.511437908496732 0 0.5424836601307189 0.08139534883720931 0.5490196078431373 0.09302325581395349 0.5571895424836601 0.11627906976744186 0.5669934640522876 0.13372093023255813 0.5735294117647058 0.15406976744186046 0.5800653594771242 0.16569767441860464 0.5947712418300654 0.20348837209302326 0.5980392156862745 0.2063953488372093 0.6045751633986928 0.22093023255813954 0.6127450980392157 0.2441860465116279 0.619281045751634 0.25872093023255816 0.630718954248366 0.2761627906976744 0.6437908496732027 0.30523255813953487 0.6486928104575164 0.32558139534883723 0.6633986928104575 0.35174418604651164 0.684640522875817 0.39825581395348836 0.6911764705882353 0.4069767441860465 0.7336601307189542 0.502906976744186 0.7647058823529411 0.5581395348837209 0.7679738562091504 0.5697674418604651 0.8137254901960784 0.6656976744186046 0.8300653594771242 0.7063953488372093 0.9003267973856209 0.8430232558139535 0.9411764705882353 0.9331395348837209 0.9558823529411765 0.9593023255813954 0.9673202614379085 0.9854651162790697 0.9673202614379085 0.9912790697674418 0.946078431372549 0.9912790697674418 0.9444444444444444 0.9883720930232558 0.9395424836601307 0.9883720930232558 0.9379084967320261 0.9912790697674418 0.9264705882352942 0.9912790697674418 0.9248366013071896 0.9941860465116279 0.8937908496732027 0.9941860465116279 0.8856209150326797 0.9854651162790697 0.8790849673202614 0.9651162790697675 0.869281045751634 0.9447674418604651 0.8676470588235294 0.936046511627907 0.8545751633986928 0.9069767441860465 0.8545751633986928 0.9011627906976745 0.8480392156862745 0.8895348837209303 0.8447712418300654 0.875 0.8333333333333334 0.8517441860465116 0.8316993464052288 0.8401162790697675 0.8251633986928104 0.8284883720930233 0.8169934640522876 0.8023255813953488 0.8137254901960784 0.7994186046511628 0.8120915032679739 0.7906976744186046 0.7973856209150327 0.7616279069767442 0.7941176470588235 0.7441860465116279 0.7843137254901961 0.7238372093023255 0.7761437908496732 0.6947674418604651 0.7712418300653595 0.686046511627907 0.7728758169934641 0.6802325581395349 0.7696078431372549 0.6744186046511628 0.7663398692810458 0.6744186046511628 0.761437908496732 0.6686046511627907 0.7401960784313726 0.6104651162790697 0.7173202614379085 0.561046511627907 0.7075163398692811 0.5348837209302325 0.7075163398692811 0.5290697674418605 0.6928104575163399 0.4941860465116279 0.6911764705882353 0.48546511627906974 0.6633986928104575 0.4273255813953488 0.6503267973856209 0.3866279069767442 0.6405228758169934 0.3633720930232558 0.6290849673202614 0.34593023255813954 0.6209150326797386 0.32558139534883723 0.6111111111111112 0.3081395348837209 0.6111111111111112 0.29941860465116277 0.6078431372549019 0.2936046511627907 0.6045751633986928 0.2761627906976744 0.5669934640522876 0.18023255813953487 0.5669934640522876 0.1744186046511628 0.5604575163398693 0.15988372093023256 0.5571895424836601 0.14534883720930233 0.5522875816993464 0.13662790697674418 0.5490196078431373 0.11918604651162791 0.5424836601307189 0.10755813953488372 0.5359477124183006 0.08430232558139535 0.5277777777777778 0.06686046511627906 0.5245098039215687 0.05232558139534884 0.5212418300653595 0.046511627906976744 0.5212418300653595 0.040697674418604654 0.5147058823529411 0.02616279069767442 0.5081699346405228 0.0029069767441860465
1 0.6584967320261438 0 0.6879084967320261 0 0.6895424836601307 0.0029069767441860465 0.7189542483660131 0.00872093023255814 0.7205882352941176 0.011627906976744186 0.7467320261437909 0.014534883720930232 0.7581699346405228 0.020348837209302327 0.7777777777777778 0.023255813953488372 0.7794117647058824 0.02616279069767442 0.7908496732026143 0.02616279069767442 0.7924836601307189 0.029069767441860465 0.8022875816993464 0.029069767441860465 0.803921568627451 0.03197674418604651 0.8137254901960784 0.03197674418604651 0.815359477124183 0.03488372093023256 0.8251633986928104 0.03488372093023256 0.826797385620915 0.0377906976744186 0.8398692810457516 0.0377906976744186 0.8415032679738562 0.040697674418604654 0.8545751633986928 0.040697674418604654 0.8660130718954249 0.046511627906976744 0.8774509803921569 0.046511627906976744 0.8790849673202614 0.04941860465116279 0.8905228758169934 0.04941860465116279 0.8921568627450981 0.05232558139534884 0.9035947712418301 0.05232558139534884 0.9052287581699346 0.055232558139534885 0.9183006535947712 0.055232558139534885 0.9199346405228758 0.05813953488372093 0.9411764705882353 0.061046511627906974 0.9526143790849673 0.06686046511627906 0.9330065359477124 0.06686046511627906 0.9313725490196079 0.06395348837209303 0.9183006535947712 0.06395348837209303 0.9166666666666666 0.061046511627906974 0.9052287581699346 0.061046511627906974 0.9035947712418301 0.05813953488372093 0.8921568627450981 0.05813953488372093 0.8905228758169934 0.055232558139534885 0.8774509803921569 0.055232558139534885 0.8758169934640523 0.05232558139534884 0.8643790849673203 0.05232558139534884 0.8627450980392157 0.04941860465116279 0.8366013071895425 0.046511627906976744 0.8349673202614379 0.0436046511627907 0.8251633986928104 0.0436046511627907 0.8235294117647058 0.040697674418604654 0.8104575163398693 0.040697674418604654 0.8006535947712419 0.03488372093023256 0.7892156862745098 0.03488372093023256 0.7875816993464052 0.03197674418604651 0.7647058823529411 0.029069767441860465 0.7630718954248366 0.02616279069767442 0.7532679738562091 0.02616279069767442 0.7418300653594772 0.020348837209302327 0.7058823529411765 0.014534883720930232 0.704248366013072 0.011627906976744186 0.6944444444444444 0.011627906976744186 0.6928104575163399 0.00872093023255814 0.673202614379085 0.005813953488372093 0.6715686274509803 0.0029069767441860465 0.6601307189542484 0
1 0.6078431372549019 0.32558139534883723 0.6160130718954249 0.3313953488372093 0.619281045751634 0.3372093023255814 0.6225490196078431 0.3546511627906977 0.6127450980392157 0.38372093023255816 0.5980392156862745 0.41569767441860467 0.5964052287581699 0.4273255813953488 0.5915032679738562 0.436046511627907 0.5882352941176471 0.4622093023255814 0.5620915032679739 0.5465116279069767 0.5620915032679739 0.5552325581395349 0.553921568627451 0.5784883720930233 0.5473856209150327 0.6133720930232558 0.5359477124183006 0.6511627906976745 0.5359477124183006 0.6598837209302325 0.5294117647058824 0.6831395348837209 0.5245098039215687 0.7122093023255814 0.5196078431372549 0.7267441860465116 0.5098039215686274 0.7819767441860465 0.4934640522875817 0.8430232558139535 0.4934640522875817 0.8517441860465116 0.49019607843137253 0.8604651162790697 0.49019607843137253 0.8662790697674418 0.4803921568627451 0.8982558139534884 0.4803921568627451 0.9040697674418605 0.47549019607843135 0.9127906976744186 0.47549019607843135 0.9244186046511628 0.46895424836601307 0.9563953488372093 0.4591503267973856 0.9883720930232558 0.4542483660130719 0.9941860465116279 0.3872549019607843 0.9941860465116279 0.3872549019607843 0.9854651162790697 0.39052287581699346 0.9767441860465116 0.39052287581699346 0.9709302325581395 0.3954248366013072 0.9534883720930233 0.40032679738562094 0.9447674418604651 0.40522875816993464 0.9273255813953488 0.41013071895424835 0.8982558139534884 0.4215686274509804 0.8633720930232558 0.42320261437908496 0.8488372093023255 0.4362745098039216 0.813953488372093 0.4395424836601307 0.7965116279069767 0.4493464052287582 0.7819767441860465 0.46078431372549017 0.7761627906976745 0.4624183006535948 0.7587209302325582 0.45751633986928103 0.7441860465116279 0.4591503267973856 0.7267441860465116 0.4673202614379085 0.7063953488372093 0.4722222222222222 0.686046511627907 0.47875816993464054 0.6715116279069767 0.48366013071895425 0.6453488372093024 0.4950980392156863 0.6075581395348837 0.5130718954248366 0.5581395348837209 0.5163398692810458 0.5436046511627907 0.5228758169934641 0.5290697674418605 0.5294117647058824 0.5058139534883721 0.5310457516339869 0.49709302325581395 0.5294117647058824 0.4941860465116279 0.5392156862745098 0.4680232558139535 0.5424836601307189 0.45348837209302323 0.5555555555555556 0.4273255813953488 0.5604575163398693 0.4127906976744186 0.5604575163398693 0.4069767441860465 0.5702614379084967 0.38953488372093026 0.5718954248366013 0.3808139534883721 0.576797385620915 0.375 0.5784313725490197 0.36627906976744184 0.5882352941176471 0.3430232558139535 0.5964052287581699 0.3313953488372093 0.6062091503267973 0.32558139534883723
1 0.4673202614379085 0 0.46568627450980393 0.02616279069767442 0.4542483660130719 0.0872093023255814 0.4526143790849673 0.10465116279069768 0.44607843137254904 0.11046511627906977 0.4493464052287582 0.11627906976744186 0.4493464052287582 0.13662790697674418 0.4411764705882353 0.18604651162790697 0.4411764705882353 0.2005813953488372 0.4395424836601307 0.20348837209302326 0.4395424836601307 0.21511627906976744 0.43790849673202614 0.2180232558139535 0.43790849673202614 0.22965116279069767 0.43300653594771243 0.2616279069767442 0.43300653594771243 0.27906976744186046 0.43137254901960786 0.2819767441860465 0.43137254901960786 0.311046511627907 0.42810457516339867 0.3226744186046512 0.42810457516339867 0.3313953488372093 0.42320261437908496 0.35755813953488375 0.4199346405228758 0.4069767441860465 0.41830065359477125 0.40988372093023256 0.41830065359477125 0.4273255813953488 0.4150326797385621 0.4476744186046512 0.4133986928104575 0.48546511627906974 0.4084967320261438 0.5058139534883721 0.4084967320261438 0.5290697674418605 0.40522875816993464 0.5465116279069767 0.40522875816993464 0.5697674418604651 0.4019607843137255 0.5843023255813954 0.40032679738562094 0.6191860465116279 0.39705882352941174 0.6308139534883721 0.39705882352941174 0.6453488372093024 0.39215686274509803 0.6773255813953488 0.39052287581699346 0.7122093023255814 0.3888888888888889 0.7151162790697675 0.3872549019607843 0.7441860465116279 0.3839869281045752 0.7587209302325582 0.3839869281045752 0.7790697674418605 0.38235294117647056 0.7819767441860465 0.38235294117647056 0.7965116279069767 0.3790849673202614 0.8168604651162791 0.3790849673202614 0.8488372093023255 0.3741830065359477 0.8808139534883721 0.37254901960784315 0.9215116279069767 0.369281045751634 0.938953488372093 0.369281045751634 0.9825581395348837 0.3660130718954248 0.9941860465116279 0.29248366013071897 0.9941860465116279 0.2908496732026144 0.9912790697674418 0.2908496732026144 0.9767441860465116 0.2973856209150327 0.936046511627907 0.3006535947712418 0.9273255813953488 0.3006535947712418 0.9156976744186046 0.3088235294117647 0.877906976744186 0.3088235294117647 0.8662790697674418 0.31209150326797386 0.8546511627906976 0.31209150326797386 0.8459302325581395 0.315359477124183 0.8372093023255814 0.32189542483660133 0.7965116279069767 0.32679738562091504 0.7790697674418605 0.32679738562091504 0.7703488372093024 0.3300653594771242 0.7587209302325582 0.3300653594771242 0.75 0.3333333333333333 0.7383720930232558 0.3349673202614379 0.7180232558139535 0.33986928104575165 0.6947674418604651 0.33986928104575165 0.6831395348837209 0.34967320261437906 0.6540697674418605 0.35130718954248363 0.6337209302325582 0.35947712418300654 0.5988372093023255 0.35947712418300654 0.5901162790697675 0.3660130718954248 0.5523255813953488 0.369281045751634 0.5058139534883721 0.3758169934640523 0.49127906976744184 0.3790849673202614 0.4563953488372093 0.38235294117647056 0.44476744186046513 0.38562091503267976 0.4186046511627907 0.3954248366013072 0.38953488372093026 0.3954248366013072 0.37209302325581395 0.39705882352941174 0.3691860465116279 0.39705882352941174 0.3488372093023256 0.39869281045751637 0.34593023255813954 0.40032679738562094 0.31976744186046513 0.4035947712418301 0.313953488372093 0.4117647058823529 0.27906976744186046 0.4133986928104575 0.2558139534883721 0.4199346405228758 0.22674418604651161 0.4199346405228758 0.21511627906976744 0.4264705882352941 0.18023255813953487 0.43137254901960786 0.16279069767441862 0.434640522875817 0.13662790697674418 0.43790849673202614 0.12790697674418605 0.43790849673202614 0.12209302325581395 0.44607843137254904 0.11046511627906977 0.44281045751633985 0.10465116279069768 0.44281045751633985 0.09883720930232558 0.44607843137254904 0.0872093023255814 0.4477124183006536 0.06976744186046512 0.4526143790849673 0.055232558139534885 0.4624183006535948 0.0029069767441860465 0.46568627450980393 0
1 0.3431372549019608 0.42151162790697677 0.34477124183006536 0.43023255813953487 0.3415032679738562 0.438953488372093 0.3415032679738562 0.44476744186046513 0.32516339869281047 0.502906976744186 0.3235294117647059 0.5174418604651163 0.3202614379084967 0.5261627906976745 0.3202614379084967 0.5319767441860465 0.31699346405228757 0.5377906976744186 0.3137254901960784 0.5581395348837209 0.3104575163398693 0.563953488372093 0.3088235294117647 0.5784883720930233 0.29901960784313725 0.6075581395348837 0.29901960784313725 0.6162790697674418 0.2957516339869281 0.625 0.29411764705882354 0.6424418604651163 0.28594771241830064 0.6656976744186046 0.28594771241830064 0.6715116279069767 0.2826797385620915 0.6773255813953488 0.2826797385620915 0.686046511627907 0.27941176470588236 0.6947674418604651 0.27941176470588236 0.7005813953488372 0.2761437908496732 0.7063953488372093 0.2761437908496732 0.7122093023255814 0.2696078431372549 0.7296511627906976 0.2679738562091503 0.7441860465116279 0.2581699346405229 0.7732558139534884 0.2581699346405229 0.7790697674418605 0.2549019607843137 0.7848837209302325 0.25326797385620914 0.8023255813953488 0.24509803921568626 0.8284883720930233 0.2369281045751634 0.8691860465116279 0.23039215686274508 0.8866279069767442 0.23039215686274508 0.8924418604651163 0.22712418300653595 0.9011627906976745 0.22712418300653595 0.9098837209302325 0.21241830065359477 0.9563953488372093 0.21241830065359477 0.9680232558139535 0.20915032679738563 0.9796511627906976 0.2042483660130719 0.9912790697674418 0.19934640522875818 0.9941860465116279 0.19444444444444445 0.9941860465116279 0.19281045751633988 0.9912790697674418 0.1895424836601307 0.9941860465116279 0.1323529411764706 0.9941860465116279 0.13071895424836602 0.9912790697674418 0.1323529411764706 0.9767441860465116 0.1388888888888889 0.9593023255813954 0.14215686274509803 0.9418604651162791 0.1503267973856209 0.9244186046511628 0.15359477124183007 0.9069767441860465 0.16176470588235295 0.8808139534883721 0.16830065359477125 0.8662790697674418 0.17483660130718953 0.8430232558139535 0.17483660130718953 0.8372093023255814 0.18137254901960784 0.8197674418604651 0.18790849673202614 0.7965116279069767 0.18790849673202614 0.7906976744186046 0.19934640522875818 0.7587209302325582 0.19934640522875818 0.752906976744186 0.20261437908496732 0.747093023255814 0.20588235294117646 0.7325581395348837 0.20915032679738563 0.7238372093023255 0.21241830065359477 0.7209302325581395 0.21895424836601307 0.7005813953488372 0.2222222222222222 0.6976744186046512 0.2238562091503268 0.6918604651162791 0.22712418300653595 0.6918604651162791 0.23529411764705882 0.6744186046511628 0.23202614379084968 0.6656976744186046 0.23529411764705882 0.6598837209302325 0.23529411764705882 0.6540697674418605 0.2434640522875817 0.6366279069767442 0.2434640522875817 0.6308139534883721 0.25 0.6104651162790697 0.2581699346405229 0.5959302325581395 0.2581699346405229 0.5901162790697675 0.26633986928104575 0.5697674418604651 0.27124183006535946 0.5494186046511628 0.27450980392156865 0.5436046511627907 0.27450980392156865 0.5377906976744186 0.28104575163398693 0.5261627906976745 0.2957516339869281 0.4738372093023256 0.3022875816993464 0.47093023255813954 0.3137254901960784 0.4476744186046512 0.31699346405228757 0.4476744186046512 0.32189542483660133 0.4418604651162791 0.3333333333333333 0.42151162790697677 0.3415032679738562 0.42151162790697677
1 0.6094771241830066 0.311046511627907 0.6127450980392157 0.3168604651162791 0.6127450980392157 0.3226744186046512 0.6111111111111112 0.32848837209302323 0.6078431372549019 0.3313953488372093 0.6094771241830066 0.33430232558139533 0.6176470588235294 0.33430232558139533 0.6160130718954249 0.34011627906976744 0.6094771241830066 0.34011627906976744 0.6078431372549019 0.34593023255813954 0.6013071895424836 0.3488372093023256 0.5931372549019608 0.35755813953488375 0.5915032679738562 0.375 0.5866013071895425 0.375 0.5816993464052288 0.38372093023255816 0.5816993464052288 0.3866279069767442 0.5849673202614379 0.38953488372093026 0.5849673202614379 0.3953488372093023 0.5816993464052288 0.39825581395348836 0.5833333333333334 0.40406976744186046 0.5784313725490197 0.4069767441860465 0.576797385620915 0.40988372093023256 0.5784313725490197 0.41569767441860467 0.5718954248366013 0.42151162790697677 0.576797385620915 0.42441860465116277 0.5816993464052288 0.436046511627907 0.5915032679738562 0.4331395348837209 0.5947712418300654 0.4273255813953488 0.5947712418300654 0.43023255813953487 0.5915032679738562 0.438953488372093 0.5849673202614379 0.438953488372093 0.5833333333333334 0.4418604651162791 0.5849673202614379 0.44476744186046513 0.5751633986928104 0.44476744186046513 0.5751633986928104 0.438953488372093 0.5800653594771242 0.4331395348837209 0.5784313725490197 0.43023255813953487 0.5735294117647058 0.4273255813953488 0.565359477124183 0.43023255813953487 0.5620915032679739 0.436046511627907 0.5637254901960784 0.4418604651162791 0.5669934640522876 0.44476744186046513 0.5620915032679739 0.44476744186046513 0.5604575163398693 0.4476744186046512 0.5637254901960784 0.45348837209302323 0.5637254901960784 0.45930232558139533 0.5588235294117647 0.4622093023255814 0.5669934640522876 0.47093023255813954 0.5637254901960784 0.4738372093023256 0.5604575163398693 0.47093023255813954 0.5588235294117647 0.46511627906976744 0.5506535947712419 0.46511627906976744 0.5490196078431373 0.4680232558139535 0.5490196078431373 0.47674418604651164 0.545751633986928 0.48255813953488375 0.5506535947712419 0.5 0.5604575163398693 0.5 0.5588235294117647 0.502906976744186 0.5686274509803921 0.5145348837209303 0.565359477124183 0.5145348837209303 0.5604575163398693 0.5087209302325582 0.553921568627451 0.5087209302325582 0.5522875816993464 0.5116279069767442 0.5392156862745098 0.5145348837209303 0.5359477124183006 0.5203488372093024 0.5392156862745098 0.5261627906976745 0.5490196078431373 0.5232558139534884 0.5506535947712419 0.5261627906976745 0.545751633986928 0.5319767441860465 0.5522875816993464 0.5406976744186046 0.5588235294117647 0.5406976744186046 0.5637254901960784 0.5348837209302325 0.5620915032679739 0.5406976744186046 0.553921568627451 0.5436046511627907 0.5490196078431373 0.5494186046511628 0.5473856209150327 0.5581395348837209 0.5555555555555556 0.5668604651162791 0.5555555555555556 0.5697674418604651 0.5522875816993464 0.5726744186046512 0.5490196078431373 0.5959302325581395 0.545751633986928 0.5988372093023255 0.545751633986928 0.6046511627906976 0.5424836601307189 0.6104651162790697 0.5424836601307189 0.625 0.5392156862745098 0.6337209302325582 0.5392156862745098 0.6395348837209303 0.5326797385620915 0.6540697674418605 0.5326797385620915 0.6627906976744186 0.5294117647058824 0.6715116279069767 0.5294117647058824 0.6802325581395349 0.5261437908496732 0.688953488372093 0.5212418300653595 0.7209302325581395 0.5179738562091504 0.7267441860465116 0.5147058823529411 0.752906976744186 0.5098039215686274 0.7674418604651163 0.5081699346405228 0.7848837209302325 0.5049019607843137 0.7965116279069767 0.4950980392156863 0.811046511627907 0.49673202614379086 0.8168604651162791 0.49673202614379086 0.8313953488372093 0.4934640522875817 0.8372093023255814 0.4934640522875817 0.8459302325581395 0.4869281045751634 0.8662790697674418 0.4869281045751634 0.875 0.48366013071895425 0.8808139534883721 0.48366013071895425 0.8895348837209303 0.4738562091503268 0.9156976744186046 0.4738562091503268 0.936046511627907 0.46895424836601307 0.9505813953488372 0.46895424836601307 0.9563953488372093 0.4624183006535948 0.9709302325581395 0.4624183006535948 0.9767441860465116 0.4591503267973856 0.9854651162790697 0.45098039215686275 0.9941860465116279 0.3888888888888889 0.9941860465116279 0.3888888888888889 0.9825581395348837 0.3937908496732026 0.9651162790697675 0.3937908496732026 0.9593023255813954 0.4019607843137255 0.9418604651162791 0.41013071895424835 0.9011627906976745 0.41830065359477125 0.872093023255814 0.4215686274509804 0.8662790697674418 0.42320261437908496 0.8517441860465116 0.42810457516339867 0.8343023255813954 0.43790849673202614 0.811046511627907 0.4411764705882353 0.7965116279069767 0.44607843137254904 0.7877906976744186 0.45098039215686275 0.7877906976744186 0.45588235294117646 0.7819767441860465 0.4591503267973856 0.7819767441860465 0.4624183006535948 0.7761627906976745 0.4673202614379085 0.7558139534883721 0.4591503267973856 0.7441860465116279 0.4591503267973856 0.7296511627906976 0.46895424836601307 0.7063953488372093 0.47549019607843135 0.6802325581395349 0.4852941176470588 0.6656976744186046 0.48366013071895425 0.6627906976744186 0.48366013071895425 0.6511627906976745 0.4869281045751634 0.6424418604651163 0.4869281045751634 0.6366279069767442 0.4934640522875817 0.622093023255814 0.4950980392156863 0.6104651162790697 0.5049019607843137 0.5872093023255814 0.5081699346405228 0.5726744186046512 0.5147058823529411 0.5581395348837209 0.5179738562091504 0.5436046511627907 0.5326797385620915 0.502906976744186 0.5310457516339869 0.49127906976744184 0.5424836601307189 0.48255813953488375 0.5375816993464052 0.4796511627906977 0.545751633986928 0.45348837209302323 0.5522875816993464 0.4418604651162791 0.5620915032679739 0.40988372093023256 0.5735294117647058 0.3866279069767442 0.5735294117647058 0.3808139534883721 0.5849673202614379 0.36627906976744184 0.5833333333333334 0.3633720930232558 0.5849673202614379 0.3546511627906977 0.5898692810457516 0.3430232558139535 0.5964052287581699 0.3372093023255814 0.5980392156862745 0.3226744186046512 0.5996732026143791 0.3226744186046512 0.6029411764705882 0.313953488372093 0.6078431372549019 0.311046511627907
1 0.38562091503267976 0.32848837209302323 0.39215686274509803 0.33430232558139533 0.39215686274509803 0.34593023255813954 0.39052287581699346 0.35174418604651164 0.380718954248366 0.36627906976744184 0.3758169934640523 0.3691860465116279 0.3611111111111111 0.38953488372093026 0.35294117647058826 0.3953488372093023 0.3480392156862745 0.4069767441860465 0.33986928104575165 0.4186046511627907 0.33169934640522875 0.42151162790697677 0.32679738562091504 0.4331395348837209 0.31699346405228757 0.438953488372093 0.315359477124183 0.44476744186046513 0.30718954248366015 0.4563953488372093 0.29901960784313725 0.46511627906976744 0.2957516339869281 0.46511627906976744 0.24509803921568626 0.5319767441860465 0.24019607843137256 0.5348837209302325 0.2238562091503268 0.5581395348837209 0.21405228758169934 0.5668604651162791 0.19934640522875818 0.5901162790697675 0.17483660130718953 0.6191860465116279 0.15849673202614378 0.6453488372093024 0.12745098039215685 0.6802325581395349 0.09640522875816994 0.7238372093023255 0.08986928104575163 0.7296511627906976 0.07516339869281045 0.752906976744186 0.049019607843137254 0.7848837209302325 0.04411764705882353 0.7877906976744186 0.032679738562091505 0.8081395348837209 0 0.8517441860465116 0 0.7616279069767442 0.017973856209150325 0.7441860465116279 0.049019607843137254 0.7034883720930233 0.058823529411764705 0.6947674418604651 0.08986928104575163 0.6511627906976745 0.13398692810457516 0.6017441860465116 0.1454248366013072 0.5843023255813954 0.16339869281045752 0.5668604651162791 0.1715686274509804 0.5523255813953488 0.18790849673202614 0.5377906976744186 0.20261437908496732 0.5174418604651163 0.2238562091503268 0.5 0.2565359477124183 0.4563953488372093 0.272875816993464 0.4418604651162791 0.28594771241830064 0.42441860465116277 0.31862745098039214 0.38953488372093026 0.3235294117647059 0.3808139534883721 0.3366013071895425 0.3691860465116279 0.3480392156862745 0.3633720930232558 0.35947712418300654 0.35174418604651164 0.3627450980392157 0.35174418604651164 0.3790849673202614 0.3313953488372093 0.3839869281045752 0.3313953488372093
1 0.3137254901960784 0.38953488372093026 0.32679738562091504 0.375 0.33986928104575165 0.37209302325581395 0.35130718954248363 0.36046511627906974 0.3545751633986928 0.36046511627906974 0.3758169934640523 0.3372093023255814 0.39052287581699346 0.3372093023255814 0.39052287581699346 0.35174418604651164 0.3888888888888889 0.3546511627906977 0.3660130718954248 0.38372093023255816 0.35130718954248363 0.3953488372093023 0.33986928104575165 0.4127906976744186 0.3333333333333333 0.41569767441860467 0.32679738562091504 0.4273255813953488 0.32189542483660133 0.43023255813953487 0.3202614379084967 0.436046511627907 0.315359477124183 0.438953488372093 0.3055555555555556 0.4563953488372093 0.29411764705882354 0.46511627906976744 0.2826797385620915 0.48255813953488375 0.2777777777777778 0.48546511627906974 0.26633986928104575 0.502906976744186 0.25980392156862747 0.5087209302325582 0.24673202614379086 0.5290697674418605 0.23202614379084968 0.5436046511627907 0.22549019607843138 0.5552325581395349 0.20751633986928106 0.5755813953488372 0.16176470588235295 0.6395348837209303 0.13071895424836602 0.6744186046511628 0.12254901960784313 0.688953488372093 0.10130718954248366 0.7151162790697675 0.09477124183006536 0.7267441860465116 0.08986928104575163 0.7296511627906976 0.07026143790849673 0.7587209302325582 0.06535947712418301 0.7616279069767442 0.05392156862745098 0.7790697674418605 0.0457516339869281 0.7848837209302325 0.03431372549019608 0.8052325581395349 0.013071895424836602 0.8313953488372093 0 0.8517441860465116 0 0.7587209302325582 0.016339869281045753 0.7441860465116279 0.026143790849673203 0.7296511627906976 0.04084967320261438 0.7151162790697675 0.06209150326797386 0.686046511627907 0.08333333333333333 0.6627906976744186 0.08986928104575163 0.6511627906976745 0.1111111111111111 0.627906976744186 0.12581699346405228 0.6075581395348837 0.13071895424836602 0.6046511627906976 0.1388888888888889 0.5901162790697675 0.16176470588235295 0.5697674418604651 0.16339869281045752 0.563953488372093 0.17320261437908496 0.5494186046511628 0.1895424836601307 0.5348837209302325 0.19934640522875818 0.5203488372093024 0.22712418300653595 0.49709302325581395 0.24183006535947713 0.4738372093023256 0.25326797385620914 0.4622093023255814 0.2581699346405229 0.45348837209302323 0.26633986928104575 0.44476744186046513 0.2696078431372549 0.44476744186046513 0.3137254901960784 0.39244186046511625
1 0.9836601307189542 0.06976744186046512 0.988562091503268 0.07267441860465117 0.9493464052287581 0.0755813953488372 0.9477124183006536 0.07848837209302326 0.9330065359477124 0.07848837209302326 0.9313725490196079 0.08139534883720931 0.9052287581699346 0.08139534883720931 0.9035947712418301 0.08430232558139535 0.8774509803921569 0.08430232558139535 0.8758169934640523 0.0872093023255814 0.8349673202614379 0.09011627906976744 0.8333333333333334 0.09302325581395349 0.8022875816993464 0.09593023255813954 0.7908496732026143 0.10174418604651163 0.7777777777777778 0.10174418604651163 0.7761437908496732 0.10465116279069768 0.7418300653594772 0.11046511627906977 0.7401960784313726 0.11337209302325581 0.7320261437908496 0.11337209302325581 0.7303921568627451 0.11627906976744186 0.7058823529411765 0.12209302325581395 0.6830065359477124 0.13372093023255813 0.6617647058823529 0.13953488372093023 0.6503267973856209 0.14825581395348839 0.6454248366013072 0.14825581395348839 0.6225490196078431 0.16279069767441862 0.6176470588235294 0.16279069767441862 0.5980392156862745 0.17732558139534885 0.5882352941176471 0.17732558139534885 0.5800653594771242 0.15988372093023256 0.5996732026143791 0.14825581395348839 0.6241830065359477 0.13953488372093023 0.6290849673202614 0.13372093023255813 0.6356209150326797 0.13372093023255813 0.6486928104575164 0.125 0.6584967320261438 0.125 0.6601307189542484 0.12209302325581395 0.6895424836601307 0.11337209302325581 0.6911764705882353 0.11046511627906977 0.7009803921568627 0.11046511627906977 0.7026143790849673 0.10755813953488372 0.7205882352941176 0.10465116279069768 0.7222222222222222 0.10174418604651163 0.7303921568627451 0.10174418604651163 0.7418300653594772 0.09593023255813954 0.7532679738562091 0.09593023255813954 0.7549019607843137 0.09302325581395349 0.7647058823529411 0.09302325581395349 0.7663398692810458 0.09011627906976744 0.7810457516339869 0.09011627906976744 0.7826797385620915 0.0872093023255814 0.7973856209150327 0.0872093023255814 0.7990196078431373 0.08430232558139535 0.815359477124183 0.08430232558139535 0.8169934640522876 0.08139534883720931 0.8333333333333334 0.08139534883720931 0.8349673202614379 0.07848837209302326 0.8954248366013072 0.0755813953488372 0.8970588235294118 0.07267441860465117 0.9003267973856209 0.0755813953488372 0.9019607843137255 0.07267441860465117 0.9330065359477124 0.07267441860465117 0.934640522875817 0.06976744186046512 0.9820261437908496 0.06976744186046512
1 0.5898692810457516 0.4796511627906977 0.5931372549019608 0.47093023255813954 0.5931372549019608 0.44476744186046513 0.5996732026143791 0.4273255813953488 0.5996732026143791 0.41569767441860467 0.6045751633986928 0.40988372093023256 0.6094771241830066 0.41569767441860467 0.619281045751634 0.44476744186046513 0.619281045751634 0.45058139534883723 0.6290849673202614 0.47674418604651164 0.6290849673202614 0.48255813953488375 0.6356209150326797 0.49709302325581395 0.6470588235294118 0.5377906976744186 0.6535947712418301 0.5523255813953488 0.6568627450980392 0.5697674418604651 0.6650326797385621 0.5930232558139535 0.6650326797385621 0.5988372093023255 0.6715686274509803 0.6133720930232558 0.6715686274509803 0.6191860465116279 0.6862745098039216 0.6540697674418605 0.696078431372549 0.6918604651162791 0.6993464052287581 0.6976744186046512 0.6993464052287581 0.7034883720930233 0.7026143790849673 0.7093023255813954 0.7026143790849673 0.7151162790697675 0.7058823529411765 0.7209302325581395 0.7091503267973857 0.7383720930232558 0.7156862745098039 0.752906976744186 0.7271241830065359 0.7936046511627907 0.7303921568627451 0.7994186046511628 0.7303921568627451 0.8052325581395349 0.7352941176470589 0.8168604651162791 0.7369281045751634 0.8284883720930233 0.7467320261437909 0.8546511627906976 0.7549019607843137 0.8837209302325582 0.7549019607843137 0.8895348837209303 0.761437908496732 0.9069767441860465 0.761437908496732 0.9127906976744186 0.7679738562091504 0.9302325581395349 0.7679738562091504 0.936046511627907 0.7712418300653595 0.9418604651162791 0.7712418300653595 0.9476744186046512 0.7810457516339869 0.9796511627906976 0.7810457516339869 0.9912790697674418 0.7777777777777778 0.9941860465116279 0.7401960784313726 0.9941860465116279 0.738562091503268 0.9912790697674418 0.7026143790849673 0.9941860465116279 0.696078431372549 0.9767441860465116 0.6830065359477124 0.9098837209302325 0.6748366013071896 0.8837209302325582 0.6683006535947712 0.8459302325581395 0.6601307189542484 0.8226744186046512 0.6584967320261438 0.8081395348837209 0.6535947712418301 0.7965116279069767 0.6535947712418301 0.7877906976744186 0.6486928104575164 0.7732558139534884 0.6470588235294118 0.7587209302325582 0.6405228758169934 0.7383720930232558 0.6405228758169934 0.7296511627906976 0.6372549019607843 0.7180232558139535 0.6372549019607843 0.7034883720930233 0.6323529411764706 0.686046511627907 0.6290849673202614 0.6627906976744186 0.6258169934640523 0.6540697674418605 0.6225490196078431 0.627906976744186 0.6160130718954249 0.6046511627906976 0.6160130718954249 0.5959302325581395 0.6127450980392157 0.5872093023255814 0.6094771241830066 0.5581395348837209 0.6045751633986928 0.5436046511627907 0.6013071895424836 0.5232558139534884 0.5915032679738562 0.4941860465116279 0.5915032679738562 0.48255813953488375
1 0.4411764705882353 0.023255813953488372 0.4411764705882353 0.03488372093023256 0.4362745098039216 0.04941860465116279 0.434640522875817 0.061046511627906974 0.43137254901960786 0.06686046511627906 0.4215686274509804 0.11627906976744186 0.41830065359477125 0.12209302325581395 0.41830065359477125 0.12790697674418605 0.41013071895424835 0.15406976744186046 0.41013071895424835 0.15988372093023256 0.40032679738562094 0.19476744186046513 0.40032679738562094 0.2005813953488372 0.39705882352941174 0.2063953488372093 0.39705882352941174 0.21511627906976744 0.39052287581699346 0.23255813953488372 0.3872549019607843 0.2441860465116279 0.3872549019607843 0.25290697674418605 0.3741830065359477 0.29651162790697677 0.3709150326797386 0.31976744186046513 0.35784313725490197 0.34593023255813954 0.3627450980392157 0.3488372093023256 0.369281045751634 0.3430232558139535 0.3709150326797386 0.3372093023255814 0.380718954248366 0.3226744186046512 0.3872549019607843 0.32848837209302323 0.3937908496732026 0.32848837209302323 0.39215686274509803 0.35174418604651164 0.36437908496732024 0.3866279069767442 0.35130718954248363 0.39825581395348836 0.34967320261437906 0.40406976744186046 0.3415032679738562 0.41569767441860467 0.3349673202614379 0.4186046511627907 0.3284313725490196 0.43023255813953487 0.32516339869281047 0.43023255813953487 0.3202614379084967 0.438953488372093 0.31699346405228757 0.438953488372093 0.315359477124183 0.44476744186046513 0.3055555555555556 0.45930232558139533 0.3022875816993464 0.45930232558139533 0.29248366013071897 0.4680232558139535 0.28594771241830064 0.4796511627906977 0.2761437908496732 0.4883720930232558 0.25163398692810457 0.5232558139534884 0.20751633986928106 0.5755813953488372 0.20098039215686275 0.5843023255813954 0.19934640522875818 0.5901162790697675 0.19444444444444445 0.5930232558139535 0.14705882352941177 0.6598837209302325 0.12908496732026145 0.6773255813953488 0.12254901960784313 0.688953488372093 0.08986928104575163 0.7296511627906976 0.07516339869281045 0.752906976744186 0.04411764705882353 0.7877906976744186 0.032679738562091505 0.8081395348837209 0.004901960784313725 0.8430232558139535 0.0016339869281045752 0.8517441860465116 0 0.8517441860465116 0 0.7587209302325582 0.011437908496732025 0.75 0.024509803921568627 0.7325581395348837 0.029411764705882353 0.7296511627906976 0.06209150326797386 0.686046511627907 0.08333333333333333 0.6627906976744186 0.08986928104575163 0.6511627906976745 0.10947712418300654 0.6308139534883721 0.12091503267973856 0.6133720930232558 0.13071895424836602 0.6046511627906976 0.13725490196078433 0.5930232558139535 0.16176470588235295 0.5697674418604651 0.16830065359477125 0.5552325581395349 0.1895424836601307 0.5348837209302325 0.19934640522875818 0.5203488372093024 0.2238562091503268 0.5 0.2581699346405229 0.45348837209302323 0.26633986928104575 0.44476744186046513 0.2696078431372549 0.44476744186046513 0.2875816993464052 0.42151162790697677 0.29248366013071897 0.4186046511627907 0.3235294117647059 0.37790697674418605 0.3415032679738562 0.33430232558139533 0.34477124183006536 0.3168604651162791 0.3562091503267974 0.2877906976744186 0.3611111111111111 0.26744186046511625 0.36437908496732024 0.2616279069767442 0.36764705882352944 0.2441860465116279 0.3758169934640523 0.22674418604651161 0.3758169934640523 0.22093023255813954 0.38235294117647056 0.19767441860465115 0.40032679738562094 0.14534883720930233 0.40032679738562094 0.13953488372093023 0.4035947712418301 0.13372093023255813 0.4084967320261438 0.11337209302325581 0.42320261437908496 0.07267441860465117 0.42320261437908496 0.06686046511627906 0.4264705882352941 0.06395348837209303 0.43137254901960786 0.04941860465116279 0.43137254901960786 0.0436046511627907 0.43790849673202614 0.02616279069767442 0.4395424836601307 0.02616279069767442
1 0.46405228758169936 0.7761627906976745 0.08496732026143791 0.11918604651162791
1 0.440359477124183 0.5973837209302325 0.029411764705882353 0.05232558139534884
1 0.06699346405228758 0.4796511627906977 0.04411764705882353 0.0755813953488372
1 0.10130718954248366 0.375 0.03431372549019608 0.06686046511627906
1 0.24754901960784315 0.24854651162790697 0.03104575163398693 0.0377906976744186
1 0.5947712418300654 0.5625 0.024509803921568627 0.05813953488372093
1 0.6225490196078431 0.7441860465116279 0.029411764705882353 0.07848837209302326
1 0.6315359477124183 0.9651162790697675 0.04738562091503268 0.06976744186046512
1 0.954248366013072 0.34156976744186046 0.03431372549019608 0.06686046511627906
1 0.8333333333333334 0.2601744186046512 0.014705882352941176 0.0436046511627907
