1 0.1437908496732026 0.5544662309368191 0.09967320261437909 0.12200435729847495
1 0.2867647058823529 0.6111111111111112 0.058823529411764705 0.08714596949891068
1 0.35375816993464054 0.7331154684095861 0.07516339869281045 0.1111111111111111
1 0.36437908496732024 0.8344226579520697 0.058823529411764705 0.1111111111111111
1 0.4738562091503268 0.9248366013071896 0.07352941176470588 0.10021786492374728
1 0.7165032679738562 0.6775599128540305 0.09313725490196079 0.11764705882352941
1 0.8382352941176471 0.8845315904139434 0.0915032679738562 0.1394335511982571
1 0.9109477124183006 0.7657952069716776 0.13071895424836602 0.10457516339869281
1 0.13480392156862744 0.4106753812636166 0.04084967320261438 0.06753812636165578
1 0.5637254901960784 0.3660130718954248 0.032679738562091505 0.05664488017429194
1 0.6405228758169934 0.42919389978213507 0.058823529411764705 0.07407407407407407
1 0.48447712418300654 0.28649237472766886 0.05392156862745098 0.04793028322440087
1 0.7753267973856209 0.3289760348583878 0.05555555555555555 0.06753812636165578
1 0.8496732026143791 0.3572984749455338 0.03758169934640523 0.05010893246187364
1 0.9158496732026143 0.4128540305010893 0.08333333333333333 0.05664488017429194
1 0.5604901960784313 0.8320915032679739 0.1405718954248366 0.16570806100217866
1 0.5742320261437909 0.4502832244008715 0.0536764705882353 0.07745098039215685
1 0.6955882352941176 0.563442265795207 0.1043954248366013 0.06409586056644881
1 0.6249346405228757 0.5220697167755991 0.0488562091503268 0.05764705882352941
1 0.09949346405228758 0.31978213507625275 0.055996732026143796 0.05612200435729848
1 0.1405392156862745 0.36137254901960786 0.04820261437908497 0.052156862745098044
1 0.48668300653594776 0.40187363834422657 0.0542156862745098 0.04054466230936819
1 0.3925326797385621 0.3082788671023965 0.04565359477124183 0.049433551198257084
