1 0.35 0.7380952380952381 0.35833333333333334 0.7428571428571429 0.38333333333333336 0.7428571428571429 0.39166666666666666 0.7476190476190476 0.4 0.7476190476190476 0.4083333333333333 0.7523809523809524 0.425 0.7523809523809524 0.43333333333333335 0.7571428571428571 0.48333333333333334 0.7571428571428571 0.49166666666666664 0.7619047619047619 0.5083333333333333 0.7619047619047619 0.5083333333333333 0.7666666666666667 0.5 0.7714285714285715 0.4666666666666667 0.7714285714285715 0.4583333333333333 0.7666666666666667 0.425 0.7666666666666667 0.4166666666666667 0.7714285714285715 0.4083333333333333 0.7714285714285715 0.4 0.7761904761904762 0.39166666666666666 0.7714285714285715 0.38333333333333336 0.7714285714285715 0.375 0.7666666666666667 0.36666666666666664 0.7666666666666667 0.35833333333333334 0.7619047619047619 0.3416666666666667 0.7619047619047619 0.325 0.7523809523809524 0.325 0.7428571428571429 0.3333333333333333 0.7380952380952381 0.3416666666666667 0.7380952380952381
1 0.4666666666666667 0.3 0.4666666666666667 0.29523809523809524 0.475 0.2904761904761905 0.5166666666666667 0.2904761904761905 0.5166666666666667 0.29523809523809524 0.5083333333333333 0.3 0.475 0.3
1 0.525 0.32857142857142857 0.5333333333333333 0.3333333333333333 0.525 0.3333333333333333 0.5166666666666667 0.3380952380952381 0.475 0.3380952380952381 0.4666666666666667 0.3333333333333333 0.475 0.32857142857142857 0.5166666666666667 0.32857142857142857
1 0.5 0.44761904761904764 0.5083333333333333 0.44285714285714284 0.5416666666666666 0.44285714285714284 0.55 0.4380952380952381 0.575 0.4380952380952381 0.5833333333333334 0.44285714285714284 0.575 0.44761904761904764 0.5583333333333333 0.44761904761904764 0.55 0.4523809523809524 0.5083333333333333 0.4523809523809524
1 0.5416666666666666 0.5285714285714286 0.55 0.5333333333333333 0.55 0.5380952380952381 0.5416666666666666 0.5380952380952381 0.5333333333333333 0.5428571428571428 0.5166666666666667 0.5428571428571428 0.5083333333333333 0.5476190476190477 0.49166666666666664 0.5476190476190477 0.48333333333333334 0.5428571428571428 0.4583333333333333 0.5428571428571428 0.4583333333333333 0.5333333333333333 0.4666666666666667 0.5333333333333333 0.475 0.5285714285714286 0.5333333333333333 0.5285714285714286
1 0.35833333333333334 0.580952380952381 0.375 0.580952380952381 0.38333333333333336 0.5857142857142857 0.4166666666666667 0.5857142857142857 0.425 0.5904761904761905 0.43333333333333335 0.5904761904761905 0.44166666666666665 0.5952380952380952 0.425 0.6047619047619047 0.4 0.6047619047619047 0.39166666666666666 0.6 0.38333333333333336 0.6 0.375 0.5952380952380952 0.36666666666666664 0.5952380952380952 0.35833333333333334 0.5904761904761905 0.35833333333333334 0.5857142857142857
1 0.43333333333333335 0.3476190476190476 0.44166666666666665 0.3476190476190476 0.45 0.3523809523809524 0.525 0.3523809523809524 0.525 0.35714285714285715 0.5083333333333333 0.35714285714285715 0.5 0.3619047619047619 0.4583333333333333 0.3619047619047619 0.45 0.35714285714285715 0.44166666666666665 0.35714285714285715 0.43333333333333335 0.3523809523809524
1 0.49166666666666664 0.3761904761904762 0.55 0.3761904761904762 0.5583333333333333 0.38095238095238093 0.55 0.38095238095238093 0.5416666666666666 0.38571428571428573 0.49166666666666664 0.38571428571428573 0.49166666666666664 0.38095238095238093
1 0.45 0.40476190476190477 0.48333333333333334 0.40476190476190477 0.49166666666666664 0.4095238095238095 0.5583333333333333 0.4095238095238095 0.5583333333333333 0.4142857142857143 0.5333333333333333 0.4142857142857143 0.525 0.41904761904761906 0.48333333333333334 0.41904761904761906 0.475 0.4142857142857143 0.4583333333333333 0.4142857142857143 0.45 0.4095238095238095
1 0.43333333333333335 0.47619047619047616 0.4583333333333333 0.47619047619047616 0.4666666666666667 0.48095238095238096 0.48333333333333334 0.48095238095238096 0.49166666666666664 0.4857142857142857 0.5333333333333333 0.4857142857142857 0.5333333333333333 0.49047619047619045 0.5083333333333333 0.49047619047619045 0.5 0.49523809523809526 0.4583333333333333 0.49523809523809526 0.45 0.49047619047619045 0.43333333333333335 0.49047619047619045 0.43333333333333335 0.48095238095238096
1 0.45 0.6523809523809524 0.4583333333333333 0.6571428571428571 0.49166666666666664 0.6571428571428571 0.5 0.6619047619047619 0.5 0.6666666666666666 0.49166666666666664 0.6714285714285714 0.475 0.6714285714285714 0.4666666666666667 0.6761904761904762 0.4583333333333333 0.6761904761904762 0.45 0.680952380952381 0.44166666666666665 0.680952380952381 0.43333333333333335 0.6761904761904762 0.4083333333333333 0.6761904761904762 0.4 0.680952380952381 0.39166666666666666 0.6761904761904762 0.38333333333333336 0.6761904761904762 0.38333333333333336 0.6666666666666666 0.39166666666666666 0.6619047619047619 0.4166666666666667 0.6619047619047619 0.43333333333333335 0.6523809523809524 0.44166666666666665 0.6523809523809524
1 0.4666666666666667 0.8714285714285714 0.5 0.8714285714285714 0.5083333333333333 0.8666666666666667 0.5166666666666667 0.8666666666666667 0.525 0.861904761904762 0.5333333333333333 0.861904761904762 0.5416666666666666 0.8571428571428571 0.6166666666666667 0.8571428571428571 0.6166666666666667 0.8666666666666667 0.6 0.8761904761904762 0.5833333333333334 0.8761904761904762 0.575 0.8809523809523809 0.5666666666666667 0.8809523809523809 0.55 0.8904761904761904 0.5 0.8904761904761904 0.49166666666666664 0.8952380952380953 0.475 0.8952380952380953 0.4666666666666667 0.8904761904761904 0.4666666666666667 0.8761904761904762
1 0.425 0.30952380952380953 0.4583333333333333 0.30952380952380953 0.4666666666666667 0.3142857142857143 0.4666666666666667 0.319047619047619 0.44166666666666665 0.319047619047619 0.43333333333333335 0.3142857142857143 0.425 0.3142857142857143
