1 0.5173611111111112 0.548828125 0.5225694444444444 0.55078125 0.5260416666666666 0.5634765625 0.5364583333333334 0.572265625 0.546875 0.58984375 0.5538194444444444 0.6171875 0.5503472222222222 0.619140625 0.546875 0.6181640625 0.5381944444444444 0.611328125 0.5347222222222222 0.615234375 0.5295138888888888 0.6279296875 0.5243055555555556 0.6669921875 0.5138888888888888 0.669921875 0.5086805555555556 0.6748046875 0.515625 0.6953125 0.4982638888888889 0.6767578125 0.484375 0.6708984375 0.4791666666666667 0.6357421875 0.4809027777777778 0.59765625 0.4652777777777778 0.58984375 0.46875 0.578125 0.4774305555555556 0.568359375 0.4930555555555556 0.560546875 0.4965277777777778 0.5498046875 0.5052083333333334 0.5478515625 0.515625 0.548828125
1 0.3715277777777778 0.82421875 0.3611111111111111 0.794921875 0.3732638888888889 0.783203125 0.3923611111111111 0.7841796875 0.3993055555555556 0.7822265625 0.40625 0.78515625 0.4010416666666667 0.791015625 0.4027777777777778 0.8095703125 0.40625 0.8134765625 0.3854166666666667 0.8271484375 0.3784722222222222 0.8271484375 0.3732638888888889 0.82421875
1 0.4305555555555556 0.828125 0.4427083333333333 0.8271484375 0.4583333333333333 0.8310546875 0.46875 0.8447265625 0.4704861111111111 0.8583984375 0.4704861111111111 0.8662109375 0.4635416666666667 0.8701171875 0.4409722222222222 0.87109375 0.4288194444444444 0.8681640625 0.4270833333333333 0.8515625 0.4305555555555556 0.8486328125 0.4201388888888889 0.8388671875 0.4201388888888889 0.8349609375 0.4305555555555556 0.8291015625
1 0.5625 0.8779296875 0.5746527777777778 0.8857421875 0.5850694444444444 0.9033203125 0.5902777777777778 0.9072265625 0.5920138888888888 0.9140625 0.5954861111111112 0.916015625 0.6024305555555556 0.9150390625 0.609375 0.91796875 0.6145833333333334 0.931640625 0.625 0.9375 0.6302083333333334 0.9443359375 0.6336805555555556 0.958984375 0.6545138888888888 0.9765625 0.6579861111111112 0.9853515625 0.6545138888888888 0.9912109375 0.6440972222222222 0.994140625 0.6388888888888888 0.98828125 0.6284722222222222 0.9853515625 0.6232638888888888 0.986328125 0.6215277777777778 0.982421875 0.6145833333333334 0.978515625 0.6006944444444444 0.9755859375 0.5920138888888888 0.970703125 0.5885416666666666 0.96484375 0.5868055555555556 0.947265625 0.578125 0.94140625 0.5659722222222222 0.9404296875 0.5590277777777778 0.9365234375 0.5607638888888888 0.9248046875 0.5572916666666666 0.921875 0.5555555555555556 0.90234375 0.5486111111111112 0.896484375 0.5434027777777778 0.8857421875 0.5520833333333334 0.87890625 0.5607638888888888 0.8779296875
1 0.3428819444444444 0.78564453125 0.043402777777777776 0.0146484375
1 0.4427083333333333 0.7138671875 0.4496527777777778 0.716796875 0.4479166666666667 0.7236328125 0.4548611111111111 0.7314453125 0.453125 0.7373046875 0.4583333333333333 0.740234375 0.4548611111111111 0.744140625 0.4600694444444444 0.7470703125 0.4600694444444444 0.7587890625 0.453125 0.7578125 0.4444444444444444 0.7607421875 0.421875 0.7587890625 0.4184027777777778 0.7607421875 0.4184027777777778 0.783203125 0.4149305555555556 0.7802734375 0.4114583333333333 0.78125 0.4097222222222222 0.7900390625 0.40625 0.79296875 0.4131944444444444 0.796875 0.4166666666666667 0.7958984375 0.4166666666666667 0.8125 0.4114583333333333 0.818359375 0.4010416666666667 0.818359375 0.3958333333333333 0.8232421875 0.3854166666666667 0.8271484375 0.3802083333333333 0.8271484375 0.3697916666666667 0.8212890625 0.3645833333333333 0.8037109375 0.359375 0.796875 0.359375 0.7900390625 0.3559027777777778 0.787109375 0.3524305555555556 0.787109375 0.3506944444444444 0.779296875 0.3559027777777778 0.7783203125 0.3541666666666667 0.7822265625 0.3611111111111111 0.787109375 0.3645833333333333 0.7841796875 0.3611111111111111 0.7666015625 0.3663194444444444 0.76171875 0.3663194444444444 0.7509765625 0.375 0.7490234375 0.3871527777777778 0.740234375 0.4045138888888889 0.732421875 0.4079861111111111 0.7265625 0.4201388888888889 0.724609375 0.4305555555555556 0.71484375 0.4409722222222222 0.7138671875
1 0.5086805555555556 0.671875 0.5243055555555556 0.6982421875 0.5243055555555556 0.703125 0.5190972222222222 0.70703125 0.4878472222222222 0.703125 0.4809027777777778 0.7001953125 0.4861111111111111 0.6875 0.4861111111111111 0.67578125 0.4930555555555556 0.671875 0.5069444444444444 0.671875
1 0.5677083333333334 0.9052734375 0.5729166666666666 0.9072265625 0.5815972222222222 0.9052734375 0.5868055555555556 0.9072265625 0.5833333333333334 0.9091796875 0.5833333333333334 0.9150390625 0.5868055555555556 0.9169921875 0.6041666666666666 0.916015625 0.609375 0.9189453125 0.6145833333333334 0.9326171875 0.6302083333333334 0.943359375 0.6354166666666666 0.9609375 0.6493055555555556 0.970703125 0.6579861111111112 0.984375 0.6545138888888888 0.990234375 0.6440972222222222 0.9921875 0.640625 0.9873046875 0.6284722222222222 0.984375 0.6232638888888888 0.9853515625 0.6128472222222222 0.9775390625 0.6024305555555556 0.9755859375 0.5920138888888888 0.970703125 0.5868055555555556 0.95703125 0.5885416666666666 0.94921875 0.578125 0.94140625 0.5642361111111112 0.939453125 0.5607638888888888 0.935546875 0.5642361111111112 0.9287109375 0.5677083333333334 0.927734375 0.5677083333333334 0.9248046875 0.5763888888888888 0.9189453125 0.578125 0.9150390625 0.578125 0.91015625 0.5729166666666666 0.9091796875 0.5711805555555556 0.9140625 0.5677083333333334 0.90625
1 0.375 0.765625 0.3732638888888889 0.76953125 0.3784722222222222 0.7724609375 0.390625 0.771484375 0.3940972222222222 0.7685546875 0.3923611111111111 0.765625 0.3940972222222222 0.7666015625 0.3940972222222222 0.76953125 0.3993055555555556 0.7724609375 0.3836805555555556 0.779296875 0.3871527777777778 0.78125 0.3993055555555556 0.7802734375 0.4079861111111111 0.7861328125 0.3993055555555556 0.79296875 0.4045138888888889 0.814453125 0.3888888888888889 0.8203125 0.3836805555555556 0.8271484375 0.3715277777777778 0.8232421875 0.3628472222222222 0.8046875 0.3246527777777778 0.7861328125 0.3159722222222222 0.7841796875 0.3159722222222222 0.7822265625 0.3246527777777778 0.779296875 0.3333333333333333 0.7802734375 0.3611111111111111 0.7744140625 0.3645833333333333 0.7724609375 0.3645833333333333 0.7685546875 0.3732638888888889 0.7666015625
1 0.4635416666666667 0.7099609375 0.4670138888888889 0.71875 0.453125 0.72265625 0.453125 0.7255859375 0.4600694444444444 0.73046875 0.4565972222222222 0.7353515625 0.4496527777777778 0.7353515625 0.4461805555555556 0.7373046875 0.4496527777777778 0.7392578125 0.4600694444444444 0.7392578125 0.4600694444444444 0.7421875 0.4565972222222222 0.7412109375 0.4513888888888889 0.744140625 0.4618055555555556 0.7470703125 0.4600694444444444 0.7587890625 0.453125 0.7568359375 0.4409722222222222 0.759765625 0.4288194444444444 0.7568359375 0.4184027777777778 0.7587890625 0.4166666666666667 0.765625 0.4149305555555556 0.7646484375 0.4079861111111111 0.7705078125 0.4079861111111111 0.7734375 0.4166666666666667 0.775390625 0.4114583333333333 0.779296875 0.4097222222222222 0.7900390625 0.40625 0.79296875 0.4149305555555556 0.7978515625 0.4166666666666667 0.796875 0.4131944444444444 0.8173828125 0.4010416666666667 0.818359375 0.3958333333333333 0.82421875 0.3854166666666667 0.828125 0.3802083333333333 0.828125 0.3680555555555556 0.8232421875 0.3628472222222222 0.8076171875 0.3576388888888889 0.8017578125 0.3142361111111111 0.7822265625 0.3229166666666667 0.77734375 0.3385416666666667 0.7783203125 0.3524305555555556 0.7705078125 0.3576388888888889 0.765625 0.3559027777777778 0.76171875 0.359375 0.7587890625 0.359375 0.75 0.3819444444444444 0.7421875 0.40625 0.7255859375 0.4201388888888889 0.7236328125 0.4305555555555556 0.71484375 0.4479166666666667 0.712890625 0.453125 0.7099609375 0.4618055555555556 0.7099609375
1 0.4513888888888889 0.7255859375 0.4444444444444444 0.7158203125 0.4444444444444444 0.7119140625 0.4513888888888889 0.708984375 0.4635416666666667 0.708984375 0.46875 0.716796875 0.4791666666666667 0.7236328125 0.4774305555555556 0.7265625 0.4722222222222222 0.7275390625 0.4583333333333333 0.7275390625 0.453125 0.7255859375
1 0.4375 0.7294921875 0.4444444444444444 0.734375 0.453125 0.7470703125 0.4513888888888889 0.75390625 0.4409722222222222 0.7568359375 0.421875 0.755859375 0.4131944444444444 0.7431640625 0.4149305555555556 0.7333984375 0.4270833333333333 0.7294921875 0.4357638888888889 0.7294921875
1 0.375 0.759765625 0.3923611111111111 0.759765625 0.4045138888888889 0.765625 0.4045138888888889 0.77734375 0.4079861111111111 0.7802734375 0.4045138888888889 0.806640625 0.4097222222222222 0.8115234375 0.4097222222222222 0.81640625 0.4027777777777778 0.8173828125 0.3854166666666667 0.828125 0.3784722222222222 0.828125 0.3697916666666667 0.82421875 0.3645833333333333 0.806640625 0.359375 0.7998046875 0.359375 0.7890625 0.3645833333333333 0.7861328125 0.3663194444444444 0.7802734375 0.3628472222222222 0.7685546875 0.3697916666666667 0.7607421875 0.3732638888888889 0.7607421875
1 0.5416666666666666 0.5283203125 0.5503472222222222 0.52734375 0.5538194444444444 0.529296875 0.5486111111111112 0.546875 0.5416666666666666 0.5537109375 0.5329861111111112 0.5546875 0.5260416666666666 0.55078125 0.5260416666666666 0.5458984375 0.5416666666666666 0.529296875
1 0.4027777777777778 0.7822265625 0.4079861111111111 0.78515625 0.4079861111111111 0.7880859375 0.3993055555555556 0.79296875 0.4027777777777778 0.796875 0.4010416666666667 0.8125 0.3871527777777778 0.814453125 0.3732638888888889 0.8134765625 0.3697916666666667 0.8115234375 0.3697916666666667 0.8037109375 0.3628472222222222 0.7978515625 0.3628472222222222 0.794921875 0.375 0.7841796875 0.4010416666666667 0.7822265625
1 0.4618055555555556 0.708984375 0.4652777777777778 0.7099609375 0.4670138888888889 0.716796875 0.4774305555555556 0.72265625 0.4774305555555556 0.728515625 0.4722222222222222 0.7314453125 0.4670138888888889 0.7392578125 0.4670138888888889 0.748046875 0.4618055555555556 0.75390625 0.4392361111111111 0.7578125 0.4201388888888889 0.7548828125 0.4114583333333333 0.740234375 0.4114583333333333 0.7333984375 0.4149305555555556 0.728515625 0.4236111111111111 0.724609375 0.4288194444444444 0.7158203125 0.4461805555555556 0.7099609375 0.4600694444444444 0.708984375
1 0.4878472222222222 0.7099609375 0.4982638888888889 0.7158203125 0.4982638888888889 0.73046875 0.4809027777777778 0.73828125 0.4791666666666667 0.75 0.4618055555555556 0.76171875 0.4618055555555556 0.7646484375 0.4375 0.7666015625 0.4375 0.7724609375 0.4322916666666667 0.7744140625 0.4305555555555556 0.7783203125 0.421875 0.7802734375 0.4097222222222222 0.7919921875 0.4114583333333333 0.7939453125 0.4184027777777778 0.794921875 0.4201388888888889 0.8076171875 0.4236111111111111 0.810546875 0.4201388888888889 0.8134765625 0.421875 0.8203125 0.4184027777777778 0.82421875 0.4184027777777778 0.83203125 0.421875 0.8330078125 0.4322916666666667 0.8271484375 0.4444444444444444 0.8271484375 0.4513888888888889 0.830078125 0.4583333333333333 0.830078125 0.4652777777777778 0.83984375 0.46875 0.841796875 0.4722222222222222 0.8408203125 0.4704861111111111 0.85546875 0.4739583333333333 0.8662109375 0.4722222222222222 0.8681640625 0.4583333333333333 0.87109375 0.4409722222222222 0.87109375 0.4288194444444444 0.8681640625 0.4236111111111111 0.8603515625 0.4253472222222222 0.8525390625 0.4322916666666667 0.84765625 0.4201388888888889 0.83984375 0.4131944444444444 0.837890625 0.40625 0.8388671875 0.4010416666666667 0.833984375 0.3958333333333333 0.8349609375 0.3958333333333333 0.8310546875 0.3923611111111111 0.8291015625 0.3784722222222222 0.8291015625 0.3697916666666667 0.8271484375 0.3611111111111111 0.8115234375 0.3611111111111111 0.8056640625 0.3559027777777778 0.7998046875 0.3472222222222222 0.7958984375 0.3420138888888889 0.7880859375 0.3368055555555556 0.7861328125 0.3368055555555556 0.7822265625 0.3489583333333333 0.7724609375 0.3524305555555556 0.7744140625 0.3559027777777778 0.771484375 0.3611111111111111 0.7509765625 0.3888888888888889 0.7392578125 0.3958333333333333 0.7353515625 0.3975694444444444 0.73046875 0.4010416666666667 0.73046875 0.4079861111111111 0.7255859375 0.4149305555555556 0.724609375 0.4288194444444444 0.71484375 0.4357638888888889 0.7138671875 0.4409722222222222 0.7099609375 0.4670138888888889 0.7080078125 0.4704861111111111 0.7060546875 0.4774305555555556 0.7099609375 0.4861111111111111 0.7099609375
1 0.5642361111111112 0.87890625 0.5746527777777778 0.884765625 0.5850694444444444 0.9033203125 0.5902777777777778 0.9072265625 0.5902777777777778 0.9140625 0.609375 0.9189453125 0.6163194444444444 0.931640625 0.6267361111111112 0.9384765625 0.6354166666666666 0.9599609375 0.6510416666666666 0.97265625 0.6597222222222222 0.984375 0.6579861111111112 0.990234375 0.6510416666666666 0.994140625 0.6284722222222222 0.994140625 0.6284722222222222 0.990234375 0.6232638888888888 0.9892578125 0.6197916666666666 0.982421875 0.609375 0.9775390625 0.5902777777777778 0.97265625 0.5868055555555556 0.966796875 0.5850694444444444 0.9482421875 0.5798611111111112 0.9462890625 0.5798611111111112 0.9423828125 0.5746527777777778 0.9404296875 0.5659722222222222 0.9404296875 0.5555555555555556 0.935546875 0.5555555555555556 0.9296875 0.5590277777777778 0.92578125 0.5572916666666666 0.91015625 0.5520833333333334 0.8994140625 0.5416666666666666 0.8935546875 0.5381944444444444 0.88671875 0.5555555555555556 0.8779296875 0.5625 0.87890625
1 0.5381944444444444 0.8798828125 0.546875 0.8818359375 0.5520833333333334 0.87890625 0.5607638888888888 0.8779296875 0.5746527777777778 0.8837890625 0.5902777777777778 0.90625 0.5902777777777778 0.9140625 0.59375 0.916015625 0.6006944444444444 0.9150390625 0.609375 0.91796875 0.6163194444444444 0.931640625 0.6267361111111112 0.9384765625 0.6354166666666666 0.9599609375 0.6510416666666666 0.97265625 0.6597222222222222 0.9873046875 0.65625 0.9921875 0.6510416666666666 0.994140625 0.6232638888888888 0.994140625 0.6284722222222222 0.9931640625 0.6284722222222222 0.990234375 0.6215277777777778 0.98828125 0.6197916666666666 0.9833984375 0.6059027777777778 0.9765625 0.6006944444444444 0.9765625 0.5885416666666666 0.9716796875 0.5850694444444444 0.9462890625 0.578125 0.94140625 0.5659722222222222 0.9404296875 0.5538194444444444 0.935546875 0.5538194444444444 0.9267578125 0.5572916666666666 0.923828125 0.5538194444444444 0.904296875 0.5434027777777778 0.8974609375 0.5347222222222222 0.8955078125 0.53125 0.896484375 0.5277777777777778 0.8935546875 0.5381944444444444 0.8916015625 0.5364583333333334 0.88671875 0.5399305555555556 0.880859375
1 0.5625 0.8779296875 0.5746527777777778 0.8857421875 0.5902777777777778 0.9052734375 0.5920138888888888 0.9130859375 0.609375 0.9169921875 0.6128472222222222 0.9208984375 0.6145833333333334 0.931640625 0.625 0.9375 0.6371527777777778 0.9599609375 0.6545138888888888 0.9755859375 0.6614583333333334 0.9873046875 0.65625 0.9921875 0.6440972222222222 0.9951171875 0.6232638888888888 0.9951171875 0.6232638888888888 0.990234375 0.6180555555555556 0.9833984375 0.609375 0.978515625 0.6024305555555556 0.9775390625 0.5954861111111112 0.9736328125 0.5798611111111112 0.9736328125 0.5833333333333334 0.958984375 0.5798611111111112 0.95703125 0.578125 0.9580078125 0.5677083333333334 0.9423828125 0.5572916666666666 0.939453125 0.5520833333333334 0.9365234375 0.5520833333333334 0.93359375 0.546875 0.931640625 0.5520833333333334 0.916015625 0.5503472222222222 0.90625 0.5451388888888888 0.90625 0.5416666666666666 0.8994140625 0.5329861111111112 0.900390625 0.5260416666666666 0.8974609375 0.5260416666666666 0.892578125 0.5295138888888888 0.88671875 0.5381944444444444 0.8828125 0.5381944444444444 0.8798828125 0.5451388888888888 0.880859375 0.5520833333333334 0.8779296875 0.5607638888888888 0.8779296875
1 0.4253472222222222 0.72265625 0.4409722222222222 0.734375 0.453125 0.751953125 0.4427083333333333 0.7587890625 0.4288194444444444 0.7568359375 0.4184027777777778 0.76171875 0.4201388888888889 0.775390625 0.421875 0.7763671875 0.4253472222222222 0.7744140625 0.4253472222222222 0.7763671875 0.4166666666666667 0.787109375 0.4149305555555556 0.7861328125 0.4114583333333333 0.7880859375 0.4097222222222222 0.79296875 0.4184027777777778 0.794921875 0.4166666666666667 0.81640625 0.4131944444444444 0.8193359375 0.4010416666666667 0.818359375 0.3940972222222222 0.82421875 0.3854166666666667 0.826171875 0.375 0.82421875 0.3680555555555556 0.8173828125 0.3663194444444444 0.8046875 0.3611111111111111 0.796875 0.3663194444444444 0.787109375 0.3628472222222222 0.767578125 0.3680555555555556 0.7607421875 0.3819444444444444 0.7578125 0.3802083333333333 0.75390625 0.3836805555555556 0.7451171875 0.390625 0.740234375 0.4045138888888889 0.7392578125 0.4079861111111111 0.7373046875 0.4114583333333333 0.7275390625 0.4253472222222222 0.7236328125
