1 0.12908496732026145 0.26535626535626533 0.13398692810457516 0.2678132678132678 0.13398692810457516 0.2751842751842752 0.12418300653594772 0.28992628992628994 0.11764705882352941 0.29484029484029484 0.1111111111111111 0.3095823095823096 0.0915032679738562 0.3144963144963145 0.08660130718954248 0.3194103194103194 0.0718954248366013 0.32432432432432434 0.05718954248366013 0.33415233415233414 0.03758169934640523 0.33415233415233414 0.03594771241830065 0.3316953316953317 0.04411764705882353 0.32186732186732187 0.05718954248366013 0.3144963144963145 0.06209150326797386 0.3071253071253071 0.07026143790849673 0.3022113022113022 0.07352941176470588 0.2972972972972973 0.09803921568627451 0.29238329238329236 0.11601307189542484 0.2702702702702703 0.12254901960784313 0.26535626535626533 0.12745098039215685 0.26535626535626533
1 0.4632352941176471 0.6461916461916462 0.04738562091503268 0.029484029484029485
1 0.33986928104575165 0.918918918918919 0.3480392156862745 0.9238329238329238 0.3545751633986928 0.9238329238329238 0.3627450980392157 0.9312039312039312 0.3627450980392157 0.9434889434889435 0.35947712418300654 0.9508599508599509 0.34477124183006536 0.9631449631449631 0.3415032679738562 0.972972972972973 0.31699346405228757 0.9926289926289926 0.3104575163398693 0.9901719901719902 0.3088235294117647 0.9852579852579852 0.30392156862745096 0.9852579852579852 0.3022875816993464 0.9877149877149877 0.2908496732026144 0.9877149877149877 0.272875816993464 0.995085995085995 0.2549019607843137 0.995085995085995 0.24509803921568626 0.9803439803439803 0.23366013071895425 0.9778869778869779 0.22712418300653595 0.972972972972973 0.2222222222222222 0.9656019656019657 0.2222222222222222 0.9606879606879607 0.22712418300653595 0.9533169533169533 0.24509803921568626 0.9459459459459459 0.27450980392156865 0.9238329238329238 0.29248366013071897 0.9164619164619164 0.3300653594771242 0.9164619164619164 0.33169934640522875 0.918918918918919 0.3382352941176471 0.918918918918919
1 0.45588235294117646 0.6633906633906634 0.4673202614379085 0.6707616707616708 0.46895424836601307 0.6756756756756757 0.4624183006535948 0.7027027027027027 0.4591503267973856 0.7076167076167076 0.4526143790849673 0.7100737100737101 0.42810457516339867 0.7125307125307125 0.4150326797385621 0.7051597051597052 0.4068627450980392 0.6904176904176904 0.4215686274509804 0.6683046683046683 0.42810457516339867 0.6658476658476659 0.4542483660130719 0.6658476658476659
1 0.42320261437908496 0.7125307125307125 0.43137254901960786 0.7174447174447175 0.43790849673202614 0.7174447174447175 0.44281045751633985 0.7223587223587223 0.44607843137254904 0.7321867321867321 0.42810457516339867 0.7616707616707616 0.41013071895424835 0.769041769041769 0.3839869281045752 0.769041769041769 0.3758169934640523 0.7592137592137592 0.3741830065359477 0.7493857493857494 0.37745098039215685 0.742014742014742 0.3872549019607843 0.7371007371007371 0.39705882352941174 0.7223587223587223 0.4215686274509804 0.7125307125307125
1 0.5906862745098039 0.5700245700245701 0.04084967320261438 0.02457002457002457
1 0.6601307189542484 0.5282555282555282 0.6650326797385621 0.5331695331695332 0.6650326797385621 0.5405405405405406 0.6601307189542484 0.547911547911548 0.6405228758169934 0.547911547911548 0.6323529411764706 0.5405405405405406 0.6323529411764706 0.5331695331695332 0.6372549019607843 0.5282555282555282 0.6503267973856209 0.5282555282555282 0.6519607843137255 0.5257985257985258 0.6584967320261438 0.5282555282555282
1 0.5669934640522876 0.5896805896805897 0.5686274509803921 0.597051597051597 0.5637254901960784 0.6068796068796068 0.553921568627451 0.6167076167076168 0.5424836601307189 0.6167076167076168 0.5408496732026143 0.6191646191646192 0.5228758169934641 0.6142506142506142 0.5130718954248366 0.601965601965602 0.5163398692810458 0.597051597051597 0.5392156862745098 0.5872235872235873 0.5637254901960784 0.5872235872235873 0.565359477124183 0.5896805896805897
1 0.3790849673202614 0.8525798525798526 0.39052287581699346 0.8574938574938575 0.39705882352941174 0.8673218673218673 0.39705882352941174 0.8771498771498771 0.3954248366013072 0.8796068796068796 0.3709150326797386 0.8894348894348895 0.35947712418300654 0.9041769041769042 0.3382352941176471 0.9066339066339066 0.3284313725490196 0.914004914004914 0.3104575163398693 0.914004914004914 0.3022875816993464 0.9090909090909091 0.28921568627450983 0.8845208845208845 0.29248366013071897 0.8771498771498771 0.30392156862745096 0.8722358722358723 0.3137254901960784 0.8624078624078624 0.3284313725490196 0.8624078624078624 0.34477124183006536 0.8525798525798526 0.35294117647058826 0.8525798525798526 0.3545751633986928 0.8501228501228502 0.37254901960784315 0.8501228501228502 0.37745098039215685 0.8525798525798526
1 0.43300653594771243 0.7764127764127764 0.4411764705882353 0.7813267813267813 0.4444444444444444 0.7862407862407862 0.44607843137254904 0.7911547911547911 0.44607843137254904 0.8108108108108109 0.4297385620915033 0.8378378378378378 0.41830065359477125 0.8427518427518428 0.4068627450980392 0.8427518427518428 0.39705882352941174 0.8476658476658476 0.380718954248366 0.8427518427518428 0.37254901960784315 0.8304668304668305 0.3709150326797386 0.8230958230958231 0.37254901960784315 0.8108108108108109 0.3937908496732026 0.7813267813267813 0.39869281045751637 0.7788697788697788 0.4166666666666667 0.7788697788697788 0.41830065359477125 0.7764127764127764 0.42483660130718953 0.7788697788697788 0.43137254901960786 0.7764127764127764
1 0.6723856209150327 0.5085995085995086 0.027777777777777776 0.022113022113022112
1 0.701797385620915 0.47788697788697787 0.03758169934640523 0.044226044226044224
1 0.7075163398692811 0.44226044226044225 0.042483660130718956 0.02702702702702703
1 0.7173202614379085 0.4004914004914005 0.029411764705882353 0.02457002457002457
1 0.7361111111111112 0.37346437346437344 0.026143790849673203 0.044226044226044224
1 0.7377450980392157 0.3157248157248157 0.0196078431372549 0.02457002457002457
1 0.6797385620915033 0.2665847665847666 0.032679738562091505 0.019656019656019656
1 0.7287581699346405 0.2727272727272727 0.03758169934640523 0.04176904176904177
