1 0.6324074074074074 0.7611111111111111 0.19444444444444445 0.18333333333333332
1 0.7685185185185185 0.4708333333333333 0.12962962962962962 0.16666666666666666
1 0.6768518518518518 0.2798611111111111 0.09814814814814815 0.11944444444444445
1 0.6944444444444444 0.1486111111111111 0.15185185185185185 0.059722222222222225
1 0.17037037037037037 0.6319444444444444 0.09074074074074075 0.07777777777777778
1 0.20925925925925926 0.5326388888888889 0.12037037037037036 0.06527777777777778
1 0.19537037037037036 0.4125 0.10925925925925926 0.06111111111111111
1 0.19074074074074074 0.35 0.09444444444444444 0.0375
1 0.8768518518518519 0.9076388888888889 0.1037037037037037 0.11527777777777778
1 0.9314814814814815 0.42986111111111114 0.10185185185185185 0.1
1 0.3148148148148148 0.27291666666666664 0.0962962962962963 0.04027777777777778
1 0.04351851851851852 0.7958333333333333 0.08703703703703704 0.09861111111111111
1 0.32592592592592595 0.1625 0.07222222222222222 0.04722222222222222
