1 0.5212418300653595 0.7075718015665796 0.553921568627451 0.7258485639686684 0.5588235294117647 0.7336814621409922 0.553921568627451 0.741514360313316 0.5424836601307189 0.741514360313316 0.5408496732026143 0.7389033942558747 0.5343137254901961 0.7389033942558747 0.5294117647058824 0.7336814621409922 0.5163398692810458 0.7336814621409922 0.5049019607843137 0.7258485639686684 0.5016339869281046 0.720626631853786 0.5016339869281046 0.7127937336814621 0.5196078431372549 0.7075718015665796
1 0.5506535947712419 0.7989556135770235 0.5522875816993464 0.8015665796344648 0.5604575163398693 0.8015665796344648 0.5718954248366013 0.8120104438642297 0.576797385620915 0.8198433420365535 0.5784313725490197 0.825065274151436 0.576797385620915 0.8302872062663186 0.5686274509803921 0.835509138381201 0.5343137254901961 0.8328981723237598 0.5163398692810458 0.8224543080939948 0.5163398692810458 0.8172323759791122 0.5277777777777778 0.8015665796344648 0.5490196078431373 0.7989556135770235
1 0.3333333333333333 0.804177545691906 0.3382352941176471 0.814621409921671 0.34477124183006536 0.8120104438642297 0.3480392156862745 0.8172323759791122 0.3545751633986928 0.8198433420365535 0.36764705882352944 0.8328981723237598 0.3709150326797386 0.8328981723237598 0.3758169934640523 0.8407310704960835 0.3790849673202614 0.8537859007832899 0.38235294117647056 0.8590078328981723 0.3839869281045752 0.8642297650130548 0.38235294117647056 0.8694516971279374 0.3627450980392157 0.8798955613577023 0.3382352941176471 0.8798955613577023 0.3300653594771242 0.8694516971279374 0.32516339869281047 0.8694516971279374 0.3235294117647059 0.8668407310704961 0.3202614379084967 0.8746736292428199 0.3137254901960784 0.8798955613577023 0.3104575163398693 0.8772845953002611 0.3055555555555556 0.8772845953002611 0.30392156862745096 0.8798955613577023 0.29901960784313725 0.8772845953002611 0.2957516339869281 0.8798955613577023 0.2908496732026144 0.8877284595300261 0.29248366013071897 0.8955613577023499 0.2875816993464052 0.9086161879895561 0.27450980392156865 0.9138381201044387 0.2696078431372549 0.9190600522193212 0.26633986928104575 0.9190600522193212 0.26633986928104575 0.9138381201044387 0.26143790849673204 0.9112271540469974 0.25980392156862747 0.9164490861618799 0.25 0.9190600522193212 0.24673202614379086 0.9242819843342036 0.24183006535947713 0.9242819843342036 0.24019607843137256 0.9268929503916449 0.23366013071895425 0.9268929503916449 0.22712418300653595 0.9216710182767625 0.21895424836601307 0.9216710182767625 0.21241830065359477 0.9138381201044387 0.2107843137254902 0.9060052219321149 0.21241830065359477 0.9007832898172323 0.22549019607843138 0.8798955613577023 0.2173202614379085 0.8668407310704961 0.21895424836601307 0.8616187989556136 0.2238562091503268 0.8616187989556136 0.23529411764705882 0.8537859007832899 0.24019607843137256 0.8537859007832899 0.24183006535947713 0.8485639686684073 0.24673202614379086 0.8485639686684073 0.24836601307189543 0.8433420365535248 0.2434640522875817 0.8407310704960835 0.24673202614379086 0.8407310704960835 0.25 0.8459530026109661 0.25980392156862747 0.8459530026109661 0.2647058823529412 0.8381201044386423 0.27450980392156865 0.8328981723237598 0.2875816993464052 0.8328981723237598 0.2908496732026144 0.8276762402088773 0.3022875816993464 0.825065274151436 0.31699346405228757 0.8015665796344648 0.3284313725490196 0.7989556135770235 0.33169934640522875 0.804177545691906
1 0.7058823529411765 0.6501305483028721 0.7173202614379085 0.6501305483028721 0.7238562091503268 0.660574412532637 0.7222222222222222 0.6657963446475196 0.7140522875816994 0.6657963446475196 0.7091503267973857 0.6631853785900783 0.7058823529411765 0.6579634464751958 0.7058823529411765 0.6527415143603134
1 0.4918300653594771 0.8772845953002611 0.5 0.8851174934725848 0.5065359477124183 0.8851174934725848 0.5163398692810458 0.8929503916449086 0.5196078431372549 0.9033942558746736 0.5081699346405228 0.9216710182767625 0.5032679738562091 0.9216710182767625 0.5016339869281046 0.9242819843342036 0.5016339869281046 0.9295039164490861 0.5081699346405228 0.9347258485639687 0.5098039215686274 0.9451697127937336 0.5147058823529411 0.9477806788511749 0.5163398692810458 0.9634464751958225 0.5098039215686274 0.9712793733681462 0.5098039215686274 0.9895561357702349 0.5081699346405228 0.9921671018276762 0.47549019607843135 0.9921671018276762 0.4738562091503268 0.9947780678851175 0.43300653594771243 0.9921671018276762 0.4264705882352941 0.9817232375979112 0.42810457516339867 0.9765013054830287 0.42810457516339867 0.95822454308094 0.42320261437908496 0.9503916449086162 0.42320261437908496 0.9451697127937336 0.41830065359477125 0.9321148825065274 0.4264705882352941 0.9164490861618799 0.434640522875817 0.9112271540469974 0.4591503267973856 0.9112271540469974 0.46078431372549017 0.9060052219321149 0.45098039215686275 0.8955613577023499 0.45098039215686275 0.8825065274151436 0.4526143790849673 0.8798955613577023 0.46568627450980393 0.8772845953002611 0.4673202614379085 0.8746736292428199 0.4852941176470588 0.8746736292428199 0.49019607843137253 0.8772845953002611
1 0.5065359477124183 0.5352480417754569 0.5196078431372549 0.5352480417754569 0.5277777777777778 0.5404699738903395 0.5310457516339869 0.5456919060052219 0.5294117647058824 0.5509138381201044 0.5130718954248366 0.5483028720626631 0.5065359477124183 0.5378590078328982
1 0.815359477124183 0.7571801566579635 0.826797385620915 0.7650130548302873 0.8284313725490197 0.762402088772846 0.8529411764705882 0.7650130548302873 0.8741830065359477 0.7780678851174935 0.8790849673202614 0.7859007832898173 0.8905228758169934 0.7885117493472585 0.8970588235294118 0.793733681462141 0.9052287581699346 0.793733681462141 0.9068627450980392 0.7963446475195822 0.923202614379085 0.7963446475195822 0.9362745098039216 0.8093994778067886 0.9411764705882353 0.8093994778067886 0.9526143790849673 0.8172323759791122 0.9803921568627451 0.8172323759791122 0.9820261437908496 0.8198433420365535 0.9950980392156863 0.8224543080939948 0.9983660130718954 0.825065274151436 0.9983660130718954 0.8511749347258486 0.9869281045751634 0.856396866840731 0.9803921568627451 0.8511749347258486 0.9722222222222222 0.8511749347258486 0.9705882352941176 0.8485639686684073 0.9656862745098039 0.8511749347258486 0.9640522875816994 0.8485639686684073 0.9607843137254902 0.8511749347258486 0.9558823529411765 0.8485639686684073 0.954248366013072 0.8511749347258486 0.9477124183006536 0.8511749347258486 0.9428104575163399 0.8459530026109661 0.9362745098039216 0.8485639686684073 0.9248366013071896 0.8433420365535248 0.9199346405228758 0.8433420365535248 0.9150326797385621 0.8485639686684073 0.9117647058823529 0.8485639686684073 0.9084967320261438 0.8407310704960835 0.9003267973856209 0.8433420365535248 0.8954248366013072 0.835509138381201 0.8937908496732027 0.8276762402088773 0.8872549019607843 0.8276762402088773 0.8839869281045751 0.8328981723237598 0.880718954248366 0.8328981723237598 0.8823529411764706 0.8302872062663186 0.880718954248366 0.8276762402088773 0.8758169934640523 0.8302872062663186 0.8758169934640523 0.825065274151436 0.8725490196078431 0.8198433420365535 0.8676470588235294 0.8276762402088773 0.8513071895424836 0.825065274151436 0.8562091503267973 0.8172323759791122 0.8627450980392157 0.8172323759791122 0.8660130718954249 0.8093994778067886 0.8513071895424836 0.783289817232376 0.8464052287581699 0.7859007832898173 0.8366013071895425 0.7806788511749347 0.8300653594771242 0.7859007832898173 0.8186274509803921 0.7780678851174935 0.8022875816993464 0.7754569190600522 0.7924836601307189 0.7676240208877284 0.7924836601307189 0.7650130548302873 0.8022875816993464 0.7571801566579635 0.8137254901960784 0.7571801566579635
1 0.5147058823529411 0.4751958224543081 0.5294117647058824 0.47780678851174935 0.5326797385620915 0.4830287206266319 0.5310457516339869 0.4960835509138381 0.5294117647058824 0.49869451697127937 0.5245098039215687 0.49869451697127937 0.5130718954248366 0.48825065274151436 0.5130718954248366 0.4804177545691906 0.5147058823529411 0.47780678851174935
1 0.673202614379085 0.7362924281984334 0.673202614379085 0.7467362924281984 0.6683006535947712 0.7519582245430809 0.6568627450980392 0.7493472584856397 0.6486928104575164 0.7389033942558747 0.6486928104575164 0.7336814621409922 0.6503267973856209 0.7310704960835509 0.6650326797385621 0.7310704960835509 0.6715686274509803 0.7362924281984334
1 0.7598039215686274 0.660574412532637 0.7745098039215687 0.660574412532637 0.7826797385620915 0.6657963446475196 0.7826797385620915 0.6710182767624021 0.7712418300653595 0.6710182767624021 0.7598039215686274 0.6631853785900783
1 0.9428104575163399 0.9295039164490861 0.9558823529411765 0.9373368146214099 0.9607843137254902 0.9477806788511749 0.9607843137254902 0.95822454308094 0.9591503267973857 0.9608355091383812 0.946078431372549 0.9686684073107049 0.934640522875817 0.9686684073107049 0.9297385620915033 0.9634464751958225 0.9183006535947712 0.9608355091383812 0.9101307189542484 0.9530026109660574 0.9035947712418301 0.9399477806788512 0.9035947712418301 0.9295039164490861 0.9052287581699346 0.9268929503916449 0.9362745098039216 0.9268929503916449 0.9411764705882353 0.9295039164490861
1 0.7467320261437909 0.6814621409921671 0.761437908496732 0.6814621409921671 0.7696078431372549 0.6866840731070496 0.7696078431372549 0.6945169712793734 0.7581699346405228 0.6945169712793734 0.7467320261437909 0.6866840731070496 0.7467320261437909 0.6840731070496083
1 0.32679738562091504 0.8015665796344648 0.33169934640522875 0.8093994778067886 0.33169934640522875 0.814621409921671 0.33986928104575165 0.8328981723237598 0.33986928104575165 0.856396866840731 0.3333333333333333 0.8642297650130548 0.3235294117647059 0.8642297650130548 0.32189542483660133 0.8616187989556136 0.315359477124183 0.8433420365535248 0.315359477124183 0.835509138381201 0.3104575163398693 0.8198433420365535 0.31209150326797386 0.8093994778067886 0.31699346405228757 0.8015665796344648 0.32516339869281047 0.8015665796344648
1 0.5098039215686274 0.7859007832898173 0.5196078431372549 0.793733681462141 0.5212418300653595 0.7963446475195822 0.5212418300653595 0.804177545691906 0.5163398692810458 0.814621409921671 0.5081699346405228 0.8224543080939948 0.49836601307189543 0.8224543080939948 0.48856209150326796 0.8172323759791122 0.4803921568627451 0.8067885117493473 0.4803921568627451 0.7989556135770235 0.4852941176470588 0.7911227154046997 0.49673202614379086 0.7859007832898173 0.5081699346405228 0.7859007832898173
1 0.8529411764705882 0.762402088772846 0.8611111111111112 0.7702349869451697 0.8660130718954249 0.7676240208877284 0.869281045751634 0.7728459530026109 0.8758169934640523 0.7728459530026109 0.8823529411764706 0.7859007832898173 0.8905228758169934 0.7859007832898173 0.8937908496732027 0.7911227154046997 0.9003267973856209 0.7911227154046997 0.9019607843137255 0.793733681462141 0.9084967320261438 0.793733681462141 0.9101307189542484 0.7911227154046997 0.9117647058823529 0.793733681462141 0.9264705882352942 0.793733681462141 0.9313725490196079 0.7963446475195822 0.9313725490196079 0.8015665796344648 0.9395424836601307 0.8093994778067886 0.9444444444444444 0.8093994778067886 0.9558823529411765 0.8172323759791122 0.9591503267973857 0.814621409921671 0.9607843137254902 0.8172323759791122 0.9869281045751634 0.8198433420365535 0.9934640522875817 0.8276762402088773 0.9901960784313726 0.8302872062663186 0.9901960784313726 0.8381201044386423 0.9934640522875817 0.8407310704960835 0.9934640522875817 0.8485639686684073 0.9869281045751634 0.8590078328981723 0.9901960784313726 0.8642297650130548 0.9934640522875817 0.8616187989556136 0.9950980392156863 0.8642297650130548 0.988562091503268 0.8720626631853786 0.9820261437908496 0.8720626631853786 0.9803921568627451 0.8746736292428199 0.9820261437908496 0.8798955613577023 0.9803921568627451 0.8825065274151436 0.9820261437908496 0.8851174934725848 0.9803921568627451 0.8903394255874674 0.9754901960784313 0.8929503916449086 0.9738562091503268 0.9007832898172323 0.9771241830065359 0.9060052219321149 0.9803921568627451 0.9060052219321149 0.9901960784313726 0.9216710182767625 0.988562091503268 0.9347258485639687 0.9918300653594772 0.9399477806788512 0.9950980392156863 0.9373368146214099 0.9983660130718954 0.9295039164490861 0.9967320261437909 0.9242819843342036 0.9983660130718954 0.9242819843342036 0.9983660130718954 0.9556135770234987 0.9967320261437909 0.95822454308094 0.9983660130718954 0.9608355091383812 0.9983660130718954 0.97911227154047 0.9852941176470589 0.97911227154047 0.9803921568627451 0.9869451697127938 0.9820261437908496 0.9921671018276762 0.9689542483660131 0.9921671018276762 0.9705882352941176 0.9895561357702349 0.9689542483660131 0.9869451697127938 0.9640522875816994 0.9869451697127938 0.9624183006535948 0.9921671018276762 0.9411764705882353 0.9921671018276762 0.9428104575163399 0.9895561357702349 0.9411764705882353 0.9869451697127938 0.9362745098039216 0.9869451697127938 0.934640522875817 0.9921671018276762 0.9183006535947712 0.9921671018276762 0.9166666666666666 0.9947780678851175 0.8643790849673203 0.9921671018276762 0.8611111111111112 0.9869451697127938 0.8594771241830066 0.9712793733681462 0.8643790849673203 0.9660574412532638 0.8660130718954249 0.95822454308094 0.8937908496732027 0.9503916449086162 0.8986928104575164 0.9425587467362925 0.8986928104575164 0.9268929503916449 0.9117647058823529 0.9216710182767625 0.9166666666666666 0.9164490861618799 0.9150326797385621 0.9138381201044387 0.9183006535947712 0.9164490861618799 0.923202614379085 0.9112271540469974 0.9313725490196079 0.9086161879895561 0.9411764705882353 0.8981723237597912 0.9526143790849673 0.8955613577023499 0.9591503267973857 0.8903394255874674 0.9656862745098039 0.8981723237597912 0.9689542483660131 0.8929503916449086 0.9640522875816994 0.8851174934725848 0.9526143790849673 0.8851174934725848 0.946078431372549 0.8772845953002611 0.9411764705882353 0.8772845953002611 0.934640522875817 0.8825065274151436 0.9313725490196079 0.8772845953002611 0.9281045751633987 0.8772845953002611 0.9248366013071896 0.8694516971279374 0.9068627450980392 0.8694516971279374 0.9003267973856209 0.8616187989556136 0.9003267973856209 0.8511749347258486 0.8986928104575164 0.8485639686684073 0.8856209150326797 0.8459530026109661 0.8725490196078431 0.8302872062663186 0.869281045751634 0.8328981723237598 0.8513071895424836 0.8328981723237598 0.8464052287581699 0.835509138381201 0.8431372549019608 0.8407310704960835 0.8398692810457516 0.8407310704960835 0.8366013071895425 0.8511749347258486 0.8333333333333334 0.8511749347258486 0.8300653594771242 0.8459530026109661 0.8316993464052288 0.8381201044386423 0.8300653594771242 0.835509138381201 0.8235294117647058 0.835509138381201 0.8218954248366013 0.8381201044386423 0.8235294117647058 0.8407310704960835 0.8218954248366013 0.8433420365535248 0.8202614379084967 0.8616187989556136 0.815359477124183 0.8616187989556136 0.8137254901960784 0.8642297650130548 0.8022875816993464 0.8616187989556136 0.7924836601307189 0.8511749347258486 0.795751633986928 0.8433420365535248 0.8071895424836601 0.8459530026109661 0.8088235294117647 0.8381201044386423 0.8120915032679739 0.835509138381201 0.8169934640522876 0.8407310704960835 0.8218954248366013 0.8381201044386423 0.8235294117647058 0.8328981723237598 0.8202614379084967 0.825065274151436 0.8300653594771242 0.814621409921671 0.8366013071895425 0.8224543080939948 0.8398692810457516 0.814621409921671 0.8349673202614379 0.8093994778067886 0.8398692810457516 0.8093994778067886 0.8447712418300654 0.8015665796344648 0.8513071895424836 0.8093994778067886 0.8562091503267973 0.8093994778067886 0.8578431372549019 0.8120104438642297 0.8627450980392157 0.8093994778067886 0.8545751633986928 0.793733681462141 0.8496732026143791 0.793733681462141 0.8480392156862745 0.7989556135770235 0.8447712418300654 0.793733681462141 0.8415032679738562 0.7989556135770235 0.8366013071895425 0.793733681462141 0.8284313725490197 0.7911227154046997 0.826797385620915 0.7859007832898173 0.8186274509803921 0.7780678851174935 0.803921568627451 0.7754569190600522 0.7941176470588235 0.7702349869451697 0.7924836601307189 0.7650130548302873 0.8055555555555556 0.7571801566579635 0.8137254901960784 0.7571801566579635 0.8251633986928104 0.7650130548302873 0.8300653594771242 0.762402088772846 0.8513071895424836 0.762402088772846
1 0.5147058823529411 0.47780678851174935 0.5245098039215687 0.4830287206266319 0.5326797385620915 0.4830287206266319 0.5310457516339869 0.49869451697127937 0.5261437908496732 0.5013054830287206 0.5245098039215687 0.49869451697127937 0.511437908496732 0.4960835509138381 0.5098039215686274 0.4908616187989556 0.5130718954248366 0.4804177545691906
1 0.8104575163398693 0.8381201044386423 0.8218954248366013 0.8537859007832899 0.8218954248366013 0.8590078328981723 0.8169934640522876 0.8642297650130548 0.8022875816993464 0.8642297650130548 0.7924836601307189 0.8537859007832899 0.7908496732026143 0.8485639686684073 0.7941176470588235 0.8407310704960835 0.7973856209150327 0.8381201044386423 0.8088235294117647 0.8381201044386423
1 0.5049019607843137 0.5587467362924282 0.5147058823529411 0.5535248041775457 0.5212418300653595 0.556135770234987 0.5228758169934641 0.5639686684073107 0.5196078431372549 0.566579634464752 0.5130718954248366 0.566579634464752 0.5065359477124183 0.5613577023498695
1 0.08496732026143791 0.8877284595300261 0.0915032679738562 0.8955613577023499 0.09640522875816994 0.8929503916449086 0.09803921568627451 0.8877284595300261 0.12254901960784313 0.8877284595300261 0.12418300653594772 0.8903394255874674 0.12908496732026145 0.8903394255874674 0.13398692810457516 0.8955613577023499 0.1388888888888889 0.8955613577023499 0.14869281045751634 0.9086161879895561 0.15359477124183007 0.9112271540469974 0.1568627450980392 0.9190600522193212 0.15359477124183007 0.9242819843342036 0.13725490196078433 0.9347258485639687 0.12908496732026145 0.9477806788511749 0.12908496732026145 0.9608355091383812 0.12581699346405228 0.9660574412532638 0.12254901960784313 0.9634464751958225 0.11764705882352941 0.9660574412532638 0.11601307189542484 0.9634464751958225 0.10620915032679738 0.9712793733681462 0.09803921568627451 0.9660574412532638 0.09313725490196079 0.9712793733681462 0.08660130718954248 0.9608355091383812 0.0784313725490196 0.95822454308094 0.0718954248366013 0.9503916449086162 0.0718954248366013 0.9425587467362925 0.0784313725490196 0.9295039164490861 0.07352941176470588 0.9216710182767625 0.07026143790849673 0.9242819843342036 0.06699346405228758 0.9164490861618799 0.06209150326797386 0.9164490861618799 0.06045751633986928 0.9138381201044387 0.06209150326797386 0.9060052219321149 0.08006535947712418 0.8955613577023499 0.08333333333333333 0.8903394255874674
1 0.7794117647058824 0.8720626631853786 0.795751633986928 0.8825065274151436 0.7990196078431373 0.8903394255874674 0.7990196078431373 0.8981723237597912 0.7941176470588235 0.9060052219321149 0.7892156862745098 0.9060052219321149 0.7810457516339869 0.9112271540469974 0.7794117647058824 0.9138381201044387 0.7794117647058824 0.9321148825065274 0.7679738562091504 0.9451697127937336 0.761437908496732 0.9399477806788512 0.75 0.9242819843342036 0.7434640522875817 0.9112271540469974 0.7450980392156863 0.9033942558746736 0.7549019607843137 0.8929503916449086 0.761437908496732 0.8772845953002611 0.7663398692810458 0.8720626631853786 0.7777777777777778 0.8720626631853786
1 0.5163398692810458 0.5169712793733682 0.5228758169934641 0.5274151436031331 0.5081699346405228 0.5274151436031331 0.5032679738562091 0.5248041775456919 0.5016339869281046 0.5221932114882507 0.5032679738562091 0.5169712793733682 0.5147058823529411 0.5169712793733682
1 0.8790849673202614 0.7885117493472585 0.8937908496732027 0.7989556135770235 0.8986928104575164 0.8067885117493473 0.8970588235294118 0.8093994778067886 0.880718954248366 0.8093994778067886 0.8790849673202614 0.8067885117493473 0.8725490196078431 0.8067885117493473 0.8627450980392157 0.7989556135770235 0.8611111111111112 0.7963446475195822 0.8627450980392157 0.7885117493472585 0.8774509803921569 0.7885117493472585
1 0.6111111111111112 0.7911227154046997 0.619281045751634 0.7963446475195822 0.6290849673202614 0.8093994778067886 0.630718954248366 0.814621409921671 0.6274509803921569 0.8198433420365535 0.6111111111111112 0.8198433420365535 0.5898692810457516 0.8093994778067886 0.5898692810457516 0.8015665796344648 0.5915032679738562 0.7989556135770235 0.6013071895424836 0.7911227154046997 0.6094771241830066 0.7911227154046997
1 0.9950980392156863 0.9007832898172323 0.9983660130718954 0.9007832898172323 0.9983660130718954 0.9477806788511749 0.9967320261437909 0.9503916449086162 0.9983660130718954 0.95822454308094 0.9983660130718954 0.97911227154047 0.9803921568627451 0.9869451697127938 0.9689542483660131 0.9869451697127938 0.9640522875816994 0.9817232375979112 0.9607843137254902 0.9817232375979112 0.9591503267973857 0.9843342036553525 0.9624183006535948 0.9869451697127938 0.9607843137254902 0.9921671018276762 0.9575163398692811 0.9921671018276762 0.9591503267973857 0.9895561357702349 0.9493464052287581 0.97911227154047 0.9444444444444444 0.97911227154047 0.9362745098039216 0.9843342036553525 0.9330065359477124 0.9921671018276762 0.8790849673202614 0.9947780678851175 0.8774509803921569 0.9921671018276762 0.8660130718954249 0.9895561357702349 0.8611111111111112 0.9765013054830287 0.8643790849673203 0.9634464751958225 0.869281045751634 0.95822454308094 0.8839869281045751 0.9556135770234987 0.8888888888888888 0.9608355091383812 0.8937908496732027 0.9608355091383812 0.9003267973856209 0.9503916449086162 0.9003267973856209 0.9295039164490861 0.9019607843137255 0.9268929503916449 0.9068627450980392 0.9268929503916449 0.9150326797385621 0.9216710182767625 0.9313725490196079 0.9216710182767625 0.934640522875817 0.9164490861618799 0.934640522875817 0.9112271540469974 0.9379084967320261 0.9033942558746736 0.9411764705882353 0.9007832898172323 0.9575163398692811 0.8981723237597912 0.9705882352941176 0.9060052219321149 0.9771241830065359 0.9164490861618799 0.9852941176470589 0.9112271540469974 0.9950980392156863 0.9138381201044387 0.9967320261437909 0.9112271540469974 0.9950980392156863 0.9033942558746736
1 0.5245098039215687 0.5796344647519582 0.5326797385620915 0.5848563968668408 0.5310457516339869 0.5926892950391645 0.5196078431372549 0.5926892950391645 0.511437908496732 0.587467362924282 0.5098039215686274 0.5822454308093995 0.511437908496732 0.5796344647519582 0.5228758169934641 0.5796344647519582
1 0.5343137254901961 0.7154046997389034 0.5359477124183006 0.7232375979112271 0.5277777777777778 0.7336814621409922 0.5196078431372549 0.7336814621409922 0.5081699346405228 0.7284595300261096 0.5032679738562091 0.7232375979112271 0.5016339869281046 0.7154046997389034 0.5081699346405228 0.7101827676240209 0.5261437908496732 0.7101827676240209 0.5326797385620915 0.7154046997389034
1 0.29248366013071897 0.7127937336814621 0.30392156862745096 0.7180156657963447 0.3055555555555556 0.720626631853786 0.3055555555555556 0.7284595300261096 0.3104575163398693 0.7362924281984334 0.31862745098039214 0.7389033942558747 0.3284313725490196 0.7467362924281984 0.3284313725490196 0.7545691906005222 0.33169934640522875 0.7676240208877284 0.3480392156862745 0.7754569190600522 0.3545751633986928 0.7885117493472585 0.36437908496732024 0.7963446475195822 0.36764705882352944 0.8067885117493473 0.38235294117647056 0.8302872062663186 0.38562091503267976 0.8302872062663186 0.3888888888888889 0.835509138381201 0.3872549019607843 0.8459530026109661 0.39052287581699346 0.8511749347258486 0.39052287581699346 0.8616187989556136 0.3839869281045752 0.8720626631853786 0.3660130718954248 0.8825065274151436 0.3627450980392157 0.8903394255874674 0.35294117647058826 0.8903394255874674 0.35130718954248363 0.8929503916449086 0.3464052287581699 0.8929503916449086 0.34477124183006536 0.8903394255874674 0.3415032679738562 0.8955613577023499 0.3300653594771242 0.8955613577023499 0.32679738562091504 0.8903394255874674 0.3202614379084967 0.8955613577023499 0.31699346405228757 0.8903394255874674 0.3104575163398693 0.8903394255874674 0.30718954248366015 0.8851174934725848 0.3055555555555556 0.8903394255874674 0.3022875816993464 0.8903394255874674 0.2973856209150327 0.8955613577023499 0.2908496732026144 0.9112271540469974 0.28104575163398693 0.9190600522193212 0.2826797385620915 0.9242819843342036 0.28921568627450983 0.9242819843342036 0.27941176470588236 0.9451697127937336 0.2679738562091503 0.9503916449086162 0.26143790849673204 0.9503916449086162 0.25326797385620914 0.9451697127937336 0.24183006535947713 0.9451697127937336 0.24019607843137256 0.9477806788511749 0.238562091503268 0.9451697127937336 0.23202614379084968 0.9451697127937336 0.22712418300653595 0.9373368146214099 0.21241830065359477 0.9373368146214099 0.20588235294117646 0.9321148825065274 0.2042483660130719 0.9242819843342036 0.20588235294117646 0.9060052219321149 0.2042483660130719 0.9007832898172323 0.20098039215686275 0.8955613577023499 0.19117647058823528 0.8955613577023499 0.19281045751633988 0.8929503916449086 0.18627450980392157 0.8825065274151436 0.17647058823529413 0.8772845953002611 0.17320261437908496 0.8694516971279374 0.16666666666666666 0.8668407310704961 0.16339869281045752 0.8616187989556136 0.16339869281045752 0.856396866840731 0.15522875816993464 0.8485639686684073 0.15522875816993464 0.8407310704960835 0.15849673202614378 0.835509138381201 0.16666666666666666 0.8302872062663186 0.18137254901960784 0.8276762402088773 0.18627450980392157 0.8224543080939948 0.19281045751633988 0.8015665796344648 0.20098039215686275 0.7963446475195822 0.20915032679738563 0.783289817232376 0.20751633986928106 0.7702349869451697 0.21241830065359477 0.762402088772846 0.2107843137254902 0.7545691906005222 0.2042483660130719 0.7493472584856397 0.19281045751633988 0.7519582245430809 0.18790849673202614 0.7441253263707572 0.18137254901960784 0.7441253263707572 0.1781045751633987 0.7389033942558747 0.17320261437908496 0.7389033942558747 0.1715686274509804 0.741514360313316 0.16176470588235295 0.7362924281984334 0.17647058823529413 0.7362924281984334 0.1781045751633987 0.7336814621409922 0.17647058823529413 0.7310704960835509 0.16666666666666666 0.7310704960835509 0.16666666666666666 0.7258485639686684 0.17647058823529413 0.7258485639686684 0.18137254901960784 0.720626631853786 0.18627450980392157 0.7258485639686684 0.1895424836601307 0.7258485639686684 0.19117647058823528 0.7232375979112271 0.20751633986928106 0.7232375979112271 0.21568627450980393 0.7180156657963447 0.2238562091503268 0.7180156657963447 0.22549019607843138 0.720626631853786 0.24183006535947713 0.720626631853786 0.24673202614379086 0.7258485639686684 0.25326797385620914 0.7258485639686684 0.2549019607843137 0.7232375979112271 0.2647058823529412 0.7232375979112271 0.26633986928104575 0.720626631853786 0.27941176470588236 0.7232375979112271 0.2908496732026144 0.7127937336814621
1 0.8823529411764706 0.95822454308094 0.8839869281045751 0.9608355091383812 0.8954248366013072 0.9634464751958225 0.9019607843137255 0.9712793733681462 0.9117647058823529 0.9921671018276762 0.9117647058823529 0.9947780678851175 0.9052287581699346 0.9947780678851175 0.9035947712418301 0.9973890339425587 0.8758169934640523 0.9947780678851175 0.8741830065359477 0.9921671018276762 0.8676470588235294 0.9921671018276762 0.8627450980392157 0.9869451697127938 0.8611111111111112 0.9817232375979112 0.8627450980392157 0.9660574412532638 0.869281045751634 0.95822454308094 0.880718954248366 0.95822454308094
1 0.33986928104575165 0.8067885117493473 0.35784313725490197 0.8224543080939948 0.369281045751634 0.825065274151436 0.3758169934640523 0.8302872062663186 0.37745098039215685 0.8459530026109661 0.3872549019607843 0.8590078328981723 0.38562091503267976 0.8668407310704961 0.3611111111111111 0.8798955613577023 0.3480392156862745 0.8772845953002611 0.3431372549019608 0.8694516971279374 0.3382352941176471 0.8694516971279374 0.33169934640522875 0.8642297650130548 0.3235294117647059 0.8642297650130548 0.315359477124183 0.8459530026109661 0.315359477124183 0.8381201044386423 0.3104575163398693 0.8224543080939948 0.31209150326797386 0.8067885117493473 0.32189542483660133 0.7989556135770235 0.3366013071895425 0.7989556135770235 0.3382352941176471 0.8067885117493473
1 0.48366013071895425 0.8720626631853786 0.4950980392156863 0.8772845953002611 0.49836601307189543 0.8825065274151436 0.5081699346405228 0.8851174934725848 0.5147058823529411 0.8929503916449086 0.5147058823529411 0.9007832898172323 0.5163398692810458 0.9033942558746736 0.5130718954248366 0.9138381201044387 0.5065359477124183 0.9190600522193212 0.4738562091503268 0.9164490861618799 0.47058823529411764 0.9112271540469974 0.4673202614379085 0.9112271540469974 0.45098039215686275 0.8955613577023499 0.4493464052287582 0.8877284595300261 0.45588235294117646 0.8772845953002611 0.46895424836601307 0.8746736292428199 0.47058823529411764 0.8720626631853786 0.4820261437908497 0.8720626631853786
1 0.9575163398692811 0.8981723237597912 0.9722222222222222 0.9112271540469974 0.9771241830065359 0.9216710182767625 0.9771241830065359 0.9242819843342036 0.9673202614379085 0.9321148825065274 0.9526143790849673 0.9321148825065274 0.9379084967320261 0.9216710182767625 0.9362745098039216 0.9112271540469974 0.9395424836601307 0.9033942558746736 0.9477124183006536 0.8981723237597912 0.9558823529411765 0.8981723237597912
1 0.4803921568627451 0.5535248041775457 0.4869281045751634 0.5587467362924282 0.4918300653594771 0.5587467362924282 0.49673202614379086 0.566579634464752 0.4918300653594771 0.5718015665796344 0.4803921568627451 0.5691906005221932 0.4722222222222222 0.5613577023498695 0.46895424836601307 0.556135770234987 0.47058823529411764 0.5535248041775457 0.47549019607843135 0.5509138381201044 0.47875816993464054 0.5535248041775457
1 0.5212418300653595 0.4934725848563969 0.5310457516339869 0.49869451697127937 0.5294117647058824 0.5143603133159269 0.5261437908496732 0.5195822454308094 0.5179738562091504 0.5195822454308094 0.5065359477124183 0.5143603133159269 0.5098039215686274 0.5091383812010444 0.5081699346405228 0.49869451697127937 0.511437908496732 0.4934725848563969 0.5196078431372549 0.4934725848563969
1 0.4803921568627451 0.8720626631853786 0.4820261437908497 0.8746736292428199 0.48856209150326796 0.8746736292428199 0.4950980392156863 0.8798955613577023 0.49673202614379086 0.8851174934725848 0.4950980392156863 0.8955613577023499 0.4852941176470588 0.9112271540469974 0.46568627450980393 0.9086161879895561 0.4526143790849673 0.8981723237597912 0.4493464052287582 0.8903394255874674 0.45098039215686275 0.8825065274151436 0.45588235294117646 0.8772845953002611 0.47875816993464054 0.8720626631853786
1 0.4166666666666667 0.5613577023498695 0.42320261437908496 0.5613577023498695 0.42483660130718953 0.5639686684073107 0.4297385620915033 0.5613577023498695 0.44607843137254904 0.5613577023498695 0.45588235294117646 0.5744125326370757 0.45588235294117646 0.5796344647519582 0.43300653594771243 0.577023498694517 0.4215686274509804 0.5718015665796344 0.4166666666666667 0.5639686684073107
1 0.9444444444444444 0.8172323759791122 0.9509803921568627 0.825065274151436 0.9509803921568627 0.8302872062663186 0.946078431372549 0.835509138381201 0.9264705882352942 0.835509138381201 0.9183006535947712 0.8302872062663186 0.9133986928104575 0.8224543080939948 0.9133986928104575 0.8172323759791122 0.9199346405228758 0.8093994778067886 0.9313725490196079 0.8093994778067886 0.9428104575163399 0.8172323759791122
1 0.6511437908496732 0.758485639686684 0.03431372549019608 0.02349869451697128
1 0.8186274509803921 0.7597911227154047 0.8251633986928104 0.7650130548302873 0.8251633986928104 0.7728459530026109 0.8235294117647058 0.7754569190600522 0.803921568627451 0.7754569190600522 0.7941176470588235 0.7676240208877284 0.795751633986928 0.762402088772846 0.803921568627451 0.7571801566579635 0.815359477124183 0.7571801566579635 0.8169934640522876 0.7597911227154047
1 0.704248366013072 0.7049608355091384 0.7058823529411765 0.7075718015665796 0.7124183006535948 0.7049608355091384 0.7222222222222222 0.7154046997389034 0.7287581699346405 0.7154046997389034 0.7303921568627451 0.7180156657963447 0.7320261437908496 0.7154046997389034 0.738562091503268 0.7154046997389034 0.7565359477124183 0.7284595300261096 0.761437908496732 0.7362924281984334 0.7630718954248366 0.7336814621409922 0.7696078431372549 0.7336814621409922 0.7712418300653595 0.7389033942558747 0.7794117647058824 0.7389033942558747 0.7810457516339869 0.741514360313316 0.7908496732026143 0.7362924281984334 0.7924836601307189 0.7336814621409922 0.7892156862745098 0.7284595300261096 0.7892156862745098 0.7232375979112271 0.795751633986928 0.720626631853786 0.7973856209150327 0.7232375979112271 0.7908496732026143 0.7232375979112271 0.7892156862745098 0.7258485639686684 0.7924836601307189 0.7310704960835509 0.7973856209150327 0.7310704960835509 0.7990196078431373 0.7362924281984334 0.8104575163398693 0.7336814621409922 0.8088235294117647 0.7362924281984334 0.8104575163398693 0.7389033942558747 0.8186274509803921 0.7389033942558747 0.8218954248366013 0.7441253263707572 0.826797385620915 0.7441253263707572 0.8316993464052288 0.7389033942558747 0.8333333333333334 0.741514360313316 0.8431372549019608 0.741514360313316 0.8447712418300654 0.7389033942558747 0.8529411764705882 0.7467362924281984 0.8660130718954249 0.7467362924281984 0.8676470588235294 0.7519582245430809 0.8725490196078431 0.7519582245430809 0.8839869281045751 0.762402088772846 0.8856209150326797 0.7676240208877284 0.8888888888888888 0.7676240208877284 0.8970588235294118 0.7780678851174935 0.9003267973856209 0.7780678851174935 0.8937908496732027 0.7859007832898173 0.8970588235294118 0.7911227154046997 0.8937908496732027 0.7963446475195822 0.8905228758169934 0.7963446475195822 0.8823529411764706 0.7859007832898173 0.8774509803921569 0.793733681462141 0.8790849673202614 0.8015665796344648 0.8758169934640523 0.8067885117493473 0.8627450980392157 0.7989556135770235 0.8578431372549019 0.804177545691906 0.8545751633986928 0.7989556135770235 0.8529411764705882 0.8015665796344648 0.8496732026143791 0.7989556135770235 0.8366013071895425 0.8015665796344648 0.8349673202614379 0.7989556135770235 0.8218954248366013 0.7989556135770235 0.8202614379084967 0.7963446475195822 0.8186274509803921 0.7989556135770235 0.815359477124183 0.7963446475195822 0.8104575163398693 0.7989556135770235 0.8022875816993464 0.793733681462141 0.7941176470588235 0.793733681462141 0.7892156862745098 0.7859007832898173 0.7941176470588235 0.783289817232376 0.7908496732026143 0.7780678851174935 0.7761437908496732 0.7780678851174935 0.761437908496732 0.7859007832898173 0.7598039215686274 0.783289817232376 0.7532679738562091 0.783289817232376 0.7516339869281046 0.7859007832898173 0.7450980392156863 0.7859007832898173 0.7434640522875817 0.7885117493472585 0.7450980392156863 0.7911227154046997 0.7352941176470589 0.7911227154046997 0.7303921568627451 0.783289817232376 0.7205882352941176 0.783289817232376 0.7173202614379085 0.7780678851174935 0.7124183006535948 0.7780678851174935 0.7140522875816994 0.7754569190600522 0.7091503267973857 0.7702349869451697 0.7026143790849673 0.7702349869451697 0.696078431372549 0.7780678851174935 0.6895424836601307 0.7780678851174935 0.684640522875817 0.7989556135770235 0.673202614379085 0.7989556135770235 0.6715686274509803 0.8015665796344648 0.6797385620915033 0.8120104438642297 0.6748366013071896 0.8120104438642297 0.673202614379085 0.8172323759791122 0.6748366013071896 0.8198433420365535 0.6797385620915033 0.8198433420365535 0.673202614379085 0.8198433420365535 0.6617647058823529 0.8093994778067886 0.6568627450980392 0.8172323759791122 0.6519607843137255 0.8120104438642297 0.6454248366013072 0.8224543080939948 0.6437908496732027 0.8328981723237598 0.6388888888888888 0.8381201044386423 0.6323529411764706 0.835509138381201 0.6290849673202614 0.8407310704960835 0.6241830065359477 0.8407310704960835 0.6160130718954249 0.8459530026109661 0.6111111111111112 0.8459530026109661 0.6078431372549019 0.8407310704960835 0.5980392156862745 0.8407310704960835 0.5931372549019608 0.835509138381201 0.5849673202614379 0.8328981723237598 0.5833333333333334 0.8172323759791122 0.576797385620915 0.804177545691906 0.576797385620915 0.7989556135770235 0.5816993464052288 0.7963446475195822 0.5849673202614379 0.7885117493472585 0.5898692810457516 0.7885117493472585 0.5915032679738562 0.7859007832898173 0.5931372549019608 0.7885117493472585 0.5964052287581699 0.7859007832898173 0.6029411764705882 0.7885117493472585 0.6045751633986928 0.7859007832898173 0.6013071895424836 0.7780678851174935 0.5898692810457516 0.7754569190600522 0.5980392156862745 0.7702349869451697 0.5964052287581699 0.7676240208877284 0.5882352941176471 0.7676240208877284 0.5898692810457516 0.7597911227154047 0.5915032679738562 0.7571801566579635 0.5980392156862745 0.7571801566579635 0.6029411764705882 0.7467362924281984 0.6078431372549019 0.7441253263707572 0.6078431372549019 0.7389033942558747 0.6143790849673203 0.741514360313316 0.6176470588235294 0.7336814621409922 0.630718954248366 0.7310704960835509 0.6356209150326797 0.7389033942558747 0.6388888888888888 0.7389033942558747 0.6405228758169934 0.7362924281984334 0.6388888888888888 0.7310704960835509 0.6421568627450981 0.7258485639686684 0.6388888888888888 0.720626631853786 0.6323529411764706 0.720626631853786 0.6323529411764706 0.7180156657963447 0.6372549019607843 0.7180156657963447 0.6437908496732027 0.7127937336814621 0.6552287581699346 0.7127937336814621 0.6584967320261438 0.7075718015665796 0.6633986928104575 0.7075718015665796 0.6650326797385621 0.7049608355091384 0.6748366013071896 0.7049608355091384 0.6781045751633987 0.6971279373368147 0.684640522875817 0.7049608355091384 0.6944444444444444 0.7049608355091384 0.696078431372549 0.7023498694516971 0.7026143790849673 0.7049608355091384
1 0.6895424836601307 0.7258485639686684 0.6977124183006536 0.7310704960835509 0.7009803921568627 0.7362924281984334 0.6993464052287581 0.741514360313316 0.6928104575163399 0.741514360313316 0.6911764705882353 0.7441253263707572 0.6879084967320261 0.741514360313316 0.6797385620915033 0.741514360313316 0.6781045751633987 0.7441253263707572 0.6683006535947712 0.7336814621409922 0.673202614379085 0.7258485639686684 0.6879084967320261 0.7258485639686684
1 0.6013071895424836 0.7676240208877284 0.6078431372549019 0.762402088772846 0.6225490196078431 0.762402088772846 0.6241830065359477 0.7650130548302873 0.6405228758169934 0.7676240208877284 0.6470588235294118 0.7780678851174935 0.6470588235294118 0.7859007832898173 0.6454248366013072 0.7885117493472585 0.6225490196078431 0.7859007832898173 0.6029411764705882 0.7702349869451697
1 0.9803921568627451 0.8172323759791122 0.9820261437908496 0.8198433420365535 0.9983660130718954 0.8224543080939948 0.9983660130718954 0.8511749347258486 0.9738562091503268 0.8459530026109661 0.9591503267973857 0.835509138381201 0.9558823529411765 0.8302872062663186 0.9558823529411765 0.825065274151436 0.9607843137254902 0.8172323759791122 0.9787581699346405 0.8172323759791122
1 0.6699346405228758 0.7127937336814621 0.6797385620915033 0.7127937336814621 0.6813725490196079 0.7154046997389034 0.6879084967320261 0.7101827676240209 0.7107843137254902 0.7127937336814621 0.7156862745098039 0.7180156657963447 0.7287581699346405 0.7180156657963447 0.7336601307189542 0.7258485639686684 0.7369281045751634 0.7154046997389034 0.7369281045751634 0.720626631853786 0.7401960784313726 0.7258485639686684 0.7434640522875817 0.7232375979112271 0.7450980392156863 0.7258485639686684 0.7516339869281046 0.7258485639686684 0.7598039215686274 0.7362924281984334 0.7679738562091504 0.7336814621409922 0.7712418300653595 0.7389033942558747 0.7777777777777778 0.7389033942558747 0.7794117647058824 0.741514360313316 0.7990196078431373 0.7389033942558747 0.8022875816993464 0.7336814621409922 0.7990196078431373 0.7232375979112271 0.7941176470588235 0.7232375979112271 0.795751633986928 0.720626631853786 0.7973856209150327 0.7232375979112271 0.803921568627451 0.7232375979112271 0.8055555555555556 0.720626631853786 0.8251633986928104 0.7180156657963447 0.8316993464052288 0.7232375979112271 0.8300653594771242 0.7258485639686684 0.8251633986928104 0.7258485639686684 0.8235294117647058 0.7284595300261096 0.8120915032679739 0.7258485639686684 0.8104575163398693 0.7284595300261096 0.815359477124183 0.7389033942558747 0.8202614379084967 0.7389033942558747 0.8218954248366013 0.741514360313316 0.8284313725490197 0.741514360313316 0.8300653594771242 0.7389033942558747 0.8349673202614379 0.7389033942558747 0.8366013071895425 0.741514360313316 0.8415032679738562 0.741514360313316 0.8431372549019608 0.7389033942558747 0.8480392156862745 0.741514360313316 0.8627450980392157 0.7389033942558747 0.869281045751634 0.7441253263707572 0.8725490196078431 0.7519582245430809 0.8856209150326797 0.7597911227154047 0.8921568627450981 0.7676240208877284 0.9035947712418301 0.7702349869451697 0.9133986928104575 0.7780678851174935 0.9215686274509803 0.7780678851174935 0.9313725490196079 0.7728459530026109 0.9313725490196079 0.7780678851174935 0.9379084967320261 0.7859007832898173 0.9395424836601307 0.783289817232376 0.946078431372549 0.7859007832898173 0.9477124183006536 0.793733681462141 0.954248366013072 0.804177545691906 0.9607843137254902 0.804177545691906 0.9624183006535948 0.8015665796344648 0.954248366013072 0.7963446475195822 0.9738562091503268 0.7989556135770235 0.9689542483660131 0.7989556135770235 0.9673202614379085 0.804177545691906 0.9754901960784313 0.8120104438642297 0.9820261437908496 0.8120104438642297 0.9836601307189542 0.8093994778067886 0.9869281045751634 0.8120104438642297 0.9869281045751634 0.8198433420365535 0.9918300653594772 0.8276762402088773 0.9869281045751634 0.856396866840731 0.9869281045751634 0.8642297650130548 0.9901960784313726 0.8668407310704961 0.9901960784313726 0.8746736292428199 0.9869281045751634 0.8825065274151436 0.9869281045751634 0.9007832898172323 0.9836601307189542 0.9033942558746736 0.9869281045751634 0.9321148825065274 0.9820261437908496 0.9347258485639687 0.9836601307189542 0.9425587467362925 0.988562091503268 0.9451697127937336 0.9901960784313726 0.9530026109660574 0.9934640522875817 0.9556135770234987 0.9950980392156863 0.9477806788511749 0.9983660130718954 0.9477806788511749 0.9983660130718954 0.9556135770234987 0.988562091503268 0.9660574412532638 0.9836601307189542 0.9660574412532638 0.9803921568627451 0.9712793733681462 0.9803921568627451 0.9765013054830287 0.9852941176470589 0.97911227154047 0.9820261437908496 0.9817232375979112 0.9820261437908496 0.9869451697127938 0.988562091503268 0.9921671018276762 0.9836601307189542 0.9947780678851175 0.9754901960784313 0.9947780678851175 0.9738562091503268 0.9921671018276762 0.9575163398692811 0.9921671018276762 0.9558823529411765 0.9947780678851175 0.9411764705882353 0.9947780678851175 0.9395424836601307 0.9921671018276762 0.9313725490196079 0.9921671018276762 0.9297385620915033 0.9947780678851175 0.9248366013071896 0.9947780678851175 0.923202614379085 0.9921671018276762 0.9166666666666666 0.9921671018276762 0.9150326797385621 0.9947780678851175 0.9133986928104575 0.9921671018276762 0.9019607843137255 0.9921671018276762 0.9003267973856209 0.9947780678851175 0.8970588235294118 0.9921671018276762 0.8823529411764706 0.9921671018276762 0.8905228758169934 0.9921671018276762 0.8937908496732027 0.9869451697127938 0.8970588235294118 0.9921671018276762 0.9084967320261438 0.9921671018276762 0.9101307189542484 0.9895561357702349 0.9084967320261438 0.9869451697127938 0.9084967320261438 0.97911227154047 0.9101307189542484 0.9765013054830287 0.9084967320261438 0.9738903394255874 0.9003267973856209 0.9738903394255874 0.9019607843137255 0.9686684073107049 0.9003267973856209 0.9660574412532638 0.8905228758169934 0.9660574412532638 0.8888888888888888 0.9686684073107049 0.8839869281045751 0.9660574412532638 0.880718954248366 0.95822454308094 0.8643790849673203 0.95822454308094 0.8594771241830066 0.9712793733681462 0.8594771241830066 0.9817232375979112 0.8627450980392157 0.9869451697127938 0.869281045751634 0.9921671018276762 0.8774509803921569 0.9921671018276762 0.8366013071895425 0.9921671018276762 0.8333333333333334 0.9843342036553525 0.8300653594771242 0.9843342036553525 0.8251633986928104 0.97911227154047 0.826797385620915 0.9765013054830287 0.8251633986928104 0.9686684073107049 0.8447712418300654 0.9712793733681462 0.8464052287581699 0.9686684073107049 0.8513071895424836 0.9686684073107049 0.8611111111111112 0.9530026109660574 0.8660130718954249 0.9556135770234987 0.8725490196078431 0.9451697127937336 0.8774509803921569 0.9451697127937336 0.8790849673202614 0.9373368146214099 0.8839869281045751 0.9347258485639687 0.8856209150326797 0.9268929503916449 0.8905228758169934 0.9190600522193212 0.8937908496732027 0.9190600522193212 0.8970588235294118 0.9086161879895561 0.9084967320261438 0.9060052219321149 0.9101307189542484 0.9033942558746736 0.9084967320261438 0.8955613577023499 0.9117647058823529 0.8929503916449086 0.9117647058823529 0.8877284595300261 0.9035947712418301 0.8798955613577023 0.9003267973856209 0.8825065274151436 0.9003267973856209 0.8720626631853786 0.8970588235294118 0.8668407310704961 0.8856209150326797 0.8642297650130548 0.8774509803921569 0.8511749347258486 0.8725490196078431 0.8511749347258486 0.869281045751634 0.856396866840731 0.8513071895424836 0.856396866840731 0.8496732026143791 0.8590078328981723 0.8513071895424836 0.8616187989556136 0.8447712418300654 0.8590078328981723 0.8382352941176471 0.8694516971279374 0.8316993464052288 0.8694516971279374 0.826797385620915 0.8851174934725848 0.8284313725490197 0.8955613577023499 0.8235294117647058 0.9033942558746736 0.8137254901960784 0.9112271540469974 0.8006535947712419 0.9321148825065274 0.795751633986928 0.9321148825065274 0.7924836601307189 0.9373368146214099 0.7875816993464052 0.9373368146214099 0.7859477124183006 0.9451697127937336 0.7810457516339869 0.9451697127937336 0.7794117647058824 0.9477806788511749 0.7745098039215687 0.9451697127937336 0.7728758169934641 0.9373368146214099 0.7777777777777778 0.9347258485639687 0.7728758169934641 0.9295039164490861 0.7679738562091504 0.9347258485639687 0.7696078431372549 0.9373368146214099 0.7647058823529411 0.9373368146214099 0.7630718954248366 0.9399477806788512 0.7598039215686274 0.9373368146214099 0.7630718954248366 0.9347258485639687 0.7581699346405228 0.9295039164490861 0.7565359477124183 0.9347258485639687 0.7483660130718954 0.9321148825065274 0.7483660130718954 0.9268929503916449 0.7516339869281046 0.9268929503916449 0.7581699346405228 0.9164490861618799 0.7549019607843137 0.9112271540469974 0.7598039215686274 0.9033942558746736 0.7549019607843137 0.8929503916449086 0.7467320261437909 0.8929503916449086 0.7532679738562091 0.8798955613577023 0.7532679738562091 0.8720626631853786 0.7467320261437909 0.8616187989556136 0.7549019607843137 0.8642297650130548 0.761437908496732 0.8590078328981723 0.7712418300653595 0.856396866840731 0.7728758169934641 0.8537859007832899 0.7712418300653595 0.8407310704960835 0.7810457516339869 0.8328981723237598 0.7826797385620915 0.8302872062663186 0.7810457516339869 0.8276762402088773 0.7875816993464052 0.8276762402088773 0.7924836601307189 0.8224543080939948 0.7875816993464052 0.8172323759791122 0.7875816993464052 0.8120104438642297 0.7924836601307189 0.8093994778067886 0.7973856209150327 0.7989556135770235 0.7892156862745098 0.7911227154046997 0.7859477124183006 0.783289817232376 0.7712418300653595 0.7780678851174935 0.7647058823529411 0.783289817232376 0.7483660130718954 0.7859007832898173 0.7450980392156863 0.7911227154046997 0.738562091503268 0.7911227154046997 0.7369281045751634 0.793733681462141 0.7320261437908496 0.7859007832898173 0.7238562091503268 0.783289817232376 0.7222222222222222 0.7780678851174935 0.7254901960784313 0.7754569190600522 0.7205882352941176 0.7702349869451697 0.7189542483660131 0.7728459530026109 0.7124183006535948 0.7728459530026109 0.7107843137254902 0.7702349869451697 0.6911764705882353 0.7728459530026109 0.6862745098039216 0.7806788511749347 0.684640522875817 0.793733681462141 0.6813725490196079 0.7963446475195822 0.684640522875817 0.7989556135770235 0.673202614379085 0.7989556135770235 0.6715686274509803 0.8015665796344648 0.6699346405228758 0.7989556135770235 0.6633986928104575 0.7989556135770235 0.6601307189542484 0.793733681462141 0.6568627450980392 0.8120104438642297 0.6503267973856209 0.8120104438642297 0.6437908496732027 0.8276762402088773 0.6339869281045751 0.8328981723237598 0.619281045751634 0.8328981723237598 0.6274509803921569 0.8276762402088773 0.6323529411764706 0.8276762402088773 0.6405228758169934 0.8120104438642297 0.6339869281045751 0.7989556135770235 0.6470588235294118 0.7989556135770235 0.6503267973856209 0.7963446475195822 0.6535947712418301 0.7885117493472585 0.6535947712418301 0.7780678851174935 0.6699346405228758 0.7780678851174935 0.673202614379085 0.7728459530026109 0.6748366013071896 0.7650130548302873 0.673202614379085 0.7597911227154047 0.6748366013071896 0.7571801566579635 0.6895424836601307 0.7545691906005222 0.7009803921568627 0.7467362924281984 0.7026143790849673 0.7362924281984334 0.7058823529411765 0.7336814621409922 0.7009803921568627 0.7284595300261096 0.6977124183006536 0.7284595300261096 0.696078431372549 0.7310704960835509 0.6977124183006536 0.7362924281984334 0.6944444444444444 0.7389033942558747 0.6895424836601307 0.7389033942558747 0.6879084967320261 0.7362924281984334 0.6781045751633987 0.741514360313316 0.6748366013071896 0.7362924281984334 0.6813725490196079 0.7310704960835509 0.6895424836601307 0.7310704960835509 0.6911764705882353 0.7284595300261096 0.696078431372549 0.7310704960835509 0.6977124183006536 0.7284595300261096 0.6879084967320261 0.7127937336814621 0.684640522875817 0.7127937336814621 0.6830065359477124 0.7154046997389034 0.684640522875817 0.7180156657963447 0.6813725490196079 0.720626631853786 0.673202614379085 0.7180156657963447 0.6683006535947712 0.7258485639686684 0.6683006535947712 0.7336814621409922 0.6633986928104575 0.7336814621409922 0.6601307189542484 0.7284595300261096 0.6633986928104575 0.7258485639686684 0.6601307189542484 0.7232375979112271 0.6683006535947712 0.7154046997389034
1 0.7924836601307189 0.8798955613577023 0.7990196078431373 0.8903394255874674 0.7990196078431373 0.8981723237597912 0.795751633986928 0.9033942558746736 0.7908496732026143 0.9033942558746736 0.7892156862745098 0.9060052219321149 0.7794117647058824 0.9060052219321149 0.7679738562091504 0.9007832898172323 0.7598039215686274 0.8929503916449086 0.7598039215686274 0.8825065274151436 0.7630718954248366 0.8772845953002611 0.7712418300653595 0.8720626631853786 0.7843137254901961 0.8746736292428199 0.7908496732026143 0.8798955613577023
1 0.5326797385620915 0.6553524804177546 0.5375816993464052 0.660574412532637 0.5375816993464052 0.6736292428198434 0.5310457516339869 0.6736292428198434 0.5294117647058824 0.6762402088772846 0.5228758169934641 0.6762402088772846 0.511437908496732 0.6684073107049608 0.5081699346405228 0.6631853785900783 0.5081699346405228 0.6579634464751958 0.5098039215686274 0.6553524804177546 0.5310457516339869 0.6553524804177546
1 0.5310457516339869 0.6135770234986945 0.5392156862745098 0.6266318537859008 0.5163398692810458 0.6266318537859008 0.5081699346405228 0.6214099216710183 0.5065359477124183 0.6161879895561357 0.5098039215686274 0.6109660574412533 0.5277777777777778 0.6109660574412533 0.5294117647058824 0.6135770234986945
1 0.5212418300653595 0.5065274151436031 0.5228758169934641 0.5117493472584856 0.5179738562091504 0.5169712793733682 0.5065359477124183 0.5143603133159269 0.5049019607843137 0.5065274151436031 0.5065359477124183 0.5039164490861618 0.5179738562091504 0.5039164490861618 0.5196078431372549 0.5065274151436031
1 0.5326797385620915 0.8433420365535248 0.5343137254901961 0.8459530026109661 0.5408496732026143 0.8459530026109661 0.5424836601307189 0.8433420365535248 0.545751633986928 0.8459530026109661 0.5506535947712419 0.8590078328981723 0.5490196078431373 0.8694516971279374 0.5424836601307189 0.8772845953002611 0.5228758169934641 0.8772845953002611 0.5163398692810458 0.8720626631853786 0.5130718954248366 0.8668407310704961 0.5147058823529411 0.856396866840731 0.5261437908496732 0.8459530026109661 0.5310457516339869 0.8459530026109661
1 0.5228758169934641 0.45691906005221933 0.5228758169934641 0.46736292428198434 0.5261437908496732 0.4725848563968668 0.5294117647058824 0.4725848563968668 0.5326797385620915 0.48825065274151436 0.5294117647058824 0.5013054830287206 0.5294117647058824 0.5117493472584856 0.5245098039215687 0.5221932114882507 0.5261437908496732 0.5248041775456919 0.5245098039215687 0.5274151436031331 0.5245098039215687 0.5352480417754569 0.5310457516339869 0.5483028720626631 0.5228758169934641 0.5535248041775457 0.5212418300653595 0.566579634464752 0.5130718954248366 0.566579634464752 0.5081699346405228 0.5613577023498695 0.5081699346405228 0.556135770234987 0.511437908496732 0.5509138381201044 0.5065359477124183 0.5404699738903395 0.5081699346405228 0.5300261096605744 0.5032679738562091 0.5248041775456919 0.5032679738562091 0.5169712793733682 0.5065359477124183 0.5143603133159269 0.5049019607843137 0.5065274151436031 0.5098039215686274 0.49869451697127937 0.5130718954248366 0.47780678851174935 0.5212418300653595 0.4595300261096606
1 0.35947712418300654 0.9477806788511749 0.369281045751634 0.9556135770234987 0.37745098039215685 0.9686684073107049 0.37745098039215685 0.9765013054830287 0.3709150326797386 0.9817232375979112 0.369281045751634 0.9869451697127938 0.3709150326797386 0.9921671018276762 0.369281045751634 0.9947780678851175 0.3627450980392157 0.9947780678851175 0.3611111111111111 0.9921671018276762 0.3545751633986928 0.9921671018276762 0.35294117647058826 0.9947780678851175 0.32189542483660133 0.9947780678851175 0.3202614379084967 0.9921671018276762 0.31209150326797386 0.9921671018276762 0.3055555555555556 0.9869451697127938 0.30392156862745096 0.9817232375979112 0.3088235294117647 0.9660574412532638 0.32516339869281047 0.9556135770234987 0.3366013071895425 0.9425587467362925 0.35130718954248363 0.9425587467362925 0.35784313725490197 0.9477806788511749
1 0.7434640522875817 0.741514360313316 0.7581699346405228 0.7493472584856397 0.761437908496732 0.7545691906005222 0.7598039215686274 0.7571801566579635 0.7336601307189542 0.7571801566579635 0.7222222222222222 0.7519582245430809 0.7173202614379085 0.7441253263707572 0.7222222222222222 0.7389033942558747 0.7369281045751634 0.7389033942558747 0.7418300653594772 0.741514360313316
1 0.553921568627451 0.8537859007832899 0.5637254901960784 0.8616187989556136 0.5702614379084967 0.8720626631853786 0.5702614379084967 0.8825065274151436 0.565359477124183 0.8877284595300261 0.5343137254901961 0.8851174934725848 0.5310457516339869 0.8903394255874674 0.5277777777777778 0.8903394255874674 0.5212418300653595 0.8772845953002611 0.5130718954248366 0.8694516971279374 0.5130718954248366 0.8590078328981723 0.5179738562091504 0.8511749347258486 0.5277777777777778 0.8433420365535248 0.545751633986928 0.8433420365535248 0.5522875816993464 0.8537859007832899
1 0.8316993464052288 0.7676240208877284 0.8333333333333334 0.7650130548302873 0.8480392156862745 0.7650130548302873 0.8660130718954249 0.7754569190600522 0.8643790849673203 0.7806788511749347 0.8545751633986928 0.783289817232376 0.8333333333333334 0.7702349869451697
1 0.4738562091503268 0.9190600522193212 0.47875816993464054 0.9321148825065274 0.4722222222222222 0.9451697127937336 0.4722222222222222 0.9530026109660574 0.47549019607843135 0.9556135770234987 0.4738562091503268 0.95822454308094 0.47549019607843135 0.9608355091383812 0.47549019607843135 0.9712793733681462 0.47058823529411764 0.9738903394255874 0.4624183006535948 0.9895561357702349 0.44607843137254904 0.9895561357702349 0.43137254901960786 0.9817232375979112 0.4297385620915033 0.9765013054830287 0.4297385620915033 0.9608355091383812 0.4199346405228758 0.9373368146214099 0.4199346405228758 0.9321148825065274 0.43137254901960786 0.9138381201044387 0.4591503267973856 0.9138381201044387 0.46078431372549017 0.9164490861618799 0.47058823529411764 0.9164490861618799 0.4722222222222222 0.9190600522193212
1 0.5196078431372549 0.46736292428198434 0.5212418300653595 0.4699738903394256 0.5310457516339869 0.4699738903394256 0.5326797385620915 0.4725848563968668 0.5326797385620915 0.4856396866840731 0.5294117647058824 0.4908616187989556 0.5130718954248366 0.48825065274151436 0.511437908496732 0.4856396866840731 0.511437908496732 0.47780678851174935 0.5179738562091504 0.4699738903394256
