1 0.38480392156862747 0.8382352941176471 0.3946078431372549 0.8464052287581699 0.39705882352941174 0.8562091503267973 0.40441176470588236 0.8676470588235294 0.4068627450980392 0.8905228758169934 0.42401960784313725 0.9019607843137255 0.42401960784313725 0.9117647058823529 0.4068627450980392 0.9281045751633987 0.3946078431372549 0.934640522875817 0.37745098039215685 0.9379084967320261 0.36519607843137253 0.946078431372549 0.3627450980392157 0.9444444444444444 0.3553921568627451 0.946078431372549 0.3382352941176471 0.9411764705882353 0.3235294117647059 0.9411764705882353 0.30637254901960786 0.946078431372549 0.29411764705882354 0.946078431372549 0.2769607843137255 0.9379084967320261 0.27205882352941174 0.9248366013071896 0.27450980392156865 0.9183006535947712 0.28431372549019607 0.9068627450980392 0.3112745098039216 0.8856209150326797 0.3137254901960784 0.8709150326797386 0.3235294117647059 0.8578431372549019 0.3382352941176471 0.8480392156862745 0.36519607843137253 0.8431372549019608 0.375 0.8382352941176471 0.38235294117647056 0.8382352941176471
1 0.8382352941176471 0.4477124183006536 0.8382352941176471 0.4526143790849673 0.8259803921568627 0.45751633986928103 0.8137254901960784 0.45751633986928103 0.8088235294117647 0.4526143790849673 0.821078431372549 0.44607843137254904 0.8333333333333334 0.44607843137254904 0.8357843137254902 0.4477124183006536
1 0.3161764705882353 0.4550653594771242 0.049019607843137254 0.014705882352941176
1 0.13480392156862744 0.5147058823529411 0.14705882352941177 0.5179738562091504 0.14705882352941177 0.5212418300653595 0.1323529411764706 0.5310457516339869 0.12745098039215685 0.5310457516339869 0.10784313725490197 0.5392156862745098 0.09313725490196079 0.5392156862745098 0.09068627450980392 0.5408496732026143 0.0784313725490196 0.5392156862745098 0.07352941176470588 0.5375816993464052 0.07352941176470588 0.5310457516339869 0.08823529411764706 0.5245098039215687 0.11519607843137254 0.5212418300653595 0.125 0.5163398692810458 0.1323529411764706 0.5163398692810458
1 0.4411764705882353 0.4035947712418301 0.44362745098039214 0.40522875816993464 0.4411764705882353 0.4084967320261438 0.41911764705882354 0.4133986928104575 0.41421568627450983 0.4117647058823529 0.41421568627450983 0.4084967320261438 0.4264705882352941 0.4035947712418301 0.4387254901960784 0.4035947712418301
1 0.22794117647058823 0.47875816993464054 0.23529411764705882 0.4820261437908497 0.23284313725490197 0.4869281045751634 0.22058823529411764 0.48856209150326796 0.2034313725490196 0.4950980392156863 0.18382352941176472 0.4950980392156863 0.17401960784313725 0.4934640522875817 0.17401960784313725 0.49019607843137253 0.19362745098039216 0.47875816993464054 0.20098039215686275 0.477124183006536 0.22303921568627452 0.477124183006536 0.22549019607843138 0.47875816993464054
1 0.7254901960784313 0.49836601307189543 0.7352941176470589 0.5 0.7426470588235294 0.5049019607843137 0.7426470588235294 0.5130718954248366 0.7254901960784313 0.5179738562091504 0.7009803921568627 0.5179738562091504 0.696078431372549 0.5163398692810458 0.6911764705882353 0.511437908496732 0.696078431372549 0.5081699346405228 0.7034313725490197 0.5065359477124183 0.7156862745098039 0.5 0.7230392156862745 0.5
1 0.38480392156862747 0.4215686274509804 0.39705882352941174 0.42810457516339867 0.39705882352941174 0.43137254901960786 0.38235294117647056 0.43790849673202614 0.3700980392156863 0.43790849673202614 0.35784313725490197 0.434640522875817 0.35294117647058826 0.43137254901960786 0.3602941176470588 0.42483660130718953 0.38235294117647056 0.4215686274509804
1 0.6274509803921569 0.5343137254901961 0.6421568627450981 0.5408496732026143 0.6495098039215687 0.5522875816993464 0.6470588235294118 0.5620915032679739 0.6348039215686274 0.565359477124183 0.6274509803921569 0.5620915032679739 0.6004901960784313 0.5637254901960784 0.5833333333333334 0.5588235294117647 0.5833333333333334 0.5522875816993464 0.5955882352941176 0.5375816993464052 0.6078431372549019 0.5343137254901961 0.625 0.5343137254901961
1 0.5931372549019608 0.6029411764705882 0.5955882352941176 0.6045751633986928 0.6053921568627451 0.6045751633986928 0.6274509803921569 0.619281045751634 0.6274509803921569 0.6323529411764706 0.625 0.6356209150326797 0.6200980392156863 0.6388888888888888 0.6102941176470589 0.6388888888888888 0.5980392156862745 0.6356209150326797 0.5857843137254902 0.6405228758169934 0.5588235294117647 0.6405228758169934 0.553921568627451 0.6372549019607843 0.5514705882352942 0.6274509803921569 0.5563725490196079 0.6209150326797386 0.5808823529411765 0.6045751633986928 0.5906862745098039 0.6045751633986928
1 0.4227941176470588 0.7140522875816994 0.0661764705882353 0.058823529411764705
1 0.7647058823529411 0.46405228758169936 0.7769607843137255 0.4722222222222222 0.7818627450980392 0.4722222222222222 0.7843137254901961 0.47549019607843135 0.7818627450980392 0.47875816993464054 0.7720588235294118 0.4820261437908497 0.7450980392156863 0.4803921568627451 0.7377450980392157 0.477124183006536 0.7377450980392157 0.46895424836601307 0.7450980392156863 0.46405228758169936 0.7622549019607843 0.46405228758169936
