1 0.875 0.705718270571827 0.8802083333333334 0.708507670850767 0.88125 0.7140864714086471 0.8729166666666667 0.7168758716875872 0.8625 0.7140864714086471 0.859375 0.7112970711297071 0.859375 0.708507670850767 0.8625 0.705718270571827 0.8739583333333333 0.705718270571827
1 0.9 0.6708507670850767 0.9 0.6834030683403068 0.89375 0.6875871687587168 0.8614583333333333 0.6861924686192469 0.85 0.6778242677824268 0.840625 0.6750348675034867 0.840625 0.6722454672245467 0.8458333333333333 0.6708507670850767 0.8541666666666666 0.6624825662482566 0.8677083333333333 0.6624825662482566 0.8989583333333333 0.6708507670850767
1 0.5354166666666667 0.9456066945606695 0.5572916666666666 0.9511854951185496 0.559375 0.9553695955369595 0.559375 0.9637377963737797 0.55625 0.9679218967921897 0.553125 0.9665271966527197 0.5489583333333333 0.9693165969316597 0.5333333333333333 0.9874476987447699 0.515625 0.9944211994421199 0.5010416666666667 0.99581589958159 0.49895833333333334 0.99860529986053 0.465625 0.9944211994421199 0.46458333333333335 0.9916317991631799 0.46875 0.9735006973500697 0.47708333333333336 0.9623430962343096 0.4947916666666667 0.9470013947001394 0.5166666666666667 0.9497907949790795 0.5270833333333333 0.9456066945606695 0.534375 0.9456066945606695
1 0.8072916666666666 0.705718270571827 0.8208333333333333 0.708507670850767 0.821875 0.7126917712691772 0.8104166666666667 0.7196652719665272 0.796875 0.7210599721059973 0.7885416666666667 0.7126917712691772 0.79375 0.708507670850767 0.80625 0.7071129707112971
1 0.6083333333333333 0.8214783821478382 0.6197916666666666 0.8312412831241283 0.6208333333333333 0.8368200836820083 0.61875 0.8423988842398884 0.603125 0.8619246861924686 0.5979166666666667 0.8716875871687587 0.5916666666666667 0.8716875871687587 0.5864583333333333 0.8800557880055788 0.56875 0.891213389121339 0.559375 0.891213389121339 0.546875 0.8800557880055788 0.540625 0.8702928870292888 0.5416666666666666 0.8647140864714087 0.5802083333333333 0.8270571827057183 0.5958333333333333 0.8186889818688982 0.6072916666666667 0.8214783821478382
1 0.8833333333333333 0.7336122733612274 0.8895833333333333 0.7364016736401674 0.89375 0.7419804741980475 0.8885416666666667 0.7545327754532776 0.8947916666666667 0.7587168758716876 0.9010416666666666 0.7670850767085077 0.896875 0.7754532775453278 0.8833333333333333 0.7810320781032078 0.8447916666666667 0.7782426778242678 0.8322916666666667 0.7726638772663877 0.828125 0.7615062761506276 0.834375 0.7475592747559274 0.8489583333333334 0.7377963737796374 0.8635416666666667 0.7322175732217573 0.8822916666666667 0.7336122733612274
1 0.75625 0.7573221757322176 0.7645833333333333 0.7601115760111576 0.7739583333333333 0.7684797768479776 0.7760416666666666 0.7726638772663877 0.7760416666666666 0.7796373779637378 0.76875 0.7880055788005579 0.7572916666666667 0.7949790794979079 0.7510416666666667 0.803347280334728 0.7395833333333334 0.810320781032078 0.721875 0.8158995815899581 0.7145833333333333 0.8145048814504882 0.7083333333333334 0.806136680613668 0.7010416666666667 0.7907949790794979 0.7020833333333333 0.7852161785216178 0.7125 0.7726638772663877 0.73125 0.7587168758716876 0.740625 0.7559274755927475 0.7552083333333334 0.7573221757322176
1 0.9239583333333333 0.7921896792189679 0.9614583333333333 0.7461645746164575 0.9729166666666667 0.7419804741980475 0.9989583333333333 0.7419804741980475 0.9989583333333333 0.8131101813110181 0.9947916666666666 0.8158995815899581 0.9885416666666667 0.8145048814504882 0.98125 0.8172942817294282 0.9697916666666667 0.8089260808926081 0.9572916666666667 0.806136680613668 0.95 0.8075313807531381 0.9322916666666666 0.800557880055788 0.925 0.793584379358438
1 0.715625 0.6680613668061367 0.7177083333333333 0.6638772663877266 0.728125 0.6582984658298466 0.7541666666666667 0.6610878661087866 0.7520833333333333 0.6666666666666666 0.7385416666666667 0.6708507670850767 0.7229166666666667 0.6722454672245467 0.7166666666666667 0.6694560669456067
1 0.746875 0.9525801952580195 0.7489583333333333 0.9456066945606695 0.746875 0.9316596931659693 0.7604166666666666 0.9135285913528591 0.7875 0.898186889818689 0.8052083333333333 0.898186889818689 0.8208333333333333 0.902370990237099 0.8291666666666667 0.9177126917712691 0.8364583333333333 0.9470013947001394 0.834375 0.9637377963737797 0.8208333333333333 0.9762900976290098 0.8 0.9804741980474198 0.784375 0.9888423988842399 0.771875 0.9888423988842399 0.7510416666666667 0.9665271966527197 0.7479166666666667 0.9539748953974896
1 0.9072916666666667 0.697350069735007 0.909375 0.700139470013947 0.909375 0.705718270571827 0.90625 0.708507670850767 0.90625 0.7126917712691772 0.9104166666666667 0.7168758716875872 0.9104166666666667 0.7196652719665272 0.90625 0.7238493723849372 0.8833333333333333 0.7224546722454672 0.88125 0.7196652719665272 0.8822916666666667 0.7154811715481172 0.8802083333333334 0.7071129707112971 0.8802083333333334 0.702928870292887 0.8864583333333333 0.698744769874477 0.90625 0.697350069735007
1 0.540625 0.8856345885634589 0.5614583333333333 0.9065550906555091 0.5604166666666667 0.9163179916317992 0.5447916666666667 0.9372384937238494 0.5364583333333334 0.9428172942817294 0.5145833333333333 0.9497907949790795 0.50625 0.9483960948396095 0.5 0.9428172942817294 0.4979166666666667 0.9260808926080892 0.5010416666666667 0.9135285913528591 0.50625 0.905160390516039 0.5135416666666667 0.899581589958159 0.5395833333333333 0.8856345885634589
1 0.934375 0.6778242677824268 0.9364583333333333 0.6834030683403068 0.9302083333333333 0.691771269177127 0.9322916666666666 0.6959553695955369 0.9291666666666667 0.698744769874477 0.909375 0.698744769874477 0.9072916666666667 0.6959553695955369 0.9072916666666667 0.6847977684797768 0.915625 0.6778242677824268 0.9333333333333333 0.6778242677824268
1 0.6989583333333333 0.796373779637378 0.7166666666666667 0.8172942817294282 0.7333333333333333 0.8131101813110181 0.7510416666666667 0.8172942817294282 0.7541666666666667 0.8410041841004184 0.7458333333333333 0.8549511854951185 0.7364583333333333 0.8619246861924686 0.7239583333333334 0.8661087866108786 0.7083333333333334 0.8772663877266388 0.6958333333333333 0.8828451882845189 0.6854166666666667 0.8828451882845189 0.671875 0.8688981868898187 0.6708333333333333 0.8577405857740585 0.665625 0.8465829846582985 0.665625 0.8368200836820083 0.6677083333333333 0.8242677824267782 0.6708333333333333 0.8186889818688982 0.6822916666666666 0.8089260808926081 0.6864583333333333 0.8019525801952581 0.6979166666666666 0.796373779637378
1 0.9666666666666667 0.705718270571827 0.98125 0.701534170153417 0.9989583333333333 0.701534170153417 0.9989583333333333 0.7154811715481172 0.9760416666666667 0.7126917712691772 0.9677083333333333 0.7071129707112971
1 0.659375 0.8465829846582985 0.665625 0.8521617852161785 0.66875 0.8675034867503487 0.6770833333333334 0.8772663877266388 0.6885416666666667 0.8856345885634589 0.6885416666666667 0.8898186889818689 0.6739583333333333 0.905160390516039 0.6541666666666667 0.9149232914923291 0.6354166666666666 0.9177126917712691 0.6104166666666667 0.9121338912133892 0.6 0.8940027894002789 0.5979166666666667 0.8828451882845189 0.6166666666666667 0.8605299860529986 0.6322916666666667 0.8493723849372385 0.64375 0.8451882845188284 0.6583333333333333 0.8465829846582985
1 0.7604166666666666 0.7587168758716876 0.7697916666666667 0.7642956764295676 0.7770833333333333 0.7754532775453278 0.7677083333333333 0.7921896792189679 0.7677083333333333 0.799163179916318 0.75625 0.8131101813110181 0.7541666666666667 0.8242677824267782 0.7552083333333334 0.8410041841004184 0.7510416666666667 0.8493723849372385 0.7364583333333333 0.8619246861924686 0.7239583333333334 0.8661087866108786 0.696875 0.8828451882845189 0.6770833333333334 0.9037656903765691 0.65625 0.9135285913528591 0.6385416666666667 0.9163179916317992 0.6135416666666667 0.9135285913528591 0.6010416666666667 0.895397489539749 0.5989583333333334 0.8898186889818689 0.6010416666666667 0.8772663877266388 0.615625 0.8577405857740585 0.6375 0.8437935843793585 0.6604166666666667 0.8423988842398884 0.6666666666666666 0.8354253835425384 0.6677083333333333 0.8228730822873083 0.675 0.8117154811715481 0.684375 0.800557880055788 0.696875 0.793584379358438 0.7104166666666667 0.7740585774058577 0.7260416666666667 0.7615062761506276 0.734375 0.7573221757322176 0.7458333333333333 0.7559274755927475 0.759375 0.7587168758716876
1 0.8072916666666666 0.898186889818689 0.8208333333333333 0.902370990237099 0.828125 0.9135285913528591 0.8375 0.9511854951185496 0.834375 0.9665271966527197 0.8208333333333333 0.9804741980474198 0.809375 0.9804741980474198 0.8041666666666667 0.9846582984658299 0.8 0.9832635983263598 0.79375 0.9888423988842399 0.771875 0.9916317991631799 0.7697916666666667 0.9944211994421199 0.7572916666666667 0.99581589958159 0.7552083333333334 0.99860529986053 0.6864583333333333 0.99860529986053 0.6864583333333333 0.9944211994421199 0.6947916666666667 0.9832635983263598 0.709375 0.9707112970711297 0.740625 0.9497907949790795 0.7458333333333333 0.9414225941422594 0.7458333333333333 0.9302649930264993 0.759375 0.9135285913528591 0.7864583333333334 0.898186889818689 0.80625 0.898186889818689
1 0.8322916666666667 0.7740585774058577 0.8427083333333333 0.7796373779637378 0.8447916666666667 0.7921896792189679 0.8427083333333333 0.797768479776848 0.8427083333333333 0.8075313807531381 0.8458333333333333 0.8131101813110181 0.8458333333333333 0.8270571827057183 0.8354166666666667 0.8382147838214784 0.8270833333333333 0.8410041841004184 0.8114583333333333 0.8521617852161785 0.78125 0.8549511854951185 0.7708333333333334 0.8549511854951185 0.765625 0.8521617852161785 0.759375 0.8410041841004184 0.7625 0.8312412831241283 0.771875 0.8172942817294282 0.775 0.8172942817294282 0.7822916666666667 0.810320781032078 0.7885416666666667 0.7949790794979079 0.8010416666666667 0.7796373779637378 0.809375 0.7754532775453278 0.83125 0.7740585774058577
1 0.809375 0.705718270571827 0.8208333333333333 0.708507670850767 0.8229166666666666 0.7126917712691772 0.8197916666666667 0.7168758716875872 0.8208333333333333 0.7238493723849372 0.8177083333333334 0.7294281729428173 0.8041666666666667 0.7350069735006973 0.7895833333333333 0.7350069735006973 0.784375 0.7322175732217573 0.78125 0.7252440725244073 0.7864583333333334 0.7196652719665272 0.7854166666666667 0.7140864714086471 0.7875 0.7112970711297071 0.8083333333333333 0.705718270571827
1 0.7416666666666667 0.9525801952580195 0.7447916666666666 0.9539748953974896 0.7572916666666667 0.9804741980474198 0.75625 0.9846582984658299 0.7604166666666666 0.9944211994421199 0.7572916666666667 0.99860529986053 0.6854166666666667 0.99860529986053 0.6864583333333333 0.9944211994421199 0.6979166666666666 0.9804741980474198 0.7260416666666667 0.9581589958158996 0.740625 0.9525801952580195
1 0.9677083333333333 0.6778242677824268 0.984375 0.6834030683403068 0.9875 0.6875871687587168 0.9791666666666666 0.700139470013947 0.975 0.701534170153417 0.9625 0.701534170153417 0.9395833333333333 0.6889818688981869 0.940625 0.6847977684797768 0.9479166666666666 0.6792189679218968 0.9666666666666667 0.6778242677824268
