1 0.375 0.44375 0.375 0.45 0.38333333333333336 0.45625 0.38333333333333336 0.4625 0.39166666666666666 0.46875 0.39166666666666666 0.475 0.4166666666666667 0.49375 0.4166666666666667 0.5 0.4083333333333333 0.50625 0.4083333333333333 0.5125 0.4166666666666667 0.51875 0.425 0.51875 0.44166666666666665 0.53125 0.45 0.53125 0.4666666666666667 0.54375 0.4583333333333333 0.55 0.44166666666666665 0.55 0.43333333333333335 0.55625 0.4166666666666667 0.55625 0.4083333333333333 0.5625 0.4083333333333333 0.56875 0.4166666666666667 0.575 0.4166666666666667 0.58125 0.425 0.5875 0.43333333333333335 0.5875 0.43333333333333335 0.6 0.4083333333333333 0.6 0.4 0.60625 0.375 0.60625 0.35833333333333334 0.59375 0.35833333333333334 0.56875 0.36666666666666664 0.56875 0.375 0.5625 0.39166666666666666 0.5625 0.4 0.55625 0.4 0.55 0.4083333333333333 0.54375 0.4083333333333333 0.5375 0.4 0.53125 0.38333333333333336 0.53125 0.375 0.525 0.35 0.525 0.35 0.50625 0.36666666666666664 0.49375 0.36666666666666664 0.475 0.35833333333333334 0.46875 0.35 0.46875 0.35 0.45 0.35833333333333334 0.44375 0.36666666666666664 0.44375
1 0.475 0.625 0.48333333333333334 0.625 0.49166666666666664 0.61875 0.5 0.61875 0.5083333333333333 0.625 0.5166666666666667 0.625 0.5166666666666667 0.63125 0.5333333333333333 0.64375 0.5416666666666666 0.64375 0.5666666666666667 0.6625 0.5666666666666667 0.68125 0.5583333333333333 0.68125 0.55 0.6875 0.5416666666666666 0.6875 0.5333333333333333 0.69375 0.525 0.69375 0.5166666666666667 0.6875 0.48333333333333334 0.6875 0.4666666666666667 0.675 0.4666666666666667 0.6625 0.475 0.65625 0.475 0.63125
1 0.5083333333333333 0.41875 0.525 0.41875 0.5333333333333333 0.425 0.5416666666666666 0.41875 0.5583333333333333 0.41875 0.5583333333333333 0.425 0.5666666666666667 0.43125 0.5833333333333334 0.43125 0.5916666666666667 0.4375 0.6083333333333333 0.4375 0.6166666666666667 0.44375 0.625 0.44375 0.6333333333333333 0.45 0.65 0.45 0.6583333333333333 0.45625 0.675 0.45625 0.6916666666666667 0.46875 0.7333333333333333 0.46875 0.7416666666666667 0.475 0.75 0.475 0.7583333333333333 0.48125 0.7666666666666667 0.48125 0.775 0.4875 0.775 0.5 0.7583333333333333 0.5 0.75 0.49375 0.7416666666666667 0.49375 0.7333333333333333 0.4875 0.725 0.4875 0.7166666666666667 0.48125 0.7083333333333334 0.48125 0.6916666666666667 0.46875 0.65 0.46875 0.6416666666666667 0.4625 0.6333333333333333 0.4625 0.625 0.45625 0.6166666666666667 0.45625 0.6083333333333333 0.45 0.5916666666666667 0.45 0.5833333333333334 0.44375 0.5666666666666667 0.44375 0.5583333333333333 0.4375 0.55 0.4375 0.5416666666666666 0.43125 0.5333333333333333 0.43125 0.525 0.425 0.5166666666666667 0.425
1 0.4 0.475 0.4 0.4875 0.4083333333333333 0.49375 0.4166666666666667 0.49375 0.425 0.5 0.425 0.5125 0.44166666666666665 0.525 0.45 0.525 0.4666666666666667 0.5375 0.4666666666666667 0.54375 0.4583333333333333 0.55 0.45 0.55 0.44166666666666665 0.55625 0.43333333333333335 0.55625 0.425 0.5625 0.43333333333333335 0.56875 0.43333333333333335 0.575 0.425 0.58125 0.43333333333333335 0.5875 0.43333333333333335 0.6 0.44166666666666665 0.60625 0.45 0.6 0.45 0.5875 0.4583333333333333 0.5875 0.4583333333333333 0.59375 0.475 0.60625 0.48333333333333334 0.60625 0.5 0.61875 0.5083333333333333 0.61875 0.5166666666666667 0.625 0.525 0.625 0.525 0.6375 0.5333333333333333 0.64375 0.5416666666666666 0.64375 0.5666666666666667 0.6625 0.5666666666666667 0.68125 0.5583333333333333 0.68125 0.55 0.6875 0.5416666666666666 0.6875 0.5333333333333333 0.69375 0.525 0.69375 0.5166666666666667 0.6875 0.475 0.6875 0.4666666666666667 0.68125 0.4666666666666667 0.66875 0.4583333333333333 0.6625 0.4666666666666667 0.65625 0.4666666666666667 0.64375 0.4583333333333333 0.6375 0.4583333333333333 0.63125 0.45 0.625 0.44166666666666665 0.625 0.43333333333333335 0.61875 0.44166666666666665 0.6125 0.44166666666666665 0.60625 0.43333333333333335 0.6 0.4166666666666667 0.6 0.4083333333333333 0.60625 0.375 0.60625 0.35833333333333334 0.59375 0.35833333333333334 0.56875 0.38333333333333336 0.55 0.4 0.55 0.4083333333333333 0.54375 0.4 0.5375 0.38333333333333336 0.5375 0.38333333333333336 0.53125 0.375 0.525 0.35833333333333334 0.525 0.375 0.5125 0.36666666666666664 0.50625 0.36666666666666664 0.49375 0.375 0.4875 0.38333333333333336 0.4875 0.39166666666666666 0.48125
1 0.45 0.73125 0.4583333333333333 0.7375 0.4666666666666667 0.73125 0.4666666666666667 0.74375 0.48333333333333334 0.75625 0.48333333333333334 0.78125 0.49166666666666664 0.7875 0.49166666666666664 0.8 0.5 0.80625 0.5 0.8125 0.5166666666666667 0.825 0.525 0.825 0.5416666666666666 0.8375 0.55 0.8375 0.5583333333333333 0.84375 0.5666666666666667 0.84375 0.5916666666666667 0.8625 0.5916666666666667 0.89375 0.5833333333333334 0.9 0.5666666666666667 0.9 0.55 0.9125 0.5166666666666667 0.9125 0.5083333333333333 0.91875 0.5 0.91875 0.49166666666666664 0.925 0.4666666666666667 0.925 0.4583333333333333 0.91875 0.44166666666666665 0.91875 0.43333333333333335 0.925 0.43333333333333335 0.93125 0.425 0.93125 0.4166666666666667 0.925 0.4083333333333333 0.925 0.4 0.91875 0.4 0.9 0.4083333333333333 0.89375 0.4083333333333333 0.8875 0.4166666666666667 0.8875 0.44166666666666665 0.86875 0.44166666666666665 0.85625 0.45 0.85 0.45 0.84375 0.44166666666666665 0.8375 0.45 0.83125 0.45 0.8125 0.44166666666666665 0.80625 0.44166666666666665 0.7625 0.43333333333333335 0.75625 0.44166666666666665 0.75 0.44166666666666665 0.7375
1 0.36666666666666664 0.56875 0.4 0.56875 0.425 0.5875 0.43333333333333335 0.5875 0.43333333333333335 0.6 0.425 0.6 0.4166666666666667 0.60625 0.375 0.60625 0.35833333333333334 0.59375 0.35833333333333334 0.58125 0.36666666666666664 0.575
1 0.375 0.50625 0.39166666666666666 0.51875 0.39166666666666666 0.525 0.35 0.525 0.35 0.5125 0.35833333333333334 0.50625 0.36666666666666664 0.50625
1 0.8166666666666667 0.49375 0.8416666666666667 0.49375 0.85 0.5 0.8583333333333333 0.5 0.8666666666666667 0.50625 0.875 0.50625 0.8833333333333333 0.5125 0.9166666666666666 0.5125 0.95 0.5375 0.9583333333333334 0.5375 0.975 0.55 0.9416666666666667 0.55 0.9333333333333333 0.54375 0.9166666666666666 0.54375 0.9 0.53125 0.8916666666666667 0.53125 0.8833333333333333 0.525 0.8583333333333333 0.525 0.85 0.51875 0.8416666666666667 0.51875 0.8416666666666667 0.5125 0.8333333333333334 0.50625 0.825 0.50625 0.8166666666666667 0.5
1 0.43333333333333335 0.525 0.44166666666666665 0.53125 0.45 0.53125 0.4666666666666667 0.54375 0.4583333333333333 0.55 0.4083333333333333 0.55 0.4083333333333333 0.53125 0.4166666666666667 0.525 0.425 0.525
1 0.5416666666666666 0.8375 0.55 0.84375 0.5583333333333333 0.84375 0.5666666666666667 0.85 0.575 0.85 0.5916666666666667 0.8625 0.5916666666666667 0.89375 0.5833333333333334 0.9 0.5666666666666667 0.9 0.5583333333333333 0.90625 0.525 0.90625 0.5166666666666667 0.9125 0.5083333333333333 0.9125 0.5 0.91875 0.49166666666666664 0.91875 0.48333333333333334 0.925 0.4666666666666667 0.925 0.4583333333333333 0.91875 0.45 0.91875 0.43333333333333335 0.90625 0.4166666666666667 0.90625 0.4083333333333333 0.9 0.4083333333333333 0.89375 0.4166666666666667 0.8875 0.425 0.8875 0.44166666666666665 0.875 0.44166666666666665 0.86875 0.45 0.8625 0.45 0.84375 0.4583333333333333 0.8375 0.4583333333333333 0.83125 0.475 0.81875 0.48333333333333334 0.81875 0.48333333333333334 0.825 0.49166666666666664 0.83125 0.525 0.83125 0.5333333333333333 0.8375
1 0.43333333333333335 0.525 0.44166666666666665 0.53125 0.45 0.53125 0.4666666666666667 0.54375 0.4583333333333333 0.55 0.4083333333333333 0.55 0.4083333333333333 0.53125 0.4166666666666667 0.525 0.425 0.525
1 0.8166666666666667 0.49375 0.8416666666666667 0.49375 0.85 0.5 0.8583333333333333 0.5 0.8666666666666667 0.50625 0.875 0.50625 0.8833333333333333 0.5125 0.9166666666666666 0.5125 0.95 0.5375 0.9583333333333334 0.5375 0.975 0.55 0.9416666666666667 0.55 0.9333333333333333 0.54375 0.9166666666666666 0.54375 0.9 0.53125 0.8916666666666667 0.53125 0.8833333333333333 0.525 0.8583333333333333 0.525 0.85 0.51875 0.8416666666666667 0.51875 0.8416666666666667 0.5125 0.8333333333333334 0.50625 0.825 0.50625 0.8166666666666667 0.5
1 0.375 0.50625 0.39166666666666666 0.51875 0.39166666666666666 0.525 0.35 0.525 0.35 0.5125 0.35833333333333334 0.50625 0.36666666666666664 0.50625
1 0.36666666666666664 0.56875 0.4 0.56875 0.425 0.5875 0.43333333333333335 0.5875 0.43333333333333335 0.6 0.425 0.6 0.4166666666666667 0.60625 0.375 0.60625 0.35833333333333334 0.59375 0.35833333333333334 0.58125 0.36666666666666664 0.575
1 0.45 0.73125 0.4583333333333333 0.7375 0.4666666666666667 0.73125 0.4666666666666667 0.74375 0.48333333333333334 0.75625 0.48333333333333334 0.78125 0.49166666666666664 0.7875 0.49166666666666664 0.8 0.5 0.80625 0.5 0.8125 0.5166666666666667 0.825 0.525 0.825 0.5416666666666666 0.8375 0.55 0.8375 0.5583333333333333 0.84375 0.5666666666666667 0.84375 0.5916666666666667 0.8625 0.5916666666666667 0.89375 0.5833333333333334 0.9 0.5666666666666667 0.9 0.55 0.9125 0.5166666666666667 0.9125 0.5083333333333333 0.91875 0.5 0.91875 0.49166666666666664 0.925 0.4666666666666667 0.925 0.4583333333333333 0.91875 0.44166666666666665 0.91875 0.43333333333333335 0.925 0.43333333333333335 0.93125 0.425 0.93125 0.4166666666666667 0.925 0.4083333333333333 0.925 0.4 0.91875 0.4 0.9 0.4083333333333333 0.89375 0.4083333333333333 0.8875 0.4166666666666667 0.8875 0.44166666666666665 0.86875 0.44166666666666665 0.85625 0.45 0.85 0.45 0.84375 0.44166666666666665 0.8375 0.45 0.83125 0.45 0.8125 0.44166666666666665 0.80625 0.44166666666666665 0.7625 0.43333333333333335 0.75625 0.44166666666666665 0.75 0.44166666666666665 0.7375
1 0.4 0.475 0.4 0.4875 0.4083333333333333 0.49375 0.4166666666666667 0.49375 0.425 0.5 0.425 0.5125 0.44166666666666665 0.525 0.45 0.525 0.4666666666666667 0.5375 0.4666666666666667 0.54375 0.4583333333333333 0.55 0.45 0.55 0.44166666666666665 0.55625 0.43333333333333335 0.55625 0.425 0.5625 0.43333333333333335 0.56875 0.43333333333333335 0.575 0.425 0.58125 0.43333333333333335 0.5875 0.43333333333333335 0.6 0.44166666666666665 0.60625 0.45 0.6 0.45 0.5875 0.4583333333333333 0.5875 0.4583333333333333 0.59375 0.475 0.60625 0.48333333333333334 0.60625 0.5 0.61875 0.5083333333333333 0.61875 0.5166666666666667 0.625 0.525 0.625 0.525 0.6375 0.5333333333333333 0.64375 0.5416666666666666 0.64375 0.5666666666666667 0.6625 0.5666666666666667 0.68125 0.5583333333333333 0.68125 0.55 0.6875 0.5416666666666666 0.6875 0.5333333333333333 0.69375 0.525 0.69375 0.5166666666666667 0.6875 0.475 0.6875 0.4666666666666667 0.68125 0.4666666666666667 0.66875 0.4583333333333333 0.6625 0.4666666666666667 0.65625 0.4666666666666667 0.64375 0.4583333333333333 0.6375 0.4583333333333333 0.63125 0.45 0.625 0.44166666666666665 0.625 0.43333333333333335 0.61875 0.44166666666666665 0.6125 0.44166666666666665 0.60625 0.43333333333333335 0.6 0.4166666666666667 0.6 0.4083333333333333 0.60625 0.375 0.60625 0.35833333333333334 0.59375 0.35833333333333334 0.56875 0.38333333333333336 0.55 0.4 0.55 0.4083333333333333 0.54375 0.4 0.5375 0.38333333333333336 0.5375 0.38333333333333336 0.53125 0.375 0.525 0.35833333333333334 0.525 0.375 0.5125 0.36666666666666664 0.50625 0.36666666666666664 0.49375 0.375 0.4875 0.38333333333333336 0.4875 0.39166666666666666 0.48125
1 0.5083333333333333 0.41875 0.525 0.41875 0.5333333333333333 0.425 0.5416666666666666 0.41875 0.5583333333333333 0.41875 0.5583333333333333 0.425 0.5666666666666667 0.43125 0.5833333333333334 0.43125 0.5916666666666667 0.4375 0.6083333333333333 0.4375 0.6166666666666667 0.44375 0.625 0.44375 0.6333333333333333 0.45 0.65 0.45 0.6583333333333333 0.45625 0.675 0.45625 0.6916666666666667 0.46875 0.7333333333333333 0.46875 0.7416666666666667 0.475 0.75 0.475 0.7583333333333333 0.48125 0.7666666666666667 0.48125 0.775 0.4875 0.775 0.5 0.7583333333333333 0.5 0.75 0.49375 0.7416666666666667 0.49375 0.7333333333333333 0.4875 0.725 0.4875 0.7166666666666667 0.48125 0.7083333333333334 0.48125 0.6916666666666667 0.46875 0.65 0.46875 0.6416666666666667 0.4625 0.6333333333333333 0.4625 0.625 0.45625 0.6166666666666667 0.45625 0.6083333333333333 0.45 0.5916666666666667 0.45 0.5833333333333334 0.44375 0.5666666666666667 0.44375 0.5583333333333333 0.4375 0.55 0.4375 0.5416666666666666 0.43125 0.5333333333333333 0.43125 0.525 0.425 0.5166666666666667 0.425
1 0.475 0.625 0.48333333333333334 0.625 0.49166666666666664 0.61875 0.5 0.61875 0.5083333333333333 0.625 0.5166666666666667 0.625 0.5166666666666667 0.63125 0.5333333333333333 0.64375 0.5416666666666666 0.64375 0.5666666666666667 0.6625 0.5666666666666667 0.68125 0.5583333333333333 0.68125 0.55 0.6875 0.5416666666666666 0.6875 0.5333333333333333 0.69375 0.525 0.69375 0.5166666666666667 0.6875 0.48333333333333334 0.6875 0.4666666666666667 0.675 0.4666666666666667 0.6625 0.475 0.65625 0.475 0.63125
1 0.375 0.44375 0.375 0.45 0.38333333333333336 0.45625 0.38333333333333336 0.4625 0.39166666666666666 0.46875 0.39166666666666666 0.475 0.4166666666666667 0.49375 0.4166666666666667 0.5 0.4083333333333333 0.50625 0.4083333333333333 0.5125 0.4166666666666667 0.51875 0.425 0.51875 0.44166666666666665 0.53125 0.45 0.53125 0.4666666666666667 0.54375 0.4583333333333333 0.55 0.44166666666666665 0.55 0.43333333333333335 0.55625 0.4166666666666667 0.55625 0.4083333333333333 0.5625 0.4083333333333333 0.56875 0.4166666666666667 0.575 0.4166666666666667 0.58125 0.425 0.5875 0.43333333333333335 0.5875 0.43333333333333335 0.6 0.4083333333333333 0.6 0.4 0.60625 0.375 0.60625 0.35833333333333334 0.59375 0.35833333333333334 0.56875 0.36666666666666664 0.56875 0.375 0.5625 0.39166666666666666 0.5625 0.4 0.55625 0.4 0.55 0.4083333333333333 0.54375 0.4083333333333333 0.5375 0.4 0.53125 0.38333333333333336 0.53125 0.375 0.525 0.35 0.525 0.35 0.50625 0.36666666666666664 0.49375 0.36666666666666664 0.475 0.35833333333333334 0.46875 0.35 0.46875 0.35 0.45 0.35833333333333334 0.44375 0.36666666666666664 0.44375
1 0.5416666666666666 0.8375 0.55 0.84375 0.5583333333333333 0.84375 0.5666666666666667 0.85 0.575 0.85 0.5916666666666667 0.8625 0.5916666666666667 0.89375 0.5833333333333334 0.9 0.5666666666666667 0.9 0.5583333333333333 0.90625 0.525 0.90625 0.5166666666666667 0.9125 0.5083333333333333 0.9125 0.5 0.91875 0.49166666666666664 0.91875 0.48333333333333334 0.925 0.4666666666666667 0.925 0.4583333333333333 0.91875 0.45 0.91875 0.43333333333333335 0.90625 0.4166666666666667 0.90625 0.4083333333333333 0.9 0.4083333333333333 0.89375 0.4166666666666667 0.8875 0.425 0.8875 0.44166666666666665 0.875 0.44166666666666665 0.86875 0.45 0.8625 0.45 0.84375 0.4583333333333333 0.8375 0.4583333333333333 0.83125 0.475 0.81875 0.48333333333333334 0.81875 0.48333333333333334 0.825 0.49166666666666664 0.83125 0.525 0.83125 0.5333333333333333 0.8375
