1 0.5528255528255528 0.6176470588235294 0.5552825552825553 0.619281045751634 0.6117936117936118 0.6241830065359477 0.6240786240786241 0.6290849673202614 0.6216216216216216 0.6323529411764706 0.6117936117936118 0.6339869281045751 0.5872235872235873 0.6519607843137255 0.5626535626535627 0.6519607843137255 0.5528255528255528 0.6486928104575164 0.5282555282555282 0.6470588235294118 0.5208845208845209 0.6421568627450981 0.5012285012285013 0.6388888888888888 0.5061425061425061 0.6290849673202614 0.5184275184275184 0.6225490196078431 0.5307125307125307 0.619281045751634 0.5454545454545454 0.619281045751634 0.5503685503685504 0.6176470588235294
1 0.7911547911547911 0.6421568627450981 0.7960687960687961 0.6470588235294118 0.800982800982801 0.6470588235294118 0.8058968058968059 0.6437908496732027 0.8083538083538083 0.6454248366013072 0.8206388206388207 0.6437908496732027 0.8255528255528255 0.6470588235294118 0.8329238329238329 0.6470588235294118 0.8501228501228502 0.6568627450980392 0.855036855036855 0.6699346405228758 0.8476658476658476 0.6715686274509803 0.8378378378378378 0.6699346405228758 0.8255528255528255 0.6781045751633987 0.8157248157248157 0.6764705882352942 0.8132678132678133 0.6813725490196079 0.8206388206388207 0.684640522875817 0.8353808353808354 0.684640522875817 0.8378378378378378 0.6862745098039216 0.8476658476658476 0.684640522875817 0.8697788697788698 0.6928104575163399 0.8697788697788698 0.696078431372549 0.85995085995086 0.7026143790849673 0.8230958230958231 0.7140522875816994 0.8108108108108109 0.7140522875816994 0.8058968058968059 0.7173202614379085 0.8058968058968059 0.7238562091503268 0.7985257985257985 0.7156862745098039 0.7936117936117936 0.7173202614379085 0.7788697788697788 0.7173202614379085 0.7665847665847666 0.7238562091503268 0.7493857493857494 0.7254901960784313 0.7395577395577395 0.7287581699346405 0.7346437346437347 0.7254901960784313 0.7272727272727273 0.7254901960784313 0.7248157248157249 0.7303921568627451 0.7272727272727273 0.7320261437908496 0.7297297297297297 0.7303921568627451 0.7248157248157249 0.7369281045751634 0.7174447174447175 0.7401960784313726 0.7100737100737101 0.738562091503268 0.6904176904176904 0.7401960784313726 0.687960687960688 0.738562091503268 0.6486486486486487 0.7450980392156863 0.6461916461916462 0.7483660130718954 0.6388206388206388 0.7450980392156863 0.6339066339066339 0.7450980392156863 0.6265356265356266 0.75 0.6240786240786241 0.7483660130718954 0.6167076167076168 0.75 0.6117936117936118 0.7467320261437909 0.6068796068796068 0.7483660130718954 0.601965601965602 0.7450980392156863 0.5945945945945946 0.7467320261437909 0.5847665847665847 0.7418300653594772 0.5773955773955773 0.7434640522875817 0.5749385749385749 0.7418300653594772 0.5651105651105651 0.7418300653594772 0.542997542997543 0.7352941176470589 0.538083538083538 0.7320261437908496 0.5331695331695332 0.7320261437908496 0.5307125307125307 0.7205882352941176 0.538083538083538 0.7156862745098039 0.5454545454545454 0.7156862745098039 0.5626535626535627 0.7107843137254902 0.5921375921375921 0.7107843137254902 0.5995085995085995 0.7075163398692811 0.601965601965602 0.7009803921568627 0.597051597051597 0.6944444444444444 0.5847665847665847 0.696078431372549 0.5773955773955773 0.6928104575163399 0.5675675675675675 0.6928104575163399 0.5651105651105651 0.6911764705882353 0.5601965601965602 0.6928104575163399 0.5552825552825553 0.6895424836601307 0.5577395577395577 0.684640522875817 0.5626535626535627 0.684640522875817 0.5675675675675675 0.6895424836601307 0.5724815724815725 0.6879084967320261 0.5749385749385749 0.6797385620915033 0.5700245700245701 0.673202614379085 0.5601965601965602 0.6781045751633987 0.5528255528255528 0.6748366013071896 0.5503685503685504 0.6764705882352942 0.5454545454545454 0.6748366013071896 0.542997542997543 0.6764705882352942 0.542997542997543 0.6862745098039216 0.5356265356265356 0.6879084967320261 0.5282555282555282 0.6748366013071896 0.5233415233415234 0.673202614379085 0.5233415233415234 0.6699346405228758 0.5307125307125307 0.6633986928104575 0.5282555282555282 0.6617647058823529 0.5356265356265356 0.6568627450980392 0.5626535626535627 0.6584967320261438 0.5700245700245701 0.6535947712418301 0.5651105651105651 0.6503267973856209 0.5601965601965602 0.6519607843137255 0.5528255528255528 0.6503267973856209 0.5552825552825553 0.6486928104575164 0.5626535626535627 0.6503267973856209 0.5724815724815725 0.6470588235294118 0.5749385749385749 0.6486928104575164 0.5749385749385749 0.6568627450980392 0.5798525798525799 0.6601307189542484 0.5872235872235873 0.6584967320261438 0.5945945945945946 0.6601307189542484 0.601965601965602 0.6568627450980392 0.6044226044226044 0.6584967320261438 0.6093366093366094 0.6552287581699346 0.6167076167076168 0.6584967320261438 0.6265356265356266 0.6584967320261438 0.628992628992629 0.6568627450980392 0.6437346437346437 0.6601307189542484 0.6511056511056511 0.6584967320261438 0.6584766584766585 0.6535947712418301 0.6609336609336609 0.6470588235294118 0.6633906633906634 0.6486928104575164 0.6732186732186732 0.6486928104575164 0.6756756756756757 0.6454248366013072 0.687960687960688 0.6421568627450981 0.6977886977886978 0.6437908496732027 0.7027027027027027 0.6421568627450981 0.7076167076167076 0.6437908496732027 0.7174447174447175 0.6421568627450981 0.7272727272727273 0.6470588235294118 0.7346437346437347 0.6470588235294118 0.742014742014742 0.6421568627450981 0.7886977886977887 0.6421568627450981
1 0.7665847665847666 0.8545751633986928 0.7911547911547911 0.8545751633986928 0.7936117936117936 0.8562091503267973 0.8157248157248157 0.8578431372549019 0.8378378378378378 0.8660130718954249 0.8452088452088452 0.8660130718954249 0.8624078624078624 0.8774509803921569 0.8697788697788698 0.8774509803921569 0.8771498771498771 0.880718954248366 0.8894348894348895 0.8790849673202614 0.8894348894348895 0.8839869281045751 0.9090909090909091 0.8954248366013072 0.9164619164619164 0.8970588235294118 0.9312039312039312 0.9068627450980392 0.9312039312039312 0.9117647058823529 0.9385749385749386 0.9215686274509803 0.941031941031941 0.934640522875817 0.9434889434889435 0.9362745098039216 0.9434889434889435 0.9477124183006536 0.941031941031941 0.9509803921568627 0.9164619164619164 0.9656862745098039 0.8968058968058968 0.9673202614379085 0.8845208845208845 0.9705882352941176 0.8722358722358723 0.9705882352941176 0.8697788697788698 0.9722222222222222 0.855036855036855 0.9722222222222222 0.8525798525798526 0.9738562091503268 0.8353808353808354 0.9722222222222222 0.8304668304668305 0.9771241830065359 0.8230958230958231 0.9771241830065359 0.8206388206388207 0.9803921568627451 0.8157248157248157 0.9771241830065359 0.8108108108108109 0.9771241830065359 0.8058968058968059 0.9803921568627451 0.7985257985257985 0.9738562091503268 0.7764127764127764 0.9640522875816994 0.7665847665847666 0.9640522875816994 0.7641277641277642 0.9656862745098039 0.7346437346437347 0.9607843137254902 0.7199017199017199 0.9607843137254902 0.7027027027027027 0.9477124183006536 0.6855036855036855 0.9411764705882353 0.6805896805896806 0.9428104575163399 0.6805896805896806 0.9591503267973857 0.6756756756756757 0.9558823529411765 0.6805896805896806 0.9526143790849673 0.6805896805896806 0.9444444444444444 0.6707616707616708 0.9411764705882353 0.6707616707616708 0.934640522875817 0.6511056511056511 0.9215686274509803 0.6511056511056511 0.9052287581699346 0.6560196560196561 0.8986928104575164 0.6732186732186732 0.8823529411764706 0.6928746928746928 0.8725490196078431 0.7076167076167076 0.8725490196078431 0.7125307125307125 0.8741830065359477 0.7174447174447175 0.8709150326797386 0.7248157248157249 0.8709150326797386 0.7297297297297297 0.8660130718954249 0.7371007371007371 0.8660130718954249 0.7395577395577395 0.8709150326797386 0.7469287469287469 0.8676470588235294 0.7542997542997543 0.8709150326797386 0.7592137592137592 0.8627450980392157 0.7665847665847666 0.8594771241830066 0.7665847665847666 0.8562091503267973
1 0.7076167076167076 0.7924836601307189 0.742014742014742 0.8006535947712419 0.7493857493857494 0.8071895424836601 0.7346437346437347 0.8088235294117647 0.7223587223587223 0.8137254901960784 0.7027027027027027 0.826797385620915 0.6928746928746928 0.8415032679738562 0.687960687960688 0.8447712418300654 0.6609336609336609 0.8464052287581699 0.6584766584766585 0.8480392156862745 0.6044226044226044 0.8496732026143791 0.5847665847665847 0.8529411764705882 0.5823095823095823 0.8513071895424836 0.5724815724815725 0.8513071895424836 0.5503685503685504 0.8398692810457516 0.547911547911548 0.8366013071895425 0.547911547911548 0.826797385620915 0.5552825552825553 0.8202614379084967 0.5651105651105651 0.815359477124183 0.597051597051597 0.8055555555555556 0.6093366093366094 0.8055555555555556 0.6265356265356266 0.8006535947712419 0.6560196560196561 0.7973856209150327 0.6683046683046683 0.7941176470588235 0.7051597051597052 0.7924836601307189
1 0.4398034398034398 0.48366013071895425 0.44226044226044225 0.4852941176470588 0.4619164619164619 0.4869281045751634 0.4742014742014742 0.4934640522875817 0.47665847665847666 0.49836601307189543 0.47174447174447176 0.5016339869281046 0.4520884520884521 0.5049019607843137 0.4250614250614251 0.5049019607843137 0.4152334152334152 0.5016339869281046 0.40786240786240785 0.49673202614379086 0.40786240786240785 0.4934640522875817 0.4201474201474201 0.4869281045751634 0.43734643734643736 0.4852941176470588
1 0.5307125307125307 0.32189542483660133 0.5405405405405406 0.32189542483660133 0.5405405405405406 0.32679738562091504 0.5356265356265356 0.3300653594771242 0.5356265356265356 0.3333333333333333 0.5307125307125307 0.3333333333333333 0.5282555282555282 0.3284313725490196 0.5135135135135135 0.3349673202614379 0.5110565110565111 0.3333333333333333 0.5061425061425061 0.3382352941176471 0.4987714987714988 0.3415032679738562 0.49385749385749383 0.3415032679738562 0.48894348894348894 0.34477124183006536 0.4963144963144963 0.34967320261437906 0.5036855036855037 0.3480392156862745 0.5085995085995086 0.35294117647058826 0.5135135135135135 0.35294117647058826 0.515970515970516 0.35784313725490197 0.5233415233415234 0.35947712418300654 0.5282555282555282 0.3562091503267974 0.5282555282555282 0.35947712418300654 0.5356265356265356 0.36437908496732024 0.5331695331695332 0.36764705882352944 0.538083538083538 0.37254901960784315 0.5356265356265356 0.3741830065359477 0.5356265356265356 0.380718954248366 0.542997542997543 0.38562091503267976 0.5356265356265356 0.39052287581699346 0.5356265356265356 0.3954248366013072 0.5233415233415234 0.3937908496732026 0.5184275184275184 0.39705882352941174 0.5307125307125307 0.40522875816993464 0.5356265356265356 0.40522875816993464 0.542997542997543 0.4084967320261438 0.5454545454545454 0.4068627450980392 0.547911547911548 0.4133986928104575 0.5454545454545454 0.4150326797385621 0.538083538083538 0.4133986928104575 0.5282555282555282 0.4150326797385621 0.5233415233415234 0.4117647058823529 0.515970515970516 0.4133986928104575 0.5184275184275184 0.4117647058823529 0.5135135135135135 0.4084967320261438 0.5110565110565111 0.41013071895424835 0.4987714987714988 0.4035947712418301 0.49385749385749383 0.40522875816993464 0.49385749385749383 0.4084967320261438 0.48402948402948404 0.4084967320261438 0.47911547911547914 0.4117647058823529 0.4742014742014742 0.4084967320261438 0.47911547911547914 0.4035947712418301 0.4692874692874693 0.4019607843137255 0.4619164619164619 0.4068627450980392 0.4594594594594595 0.41830065359477125 0.4643734643734644 0.4199346405228758 0.4643734643734644 0.42483660130718953 0.4692874692874693 0.42810457516339867 0.4668304668304668 0.4297385620915033 0.4668304668304668 0.43790849673202614 0.4742014742014742 0.4411764705882353 0.48402948402948404 0.4411764705882353 0.4864864864864865 0.4395424836601307 0.48894348894348894 0.4411764705882353 0.49385749385749383 0.43790849673202614 0.48894348894348894 0.43300653594771243 0.47665847665847666 0.42810457516339867 0.4864864864864865 0.4199346405228758 0.5184275184275184 0.4199346405228758 0.538083538083538 0.42320261437908496 0.5454545454545454 0.4199346405228758 0.542997542997543 0.42320261437908496 0.542997542997543 0.43300653594771243 0.5356265356265356 0.43300653594771243 0.5307125307125307 0.42810457516339867 0.5135135135135135 0.43790849673202614 0.5184275184275184 0.4411764705882353 0.5307125307125307 0.4411764705882353 0.5331695331695332 0.4395424836601307 0.542997542997543 0.4395424836601307 0.5454545454545454 0.44281045751633985 0.5528255528255528 0.4395424836601307 0.5651105651105651 0.4411764705882353 0.5626535626535627 0.4444444444444444 0.5454545454545454 0.45098039215686275 0.5208845208845209 0.45098039215686275 0.5184275184275184 0.4493464052287582 0.5135135135135135 0.4526143790849673 0.5184275184275184 0.45588235294117646 0.5257985257985258 0.45588235294117646 0.5331695331695332 0.46078431372549017 0.5405405405405406 0.4624183006535948 0.5454545454545454 0.46568627450980393 0.5454545454545454 0.46895424836601307 0.5307125307125307 0.47549019607843135 0.5282555282555282 0.4738562091503268 0.5257985257985258 0.47549019607843135 0.5110565110565111 0.47549019607843135 0.5036855036855037 0.47875816993464054 0.4987714987714988 0.47875816993464054 0.4963144963144963 0.4820261437908497 0.49385749385749383 0.47875816993464054 0.48402948402948404 0.47549019607843135 0.47174447174447176 0.47875816993464054 0.4619164619164619 0.477124183006536 0.457002457002457 0.4803921568627451 0.457002457002457 0.48366013071895425 0.4594594594594595 0.4852941176470588 0.4619164619164619 0.48366013071895425 0.4619164619164619 0.4869281045751634 0.44717444717444715 0.49019607843137253 0.44963144963144963 0.4934640522875817 0.457002457002457 0.4934640522875817 0.4619164619164619 0.49836601307189543 0.45454545454545453 0.5 0.44717444717444715 0.49836601307189543 0.44226044226044225 0.5032679738562091 0.43734643734643736 0.49836601307189543 0.42997542997543 0.5032679738562091 0.4226044226044226 0.5 0.4176904176904177 0.5 0.41277641277641275 0.49673202614379086 0.41277641277641275 0.49019607843137253 0.4176904176904177 0.4852941176470588 0.4250614250614251 0.4852941176470588 0.4348894348894349 0.4803921568627451 0.4201474201474201 0.4591503267973856 0.4201474201474201 0.45588235294117646 0.4103194103194103 0.4542483660130719 0.40786240786240785 0.45588235294117646 0.4103194103194103 0.4591503267973856 0.40786240786240785 0.46405228758169936 0.40294840294840295 0.46078431372549017 0.3857493857493858 0.4624183006535948 0.3808353808353808 0.4591503267973856 0.36855036855036855 0.4591503267973856 0.371007371007371 0.4526143790849673 0.3832923832923833 0.4526143790849673 0.3931203931203931 0.4493464052287582 0.3783783783783784 0.44281045751633985 0.3783783783783784 0.4395424836601307 0.3832923832923833 0.434640522875817 0.39803439803439805 0.434640522875817 0.40294840294840295 0.43300653594771243 0.40540540540540543 0.434640522875817 0.4152334152334152 0.434640522875817 0.4201474201474201 0.43790849673202614 0.42997542997543 0.43790849673202614 0.44471744471744473 0.43137254901960786 0.4398034398034398 0.4264705882352941 0.4398034398034398 0.4215686274509804 0.44471744471744473 0.4166666666666667 0.44226044226044225 0.4035947712418301 0.43243243243243246 0.39705882352941174 0.4275184275184275 0.40032679738562094 0.4176904176904177 0.4019607843137255 0.40540540540540543 0.3937908496732026 0.42997542997543 0.3872549019607843 0.43243243243243246 0.38562091503267976 0.43243243243243246 0.3790849673202614 0.45454545454545453 0.37745098039215685 0.4594594594594595 0.3741830065359477 0.4594594594594595 0.36764705882352944 0.4619164619164619 0.3660130718954248 0.47911547911547914 0.36437908496732024 0.48402948402948404 0.3611111111111111 0.47665847665847666 0.3545751633986928 0.47911547911547914 0.34967320261437906 0.47665847665847666 0.3382352941176471 0.47174447174447176 0.3349673202614379 0.4594594594594595 0.3349673202614379 0.4594594594594595 0.3333333333333333 0.47174447174447176 0.3284313725490196 0.47665847665847666 0.3300653594771242 0.5036855036855037 0.32516339869281047 0.5184275184275184 0.3284313725490196 0.5307125307125307 0.3235294117647059
1 0.6609336609336609 0.6486928104575164 0.6781326781326781 0.6568627450980392 0.683046683046683 0.6552287581699346 0.6928746928746928 0.6568627450980392 0.6953316953316954 0.6535947712418301 0.7100737100737101 0.6535947712418301 0.7174447174447175 0.6486928104575164 0.7272727272727273 0.6503267973856209 0.7395577395577395 0.6486928104575164 0.7567567567567568 0.6535947712418301 0.7641277641277642 0.6584967320261438 0.7886977886977887 0.6568627450980392 0.7936117936117936 0.6601307189542484 0.7985257985257985 0.6601307189542484 0.8034398034398035 0.6568627450980392 0.8083538083538083 0.6633986928104575 0.8083538083538083 0.6715686274509803 0.8132678132678133 0.6797385620915033 0.8181818181818182 0.6797385620915033 0.8230958230958231 0.6764705882352942 0.8255528255528255 0.6781045751633987 0.8206388206388207 0.6813725490196079 0.8230958230958231 0.6830065359477124 0.8304668304668305 0.684640522875817 0.8525798525798526 0.6830065359477124 0.8574938574938575 0.6879084967320261 0.8624078624078624 0.6879084967320261 0.8673218673218673 0.6911764705882353 0.8796068796068796 0.6944444444444444 0.8820638820638821 0.696078431372549 0.8796068796068796 0.704248366013072 0.8697788697788698 0.7026143790849673 0.8673218673218673 0.7075163398692811 0.8624078624078624 0.7107843137254902 0.8574938574938575 0.7107843137254902 0.8525798525798526 0.7156862745098039 0.8452088452088452 0.7107843137254902 0.8402948402948403 0.7107843137254902 0.8329238329238329 0.7173202614379085 0.828009828009828 0.7173202614379085 0.8206388206388207 0.7107843137254902 0.8157248157248157 0.7107843137254902 0.8058968058968059 0.7271241830065359 0.800982800982801 0.7271241830065359 0.7936117936117936 0.7222222222222222 0.7837837837837838 0.7222222222222222 0.7764127764127764 0.7173202614379085 0.7616707616707616 0.7222222222222222 0.7395577395577395 0.7238562091503268 0.7002457002457002 0.7140522875816994 0.6928746928746928 0.7140522875816994 0.6781326781326781 0.7075163398692811 0.6707616707616708 0.7075163398692811 0.6633906633906634 0.7026143790849673 0.6560196560196561 0.7026143790849673 0.6560196560196561 0.6977124183006536 0.6486486486486487 0.696078431372549 0.6486486486486487 0.6928104575163399 0.6388206388206388 0.6879084967320261 0.6314496314496314 0.6895424836601307 0.6167076167076168 0.6862745098039216 0.6117936117936118 0.6895424836601307 0.6044226044226044 0.6895424836601307 0.597051597051597 0.6928104575163399 0.5945945945945946 0.6911764705882353 0.5872235872235873 0.6928104575163399 0.5847665847665847 0.6911764705882353 0.5724815724815725 0.6911764705882353 0.5700245700245701 0.6928104575163399 0.5626535626535627 0.6895424836601307 0.5528255528255528 0.6911764705882353 0.547911547911548 0.6879084967320261 0.5405405405405406 0.6879084967320261 0.5356265356265356 0.684640522875817 0.5307125307125307 0.684640522875817 0.5184275184275184 0.6797385620915033 0.5184275184275184 0.6715686274509803 0.5233415233415234 0.6666666666666666 0.5233415233415234 0.6633986928104575 0.5331695331695332 0.6568627450980392 0.5700245700245701 0.6601307189542484 0.5724815724815725 0.6584967320261438 0.5847665847665847 0.6584967320261438 0.5945945945945946 0.6552287581699346 0.6167076167076168 0.6552287581699346 0.6191646191646192 0.6503267973856209 0.6216216216216216 0.6552287581699346 0.628992628992629 0.6552287581699346 0.6363636363636364 0.6503267973856209 0.6535626535626535 0.6503267973856209 0.6584766584766585 0.6486928104575164
1 0.5872235872235873 0.6568627450980392 0.5945945945945946 0.6584967320261438 0.6068796068796068 0.6552287581699346 0.6093366093366094 0.6568627450980392 0.6363636363636364 0.6568627450980392 0.6388206388206388 0.6584967320261438 0.6633906633906634 0.6601307189542484 0.683046683046683 0.6699346405228758 0.6904176904176904 0.6748366013071896 0.6904176904176904 0.6781045751633987 0.683046683046683 0.6813725490196079 0.6732186732186732 0.6813725490196079 0.6707616707616708 0.6797385620915033 0.6633906633906634 0.6830065359477124 0.6609336609336609 0.684640522875817 0.6633906633906634 0.6944444444444444 0.6560196560196561 0.6944444444444444 0.6535626535626535 0.6911764705882353 0.6412776412776413 0.6879084967320261 0.6216216216216216 0.6895424836601307 0.6117936117936118 0.6928104575163399 0.6068796068796068 0.6895424836601307 0.601965601965602 0.6895424836601307 0.5921375921375921 0.6944444444444444 0.5872235872235873 0.6944444444444444 0.5823095823095823 0.6911764705882353 0.5724815724815725 0.6928104575163399 0.5503685503685504 0.6911764705882353 0.538083538083538 0.6879084967320261 0.5331695331695332 0.684640522875817 0.5282555282555282 0.684640522875817 0.515970515970516 0.6781045751633987 0.5233415233415234 0.6617647058823529 0.5331695331695332 0.6568627450980392 0.538083538083538 0.6584967320261438 0.5626535626535627 0.6584967320261438 0.5675675675675675 0.6617647058823529 0.5749385749385749 0.6584967320261438 0.5847665847665847 0.6584967320261438
1 0.7125307125307125 0.7908496732026143 0.7518427518427518 0.7973856209150327 0.7542997542997543 0.8006535947712419 0.7714987714987716 0.803921568627451 0.7764127764127764 0.8088235294117647 0.7886977886977887 0.8120915032679739 0.7911547911547911 0.8104575163398693 0.800982800982801 0.8186274509803921 0.8206388206388207 0.8186274509803921 0.828009828009828 0.8235294117647058 0.8230958230958231 0.826797385620915 0.8206388206388207 0.8333333333333334 0.8206388206388207 0.8480392156862745 0.8181818181818182 0.8480392156862745 0.8157248157248157 0.8415032679738562 0.8108108108108109 0.8447712418300654 0.8132678132678133 0.8480392156862745 0.8083538083538083 0.8513071895424836 0.828009828009828 0.8611111111111112 0.8476658476658476 0.8643790849673203 0.8574938574938575 0.8741830065359477 0.8624078624078624 0.8758169934640523 0.8648648648648649 0.8741830065359477 0.8796068796068796 0.880718954248366 0.8894348894348895 0.8790849673202614 0.9090909090909091 0.8921568627450981 0.9164619164619164 0.8937908496732027 0.9238329238329238 0.9019607843137255 0.9336609336609336 0.9068627450980392 0.9385749385749386 0.9166666666666666 0.941031941031941 0.9330065359477124 0.9434889434889435 0.934640522875817 0.9434889434889435 0.946078431372549 0.9385749385749386 0.954248366013072 0.918918918918919 0.9656862745098039 0.914004914004914 0.9673202614379085 0.8968058968058968 0.9673202614379085 0.8894348894348895 0.9705882352941176 0.8452088452088452 0.9738562091503268 0.8329238329238329 0.9673202614379085 0.8304668304668305 0.9738562091503268 0.8181818181818182 0.9852941176470589 0.8255528255528255 0.9918300653594772 0.8329238329238329 0.9901960784313726 0.8378378378378378 0.9934640522875817 0.8304668304668305 0.9967320261437909 0.8206388206388207 0.9934640522875817 0.7911547911547911 0.9934640522875817 0.7911547911547911 0.9918300653594772 0.800982800982801 0.9934640522875817 0.8034398034398035 0.9901960784313726 0.7936117936117936 0.9803921568627451 0.7886977886977887 0.9836601307189542 0.7886977886977887 0.9754901960784313 0.7813267813267813 0.9738562091503268 0.7837837837837838 0.9705882352941176 0.7714987714987716 0.9640522875816994 0.769041769041769 0.9689542483660131 0.7665847665847666 0.9673202614379085 0.7616707616707616 0.9689542483660131 0.7518427518427518 0.9673202614379085 0.7469287469287469 0.9705882352941176 0.7395577395577395 0.9673202614379085 0.7371007371007371 0.9689542483660131 0.7395577395577395 0.9771241830065359 0.7371007371007371 0.9787581699346405 0.7371007371007371 0.9738562091503268 0.7321867321867321 0.9722222222222222 0.7199017199017199 0.9820261437908496 0.7248157248157249 0.9918300653594772 0.7199017199017199 0.9950980392156863 0.7174447174447175 0.9934640522875817 0.7125307125307125 0.9950980392156863 0.7051597051597052 0.9934640522875817 0.7076167076167076 0.9901960784313726 0.7002457002457002 0.9852941176470589 0.6977886977886978 0.9771241830065359 0.6928746928746928 0.9738562091503268 0.6707616707616708 0.988562091503268 0.6707616707616708 0.9934640522875817 0.6658476658476659 0.9950980392156863 0.6216216216216216 0.9934640522875817 0.6265356265356266 0.9901960784313726 0.6363636363636364 0.9934640522875817 0.6437346437346437 0.988562091503268 0.6388206388206388 0.9852941176470589 0.6363636363636364 0.9869281045751634 0.628992628992629 0.9820261437908496 0.6314496314496314 0.9705882352941176 0.6240786240786241 0.9640522875816994 0.6142506142506142 0.9362745098039216 0.6216216216216216 0.9281045751633987 0.6216216216216216 0.923202614379085 0.6363636363636364 0.923202614379085 0.6412776412776413 0.9264705882352942 0.6461916461916462 0.9248366013071896 0.6486486486486487 0.9215686274509803 0.6486486486486487 0.9133986928104575 0.6461916461916462 0.9117647058823529 0.6486486486486487 0.9052287581699346 0.6437346437346437 0.8986928104575164 0.6388206388206388 0.8970588235294118 0.6363636363636364 0.8986928104575164 0.6314496314496314 0.8954248366013072 0.6314496314496314 0.8872549019607843 0.6265356265356266 0.8839869281045751 0.6240786240786241 0.8856209150326797 0.6240786240786241 0.8921568627450981 0.6167076167076168 0.8921568627450981 0.6142506142506142 0.8905228758169934 0.6142506142506142 0.8839869281045751 0.6068796068796068 0.880718954248366 0.601965601965602 0.8839869281045751 0.601965601965602 0.8921568627450981 0.5995085995085995 0.8937908496732027 0.5945945945945946 0.8921568627450981 0.5945945945945946 0.8790849673202614 0.5896805896805897 0.8758169934640523 0.5896805896805897 0.8627450980392157 0.5872235872235873 0.8594771241830066 0.5773955773955773 0.8545751633986928 0.5601965601965602 0.8529411764705882 0.5528255528255528 0.8496732026143791 0.5454545454545454 0.8284313725490197 0.5577395577395577 0.8169934640522876 0.5773955773955773 0.8088235294117647 0.5896805896805897 0.8071895424836601 0.5945945945945946 0.803921568627451 0.6044226044226044 0.803921568627451 0.6117936117936118 0.8006535947712419 0.6142506142506142 0.8022875816993464 0.6240786240786241 0.8006535947712419 0.6339066339066339 0.795751633986928 0.6584766584766585 0.795751633986928 0.6781326781326781 0.7908496732026143 0.7100737100737101 0.7908496732026143
1 0.5626535626535627 0.5718954248366013 0.5724815724815725 0.5751633986928104 0.5724815724815725 0.5816993464052288 0.5651105651105651 0.5882352941176471 0.5503685503685504 0.5915032679738562 0.5257985257985258 0.5849673202614379 0.5233415233415234 0.5800653594771242 0.5331695331695332 0.5751633986928104 0.5601965601965602 0.5718954248366013
1 0.85995085995086 0.7467320261437909 0.8673218673218673 0.7516339869281046 0.8820638820638821 0.7532679738562091 0.8894348894348895 0.7565359477124183 0.8968058968058968 0.7532679738562091 0.9287469287469288 0.7712418300653595 0.9287469287469288 0.7761437908496732 0.9115479115479116 0.7875816993464052 0.9090909090909091 0.7924836601307189 0.9041769041769042 0.7941176470588235 0.8894348894348895 0.7941176470588235 0.8845208845208845 0.7924836601307189 0.8796068796068796 0.795751633986928 0.8673218673218673 0.795751633986928 0.8648648648648649 0.7973856209150327 0.85995085995086 0.7941176470588235 0.8353808353808354 0.7941176470588235 0.8329238329238329 0.7924836601307189 0.8255528255528255 0.7941176470588235 0.8206388206388207 0.7908496732026143 0.7911547911547911 0.795751633986928 0.7936117936117936 0.7941176470588235 0.7911547911547911 0.7908496732026143 0.7788697788697788 0.7908496732026143 0.773955773955774 0.7875816993464052 0.7641277641277642 0.7859477124183006 0.7371007371007371 0.7843137254901961 0.7174447174447175 0.7712418300653595 0.7199017199017199 0.761437908496732 0.7248157248157249 0.761437908496732 0.7297297297297297 0.7581699346405228 0.742014742014742 0.7565359477124183 0.7493857493857494 0.7532679738562091 0.7592137592137592 0.7532679738562091 0.7641277641277642 0.75 0.7764127764127764 0.75 0.8058968058968059 0.7434640522875817 0.8108108108108109 0.7450980392156863 0.8353808353808354 0.7450980392156863 0.8402948402948403 0.7483660130718954 0.8476658476658476 0.7450980392156863 0.8574938574938575 0.7467320261437909
1 0.7641277641277642 0.6813725490196079 0.7764127764127764 0.684640522875817 0.8034398034398035 0.6830065359477124 0.8230958230958231 0.6862745098039216 0.8427518427518428 0.6862745098039216 0.8501228501228502 0.6895424836601307 0.8648648648648649 0.6911764705882353 0.8746928746928747 0.6944444444444444 0.8771498771498771 0.6977124183006536 0.8648648648648649 0.6993464052287581 0.85995085995086 0.7026143790849673 0.85995085995086 0.7058823529411765 0.8525798525798526 0.704248366013072 0.8476658476658476 0.7075163398692811 0.8255528255528255 0.7124183006535948 0.8181818181818182 0.7107843137254902 0.8132678132678133 0.7140522875816994 0.800982800982801 0.7140522875816994 0.7936117936117936 0.7189542483660131 0.7862407862407862 0.7205882352941176 0.7764127764127764 0.7173202614379085 0.7592137592137592 0.7238562091503268 0.742014742014742 0.7238562091503268 0.7346437346437347 0.7205882352941176 0.7100737100737101 0.7173202614379085 0.6805896805896806 0.7075163398692811 0.6707616707616708 0.7075163398692811 0.6658476658476659 0.7026143790849673 0.6732186732186732 0.6977124183006536 0.6805896805896806 0.6977124183006536 0.7002457002457002 0.6911764705882353 0.7125307125307125 0.6830065359477124 0.714987714987715 0.684640522875817 0.7272727272727273 0.684640522875817 0.7297297297297297 0.6830065359477124 0.7469287469287469 0.6862745098039216 0.7616707616707616 0.6830065359477124
1 0.6388206388206388 0.7107843137254902 0.6412776412776413 0.7124183006535948 0.6584766584766585 0.7124183006535948 0.6609336609336609 0.7140522875816994 0.6633906633906634 0.7124183006535948 0.6781326781326781 0.7189542483660131 0.6855036855036855 0.7189542483660131 0.6928746928746928 0.7222222222222222 0.7027027027027027 0.7222222222222222 0.7100737100737101 0.7254901960784313 0.714987714987715 0.7254901960784313 0.7223587223587223 0.7303921568627451 0.6928746928746928 0.738562091503268 0.6756756756756757 0.738562091503268 0.6732186732186732 0.7401960784313726 0.6339066339066339 0.7434640522875817 0.6314496314496314 0.7450980392156863 0.601965601965602 0.7450980392156863 0.5995085995085995 0.7434640522875817 0.5798525798525799 0.7418300653594772 0.5700245700245701 0.738562091503268 0.5601965601965602 0.738562091503268 0.542997542997543 0.7320261437908496 0.5356265356265356 0.7320261437908496 0.5307125307125307 0.7287581699346405 0.5307125307125307 0.7205882352941176 0.5405405405405406 0.7156862745098039 0.5503685503685504 0.7156862745098039 0.5773955773955773 0.7107843137254902 0.6044226044226044 0.7107843137254902 0.6068796068796068 0.7091503267973857 0.6117936117936118 0.7107843137254902 0.6363636363636364 0.7107843137254902
1 0.7714987714987716 0.6388888888888888 0.7886977886977887 0.6421568627450981 0.8255528255528255 0.6421568627450981 0.8378378378378378 0.6470588235294118 0.8525798525798526 0.6568627450980392 0.8574938574938575 0.6666666666666666 0.8402948402948403 0.6715686274509803 0.828009828009828 0.6715686274509803 0.8108108108108109 0.6748366013071896 0.8083538083538083 0.673202614379085 0.7837837837837838 0.6748366013071896 0.7764127764127764 0.6781045751633987 0.7493857493857494 0.6781045751633987 0.7469287469287469 0.6797385620915033 0.7395577395577395 0.6797385620915033 0.7272727272727273 0.6748366013071896 0.7174447174447175 0.6748366013071896 0.687960687960688 0.6666666666666666 0.683046683046683 0.6617647058823529 0.6707616707616708 0.6568627450980392 0.6683046683046683 0.6486928104575164 0.6732186732186732 0.6454248366013072 0.6855036855036855 0.6421568627450981 0.687960687960688 0.6437908496732027 0.714987714987715 0.6421568627450981 0.7297297297297297 0.6454248366013072 0.7469287469287469 0.6388888888888888 0.769041769041769 0.6388888888888888
1 0.4250614250614251 0.5571895424836601 0.4275184275184275 0.5588235294117647 0.4250614250614251 0.5637254901960784 0.4201474201474201 0.5637254901960784 0.4152334152334152 0.5669934640522876 0.39803439803439805 0.5718954248366013 0.36855036855036855 0.5702614379084967 0.36117936117936117 0.5669934640522876 0.36363636363636365 0.5620915032679739 0.371007371007371 0.5588235294117647 0.3783783783783784 0.5588235294117647 0.3882063882063882 0.5555555555555556 0.40294840294840295 0.5555555555555556 0.40540540540540543 0.553921568627451 0.4226044226044226 0.5571895424836601
1 0.2334152334152334 0.47058823529411764 0.23587223587223588 0.4722222222222222 0.28746928746928746 0.47058823529411764 0.2972972972972973 0.4722222222222222 0.2972972972972973 0.4738562091503268 0.28992628992628994 0.477124183006536 0.28501228501228504 0.477124183006536 0.2702702702702703 0.4852941176470588 0.26044226044226043 0.4852941176470588 0.25061425061425063 0.4934640522875817 0.24815724815724816 0.4918300653594771 0.23832923832923833 0.4918300653594771 0.21375921375921375 0.5049019607843137 0.1941031941031941 0.5081699346405228 0.18181818181818182 0.5081699346405228 0.17936117936117937 0.5098039215686274 0.16953316953316952 0.5098039215686274 0.16707616707616707 0.5081699346405228 0.16461916461916462 0.5098039215686274 0.14742014742014742 0.5098039215686274 0.14250614250614252 0.511437908496732 0.13267813267813267 0.5098039215686274 0.13267813267813267 0.5081699346405228 0.14987714987714987 0.5016339869281046 0.16216216216216217 0.4934640522875817 0.16953316953316952 0.4934640522875817 0.18181818181818182 0.4869281045751634 0.1941031941031941 0.4852941176470588 0.21621621621621623 0.4738562091503268 0.23095823095823095 0.4722222222222222
1 0.5012285012285013 0.34967320261437906 0.5110565110565111 0.3545751633986928 0.5110565110565111 0.3611111111111111 0.4987714987714988 0.369281045751634 0.5110565110565111 0.37745098039215685 0.515970515970516 0.37745098039215685 0.5257985257985258 0.369281045751634 0.5282555282555282 0.3709150326797386 0.5307125307125307 0.369281045751634 0.5307125307125307 0.3611111111111111 0.5331695331695332 0.3611111111111111 0.5405405405405406 0.3709150326797386 0.5503685503685504 0.3709150326797386 0.5528255528255528 0.36764705882352944 0.5454545454545454 0.3627450980392157 0.5552825552825553 0.3611111111111111 0.5601965601965602 0.36437908496732024 0.5675675675675675 0.36437908496732024 0.5773955773955773 0.35947712418300654 0.5773955773955773 0.36437908496732024 0.5872235872235873 0.3709150326797386 0.5896805896805897 0.3758169934640523 0.5552825552825553 0.3741830065359477 0.5528255528255528 0.3758169934640523 0.5577395577395577 0.3790849673202614 0.5503685503685504 0.38235294117647056 0.5528255528255528 0.3888888888888889 0.5552825552825553 0.3872549019607843 0.5601965601965602 0.3888888888888889 0.5651105651105651 0.38562091503267976 0.5724815724815725 0.3872549019607843 0.5823095823095823 0.38235294117647056 0.5945945945945946 0.380718954248366 0.597051597051597 0.3758169934640523 0.6044226044226044 0.380718954248366 0.6093366093366094 0.380718954248366 0.6167076167076168 0.3839869281045752 0.6167076167076168 0.3872549019607843 0.6093366093366094 0.3937908496732026 0.6142506142506142 0.4035947712418301 0.6093366093366094 0.4068627450980392 0.6117936117936118 0.4166666666666667 0.6068796068796068 0.4133986928104575 0.6044226044226044 0.4150326797385621 0.6044226044226044 0.4215686274509804 0.6117936117936118 0.4264705882352941 0.6142506142506142 0.43137254901960786 0.6117936117936118 0.434640522875817 0.6142506142506142 0.44607843137254904 0.6240786240786241 0.4493464052287582 0.6191646191646192 0.4493464052287582 0.6117936117936118 0.4526143790849673 0.6068796068796068 0.45098039215686275 0.5823095823095823 0.45098039215686275 0.5626535626535627 0.4624183006535948 0.5651105651105651 0.46568627450980393 0.5626535626535627 0.4673202614379085 0.5626535626535627 0.4738562091503268 0.5700245700245701 0.47549019607843135 0.5700245700245701 0.48366013071895425 0.5823095823095823 0.49673202614379086 0.5773955773955773 0.5016339869281046 0.5823095823095823 0.511437908496732 0.5798525798525799 0.5130718954248366 0.5749385749385749 0.5032679738562091 0.5700245700245701 0.5049019607843137 0.5700245700245701 0.511437908496732 0.5749385749385749 0.5147058823529411 0.5700245700245701 0.5163398692810458 0.5700245700245701 0.5261437908496732 0.5724815724815725 0.5277777777777778 0.5773955773955773 0.5228758169934641 0.5847665847665847 0.5228758169934641 0.5896805896805897 0.5196078431372549 0.5872235872235873 0.5147058823529411 0.5921375921375921 0.5081699346405228 0.6044226044226044 0.5147058823529411 0.6093366093366094 0.5147058823529411 0.6117936117936118 0.5163398692810458 0.6117936117936118 0.5245098039215687 0.6216216216216216 0.5277777777777778 0.6314496314496314 0.5277777777777778 0.6339066339066339 0.5261437908496732 0.6388206388206388 0.5277777777777778 0.6461916461916462 0.5212418300653595 0.6511056511056511 0.5228758169934641 0.6609336609336609 0.5228758169934641 0.6633906633906634 0.5212418300653595 0.6683046683046683 0.5245098039215687 0.6756756756756757 0.5228758169934641 0.6805896805896806 0.5261437908496732 0.6805896805896806 0.5294117647058824 0.6707616707616708 0.5375816993464052 0.6707616707616708 0.5473856209150327 0.6732186732186732 0.5506535947712419 0.6683046683046683 0.553921568627451 0.6658476658476659 0.5620915032679739 0.6560196560196561 0.5571895424836601 0.6486486486486487 0.5571895424836601 0.6461916461916462 0.5588235294117647 0.6339066339066339 0.5588235294117647 0.628992628992629 0.5637254901960784 0.628992628992629 0.5669934640522876 0.6363636363636364 0.5751633986928104 0.6363636363636364 0.5800653594771242 0.6461916461916462 0.5833333333333334 0.6511056511056511 0.5816993464052288 0.6658476658476659 0.5849673202614379 0.6781326781326781 0.5800653594771242 0.683046683046683 0.5816993464052288 0.6953316953316954 0.5800653594771242 0.7027027027027027 0.5866013071895425 0.7076167076167076 0.5849673202614379 0.714987714987715 0.5882352941176471 0.7223587223587223 0.5866013071895425 0.7248157248157249 0.5898692810457516 0.7248157248157249 0.6013071895424836 0.7297297297297297 0.6045751633986928 0.7248157248157249 0.6111111111111112 0.714987714987715 0.6094771241830066 0.7051597051597052 0.619281045751634 0.7100737100737101 0.6225490196078431 0.7100737100737101 0.630718954248366 0.7125307125307125 0.6323529411764706 0.7174447174447175 0.6323529411764706 0.7272727272727273 0.6372549019607843 0.7321867321867321 0.6356209150326797 0.7371007371007371 0.6372549019607843 0.7395577395577395 0.6356209150326797 0.7395577395577395 0.6290849673202614 0.7469287469287469 0.6274509803921569 0.7493857493857494 0.6290849673202614 0.7469287469287469 0.6372549019607843 0.7542997542997543 0.6421568627450981 0.7616707616707616 0.6421568627450981 0.7665847665847666 0.6454248366013072 0.7714987714987716 0.6421568627450981 0.7764127764127764 0.6421568627450981 0.7813267813267813 0.6486928104575164 0.7911547911547911 0.6437908496732027 0.7911547911547911 0.6470588235294118 0.7985257985257985 0.6552287581699346 0.8058968058968059 0.6535947712418301 0.8132678132678133 0.6552287581699346 0.8157248157248157 0.6519607843137255 0.8206388206388207 0.6519607843137255 0.8230958230958231 0.6552287581699346 0.8353808353808354 0.6535947712418301 0.8501228501228502 0.6633986928104575 0.8501228501228502 0.6683006535947712 0.8452088452088452 0.6666666666666666 0.8378378378378378 0.6715686274509803 0.8378378378378378 0.6764705882352942 0.8230958230958231 0.6813725490196079 0.8255528255528255 0.684640522875817 0.8329238329238329 0.6830065359477124 0.8402948402948403 0.6928104575163399 0.8452088452088452 0.6862745098039216 0.8476658476658476 0.6862745098039216 0.8501228501228502 0.6895424836601307 0.855036855036855 0.6879084967320261 0.8673218673218673 0.6944444444444444 0.8476658476658476 0.7075163398692811 0.8353808353808354 0.7091503267973857 0.8304668304668305 0.7124183006535948 0.8132678132678133 0.7107843137254902 0.8058968058968059 0.7173202614379085 0.8058968058968059 0.7222222222222222 0.800982800982801 0.7173202614379085 0.7960687960687961 0.7173202614379085 0.7813267813267813 0.7254901960784313 0.773955773955774 0.7254901960784313 0.7641277641277642 0.7287581699346405 0.7493857493857494 0.7287581699346405 0.742014742014742 0.7336601307189542 0.7469287469287469 0.7369281045751634 0.7297297297297297 0.7369281045751634 0.7174447174447175 0.7434640522875817 0.7174447174447175 0.7467320261437909 0.7248157248157249 0.7532679738562091 0.7297297297297297 0.7532679738562091 0.7371007371007371 0.75 0.7395577395577395 0.7434640522875817 0.742014742014742 0.7434640522875817 0.7444717444717445 0.75 0.7518427518427518 0.7532679738562091 0.7518427518427518 0.7565359477124183 0.7444717444717445 0.761437908496732 0.7444717444717445 0.7647058823529411 0.7518427518427518 0.7679738562091504 0.7616707616707616 0.7777777777777778 0.7714987714987716 0.7810457516339869 0.7813267813267813 0.7875816993464052 0.8058968058968059 0.7892156862745098 0.7886977886977887 0.7908496732026143 0.7788697788697788 0.7973856209150327 0.7886977886977887 0.8022875816993464 0.7960687960687961 0.8104575163398693 0.8034398034398035 0.8088235294117647 0.8083538083538083 0.8104575163398693 0.8181818181818182 0.8088235294117647 0.8206388206388207 0.8104575163398693 0.8230958230958231 0.8169934640522876 0.8206388206388207 0.8431372549019608 0.8132678132678133 0.8447712418300654 0.8083538083538083 0.8545751633986928 0.8058968058968059 0.8562091503267973 0.8034398034398035 0.8545751633986928 0.7764127764127764 0.8529411764705882 0.7665847665847666 0.8562091503267973 0.7567567567567568 0.8529411764705882 0.7469287469287469 0.8529411764705882 0.7223587223587223 0.8480392156862745 0.7125307125307125 0.8480392156862745 0.7100737100737101 0.8496732026143791 0.687960687960688 0.8480392156862745 0.6805896805896806 0.8513071895424836 0.6781326781326781 0.8496732026143791 0.6609336609336609 0.8496732026143791 0.6511056511056511 0.8545751633986928 0.6535626535626535 0.8660130718954249 0.6486486486486487 0.8627450980392157 0.6486486486486487 0.8578431372549019 0.6412776412776413 0.8529411764705882 0.6191646191646192 0.8529411764705882 0.6117936117936118 0.8562091503267973 0.5995085995085995 0.8545751633986928 0.5945945945945946 0.8578431372549019 0.5896805896805897 0.8545751633986928 0.5872235872235873 0.8562091503267973 0.5773955773955773 0.8529411764705882 0.5700245700245701 0.8545751633986928 0.5601965601965602 0.8529411764705882 0.5552825552825553 0.8545751633986928 0.5528255528255528 0.8529411764705882 0.5528255528255528 0.8447712418300654 0.5454545454545454 0.8349673202614379 0.5454545454545454 0.826797385620915 0.5552825552825553 0.815359477124183 0.5626535626535627 0.815359477124183 0.5798525798525799 0.8022875816993464 0.5847665847665847 0.8022875816993464 0.5896805896805897 0.8055555555555556 0.5945945945945946 0.8006535947712419 0.5945945945945946 0.795751633986928 0.597051597051597 0.795751633986928 0.5945945945945946 0.7990196078431373 0.601965601965602 0.803921568627451 0.6044226044226044 0.8022875816993464 0.6167076167076168 0.8022875816993464 0.6240786240786241 0.8006535947712419 0.6265356265356266 0.795751633986928 0.6461916461916462 0.7941176470588235 0.6486486486486487 0.7908496732026143 0.6560196560196561 0.7941176470588235 0.6609336609336609 0.7941176470588235 0.6633906633906634 0.7908496732026143 0.683046683046683 0.7892156862745098 0.6928746928746928 0.7794117647058824 0.6953316953316954 0.7810457516339869 0.6953316953316954 0.7875816993464052 0.7002457002457002 0.7908496732026143 0.7076167076167076 0.7859477124183006 0.7051597051597052 0.7826797385620915 0.7125307125307125 0.7794117647058824 0.714987714987715 0.7859477124183006 0.7223587223587223 0.7892156862745098 0.7297297297297297 0.7826797385620915 0.7223587223587223 0.7761437908496732 0.7199017199017199 0.7794117647058824 0.7248157248157249 0.7728758169934641 0.7223587223587223 0.7696078431372549 0.7248157248157249 0.761437908496732 0.7125307125307125 0.7516339869281046 0.714987714987715 0.7467320261437909 0.7076167076167076 0.7434640522875817 0.7051597051597052 0.7450980392156863 0.7002457002457002 0.7418300653594772 0.683046683046683 0.7434640522875817 0.6756756756756757 0.7467320261437909 0.6609336609336609 0.7467320261437909 0.6461916461916462 0.761437908496732 0.6437346437346437 0.7598039215686274 0.6437346437346437 0.7532679738562091 0.6363636363636364 0.7483660130718954 0.6265356265356266 0.7532679738562091 0.6044226044226044 0.7516339869281046 0.597051597051597 0.7532679738562091 0.5921375921375921 0.7581699346405228 0.5872235872235873 0.7581699346405228 0.5847665847665847 0.7532679738562091 0.5798525798525799 0.7532679738562091 0.5749385749385749 0.75 0.5700245700245701 0.7516339869281046 0.5700245700245701 0.7483660130718954 0.5577395577395577 0.7401960784313726 0.538083538083538 0.7418300653594772 0.5356265356265356 0.738562091503268 0.5307125307125307 0.738562091503268 0.5257985257985258 0.7287581699346405 0.5257985257985258 0.7189542483660131 0.538083538083538 0.7124183006535948 0.542997542997543 0.7124183006535948 0.5503685503685504 0.7091503267973857 0.5528255528255528 0.7058823529411765 0.5528255528255528 0.696078431372549 0.5503685503685504 0.6895424836601307 0.5454545454545454 0.6862745098039216 0.542997542997543 0.6911764705882353 0.5405405405405406 0.6911764705882353 0.5307125307125307 0.684640522875817 0.5307125307125307 0.673202614379085 0.5233415233415234 0.6699346405228758 0.5233415233415234 0.6617647058823529 0.5208845208845209 0.6601307189542484 0.5233415233415234 0.6535947712418301 0.5208845208845209 0.6519607843137255 0.5135135135135135 0.6568627450980392 0.5061425061425061 0.6535947712418301 0.5036855036855037 0.6552287581699346 0.5012285012285013 0.6535947712418301 0.5036855036855037 0.6519607843137255 0.5036855036855037 0.6454248366013072 0.5012285012285013 0.6437908496732027 0.5085995085995086 0.6388888888888888 0.5036855036855037 0.6290849673202614 0.5110565110565111 0.6225490196078431 0.5085995085995086 0.619281045751634 0.5110565110565111 0.6111111111111112 0.5061425061425061 0.5996732026143791 0.4987714987714988 0.6029411764705882 0.48157248157248156 0.5947712418300654 0.48157248157248156 0.5898692810457516 0.4963144963144963 0.5833333333333334 0.4963144963144963 0.5735294117647058 0.48894348894348894 0.565359477124183 0.48894348894348894 0.5571895424836601 0.48402948402948404 0.5555555555555556 0.47665847665847666 0.5637254901960784 0.4692874692874693 0.5637254901960784 0.4692874692874693 0.5588235294117647 0.4619164619164619 0.5571895424836601 0.45454545454545453 0.5637254901960784 0.44717444717444715 0.565359477124183 0.42997542997543 0.5637254901960784 0.4176904176904177 0.5718954248366013 0.4103194103194103 0.5702614379084967 0.40294840294840295 0.5735294117647058 0.3931203931203931 0.5718954248366013 0.3882063882063882 0.5751633986928104 0.3808353808353808 0.5718954248366013 0.371007371007371 0.5718954248366013 0.36363636363636365 0.5669934640522876 0.36363636363636365 0.5620915032679739 0.371007371007371 0.5555555555555556 0.371007371007371 0.5522875816993464 0.3857493857493858 0.5522875816993464 0.3882063882063882 0.5490196078431373 0.3931203931203931 0.5522875816993464 0.4176904176904177 0.5359477124183006 0.4152334152334152 0.5310457516339869 0.4176904176904177 0.5163398692810458 0.4103194103194103 0.5081699346405228 0.41277641277641275 0.5049019607843137 0.40786240786240785 0.5016339869281046 0.39803439803439805 0.5016339869281046 0.3882063882063882 0.49836601307189543 0.3783783783783784 0.4934640522875817 0.3783783783783784 0.4869281045751634 0.36855036855036855 0.4852941176470588 0.36855036855036855 0.477124183006536 0.37346437346437344 0.47549019607843135 0.3808353808353808 0.47875816993464054 0.3857493857493858 0.477124183006536 0.3783783783783784 0.47058823529411764 0.371007371007371 0.47058823529411764 0.371007371007371 0.46895424836601307 0.3808353808353808 0.47058823529411764 0.3857493857493858 0.4673202614379085 0.3808353808353808 0.4624183006535948 0.3759213759213759 0.46405228758169936 0.37346437346437344 0.4624183006535948 0.3759213759213759 0.46078431372549017 0.3808353808353808 0.4624183006535948 0.3857493857493858 0.4591503267973856 0.3857493857493858 0.45588235294117646 0.3759213759213759 0.4526143790849673 0.36855036855036855 0.4542483660130719 0.36609336609336607 0.4526143790849673 0.36855036855036855 0.4493464052287582 0.36363636363636365 0.4444444444444444 0.371007371007371 0.4395424836601307 0.371007371007371 0.4362745098039216 0.3759213759213759 0.4362745098039216 0.3857493857493858 0.4297385620915033 0.3857493857493858 0.4215686274509804 0.3882063882063882 0.42320261437908496 0.39803439803439805 0.4215686274509804 0.3955773955773956 0.41830065359477125 0.3931203931203931 0.4199346405228758 0.3857493857493858 0.4150326797385621 0.3882063882063882 0.4068627450980392 0.3955773955773956 0.4068627450980392 0.4103194103194103 0.39869281045751637 0.4201474201474201 0.39705882352941174 0.4176904176904177 0.3937908496732026 0.4103194103194103 0.3937908496732026 0.41277641277641275 0.38562091503267976 0.4250614250614251 0.3888888888888889 0.4348894348894349 0.3888888888888889 0.4398034398034398 0.38562091503267976 0.44471744471744473 0.38562091503267976 0.44963144963144963 0.38235294117647056 0.4398034398034398 0.3790849673202614 0.4520884520884521 0.37745098039215685 0.457002457002457 0.3741830065359477 0.47174447174447176 0.3709150326797386 0.4742014742014742 0.3660130718954248 0.4864864864864865 0.36437908496732024 0.48894348894348894 0.3627450980392157 0.4864864864864865 0.3562091503267974 0.4987714987714988 0.35130718954248363
1 0.7469287469287469 0.6503267973856209 0.7493857493857494 0.6503267973856209 0.7493857493857494 0.6535947712418301 0.7542997542997543 0.6568627450980392 0.7616707616707616 0.6552287581699346 0.7764127764127764 0.6568627450980392 0.7788697788697788 0.6633986928104575 0.7764127764127764 0.6715686274509803 0.7813267813267813 0.6748366013071896 0.7764127764127764 0.6748366013071896 0.769041769041769 0.6813725490196079 0.7592137592137592 0.6813725490196079 0.7567567567567568 0.6797385620915033 0.7567567567567568 0.673202614379085 0.7542997542997543 0.6715686274509803 0.7444717444717445 0.6715686274509803 0.7395577395577395 0.6666666666666666 0.7371007371007371 0.6683006535947712 0.7272727272727273 0.6683006535947712 0.7248157248157249 0.6666666666666666 0.7223587223587223 0.6699346405228758 0.714987714987715 0.6666666666666666 0.7076167076167076 0.6748366013071896 0.7100737100737101 0.6797385620915033 0.7051597051597052 0.6813725490196079 0.7051597051597052 0.6781045751633987 0.6904176904176904 0.6683006535947712 0.6904176904176904 0.6617647058823529 0.7051597051597052 0.6666666666666666 0.7125307125307125 0.6633986928104575 0.714987714987715 0.6568627450980392 0.7223587223587223 0.6535947712418301 0.7272727272727273 0.6568627450980392 0.7321867321867321 0.6535947712418301 0.7395577395577395 0.6568627450980392 0.7444717444717445 0.6568627450980392 0.7469287469287469 0.6519607843137255
1 0.6191646191646192 0.7941176470588235 0.628992628992629 0.7973856209150327 0.6461916461916462 0.7941176470588235 0.6486486486486487 0.795751633986928 0.6658476658476659 0.7941176470588235 0.6732186732186732 0.7908496732026143 0.7051597051597052 0.7908496732026143 0.7346437346437347 0.7973856209150327 0.7518427518427518 0.7990196078431373 0.800982800982801 0.8202614379084967 0.8157248157248157 0.8202614379084967 0.8206388206388207 0.8218954248366013 0.8206388206388207 0.8316993464052288 0.8108108108108109 0.8382352941176471 0.8058968058968059 0.8480392156862745 0.800982800982801 0.8513071895424836 0.7911547911547911 0.8529411764705882 0.7886977886977887 0.8513071895424836 0.7665847665847666 0.8496732026143791 0.7567567567567568 0.8464052287581699 0.7321867321867321 0.8480392156862745 0.7199017199017199 0.8447712418300654 0.7174447174447175 0.8464052287581699 0.7125307125307125 0.8447712418300654 0.7027027027027027 0.8464052287581699 0.6953316953316954 0.8431372549019608 0.687960687960688 0.8464052287581699 0.6633906633906634 0.8480392156862745 0.6609336609336609 0.8496732026143791 0.6191646191646192 0.8496732026143791 0.5995085995085995 0.8529411764705882 0.5749385749385749 0.8529411764705882 0.5528255528255528 0.8447712418300654 0.5454545454545454 0.8333333333333334 0.547911547911548 0.8251633986928104 0.5700245700245701 0.8120915032679739 0.5749385749385749 0.8120915032679739 0.5921375921375921 0.803921568627451 0.6142506142506142 0.8006535947712419 0.6167076167076168 0.7990196078431373 0.6142506142506142 0.795751633986928 0.6167076167076168 0.795751633986928
1 0.547911547911548 0.49019607843137253 0.5577395577395577 0.4950980392156863 0.547911547911548 0.5016339869281046 0.538083538083538 0.5032679738562091 0.5110565110565111 0.5016339869281046 0.4987714987714988 0.4934640522875817 0.4987714987714988 0.49019607843137253 0.5085995085995086 0.4869281045751634 0.5356265356265356 0.4869281045751634 0.5454545454545454 0.49019607843137253
1 0.47174447174447176 0.3660130718954248 0.48157248157248156 0.3709150326797386 0.4864864864864865 0.369281045751634 0.4864864864864865 0.3660130718954248 0.4864864864864865 0.37254901960784315 0.4914004914004914 0.3758169934640523 0.5012285012285013 0.3741830065359477 0.5036855036855037 0.3709150326797386 0.5184275184275184 0.3741830065359477 0.5257985257985258 0.3741830065359477 0.5331695331695332 0.3709150326797386 0.5356265356265356 0.37254901960784315 0.5331695331695332 0.37745098039215685 0.5356265356265356 0.3872549019607843 0.5184275184275184 0.3954248366013072 0.4963144963144963 0.39705882352941174 0.48894348894348894 0.4084967320261438 0.48402948402948404 0.4068627450980392 0.48157248157248156 0.4019607843137255 0.47174447174447176 0.4019607843137255 0.4692874692874693 0.40032679738562094 0.4668304668304668 0.4019607843137255 0.4594594594594595 0.41013071895424835 0.4594594594594595 0.4166666666666667 0.457002457002457 0.41830065359477125 0.4643734643734644 0.4199346405228758 0.4643734643734644 0.42483660130718953 0.4692874692874693 0.42810457516339867 0.4668304668304668 0.434640522875817 0.47174447174447176 0.43790849673202614 0.47665847665847666 0.4362745098039216 0.48402948402948404 0.4395424836601307 0.4914004914004914 0.434640522875817 0.4742014742014742 0.42810457516339867 0.48402948402948404 0.4215686274509804 0.5233415233415234 0.4215686274509804 0.5257985257985258 0.42320261437908496 0.5356265356265356 0.4215686274509804 0.542997542997543 0.42320261437908496 0.542997542997543 0.43300653594771243 0.5454545454545454 0.434640522875817 0.5528255528255528 0.4362745098039216 0.5577395577395577 0.434640522875817 0.5675675675675675 0.4395424836601307 0.5823095823095823 0.4395424836601307 0.5798525798525799 0.44607843137254904 0.5552825552825553 0.45098039215686275 0.5528255528255528 0.4493464052287582 0.5405405405405406 0.45588235294117646 0.542997542997543 0.4624183006535948 0.5503685503685504 0.4673202614379085 0.542997542997543 0.4738562091503268 0.5356265356265356 0.4738562091503268 0.515970515970516 0.47875816993464054 0.5110565110565111 0.477124183006536 0.5036855036855037 0.4820261437908497 0.5061425061425061 0.4852941176470588 0.5110565110565111 0.48366013071895425 0.515970515970516 0.4869281045751634 0.5405405405405406 0.4869281045751634 0.5552825552825553 0.4934640522875817 0.5552825552825553 0.49673202614379086 0.5454545454545454 0.5032679738562091 0.542997542997543 0.5016339869281046 0.5257985257985258 0.5032679738562091 0.515970515970516 0.5081699346405228 0.5233415233415234 0.511437908496732 0.5257985257985258 0.5163398692810458 0.5356265356265356 0.5163398692810458 0.547911547911548 0.5212418300653595 0.5503685503685504 0.5245098039215687 0.547911547911548 0.5326797385620915 0.542997542997543 0.5326797385620915 0.5356265356265356 0.5359477124183006 0.5135135135135135 0.5359477124183006 0.5061425061425061 0.5326797385620915 0.5012285012285013 0.5343137254901961 0.49385749385749383 0.5326797385620915 0.4914004914004914 0.5343137254901961 0.4914004914004914 0.5424836601307189 0.4864864864864865 0.5424836601307189 0.48894348894348894 0.5408496732026143 0.48894348894348894 0.5326797385620915 0.48402948402948404 0.5310457516339869 0.4692874692874693 0.5359477124183006 0.47911547911547914 0.5408496732026143 0.47911547911547914 0.545751633986928 0.4742014742014742 0.5490196078431373 0.4643734643734644 0.5473856209150327 0.4594594594594595 0.5490196078431373 0.44717444717444715 0.5424836601307189 0.4520884520884521 0.5392156862745098 0.4643734643734644 0.5359477124183006 0.457002457002457 0.5326797385620915 0.44471744471744473 0.5326797385620915 0.44226044226044225 0.5310457516339869 0.43734643734643736 0.5326797385620915 0.43243243243243246 0.5277777777777778 0.43243243243243246 0.5245098039215687 0.4398034398034398 0.5196078431372549 0.44717444717444715 0.5179738562091504 0.44963144963144963 0.5147058823529411 0.4594594594594595 0.5130718954248366 0.4619164619164619 0.5065359477124183 0.4594594594594595 0.5049019607843137 0.4398034398034398 0.5049019607843137 0.43734643734643736 0.5032679738562091 0.4275184275184275 0.5049019607843137 0.41277641277641275 0.5 0.40786240786240785 0.49673202614379086 0.40786240786240785 0.4918300653594771 0.4152334152334152 0.4852941176470588 0.40786240786240785 0.4803921568627451 0.39803439803439805 0.4803921568627451 0.40294840294840295 0.4803921568627451 0.40786240786240785 0.477124183006536 0.40786240786240785 0.46568627450980393 0.40294840294840295 0.4624183006535948 0.3857493857493858 0.4624183006535948 0.3783783783783784 0.4591503267973856 0.36855036855036855 0.4591503267973856 0.36609336609336607 0.45588235294117646 0.371007371007371 0.4526143790849673 0.3832923832923833 0.4526143790849673 0.39803439803439805 0.4493464052287582 0.3906633906633907 0.44607843137254904 0.3832923832923833 0.44607843137254904 0.3783783783783784 0.44281045751633985 0.3783783783783784 0.43790849673202614 0.3832923832923833 0.434640522875817 0.4004914004914005 0.434640522875817 0.40294840294840295 0.43300653594771243 0.4275184275184275 0.43790849673202614 0.4348894348894349 0.4362745098039216 0.44226044226044225 0.43137254901960786 0.4398034398034398 0.42320261437908496 0.44226044226044225 0.4199346405228758 0.44963144963144963 0.4199346405228758 0.457002457002457 0.4166666666666667 0.45454545454545453 0.4150326797385621 0.457002457002457 0.4084967320261438 0.4520884520884521 0.4068627450980392 0.4520884520884521 0.4035947712418301 0.44717444717444715 0.40032679738562094 0.44717444717444715 0.3954248366013072 0.44226044226044225 0.39215686274509803 0.44471744471744473 0.39052287581699346 0.4398034398034398 0.3872549019607843 0.4398034398034398 0.38235294117647056 0.4348894348894349 0.3790849673202614 0.4643734643734644 0.37745098039215685 0.4668304668304668 0.3758169934640523 0.4594594594594595 0.37254901960784315 0.4594594594594595 0.369281045751634 0.4692874692874693 0.36764705882352944
1 0.6756756756756757 0.5882352941176471 0.6781326781326781 0.5898692810457516 0.687960687960688 0.5898692810457516 0.6953316953316954 0.5931372549019608 0.7051597051597052 0.5931372549019608 0.714987714987715 0.5996732026143791 0.7076167076167076 0.6062091503267973 0.6928746928746928 0.6127450980392157 0.6756756756756757 0.6160130718954249 0.6560196560196561 0.6143790849673203 0.6314496314496314 0.6062091503267973 0.6117936117936118 0.6029411764705882 0.6068796068796068 0.5964052287581699 0.6068796068796068 0.5915032679738562 0.6117936117936118 0.5898692810457516 0.6265356265356266 0.5898692810457516 0.628992628992629 0.5882352941176471 0.6609336609336609 0.5882352941176471 0.6683046683046683 0.5898692810457516 0.6732186732186732 0.5882352941176471
1 0.47665847665847666 0.369281045751634 0.47911547911547914 0.369281045751634 0.47911547911547914 0.37745098039215685 0.4668304668304668 0.3758169934640523 0.4594594594594595 0.380718954248366 0.4619164619164619 0.38562091503267976 0.4594594594594595 0.3937908496732026 0.4643734643734644 0.39705882352941174 0.4692874692874693 0.3954248366013072 0.4692874692874693 0.38562091503267976 0.4742014742014742 0.38562091503267976 0.4864864864864865 0.3758169934640523 0.48894348894348894 0.3758169934640523 0.48402948402948404 0.3790849673202614 0.4914004914004914 0.38235294117647056 0.4963144963144963 0.380718954248366 0.5233415233415234 0.38235294117647056 0.5331695331695332 0.39052287581699346 0.5233415233415234 0.3954248366013072 0.5085995085995086 0.39869281045751637 0.5036855036855037 0.3954248366013072 0.5012285012285013 0.39705882352941174 0.4963144963144963 0.3954248366013072 0.4914004914004914 0.40032679738562094 0.49385749385749383 0.4019607843137255 0.4914004914004914 0.4068627450980392 0.48402948402948404 0.4084967320261438 0.4742014742014742 0.41830065359477125 0.47665847665847666 0.4199346405228758 0.4864864864864865 0.41830065359477125 0.5012285012285013 0.4199346405228758 0.5085995085995086 0.41830065359477125 0.5110565110565111 0.4150326797385621 0.5208845208845209 0.41830065359477125 0.5307125307125307 0.4133986928104575 0.5405405405405406 0.4150326797385621 0.5503685503685504 0.4133986928104575 0.5552825552825553 0.4166666666666667 0.547911547911548 0.4215686274509804 0.547911547911548 0.42810457516339867 0.5626535626535627 0.4362745098039216 0.5675675675675675 0.434640522875817 0.5651105651105651 0.43790849673202614 0.5675675675675675 0.4395424836601307 0.5749385749385749 0.4395424836601307 0.5773955773955773 0.4493464052287582 0.5724815724815725 0.4526143790849673 0.5724815724815725 0.45588235294117646 0.5700245700245701 0.45751633986928103 0.5626535626535627 0.4542483660130719 0.5601965601965602 0.45588235294117646 0.5601965601965602 0.4722222222222222 0.5675675675675675 0.47875816993464054 0.5700245700245701 0.477124183006536 0.5626535626535627 0.4820261437908497 0.5626535626535627 0.4869281045751634 0.5675675675675675 0.49019607843137253 0.5700245700245701 0.48856209150326796 0.5773955773955773 0.49836601307189543 0.5675675675675675 0.5049019607843137 0.5700245700245701 0.5081699346405228 0.5675675675675675 0.5065359477124183 0.5601965601965602 0.511437908496732 0.5626535626535627 0.5179738562091504 0.5700245700245701 0.5196078431372549 0.5700245700245701 0.5261437908496732 0.5724815724815725 0.5277777777777778 0.5773955773955773 0.5245098039215687 0.5872235872235873 0.5261437908496732 0.5921375921375921 0.5196078431372549 0.5896805896805897 0.511437908496732 0.5945945945945946 0.5098039215686274 0.6044226044226044 0.5163398692810458 0.6117936117936118 0.511437908496732 0.6093366093366094 0.5147058823529411 0.6142506142506142 0.5196078431372549 0.6117936117936118 0.5277777777777778 0.6167076167076168 0.5343137254901961 0.6412776412776413 0.5343137254901961 0.6461916461916462 0.5359477124183006 0.6486486486486487 0.5343137254901961 0.6486486486486487 0.5277777777777778 0.6437346437346437 0.5261437908496732 0.6461916461916462 0.5228758169934641 0.6609336609336609 0.5228758169934641 0.6633906633906634 0.5212418300653595 0.6781326781326781 0.5228758169934641 0.6805896805896806 0.5294117647058824 0.6732186732186732 0.5310457516339869 0.6707616707616708 0.5277777777777778 0.6658476658476659 0.5359477124183006 0.6633906633906634 0.5343137254901961 0.6609336609336609 0.5359477124183006 0.6633906633906634 0.5392156862745098 0.6609336609336609 0.5424836601307189 0.6633906633906634 0.5441176470588235 0.6683046683046683 0.5424836601307189 0.6707616707616708 0.5473856209150327 0.6658476658476659 0.5571895424836601 0.6609336609336609 0.5571895424836601 0.6560196560196561 0.5522875816993464 0.6486486486486487 0.5571895424836601 0.6339066339066339 0.5588235294117647 0.628992628992629 0.5637254901960784 0.6314496314496314 0.5702614379084967 0.6412776412776413 0.5751633986928104 0.6437346437346437 0.5800653594771242 0.6486486486486487 0.5784313725490197 0.6535626535626535 0.5816993464052288 0.6560196560196561 0.5800653594771242 0.6584766584766585 0.5816993464052288 0.6633906633906634 0.5800653594771242 0.6683046683046683 0.5816993464052288 0.6781326781326781 0.576797385620915 0.7223587223587223 0.5866013071895425 0.7248157248157249 0.5882352941176471 0.7272727272727273 0.6111111111111112 0.714987714987715 0.619281045751634 0.7174447174447175 0.6225490196078431 0.714987714987715 0.6258169934640523 0.7076167076167076 0.6290849673202614 0.7100737100737101 0.6356209150326797 0.7125307125307125 0.6372549019607843 0.714987714987715 0.6339869281045751 0.7223587223587223 0.6421568627450981 0.7371007371007371 0.6405228758169934 0.7395577395577395 0.6388888888888888 0.7395577395577395 0.6290849673202614 0.7469287469287469 0.6274509803921569 0.7493857493857494 0.6290849673202614 0.7469287469287469 0.6356209150326797 0.7518427518427518 0.6388888888888888 0.7616707616707616 0.6388888888888888 0.7641277641277642 0.6405228758169934 0.7714987714987716 0.6388888888888888 0.7813267813267813 0.6421568627450981 0.7936117936117936 0.6421568627450981 0.7960687960687961 0.6437908496732027 0.8206388206388207 0.6437908496732027 0.8255528255528255 0.6470588235294118 0.8329238329238329 0.6470588235294118 0.8501228501228502 0.6568627450980392 0.85995085995086 0.6699346405228758 0.8525798525798526 0.6764705882352942 0.8402948402948403 0.6813725490196079 0.855036855036855 0.684640522875817 0.8722358722358723 0.6944444444444444 0.8452088452088452 0.7107843137254902 0.8353808353808354 0.7107843137254902 0.8304668304668305 0.7156862745098039 0.8132678132678133 0.7140522875816994 0.8058968058968059 0.7189542483660131 0.8058968058968059 0.7254901960784313 0.7985257985257985 0.7222222222222222 0.7837837837837838 0.7254901960784313 0.773955773955774 0.7254901960784313 0.7616707616707616 0.7303921568627451 0.7444717444717445 0.7320261437908496 0.742014742014742 0.7336601307189542 0.7469287469287469 0.7352941176470589 0.7444717444717445 0.738562091503268 0.7297297297297297 0.7369281045751634 0.7223587223587223 0.7418300653594772 0.7223587223587223 0.7516339869281046 0.7272727272727273 0.7549019607843137 0.7346437346437347 0.7516339869281046 0.7518427518427518 0.7532679738562091 0.7518427518427518 0.7630718954248366 0.7542997542997543 0.7647058823529411 0.7518427518427518 0.7696078431372549 0.7665847665847666 0.7810457516339869 0.7714987714987716 0.7810457516339869 0.7813267813267813 0.7875816993464052 0.7886977886977887 0.7892156862745098 0.8058968058968059 0.7892156862745098 0.8058968058968059 0.7924836601307189 0.800982800982801 0.7941176470588235 0.7960687960687961 0.7908496732026143 0.7936117936117936 0.7924836601307189 0.7960687960687961 0.7990196078431373 0.7936117936117936 0.8055555555555556 0.7960687960687961 0.8071895424836601 0.8181818181818182 0.8055555555555556 0.8230958230958231 0.8022875816993464 0.8206388206388207 0.7990196078431373 0.8255528255528255 0.795751633986928 0.8132678132678133 0.7892156862745098 0.8230958230958231 0.7892156862745098 0.8255528255528255 0.7908496732026143 0.8255528255528255 0.8006535947712419 0.8230958230958231 0.8022875816993464 0.8255528255528255 0.8104575163398693 0.8230958230958231 0.815359477124183 0.828009828009828 0.8186274509803921 0.8402948402948403 0.8169934640522876 0.8476658476658476 0.8202614379084967 0.8402948402948403 0.8251633986928104 0.8329238329238329 0.8251633986928104 0.8230958230958231 0.8300653594771242 0.8206388206388207 0.8496732026143791 0.8132678132678133 0.8513071895424836 0.8206388206388207 0.8594771241830066 0.8132678132678133 0.8578431372549019 0.8058968058968059 0.8611111111111112 0.800982800982801 0.8562091503267973 0.7911547911547911 0.8578431372549019 0.7886977886977887 0.8562091503267973 0.7714987714987716 0.8562091503267973 0.7665847665847666 0.8578431372549019 0.7567567567567568 0.8545751633986928 0.7469287469287469 0.8562091503267973 0.742014742014742 0.8529411764705882 0.7346437346437347 0.8513071895424836 0.7297297297297297 0.8529411764705882 0.7248157248157249 0.8496732026143791 0.7223587223587223 0.8513071895424836 0.7199017199017199 0.8496732026143791 0.7051597051597052 0.8496732026143791 0.7027027027027027 0.8513071895424836 0.7002457002457002 0.8496732026143791 0.6855036855036855 0.8496732026143791 0.683046683046683 0.8513071895424836 0.6633906633906634 0.8496732026143791 0.6511056511056511 0.8562091503267973 0.6511056511056511 0.8594771241830066 0.6560196560196561 0.8643790849673203 0.6535626535626535 0.869281045751634 0.6486486486486487 0.869281045751634 0.6486486486486487 0.8578431372549019 0.6388206388206388 0.8529411764705882 0.6363636363636364 0.8545751633986928 0.6167076167076168 0.8545751633986928 0.6142506142506142 0.8562091503267973 0.6044226044226044 0.8545751633986928 0.5945945945945946 0.8594771241830066 0.5921375921375921 0.8562091503267973 0.5700245700245701 0.8545751633986928 0.5601965601965602 0.8513071895424836 0.5552825552825553 0.8529411764705882 0.5528255528255528 0.8513071895424836 0.5503685503685504 0.8415032679738562 0.5454545454545454 0.8366013071895425 0.5454545454545454 0.826797385620915 0.5503685503685504 0.8186274509803921 0.5552825552825553 0.815359477124183 0.5626535626535627 0.815359477124183 0.5798525798525799 0.803921568627451 0.5872235872235873 0.8071895424836601 0.5945945945945946 0.8022875816993464 0.597051597051597 0.795751633986928 0.597051597051597 0.8006535947712419 0.601965601965602 0.803921568627451 0.6117936117936118 0.8006535947712419 0.6142506142506142 0.8022875816993464 0.6216216216216216 0.8006535947712419 0.6240786240786241 0.795751633986928 0.6339066339066339 0.795751633986928 0.6363636363636364 0.7941176470588235 0.6437346437346437 0.795751633986928 0.6461916461916462 0.7941176470588235 0.6609336609336609 0.7941176470588235 0.6707616707616708 0.7908496732026143 0.6805896805896806 0.7908496732026143 0.687960687960688 0.7875816993464052 0.687960687960688 0.7843137254901961 0.683046683046683 0.7745098039215687 0.6756756756756757 0.7712418300653595 0.683046683046683 0.7712418300653595 0.6855036855036855 0.7679738562091504 0.6953316953316954 0.7647058823529411 0.7174447174447175 0.7696078431372549 0.7223587223587223 0.7647058823529411 0.7223587223587223 0.761437908496732 0.7125307125307125 0.7532679738562091 0.7125307125307125 0.7467320261437909 0.7027027027027027 0.7434640522875817 0.6928746928746928 0.7434640522875817 0.6781326781326781 0.7467320261437909 0.6609336609336609 0.7467320261437909 0.6511056511056511 0.7549019607843137 0.6461916461916462 0.7647058823529411 0.6437346437346437 0.7647058823529411 0.6412776412776413 0.7581699346405228 0.6437346437346437 0.7549019607843137 0.6388206388206388 0.75 0.6339066339066339 0.75 0.6265356265356266 0.7532679738562091 0.6216216216216216 0.7516339869281046 0.5896805896805897 0.7532679738562091 0.5872235872235873 0.7516339869281046 0.5773955773955773 0.7516339869281046 0.5724815724815725 0.7467320261437909 0.5700245700245701 0.7516339869281046 0.5601965601965602 0.7434640522875817 0.5552825552825553 0.7418300653594772 0.5528255528255528 0.7434640522875817 0.538083538083538 0.7434640522875817 0.5307125307125307 0.738562091503268 0.5257985257985258 0.7205882352941176 0.5356265356265356 0.7140522875816994 0.5503685503685504 0.7107843137254902 0.5528255528255528 0.7091503267973857 0.5528255528255528 0.7026143790849673 0.5577395577395577 0.6993464052287581 0.547911547911548 0.6895424836601307 0.5405405405405406 0.6911764705882353 0.5257985257985258 0.6813725490196079 0.5184275184275184 0.6813725490196079 0.5208845208845209 0.6683006535947712 0.5233415233415234 0.6666666666666666 0.5233415233415234 0.6552287581699346 0.5208845208845209 0.6535947712418301 0.5135135135135135 0.6552287581699346 0.5036855036855037 0.6535947712418301 0.5085995085995086 0.6503267973856209 0.4987714987714988 0.6454248366013072 0.5036855036855037 0.6290849673202614 0.5135135135135135 0.619281045751634 0.5257985257985258 0.6143790849673203 0.5282555282555282 0.6111111111111112 0.5184275184275184 0.6094771241830066 0.5110565110565111 0.6127450980392157 0.5110565110565111 0.6094771241830066 0.5036855036855037 0.6045751633986928 0.48402948402948404 0.5980392156862745 0.48157248157248156 0.5915032679738562 0.4864864864864865 0.5866013071895425 0.4963144963144963 0.5833333333333334 0.4987714987714988 0.576797385620915 0.4914004914004914 0.5702614379084967 0.4864864864864865 0.5588235294117647 0.48402948402948404 0.5571895424836601 0.47665847665847666 0.5604575163398693 0.4668304668304668 0.553921568627451 0.4520884520884521 0.5522875816993464 0.4520884520884521 0.5473856209150327 0.44226044226044225 0.5392156862745098 0.44471744471744473 0.5359477124183006 0.44226044226044225 0.5343137254901961 0.42997542997543 0.5343137254901961 0.4250614250614251 0.5277777777777778 0.4250614250614251 0.5212418300653595 0.43243243243243246 0.5196078431372549 0.44471744471744473 0.5081699346405228 0.43734643734643736 0.5049019607843137 0.4275184275184275 0.5049019607843137 0.4250614250614251 0.5065359477124183 0.4152334152334152 0.5049019607843137 0.3955773955773956 0.49673202614379086 0.3955773955773956 0.4934640522875817 0.40540540540540543 0.4918300653594771 0.40540540540540543 0.48856209150326796 0.4004914004914005 0.48366013071895425 0.4152334152334152 0.477124183006536 0.4152334152334152 0.4722222222222222 0.4103194103194103 0.4673202614379085 0.4004914004914005 0.46568627450980393 0.3955773955773956 0.4624183006535948 0.40540540540540543 0.45751633986928103 0.40540540540540543 0.4542483660130719 0.3955773955773956 0.4526143790849673 0.3906633906633907 0.44281045751633985 0.3832923832923833 0.4444444444444444 0.3931203931203931 0.43790849673202614 0.3857493857493858 0.434640522875817 0.3931203931203931 0.43300653594771243 0.3955773955773956 0.434640522875817 0.39803439803439805 0.43137254901960786 0.40540540540540543 0.43137254901960786 0.40786240786240785 0.434640522875817 0.4103194103194103 0.43300653594771243 0.4176904176904177 0.434640522875817 0.40786240786240785 0.4395424836601307 0.40786240786240785 0.44281045751633985 0.40294840294840295 0.4411764705882353 0.40540540540540543 0.43790849673202614 0.4004914004914005 0.434640522875817 0.39803439803439805 0.4362745098039216 0.39803439803439805 0.4444444444444444 0.40540540540540543 0.4477124183006536 0.41277641277641275 0.4477124183006536 0.4176904176904177 0.4411764705882353 0.4250614250614251 0.4411764705882353 0.42997542997543 0.43790849673202614 0.4275184275184275 0.43300653594771243 0.44471744471744473 0.4199346405228758 0.44471744471744473 0.4117647058823529 0.44963144963144963 0.4084967320261438 0.44717444717444715 0.40032679738562094 0.45454545454545453 0.39705882352941174 0.45454545454545453 0.39215686274509803 0.4520884520884521 0.39052287581699346 0.44963144963144963 0.39215686274509803 0.44226044226044225 0.3872549019607843 0.45454545454545453 0.38235294117647056 0.44717444717444715 0.3790849673202614 0.457002457002457 0.3790849673202614 0.4668304668304668 0.37254901960784315 0.4742014742014742 0.3741830065359477 0.47665847665847666 0.3709150326797386
