1 0.47073170731707314 0.7336601307189542 0.47317073170731705 0.7320261437908496 0.47073170731707314 0.7287581699346405 0.47317073170731705 0.7254901960784313 0.4878048780487805 0.7254901960784313 0.4902439024390244 0.7238562091503268 0.5048780487804878 0.7254901960784313 0.5073170731707317 0.7271241830065359 0.5073170731707317 0.7352941176470589 0.5024390243902439 0.738562091503268 0.47317073170731705 0.7369281045751634 0.47317073170731705 0.7352941176470589
1 0.5048780487804878 0.9428104575163399 0.5073170731707317 0.9444444444444444 0.5097560975609756 0.9428104575163399 0.5195121951219512 0.9444444444444444 0.5048780487804878 0.9558823529411765 0.4853658536585366 0.9607843137254902 0.47560975609756095 0.9607843137254902 0.47073170731707314 0.9558823529411765 0.47317073170731705 0.9526143790849673 0.48048780487804876 0.9477124183006536 0.5024390243902439 0.9428104575163399
1 0.2926829268292683 0.8611111111111112 0.2975609756097561 0.8627450980392157 0.2951219512195122 0.8725490196078431 0.275609756097561 0.8823529411764706 0.275609756097561 0.8905228758169934 0.2707317073170732 0.8954248366013072 0.25365853658536586 0.9052287581699346 0.23170731707317074 0.9281045751633987 0.2097560975609756 0.9411764705882353 0.2048780487804878 0.946078431372549 0.2073170731707317 0.9509803921568627 0.20243902439024392 0.9591503267973857 0.1951219512195122 0.9607843137254902 0.1926829268292683 0.9656862745098039 0.17317073170731706 0.9754901960784313 0.15853658536585366 0.9869281045751634 0.15121951219512195 0.9869281045751634 0.14390243902439023 0.9901960784313726 0.13414634146341464 0.9901960784313726 0.13170731707317074 0.9852941176470589 0.14878048780487804 0.9722222222222222 0.16341463414634147 0.9673202614379085 0.17317073170731706 0.9607843137254902 0.18048780487804877 0.9526143790849673 0.18048780487804877 0.9411764705882353 0.18536585365853658 0.9395424836601307 0.1902439024390244 0.9313725490196079 0.2097560975609756 0.9264705882352942 0.21707317073170732 0.9215686274509803 0.22195121951219512 0.9068627450980392 0.23658536585365852 0.8970588235294118 0.24878048780487805 0.8937908496732027 0.2658536585365854 0.8823529411764706 0.2658536585365854 0.8758169934640523 0.2731707317073171 0.869281045751634 0.29024390243902437 0.8627450980392157
1 0.4902439024390244 0.7124183006535948 0.4975609756097561 0.7156862745098039 0.5024390243902439 0.7140522875816994 0.5073170731707317 0.7156862745098039 0.5073170731707317 0.7254901960784313 0.5048780487804878 0.7271241830065359 0.4926829268292683 0.7271241830065359 0.48292682926829267 0.7238562091503268 0.47317073170731705 0.7156862745098039 0.4878048780487805 0.7140522875816994
1 0.5048780487804878 0.704248366013072 0.5073170731707317 0.7156862745098039 0.47804878048780486 0.7156862745098039 0.47560975609756095 0.7140522875816994 0.47560975609756095 0.7091503267973857 0.48048780487804876 0.7058823529411765 0.4853658536585366 0.704248366013072 0.5024390243902439 0.704248366013072
1 0.5024390243902439 0.7058823529411765 0.5073170731707317 0.7107843137254902 0.5048780487804878 0.7189542483660131 0.4926829268292683 0.7189542483660131 0.47317073170731705 0.7156862745098039 0.47317073170731705 0.7124183006535948 0.47804878048780486 0.7075163398692811 0.5 0.7075163398692811
1 0.5536585365853659 0.8496732026143791 0.5560975609756098 0.8545751633986928 0.5707317073170731 0.8627450980392157 0.5707317073170731 0.869281045751634 0.5609756097560976 0.8709150326797386 0.5560975609756098 0.869281045751634 0.5463414634146342 0.8709150326797386 0.5439024390243903 0.869281045751634 0.5439024390243903 0.8643790849673203 0.5487804878048781 0.8594771241830066 0.5463414634146342 0.8513071895424836 0.551219512195122 0.8496732026143791
1 0.5 0.7009803921568627 0.5048780487804878 0.7058823529411765 0.5048780487804878 0.7107843137254902 0.48292682926829267 0.7107843137254902 0.48048780487804876 0.7091503267973857 0.4902439024390244 0.7009803921568627 0.4975609756097561 0.7009803921568627
1 0.524390243902439 0.7859477124183006 0.5292682926829269 0.7924836601307189 0.5219512195121951 0.7941176470588235 0.5048780487804878 0.7924836601307189 0.5048780487804878 0.7892156862745098 0.5121951219512195 0.7892156862745098 0.5219512195121951 0.7859477124183006
1 0.526829268292683 0.8316993464052288 0.551219512195122 0.8218954248366013 0.5756097560975609 0.8235294117647058 0.5780487804878048 0.8284313725490197 0.573170731707317 0.8300653594771242 0.5707317073170731 0.8415032679738562 0.5878048780487805 0.8447712418300654 0.5853658536585366 0.8513071895424836 0.5756097560975609 0.8545751633986928 0.5682926829268292 0.8545751633986928 0.5634146341463414 0.8578431372549019 0.5682926829268292 0.8611111111111112 0.5658536585365853 0.8676470588235294 0.5780487804878048 0.8725490196078431 0.5829268292682926 0.8758169934640523 0.5829268292682926 0.8790849673202614 0.573170731707317 0.8856209150326797 0.5560975609756098 0.8872549019607843 0.551219512195122 0.8905228758169934 0.5560975609756098 0.8921568627450981 0.5560975609756098 0.8986928104575164 0.551219512195122 0.9035947712418301 0.5292682926829269 0.9068627450980392 0.526829268292683 0.9019607843137255 0.5317073170731708 0.8970588235294118 0.5487804878048781 0.8921568627450981 0.5439024390243903 0.8872549019607843 0.5341463414634147 0.8872549019607843 0.526829268292683 0.8839869281045751 0.526829268292683 0.880718954248366 0.5414634146341464 0.8709150326797386 0.5414634146341464 0.8660130718954249 0.5487804878048781 0.8594771241830066 0.5414634146341464 0.8480392156862745 0.5317073170731708 0.8447712418300654 0.5146341463414634 0.8447712418300654 0.5195121951219512 0.8415032679738562 0.526829268292683 0.8415032679738562 0.5341463414634147 0.8366013071895425 0.5292682926829269 0.8333333333333334
1 0.5170731707317073 0.7712418300653595 0.5195121951219512 0.7777777777777778 0.5024390243902439 0.7826797385620915 0.4878048780487805 0.7826797385620915 0.48292682926829267 0.7794117647058824 0.4902439024390244 0.7745098039215687 0.4951219512195122 0.7745098039215687 0.5024390243902439 0.7712418300653595 0.5146341463414634 0.7712418300653595
1 0.5560975609756098 0.8594771241830066 0.5658536585365853 0.8611111111111112 0.5634146341463414 0.8676470588235294 0.5829268292682926 0.8758169934640523 0.5829268292682926 0.8790849673202614 0.5756097560975609 0.8839869281045751 0.5658536585365853 0.8872549019607843 0.5560975609756098 0.8872549019607843 0.551219512195122 0.8905228758169934 0.5560975609756098 0.8921568627450981 0.5560975609756098 0.9003267973856209 0.5439024390243903 0.9068627450980392 0.5365853658536586 0.9084967320261438 0.526829268292683 0.9068627450980392 0.526829268292683 0.9003267973856209 0.5341463414634147 0.8954248366013072 0.5439024390243903 0.8937908496732027 0.5487804878048781 0.8905228758169934 0.5414634146341464 0.8856209150326797 0.5292682926829269 0.8856209150326797 0.526829268292683 0.880718954248366 0.5414634146341464 0.8725490196078431 0.5487804878048781 0.8611111111111112 0.5536585365853659 0.8611111111111112
1 0.5048780487804878 0.6486928104575164 0.5146341463414634 0.6633986928104575 0.5121951219512195 0.6666666666666666 0.5121951219512195 0.6764705882352942 0.5195121951219512 0.6944444444444444 0.5170731707317073 0.696078431372549 0.5146341463414634 0.6944444444444444 0.5024390243902439 0.6944444444444444 0.4902439024390244 0.6895424836601307 0.4853658536585366 0.684640522875817 0.4853658536585366 0.6797385620915033 0.4926829268292683 0.673202614379085 0.4975609756097561 0.6584967320261438 0.5024390243902439 0.6552287581699346 0.5024390243902439 0.6503267973856209
1 0.4951219512195122 0.7516339869281046 0.5170731707317073 0.761437908496732 0.5073170731707317 0.7630718954248366 0.47804878048780486 0.7630718954248366 0.47073170731707314 0.7598039215686274 0.47560975609756095 0.7549019607843137 0.4926829268292683 0.7516339869281046
1 0.5560975609756098 0.7908496732026143 0.5707317073170731 0.8006535947712419 0.5682926829268292 0.8071895424836601 0.5634146341463414 0.8104575163398693 0.5585365853658537 0.8104575163398693 0.5609756097560976 0.8071895424836601 0.5560975609756098 0.803921568627451 0.5463414634146342 0.803921568627451 0.5390243902439025 0.8071895424836601 0.524390243902439 0.8071895424836601 0.5195121951219512 0.803921568627451 0.526829268292683 0.7924836601307189 0.5390243902439025 0.7924836601307189 0.5487804878048781 0.7892156862745098 0.5536585365853659 0.7908496732026143
1 0.4951219512195122 0.7271241830065359 0.4975609756097561 0.7287581699346405 0.5048780487804878 0.7271241830065359 0.5073170731707317 0.7303921568627451 0.5073170731707317 0.7352941176470589 0.5024390243902439 0.7401960784313726 0.4975609756097561 0.738562091503268 0.48048780487804876 0.738562091503268 0.47073170731707314 0.7352941176470589 0.47073170731707314 0.7320261437908496 0.47804878048780486 0.7287581699346405 0.4926829268292683 0.7271241830065359
1 0.21951219512195122 0.9281045751633987 0.21951219512195122 0.9330065359477124 0.20243902439024392 0.9379084967320261 0.1926829268292683 0.9379084967320261 0.1902439024390244 0.9330065359477124 0.2048780487804878 0.9281045751633987 0.21707317073170732 0.9281045751633987
1 0.42804878048780487 0.5678104575163399 0.07560975609756097 0.03104575163398693
1 0.48292682926829267 0.6813725490196079 0.4878048780487805 0.6813725490196079 0.4878048780487805 0.684640522875817 0.4926829268292683 0.6895424836601307 0.4926829268292683 0.6993464052287581 0.5024390243902439 0.7058823529411765 0.5048780487804878 0.7107843137254902 0.5048780487804878 0.7336601307189542 0.5024390243902439 0.7352941176470589 0.5024390243902439 0.7434640522875817 0.4975609756097561 0.7483660130718954 0.5048780487804878 0.7581699346405228 0.5121951219512195 0.761437908496732 0.5 0.7712418300653595 0.4878048780487805 0.7745098039215687 0.48048780487804876 0.7728758169934641 0.47804878048780486 0.7712418300653595 0.48048780487804876 0.7647058823529411 0.47317073170731705 0.761437908496732 0.47317073170731705 0.7516339869281046 0.4658536585365854 0.7467320261437909 0.4682926829268293 0.7401960784313726 0.4658536585365854 0.7254901960784313 0.47073170731707314 0.7205882352941176 0.47317073170731705 0.7107843137254902 0.48048780487804876 0.7026143790849673 0.47560975609756095 0.6928104575163399 0.48048780487804876 0.6895424836601307 0.48292682926829267 0.6830065359477124
1 0.5707317073170731 0.8300653594771242 0.573170731707317 0.8316993464052288 0.573170731707317 0.8398692810457516 0.5682926829268292 0.8431372549019608 0.5560975609756098 0.8464052287581699 0.551219512195122 0.8496732026143791 0.5487804878048781 0.8562091503267973 0.5463414634146342 0.8545751633986928 0.5463414634146342 0.8464052287581699 0.5390243902439025 0.8431372549019608 0.5365853658536586 0.8382352941176471 0.526829268292683 0.8316993464052288 0.5341463414634147 0.8284313725490197 0.5414634146341464 0.8316993464052288 0.5682926829268292 0.8300653594771242
1 0.5 0.7598039215686274 0.5024390243902439 0.761437908496732 0.5146341463414634 0.7598039215686274 0.5195121951219512 0.7712418300653595 0.4902439024390244 0.7712418300653595 0.4878048780487805 0.7728758169934641 0.48048780487804876 0.7712418300653595 0.47804878048780486 0.7696078431372549 0.48048780487804876 0.7663398692810458 0.4975609756097561 0.761437908496732
1 0.4975609756097561 0.6813725490196079 0.5121951219512195 0.6797385620915033 0.5219512195121951 0.6944444444444444 0.5219512195121951 0.7009803921568627 0.5073170731707317 0.7009803921568627 0.5 0.696078431372549 0.4951219512195122 0.696078431372549 0.4926829268292683 0.6862745098039216 0.4975609756097561 0.6830065359477124
1 0.5780487804878048 0.8725490196078431 0.5829268292682926 0.8758169934640523 0.5829268292682926 0.8790849673202614 0.5756097560975609 0.8839869281045751 0.5609756097560976 0.8872549019607843 0.5317073170731708 0.8856209150326797 0.526829268292683 0.8823529411764706 0.5439024390243903 0.8741830065359477 0.5756097560975609 0.8725490196078431
1 0.5560975609756098 0.7908496732026143 0.5658536585365853 0.795751633986928 0.5707317073170731 0.803921568627451 0.5682926829268292 0.8104575163398693 0.5609756097560976 0.8120915032679739 0.5560975609756098 0.8104575163398693 0.5585365853658537 0.8071895424836601 0.5560975609756098 0.8055555555555556 0.5439024390243903 0.8055555555555556 0.524390243902439 0.8088235294117647 0.5170731707317073 0.803921568627451 0.524390243902439 0.795751633986928 0.524390243902439 0.7924836601307189 0.5390243902439025 0.7924836601307189 0.5487804878048781 0.7892156862745098 0.5536585365853659 0.7908496732026143
1 0.5219512195121951 0.7565359477124183 0.5292682926829269 0.7598039215686274 0.5317073170731708 0.7794117647058824 0.524390243902439 0.7875816993464052 0.5292682926829269 0.7924836601307189 0.524390243902439 0.7924836601307189 0.5219512195121951 0.795751633986928 0.5170731707317073 0.7924836601307189 0.5097560975609756 0.7924836601307189 0.5097560975609756 0.7892156862745098 0.5146341463414634 0.7892156862745098 0.5195121951219512 0.7843137254901961 0.5195121951219512 0.7712418300653595 0.5146341463414634 0.761437908496732 0.5195121951219512 0.7581699346405228
1 0.5 0.7009803921568627 0.5048780487804878 0.7058823529411765 0.5048780487804878 0.7124183006535948 0.4951219512195122 0.7124183006535948 0.4926829268292683 0.7107843137254902 0.4902439024390244 0.7124183006535948 0.47804878048780486 0.7124183006535948 0.47804878048780486 0.7091503267973857 0.4853658536585366 0.7026143790849673 0.4975609756097561 0.7009803921568627
1 0.5097560975609756 0.8415032679738562 0.5146341463414634 0.8398692810457516 0.551219512195122 0.8398692810457516 0.5536585365853659 0.8415032679738562 0.5439024390243903 0.8496732026143791 0.5341463414634147 0.8496732026143791 0.526829268292683 0.8464052287581699 0.5121951219512195 0.8464052287581699 0.5097560975609756 0.8431372549019608
1 0.48048780487804876 0.7026143790849673 0.48292682926829267 0.704248366013072 0.5048780487804878 0.704248366013072 0.5073170731707317 0.7075163398692811 0.5073170731707317 0.7140522875816994 0.5048780487804878 0.7156862745098039 0.5 0.7140522875816994 0.4853658536585366 0.7140522875816994 0.47560975609756095 0.7124183006535948 0.47560975609756095 0.7091503267973857 0.48048780487804876 0.704248366013072
1 0.5536585365853659 0.8480392156862745 0.5682926829268292 0.8431372549019608 0.5853658536585366 0.8431372549019608 0.5902439024390244 0.8464052287581699 0.5878048780487805 0.8513071895424836 0.5682926829268292 0.8562091503267973 0.5536585365853659 0.8545751633986928 0.551219512195122 0.8529411764705882 0.5536585365853659 0.8496732026143791
1 0.5 0.738562091503268 0.5048780487804878 0.7401960784313726 0.5048780487804878 0.7434640522875817 0.5 0.7483660130718954 0.47317073170731705 0.75 0.4682926829268293 0.7483660130718954 0.4682926829268293 0.7434640522875817 0.47073170731707314 0.7418300653594772 0.48292682926829267 0.7418300653594772 0.4878048780487805 0.738562091503268 0.4975609756097561 0.7401960784313726
1 0.47317073170731705 0.6928104575163399 0.47560975609756095 0.6944444444444444 0.48292682926829267 0.6928104575163399 0.4902439024390244 0.6944444444444444 0.48048780487804876 0.6977124183006536 0.47317073170731705 0.696078431372549 0.47317073170731705 0.6944444444444444
1 0.16341463414634147 0.9689542483660131 0.16585365853658537 0.9705882352941176 0.16341463414634147 0.9738562091503268 0.15609756097560976 0.9771241830065359 0.16097560975609757 0.9836601307189542 0.15365853658536585 0.988562091503268 0.14390243902439023 0.9901960784313726 0.13414634146341464 0.9901960784313726 0.13170731707317074 0.988562091503268 0.13170731707317074 0.9852941176470589 0.15121951219512195 0.9754901960784313 0.14878048780487804 0.9738562091503268 0.16097560975609757 0.9705882352941176
1 0.4682926829268293 0.7401960784313726 0.47560975609756095 0.7369281045751634 0.4926829268292683 0.7369281045751634 0.5024390243902439 0.7401960784313726 0.5024390243902439 0.7434640522875817 0.4902439024390244 0.7467320261437909 0.4682926829268293 0.7467320261437909 0.4658536585365854 0.7450980392156863 0.4682926829268293 0.7418300653594772
1 0.573170731707317 0.8709150326797386 0.5829268292682926 0.8758169934640523 0.5829268292682926 0.880718954248366 0.5682926829268292 0.8872549019607843 0.5536585365853659 0.8888888888888888 0.551219512195122 0.8905228758169934 0.5560975609756098 0.8937908496732027 0.5536585365853659 0.8986928104575164 0.5487804878048781 0.8970588235294118 0.5390243902439025 0.8970588235294118 0.5365853658536586 0.8986928104575164 0.5341463414634147 0.8970588235294118 0.5463414634146342 0.8954248366013072 0.5487804878048781 0.8905228758169934 0.5414634146341464 0.8872549019607843 0.5317073170731708 0.8872549019607843 0.526829268292683 0.8839869281045751 0.526829268292683 0.880718954248366 0.5414634146341464 0.8709150326797386 0.5439024390243903 0.8660130718954249 0.551219512195122 0.8611111111111112 0.5634146341463414 0.8611111111111112 0.5658536585365853 0.8627450980392157 0.5634146341463414 0.8660130718954249 0.5707317073170731 0.8709150326797386
1 0.47073170731707314 0.7745098039215687 0.48048780487804876 0.7647058823529411 0.4902439024390244 0.7647058823529411 0.4975609756097561 0.761437908496732 0.5073170731707317 0.7630718954248366 0.5170731707317073 0.761437908496732 0.5219512195121951 0.7647058823529411 0.5195121951219512 0.7794117647058824 0.5097560975609756 0.7728758169934641 0.4902439024390244 0.7745098039215687 0.48292682926829267 0.7794117647058824 0.47804878048780486 0.7761437908496732 0.47317073170731705 0.7761437908496732
1 0.47804878048780486 0.7565359477124183 0.48048780487804876 0.7581699346405228 0.4926829268292683 0.7565359477124183 0.5073170731707317 0.761437908496732 0.5195121951219512 0.761437908496732 0.4975609756097561 0.7712418300653595 0.47073170731707314 0.7745098039215687 0.47804878048780486 0.7647058823529411 0.47317073170731705 0.761437908496732 0.47317073170731705 0.7581699346405228 0.47560975609756095 0.7581699346405228
1 0.18048780487804877 0.9656862745098039 0.18048780487804877 0.9722222222222222 0.16829268292682928 0.9771241830065359 0.16097560975609757 0.9754901960784313 0.16097560975609757 0.9705882352941176 0.17804878048780487 0.9656862745098039
1 0.4975609756097561 0.6568627450980392 0.5024390243902439 0.6552287581699346 0.5024390243902439 0.6503267973856209 0.5073170731707317 0.6486928104575164 0.5097560975609756 0.6633986928104575 0.5048780487804878 0.6666666666666666 0.5048780487804878 0.673202614379085 0.5097560975609756 0.6781045751633987 0.5121951219512195 0.6879084967320261 0.5170731707317073 0.6911764705882353 0.5073170731707317 0.6911764705882353 0.5024390243902439 0.6879084967320261 0.4902439024390244 0.6879084967320261 0.48048780487804876 0.684640522875817 0.4878048780487805 0.6683006535947712 0.4951219512195122 0.6633986928104575 0.4975609756097561 0.6584967320261438
1 0.5682926829268292 0.8709150326797386 0.5804878048780487 0.8741830065359477 0.5829268292682926 0.8790849673202614 0.573170731707317 0.8856209150326797 0.5560975609756098 0.8888888888888888 0.5536585365853659 0.8905228758169934 0.5585365853658537 0.8937908496732027 0.5560975609756098 0.9019607843137255 0.5414634146341464 0.9084967320261438 0.5390243902439025 0.9068627450980392 0.5341463414634147 0.9101307189542484 0.5390243902439025 0.9150326797385621 0.5536585365853659 0.9133986928104575 0.5585365853658537 0.9166666666666666 0.5560975609756098 0.923202614379085 0.5390243902439025 0.9281045751633987 0.5219512195121951 0.9281045751633987 0.5121951219512195 0.9248366013071896 0.5048780487804878 0.9248366013071896 0.5048780487804878 0.9215686274509803 0.5195121951219512 0.9183006535947712 0.5292682926829269 0.9133986928104575 0.524390243902439 0.9035947712418301 0.5292682926829269 0.8970588235294118 0.5414634146341464 0.8937908496732027 0.5463414634146342 0.8905228758169934 0.5414634146341464 0.8872549019607843 0.5317073170731708 0.8872549019607843 0.526829268292683 0.8839869281045751 0.526829268292683 0.880718954248366 0.5414634146341464 0.8725490196078431 0.5439024390243903 0.8660130718954249 0.5487804878048781 0.8627450980392157 0.5585365853658537 0.8611111111111112 0.5609756097560976 0.8627450980392157 0.5585365853658537 0.8660130718954249 0.5658536585365853 0.8709150326797386
1 0.5097560975609756 0.7712418300653595 0.5195121951219512 0.7745098039215687 0.5195121951219512 0.7794117647058824 0.5121951219512195 0.7810457516339869 0.5 0.7892156862745098 0.4951219512195122 0.7892156862745098 0.5 0.7859477124183006 0.4975609756097561 0.7843137254901961 0.48292682926829267 0.7826797385620915 0.47804878048780486 0.7761437908496732 0.5073170731707317 0.7712418300653595
1 0.5048780487804878 0.6797385620915033 0.5170731707317073 0.6895424836601307 0.5195121951219512 0.6977124183006536 0.5121951219512195 0.6993464052287581 0.5024390243902439 0.7058823529411765 0.5 0.704248366013072 0.4878048780487805 0.7058823529411765 0.4853658536585366 0.704248366013072 0.4878048780487805 0.6993464052287581 0.47560975609756095 0.6928104575163399 0.47560975609756095 0.6895424836601307 0.4878048780487805 0.6813725490196079 0.4926829268292683 0.6813725490196079 0.4975609756097561 0.6781045751633987 0.5024390243902439 0.6797385620915033
1 0.3048780487804878 0.8562091503267973 0.3024390243902439 0.8545751633986928 0.3024390243902439 0.8480392156862745 0.3097560975609756 0.8431372549019608 0.3195121951219512 0.8447712418300654 0.3195121951219512 0.8480392156862745 0.3073170731707317 0.8545751633986928
1 0.5426829268292683 0.9011437908496732 0.03170731707317073 0.014705882352941176
1 0.1926829268292683 0.9526143790849673 0.2 0.9558823529411765 0.2 0.9591503267973857 0.15609756097560976 0.988562091503268 0.14634146341463414 0.9901960784313726 0.13170731707317074 0.9901960784313726 0.12926829268292683 0.9869281045751634 0.13170731707317074 0.9836601307189542 0.14878048780487804 0.9722222222222222 0.16829268292682928 0.9656862745098039 0.18048780487804877 0.954248366013072 0.1902439024390244 0.9526143790849673
1 0.4682926829268293 0.7287581699346405 0.4682926829268293 0.7254901960784313 0.47804878048780486 0.7205882352941176 0.4902439024390244 0.7205882352941176 0.4975609756097561 0.7271241830065359 0.47073170731707314 0.7287581699346405
1 0.5073170731707317 0.8774509803921569 0.5146341463414634 0.8758169934640523 0.5219512195121951 0.8774509803921569 0.5219512195121951 0.880718954248366 0.5146341463414634 0.8823529411764706 0.5146341463414634 0.8921568627450981 0.5170731707317073 0.8937908496732027 0.5195121951219512 0.8921568627450981 0.5219512195121951 0.8856209150326797 0.524390243902439 0.8905228758169934 0.5341463414634147 0.8986928104575164 0.5341463414634147 0.9019607843137255 0.5390243902439025 0.9035947712418301 0.5292682926829269 0.9068627450980392 0.5170731707317073 0.9019607843137255 0.5146341463414634 0.9068627450980392 0.5195121951219512 0.9117647058823529 0.5146341463414634 0.9150326797385621 0.5073170731707317 0.9150326797385621 0.5 0.9183006535947712 0.4975609756097561 0.9281045751633987 0.5 0.9297385620915033 0.5146341463414634 0.9297385620915033 0.5195121951219512 0.9330065359477124 0.524390243902439 0.9313725490196079 0.5292682926829269 0.934640522875817 0.5439024390243903 0.934640522875817 0.5560975609756098 0.9281045751633987 0.5609756097560976 0.9297385620915033 0.5658536585365853 0.9264705882352942 0.5585365853658537 0.9035947712418301 0.5609756097560976 0.9035947712418301 0.5634146341463414 0.9084967320261438 0.5682926829268292 0.9003267973856209 0.5658536585365853 0.8937908496732027 0.5756097560975609 0.8937908496732027 0.5780487804878048 0.8921568627450981 0.5829268292682926 0.8937908496732027 0.5853658536585366 0.8905228758169934 0.5902439024390244 0.8905228758169934 0.5853658536585366 0.8970588235294118 0.5829268292682926 0.8986928104575164 0.5804878048780487 0.8970588235294118 0.5682926829268292 0.9068627450980392 0.5756097560975609 0.9101307189542484 0.5756097560975609 0.9183006535947712 0.5780487804878048 0.9199346405228758 0.5756097560975609 0.9330065359477124 0.573170731707317 0.934640522875817 0.5756097560975609 0.9411764705882353 0.573170731707317 0.9477124183006536 0.5634146341463414 0.9477124183006536 0.5609756097560976 0.9493464052287581 0.5609756097560976 0.9591503267973857 0.5585365853658537 0.9624183006535948 0.551219512195122 0.9656862745098039 0.5487804878048781 0.9640522875816994 0.5463414634146342 0.9656862745098039 0.5463414634146342 0.9722222222222222 0.5463414634146342 0.9689542483660131 0.5390243902439025 0.9640522875816994 0.5317073170731708 0.9771241830065359 0.526829268292683 0.9722222222222222 0.5146341463414634 0.9771241830065359 0.5195121951219512 0.9901960784313726 0.5073170731707317 0.988562091503268 0.5024390243902439 0.9918300653594772 0.48292682926829267 0.9934640522875817 0.4926829268292683 0.9918300653594772 0.5 0.9803921568627451 0.5 0.9738562091503268 0.4951219512195122 0.9705882352941176 0.4902439024390244 0.9705882352941176 0.48292682926829267 0.9673202614379085 0.4682926829268293 0.9673202614379085 0.4658536585365854 0.9689542483660131 0.45121951219512196 0.9656862745098039 0.44146341463414634 0.9689542483660131 0.4317073170731707 0.9689542483660131 0.424390243902439 0.9738562091503268 0.4170731707317073 0.9705882352941176 0.3926829268292683 0.9754901960784313 0.3853658536585366 0.9836601307189542 0.3853658536585366 0.9918300653594772 0.375609756097561 0.9934640522875817 0.3829268292682927 0.9901960784313726 0.375609756097561 0.9869281045751634 0.3780487804878049 0.9820261437908496 0.375609756097561 0.9689542483660131 0.3804878048780488 0.9656862745098039 0.3780487804878049 0.9624183006535948 0.3902439024390244 0.9624183006535948 0.3975609756097561 0.9575163398692811 0.4 0.9526143790849673 0.4024390243902439 0.954248366013072 0.4073170731707317 0.9509803921568627 0.4121951219512195 0.9509803921568627 0.4195121951219512 0.9558823529411765 0.4317073170731707 0.946078431372549 0.4317073170731707 0.9411764705882353 0.43414634146341463 0.9493464052287581 0.44146341463414634 0.954248366013072 0.44390243902439025 0.9526143790849673 0.44878048780487806 0.9607843137254902 0.4585365853658537 0.9591503267973857 0.4634146341463415 0.954248366013072 0.47560975609756095 0.9607843137254902 0.48048780487804876 0.9607843137254902 0.4878048780487805 0.9558823529411765 0.5 0.9558823529411765 0.5048780487804878 0.9624183006535948 0.5146341463414634 0.9591503267973857 0.5219512195121951 0.9624183006535948 0.524390243902439 0.9607843137254902 0.5292682926829269 0.954248366013072 0.5292682926829269 0.9493464052287581 0.524390243902439 0.946078431372549 0.524390243902439 0.9379084967320261 0.5195121951219512 0.934640522875817 0.5024390243902439 0.934640522875817 0.4975609756097561 0.9362745098039216 0.4902439024390244 0.9313725490196079 0.4853658536585366 0.934640522875817 0.4878048780487805 0.9395424836601307 0.48292682926829267 0.9411764705882353 0.47560975609756095 0.9395424836601307 0.4682926829268293 0.9411764705882353 0.47317073170731705 0.9362745098039216 0.47317073170731705 0.9297385620915033 0.47560975609756095 0.9330065359477124 0.48292682926829267 0.934640522875817 0.4853658536585366 0.9330065359477124 0.4853658536585366 0.9297385620915033 0.48292682926829267 0.9281045751633987 0.48048780487804876 0.9297385620915033 0.48048780487804876 0.9264705882352942 0.48292682926829267 0.9281045751633987 0.4878048780487805 0.9264705882352942 0.4878048780487805 0.9199346405228758 0.4902439024390244 0.9183006535947712 0.4878048780487805 0.9133986928104575 0.4951219512195122 0.9101307189542484 0.4975609756097561 0.9117647058823529 0.5024390243902439 0.9084967320261438 0.5048780487804878 0.9019607843137255 0.5024390243902439 0.8905228758169934 0.5073170731707317 0.8872549019607843 0.5073170731707317 0.8790849673202614
1 0.4902439024390244 0.6911764705882353 0.4951219512195122 0.696078431372549 0.4951219512195122 0.6993464052287581 0.5048780487804878 0.704248366013072 0.5073170731707317 0.7091503267973857 0.5048780487804878 0.7124183006535948 0.47317073170731705 0.7124183006535948 0.47804878048780486 0.7026143790849673 0.47560975609756095 0.6928104575163399 0.4878048780487805 0.6911764705882353
1 0.47560975609756095 0.7156862745098039 0.4902439024390244 0.7140522875816994 0.5048780487804878 0.7189542483660131 0.5048780487804878 0.7254901960784313 0.5024390243902439 0.7271241830065359 0.47317073170731705 0.7271241830065359 0.47317073170731705 0.7238562091503268 0.47804878048780486 0.7189542483660131 0.47560975609756095 0.7173202614379085
1 0.47073170731707314 0.7271241830065359 0.4853658536585366 0.7173202614379085 0.5 0.7189542483660131 0.5048780487804878 0.7222222222222222 0.5048780487804878 0.7287581699346405 0.4975609756097561 0.7303921568627451 0.4878048780487805 0.7287581699346405 0.4853658536585366 0.7303921568627451 0.47317073170731705 0.7271241830065359
1 0.2658536585365854 0.8815359477124183 0.08780487804878048 0.06699346405228758
1 0.4902439024390244 0.7156862745098039 0.4975609756097561 0.7189542483660131 0.5048780487804878 0.7189542483660131 0.5073170731707317 0.7238562091503268 0.5048780487804878 0.7336601307189542 0.5 0.7352941176470589 0.4902439024390244 0.7336601307189542 0.4878048780487805 0.7352941176470589 0.47560975609756095 0.7352941176470589 0.47317073170731705 0.7336601307189542 0.47560975609756095 0.7303921568627451 0.4682926829268293 0.7254901960784313 0.47560975609756095 0.7205882352941176 0.47560975609756095 0.7173202614379085 0.4878048780487805 0.7173202614379085
1 0.5219512195121951 0.7581699346405228 0.524390243902439 0.761437908496732 0.524390243902439 0.7728758169934641 0.5146341463414634 0.7679738562091504 0.5121951219512195 0.7696078431372549 0.4902439024390244 0.7696078431372549 0.4878048780487805 0.7679738562091504 0.47804878048780486 0.7696078431372549 0.48048780487804876 0.7630718954248366 0.4975609756097561 0.7549019607843137 0.5097560975609756 0.7549019607843137 0.5195121951219512 0.7581699346405228
1 0.5048780487804878 0.6862745098039216 0.5073170731707317 0.6879084967320261 0.5146341463414634 0.6862745098039216 0.524390243902439 0.6993464052287581 0.524390243902439 0.704248366013072 0.5073170731707317 0.7107843137254902 0.5048780487804878 0.704248366013072 0.4951219512195122 0.6977124183006536 0.4853658536585366 0.6944444444444444 0.4926829268292683 0.6879084967320261 0.5024390243902439 0.6862745098039216
1 0.5024390243902439 0.6176470588235294 0.5121951219512195 0.6241830065359477 0.5121951219512195 0.6323529411764706 0.5024390243902439 0.6339869281045751 0.4926829268292683 0.6388888888888888 0.4975609756097561 0.6437908496732027 0.4975609756097561 0.6470588235294118 0.4926829268292683 0.6437908496732027 0.4926829268292683 0.6388888888888888 0.4902439024390244 0.6372549019607843 0.4878048780487805 0.6388888888888888 0.4878048780487805 0.6356209150326797 0.4926829268292683 0.6323529411764706 0.47317073170731705 0.6258169934640523 0.4878048780487805 0.6176470588235294 0.5 0.6176470588235294
1 0.424390243902439 0.7205882352941176 0.4268292682926829 0.7222222222222222 0.424390243902439 0.7271241830065359 0.3975609756097561 0.7450980392156863 0.36585365853658536 0.7794117647058824 0.36097560975609755 0.7908496732026143 0.36341463414634145 0.803921568627451 0.36097560975609755 0.8088235294117647 0.35365853658536583 0.8137254901960784 0.348780487804878 0.8235294117647058 0.33414634146341465 0.8333333333333334 0.32439024390243903 0.8464052287581699 0.3073170731707317 0.8562091503267973 0.2975609756097561 0.8725490196078431 0.2780487804878049 0.8839869281045751 0.2780487804878049 0.8872549019607843 0.2707317073170732 0.8954248366013072 0.25365853658536586 0.9052287581699346 0.23170731707317074 0.9281045751633987 0.2097560975609756 0.9411764705882353 0.2048780487804878 0.946078431372549 0.2073170731707317 0.9477124183006536 0.2048780487804878 0.9558823529411765 0.1951219512195122 0.9656862745098039 0.17560975609756097 0.9754901960784313 0.15609756097560976 0.988562091503268 0.13170731707317074 0.9901960784313726 0.12926829268292683 0.988562091503268 0.13170731707317074 0.9836601307189542 0.14634146341463414 0.9722222222222222 0.17073170731707318 0.9624183006535948 0.17804878048780487 0.9526143790849673 0.18048780487804877 0.9411764705882353 0.1878048780487805 0.9330065359477124 0.2048780487804878 0.9264705882352942 0.2097560975609756 0.9264705882352942 0.2146341463414634 0.923202614379085 0.21951219512195122 0.9150326797385621 0.21951219512195122 0.9068627450980392 0.23170731707317074 0.8986928104575164 0.24146341463414633 0.8954248366013072 0.24390243902439024 0.8921568627450981 0.24878048780487805 0.8921568627450981 0.25609756097560976 0.8888888888888888 0.2707317073170732 0.869281045751634 0.28780487804878047 0.8594771241830066 0.2975609756097561 0.8480392156862745 0.3048780487804878 0.8447712418300654 0.3121951219512195 0.8382352941176471 0.3146341463414634 0.8284313725490197 0.33658536585365856 0.8120915032679739 0.34146341463414637 0.8055555555555556 0.34146341463414637 0.795751633986928 0.3463414634146341 0.7908496732026143 0.3463414634146341 0.7826797385620915 0.35121951219512193 0.7761437908496732 0.36829268292682926 0.7647058823529411 0.37073170731707317 0.7598039215686274 0.3926829268292683 0.7401960784313726 0.4219512195121951 0.7222222222222222
1 0.1951219512195122 0.9379084967320261 0.2073170731707317 0.9411764705882353 0.20243902439024392 0.9444444444444444 0.1902439024390244 0.9477124183006536 0.18292682926829268 0.9477124183006536 0.18048780487804877 0.9428104575163399 0.1926829268292683 0.9379084967320261
1 0.47560975609756095 0.7271241830065359 0.47804878048780486 0.7287581699346405 0.5048780487804878 0.7271241830065359 0.5073170731707317 0.7352941176470589 0.5 0.738562091503268 0.4975609756097561 0.7369281045751634 0.47804878048780486 0.7369281045751634 0.47560975609756095 0.7336601307189542 0.47804878048780486 0.7287581699346405
1 0.5219512195121951 0.8071895424836601 0.5317073170731708 0.8088235294117647 0.5390243902439025 0.8137254901960784 0.5487804878048781 0.8137254901960784 0.5682926829268292 0.8088235294117647 0.5682926829268292 0.8186274509803921 0.5658536585365853 0.8202614379084967 0.5780487804878048 0.8251633986928104 0.573170731707317 0.8300653594771242 0.5317073170731708 0.8333333333333334 0.5292682926829269 0.8284313725490197 0.5365853658536586 0.8235294117647058 0.524390243902439 0.8186274509803921 0.5219512195121951 0.8088235294117647
1 0.23658536585365852 0.8986928104575164 0.24390243902439024 0.9035947712418301 0.23658536585365852 0.9183006535947712 0.23414634146341465 0.9199346405228758 0.22195121951219512 0.9183006535947712 0.22439024390243903 0.9150326797385621 0.22195121951219512 0.9133986928104575 0.22195121951219512 0.9068627450980392 0.23414634146341465 0.9003267973856209
1 0.28536585365853656 0.8643790849673203 0.2926829268292683 0.8611111111111112 0.3 0.8611111111111112 0.3 0.8676470588235294 0.2951219512195122 0.8725490196078431 0.28536585365853656 0.8758169934640523 0.275609756097561 0.8758169934640523 0.2731707317073171 0.8709150326797386 0.28536585365853656 0.8660130718954249
1 0.5 0.6748366013071896 0.5146341463414634 0.6830065359477124 0.5219512195121951 0.6993464052287581 0.5073170731707317 0.6993464052287581 0.5 0.696078431372549 0.4951219512195122 0.6977124183006536 0.4902439024390244 0.6944444444444444 0.47317073170731705 0.6928104575163399 0.47317073170731705 0.6862745098039216 0.48048780487804876 0.6813725490196079 0.4975609756097561 0.6764705882352942
1 0.4951219512195122 0.6911764705882353 0.5073170731707317 0.6993464052287581 0.5121951219512195 0.6993464052287581 0.5146341463414634 0.7026143790849673 0.5146341463414634 0.7058823529411765 0.5097560975609756 0.7075163398692811 0.5073170731707317 0.7173202614379085 0.4878048780487805 0.7140522875816994 0.48048780487804876 0.7091503267973857 0.4853658536585366 0.7058823529411765 0.4926829268292683 0.7058823529411765 0.5024390243902439 0.6993464052287581 0.5 0.696078431372549 0.47804878048780486 0.696078431372549 0.48048780487804876 0.6928104575163399 0.4926829268292683 0.6911764705882353
1 0.5414634146341464 0.7745098039215687 0.5487804878048781 0.7810457516339869 0.551219512195122 0.7892156862745098 0.5390243902439025 0.7908496732026143 0.5317073170731708 0.7941176470588235 0.524390243902439 0.7924836601307189 0.524390243902439 0.7875816993464052 0.5317073170731708 0.7761437908496732 0.5390243902439025 0.7745098039215687
1 0.5219512195121951 0.8006535947712419 0.5317073170731708 0.8055555555555556 0.5390243902439025 0.8055555555555556 0.5365853658536586 0.8088235294117647 0.5390243902439025 0.8137254901960784 0.5634146341463414 0.8088235294117647 0.5682926829268292 0.8055555555555556 0.5707317073170731 0.8088235294117647 0.5682926829268292 0.8218954248366013 0.5756097560975609 0.8235294117647058 0.5780487804878048 0.826797385620915 0.5707317073170731 0.8235294117647058 0.5634146341463414 0.8235294117647058 0.5560975609756098 0.826797385620915 0.5585365853658537 0.8300653594771242 0.5634146341463414 0.8300653594771242 0.5536585365853659 0.8316993464052288 0.5390243902439025 0.8316993464052288 0.5341463414634147 0.8284313725490197 0.5317073170731708 0.8300653594771242 0.5341463414634147 0.8235294117647058 0.524390243902439 0.8186274509803921 0.5195121951219512 0.8088235294117647 0.5195121951219512 0.8022875816993464
1 0.4926829268292683 0.7124183006535948 0.4975609756097561 0.7156862745098039 0.5048780487804878 0.7140522875816994 0.5048780487804878 0.7205882352941176 0.5 0.7238562091503268 0.4951219512195122 0.7238562091503268 0.4902439024390244 0.7205882352941176 0.48048780487804876 0.7205882352941176 0.47317073170731705 0.7173202614379085 0.47317073170731705 0.7140522875816994 0.4902439024390244 0.7124183006535948
1 0.48048780487804876 0.7320261437908496 0.4853658536585366 0.7352941176470589 0.4951219512195122 0.7369281045751634 0.4878048780487805 0.738562091503268 0.47073170731707314 0.738562091503268 0.47073170731707314 0.7336601307189542 0.47804878048780486 0.7320261437908496
1 0.5097560975609756 0.6323529411764706 0.5097560975609756 0.6372549019607843 0.5024390243902439 0.6421568627450981 0.5024390243902439 0.6486928104575164 0.4951219512195122 0.6535947712418301 0.4878048780487805 0.6503267973856209 0.48292682926829267 0.6437908496732027 0.4951219512195122 0.6372549019607843 0.4951219512195122 0.6339869281045751 0.5073170731707317 0.6323529411764706
1 0.5170731707317073 0.9395424836601307 0.5219512195121951 0.9411764705882353 0.5219512195121951 0.9444444444444444 0.5073170731707317 0.9558823529411765 0.4878048780487805 0.9624183006535948 0.4682926829268293 0.9656862745098039 0.44878048780487806 0.9656862745098039 0.44878048780487806 0.9558823529411765 0.4560975609756098 0.9477124183006536 0.47560975609756095 0.9444444444444444 0.48292682926829267 0.946078431372549 0.4926829268292683 0.9411764705882353 0.5146341463414634 0.9395424836601307
1 0.5073170731707317 0.6895424836601307 0.5121951219512195 0.6911764705882353 0.5121951219512195 0.6993464052287581 0.5048780487804878 0.7058823529411765 0.5024390243902439 0.7058823529411765 0.5 0.6993464052287581 0.4951219512195122 0.7009803921568627 0.4878048780487805 0.6977124183006536 0.47317073170731705 0.696078431372549 0.47073170731707314 0.6911764705882353 0.48048780487804876 0.684640522875817 0.4878048780487805 0.684640522875817 0.5048780487804878 0.6895424836601307
1 0.2731707317073171 0.869281045751634 0.2804878048780488 0.8676470588235294 0.2926829268292683 0.8611111111111112 0.3 0.8611111111111112 0.3 0.869281045751634 0.29024390243902437 0.8758169934640523 0.2780487804878049 0.8790849673202614 0.2707317073170732 0.8774509803921569 0.2731707317073171 0.8709150326797386
1 0.2 0.9509803921568627 0.20243902439024392 0.9558823529411765 0.1902439024390244 0.9673202614379085 0.15609756097560976 0.988562091503268 0.14634146341463414 0.9901960784313726 0.13170731707317074 0.9901960784313726 0.12926829268292683 0.9869281045751634 0.14634146341463414 0.9722222222222222 0.15853658536585366 0.9689542483660131 0.17317073170731706 0.9607843137254902 0.18048780487804877 0.9526143790849673 0.18048780487804877 0.9428104575163399 0.1878048780487805 0.9379084967320261 0.1878048780487805 0.934640522875817 0.20243902439024392 0.9281045751633987 0.21951219512195122 0.9281045751633987 0.21951219512195122 0.9330065359477124 0.1951219512195122 0.9493464052287581 0.1975609756097561 0.9509803921568627
1 0.17804878048780487 0.9640522875816994 0.18048780487804877 0.9656862745098039 0.18048780487804877 0.9722222222222222 0.17317073170731706 0.9738562091503268 0.15853658536585366 0.9869281045751634 0.14634146341463414 0.9901960784313726 0.13414634146341464 0.9901960784313726 0.13170731707317074 0.988562091503268 0.13414634146341464 0.9836601307189542 0.14878048780487804 0.9738562091503268 0.16585365853658537 0.9673202614379085 0.17560975609756097 0.9656862745098039
1 0.5097560975609756 0.7532679738562091 0.5219512195121951 0.7581699346405228 0.524390243902439 0.761437908496732 0.524390243902439 0.7712418300653595 0.5170731707317073 0.7679738562091504 0.4975609756097561 0.7679738562091504 0.4902439024390244 0.761437908496732 0.5 0.7532679738562091 0.5073170731707317 0.7532679738562091
1 0.5317073170731708 0.7777777777777778 0.5414634146341464 0.7761437908496732 0.5487804878048781 0.7826797385620915 0.5487804878048781 0.7859477124183006 0.5682926829268292 0.7973856209150327 0.5682926829268292 0.8022875816993464 0.5634146341463414 0.8022875816993464 0.5585365853658537 0.7990196078431373 0.5487804878048781 0.8022875816993464 0.5341463414634147 0.8022875816993464 0.5317073170731708 0.7990196078431373 0.524390243902439 0.7990196078431373 0.524390243902439 0.7924836601307189 0.5365853658536586 0.7892156862745098 0.5292682926829269 0.7859477124183006 0.5317073170731708 0.7794117647058824
1 0.5073170731707317 0.5800653594771242 0.5121951219512195 0.5866013071895425 0.5121951219512195 0.6078431372549019 0.5146341463414634 0.6094771241830066 0.5146341463414634 0.6274509803921569 0.5170731707317073 0.6290849673202614 0.5097560975609756 0.6470588235294118 0.5146341463414634 0.6584967320261438 0.5146341463414634 0.6797385620915033 0.5170731707317073 0.6813725490196079 0.5170731707317073 0.6895424836601307 0.5219512195121951 0.696078431372549 0.5219512195121951 0.7009803921568627 0.5170731707317073 0.7009803921568627 0.5097560975609756 0.7091503267973857 0.5097560975609756 0.7173202614379085 0.5121951219512195 0.7189542483660131 0.5146341463414634 0.7336601307189542 0.5195121951219512 0.7369281045751634 0.5195121951219512 0.7450980392156863 0.5097560975609756 0.7450980392156863 0.5073170731707317 0.7516339869281046 0.5146341463414634 0.7565359477124183 0.5195121951219512 0.7532679738562091 0.524390243902439 0.7581699346405228 0.5292682926829269 0.7549019607843137 0.5292682926829269 0.7663398692810458 0.5317073170731708 0.7696078431372549 0.5463414634146342 0.7777777777777778 0.551219512195122 0.7892156862745098 0.5658536585365853 0.7973856209150327 0.5707317073170731 0.8055555555555556 0.5707317073170731 0.8104575163398693 0.5658536585365853 0.8169934640522876 0.5707317073170731 0.8218954248366013 0.5780487804878048 0.8235294117647058 0.5780487804878048 0.8284313725490197 0.573170731707317 0.8333333333333334 0.573170731707317 0.8415032679738562 0.5853658536585366 0.8464052287581699 0.5804878048780487 0.8513071895424836 0.5780487804878048 0.8447712418300654 0.5585365853658537 0.8496732026143791 0.5560975609756098 0.8513071895424836 0.5585365853658537 0.8545751633986928 0.5536585365853659 0.8578431372549019 0.5585365853658537 0.8611111111111112 0.5658536585365853 0.8611111111111112 0.5634146341463414 0.8676470588235294 0.573170731707317 0.8725490196078431 0.5756097560975609 0.8774509803921569 0.5804878048780487 0.8758169934640523 0.5804878048780487 0.8790849673202614 0.573170731707317 0.8839869281045751 0.5560975609756098 0.8856209150326797 0.551219512195122 0.8888888888888888 0.5560975609756098 0.8921568627450981 0.5560975609756098 0.9003267973856209 0.5414634146341464 0.9101307189542484 0.5560975609756098 0.9133986928104575 0.5585365853658537 0.9215686274509803 0.5536585365853659 0.9248366013071896 0.5341463414634147 0.9297385620915033 0.5219512195121951 0.9297385620915033 0.5048780487804878 0.9248366013071896 0.5048780487804878 0.9215686274509803 0.5121951219512195 0.9166666666666666 0.5170731707317073 0.9166666666666666 0.526829268292683 0.9117647058823529 0.524390243902439 0.9003267973856209 0.5341463414634147 0.8937908496732027 0.5414634146341464 0.8937908496732027 0.5463414634146342 0.8905228758169934 0.5439024390243903 0.8856209150326797 0.5414634146341464 0.8839869281045751 0.5317073170731708 0.8839869281045751 0.5292682926829269 0.8790849673202614 0.5414634146341464 0.8709150326797386 0.5439024390243903 0.8643790849673203 0.5487804878048781 0.8611111111111112 0.5463414634146342 0.8513071895424836 0.5292682926829269 0.8447712418300654 0.524390243902439 0.8447712418300654 0.526829268292683 0.8398692810457516 0.524390243902439 0.8300653594771242 0.5341463414634147 0.8235294117647058 0.5341463414634147 0.8202614379084967 0.5219512195121951 0.8120915032679739 0.5170731707317073 0.8055555555555556 0.5195121951219512 0.795751633986928 0.5146341463414634 0.7924836601307189 0.5 0.7908496732026143 0.4975609756097561 0.7892156862745098 0.5 0.7859477124183006 0.4902439024390244 0.7843137254901961 0.48048780487804876 0.7777777777777778 0.47560975609756095 0.7712418300653595 0.47560975609756095 0.7647058823529411 0.47073170731707314 0.7598039215686274 0.47073170731707314 0.7532679738562091 0.47317073170731705 0.7516339869281046 0.4658536585365854 0.7450980392156863 0.47073170731707314 0.7369281045751634 0.47560975609756095 0.7336601307189542 0.47073170731707314 0.7303921568627451 0.47317073170731705 0.7091503267973857 0.47804878048780486 0.704248366013072 0.47317073170731705 0.6977124183006536 0.47317073170731705 0.6879084967320261 0.4902439024390244 0.6748366013071896 0.4975609756097561 0.6617647058823529 0.4975609756097561 0.6503267973856209 0.4878048780487805 0.6470588235294118 0.48292682926829267 0.6372549019607843 0.47560975609756095 0.6372549019607843 0.4682926829268293 0.6323529411764706 0.48048780487804876 0.6241830065359477 0.48048780487804876 0.619281045751634 0.4853658536585366 0.6143790849673203 0.5048780487804878 0.6127450980392157 0.5097560975609756 0.6094771241830066 0.5073170731707317 0.6045751633986928 0.4975609756097561 0.5980392156862745 0.4878048780487805 0.6013071895424836 0.4878048780487805 0.5882352941176471 0.4902439024390244 0.5849673202614379 0.5048780487804878 0.5866013071895425 0.5073170731707317 0.5816993464052288
1 0.5414634146341464 0.7794117647058824 0.5487804878048781 0.7826797385620915 0.5487804878048781 0.7892156862745098 0.5341463414634147 0.7924836601307189 0.524390243902439 0.7924836601307189 0.524390243902439 0.7859477124183006 0.5317073170731708 0.7810457516339869 0.5390243902439025 0.7810457516339869
1 0.1951219512195122 0.954248366013072 0.1975609756097561 0.9591503267973857 0.18536585365853658 0.9640522875816994 0.17804878048780487 0.9624183006535948 0.17804878048780487 0.9575163398692811 0.18536585365853658 0.954248366013072 0.1926829268292683 0.954248366013072
1 0.526829268292683 0.815359477124183 0.5317073170731708 0.8169934640522876 0.551219512195122 0.8169934640522876 0.5536585365853659 0.8218954248366013 0.5780487804878048 0.8235294117647058 0.5756097560975609 0.8349673202614379 0.5682926829268292 0.8431372549019608 0.5585365853658537 0.8431372549019608 0.551219512195122 0.8464052287581699 0.5390243902439025 0.8480392156862745 0.5317073170731708 0.8447712418300654 0.5170731707317073 0.8447712418300654 0.5146341463414634 0.8431372549019608 0.5170731707317073 0.8398692810457516 0.524390243902439 0.8382352941176471 0.524390243902439 0.8284313725490197 0.5317073170731708 0.8251633986928104 0.5390243902439025 0.8251633986928104 0.5487804878048781 0.8202614379084967 0.5390243902439025 0.8169934640522876 0.5365853658536586 0.8186274509803921 0.526829268292683 0.8186274509803921 0.526829268292683 0.8169934640522876
1 0.5146341463414634 0.7369281045751634 0.5170731707317073 0.7483660130718954 0.5121951219512195 0.7549019607843137 0.5170731707317073 0.7581699346405228 0.4975609756097561 0.7565359477124183 0.4926829268292683 0.7516339869281046 0.4951219512195122 0.7467320261437909 0.5121951219512195 0.7450980392156863 0.5146341463414634 0.738562091503268
1 0.4951219512195122 0.6895424836601307 0.4975609756097561 0.6911764705882353 0.4975609756097561 0.6993464052287581 0.5048780487804878 0.704248366013072 0.5048780487804878 0.7107843137254902 0.4951219512195122 0.7091503267973857 0.47804878048780486 0.7107843137254902 0.47560975609756095 0.7091503267973857 0.48048780487804876 0.6993464052287581 0.47560975609756095 0.6928104575163399 0.4878048780487805 0.6879084967320261 0.4926829268292683 0.6895424836601307
1 0.5439024390243903 0.7777777777777778 0.5487804878048781 0.7810457516339869 0.551219512195122 0.7875816993464052 0.5682926829268292 0.7990196078431373 0.5707317073170731 0.8104575163398693 0.5658536585365853 0.815359477124183 0.5658536585365853 0.8202614379084967 0.5707317073170731 0.8235294117647058 0.5780487804878048 0.8235294117647058 0.5756097560975609 0.8398692810457516 0.5853658536585366 0.8431372549019608 0.5902439024390244 0.8480392156862745 0.5878048780487805 0.8513071895424836 0.5707317073170731 0.8578431372549019 0.5658536585365853 0.8643790849673203 0.5658536585365853 0.8676470588235294 0.5780487804878048 0.8725490196078431 0.5829268292682926 0.8758169934640523 0.5829268292682926 0.8790849673202614 0.5658536585365853 0.8872549019607843 0.5536585365853659 0.8872549019607843 0.551219512195122 0.8888888888888888 0.5292682926829269 0.8839869281045751 0.5292682926829269 0.8790849673202614 0.5414634146341464 0.8725490196078431 0.5439024390243903 0.8660130718954249 0.5487804878048781 0.8627450980392157 0.5487804878048781 0.8578431372549019 0.5439024390243903 0.8496732026143791 0.5365853658536586 0.8480392156862745 0.5341463414634147 0.8447712418300654 0.524390243902439 0.8415032679738562 0.5292682926829269 0.8382352941176471 0.526829268292683 0.8300653594771242 0.5414634146341464 0.8202614379084967 0.524390243902439 0.8120915032679739 0.524390243902439 0.8088235294117647 0.5195121951219512 0.803921568627451 0.526829268292683 0.795751633986928 0.524390243902439 0.7859477124183006 0.5341463414634147 0.7777777777777778 0.5414634146341464 0.7777777777777778
1 0.5560975609756098 0.8562091503267973 0.5634146341463414 0.8578431372549019 0.5707317073170731 0.8627450980392157 0.5682926829268292 0.8643790849673203 0.5707317073170731 0.869281045751634 0.5487804878048781 0.8741830065359477 0.5414634146341464 0.8725490196078431 0.5414634146341464 0.8660130718954249 0.5487804878048781 0.8578431372549019 0.5463414634146342 0.8513071895424836 0.551219512195122 0.8496732026143791 0.5536585365853659 0.8562091503267973
1 0.5073170731707317 0.5849673202614379 0.5121951219512195 0.5882352941176471 0.5121951219512195 0.6078431372549019 0.5146341463414634 0.6094771241830066 0.5146341463414634 0.6274509803921569 0.5170731707317073 0.6290849673202614 0.5097560975609756 0.6470588235294118 0.5146341463414634 0.6568627450980392 0.5170731707317073 0.6895424836601307 0.5219512195121951 0.696078431372549 0.5219512195121951 0.7009803921568627 0.5170731707317073 0.7009803921568627 0.5121951219512195 0.704248366013072 0.5097560975609756 0.7107843137254902 0.5219512195121951 0.7434640522875817 0.5195121951219512 0.7467320261437909 0.5121951219512195 0.7450980392156863 0.5073170731707317 0.75 0.5146341463414634 0.7549019607843137 0.5219512195121951 0.7532679738562091 0.524390243902439 0.7565359477124183 0.5292682926829269 0.7516339869281046 0.5317073170731708 0.7549019607843137 0.5292682926829269 0.7647058823529411 0.5341463414634147 0.7712418300653595 0.5487804878048781 0.7794117647058824 0.551219512195122 0.7875816993464052 0.5585365853658537 0.7941176470588235 0.5658536585365853 0.795751633986928 0.5707317073170731 0.803921568627451 0.5682926829268292 0.8202614379084967 0.5780487804878048 0.8235294117647058 0.5707317073170731 0.8447712418300654 0.5487804878048781 0.8513071895424836 0.5487804878048781 0.8578431372549019 0.5634146341463414 0.8627450980392157 0.5609756097560976 0.8643790849673203 0.5658536585365853 0.8725490196078431 0.5634146341463414 0.8758169934640523 0.5756097560975609 0.880718954248366 0.573170731707317 0.8839869281045751 0.5560975609756098 0.8856209150326797 0.551219512195122 0.8888888888888888 0.5560975609756098 0.8921568627450981 0.5560975609756098 0.9003267973856209 0.5463414634146342 0.9084967320261438 0.5585365853658537 0.9150326797385621 0.5585365853658537 0.9215686274509803 0.5487804878048781 0.9264705882352942 0.5317073170731708 0.9297385620915033 0.5219512195121951 0.9297385620915033 0.5048780487804878 0.9248366013071896 0.5048780487804878 0.9199346405228758 0.5219512195121951 0.9150326797385621 0.526829268292683 0.9117647058823529 0.524390243902439 0.9003267973856209 0.5292682926829269 0.8954248366013072 0.5463414634146342 0.8905228758169934 0.5439024390243903 0.8823529411764706 0.5414634146341464 0.880718954248366 0.5317073170731708 0.8839869281045751 0.5292682926829269 0.8790849673202614 0.5414634146341464 0.8709150326797386 0.5414634146341464 0.8676470588235294 0.5487804878048781 0.8611111111111112 0.5487804878048781 0.8545751633986928 0.5390243902439025 0.8480392156862745 0.5341463414634147 0.8480392156862745 0.5292682926829269 0.8447712418300654 0.5170731707317073 0.8447712418300654 0.526829268292683 0.8382352941176471 0.524390243902439 0.8284313725490197 0.526829268292683 0.8235294117647058 0.5317073170731708 0.8235294117647058 0.5341463414634147 0.8202614379084967 0.524390243902439 0.815359477124183 0.5146341463414634 0.8022875816993464 0.5195121951219512 0.7990196078431373 0.5170731707317073 0.7941176470588235 0.5 0.7908496732026143 0.4975609756097561 0.7892156862745098 0.5 0.7859477124183006 0.4853658536585366 0.7826797385620915 0.48048780487804876 0.7777777777777778 0.47560975609756095 0.7712418300653595 0.47560975609756095 0.7647058823529411 0.47073170731707314 0.761437908496732 0.47073170731707314 0.7532679738562091 0.47317073170731705 0.7516339869281046 0.4658536585365854 0.7450980392156863 0.4682926829268293 0.738562091503268 0.47560975609756095 0.7336601307189542 0.4682926829268293 0.7271241830065359 0.4682926829268293 0.7238562091503268 0.47317073170731705 0.7189542483660131 0.47073170731707314 0.7124183006535948 0.47560975609756095 0.7058823529411765 0.47073170731707314 0.6911764705882353 0.47317073170731705 0.6862745098039216 0.4902439024390244 0.6748366013071896 0.4926829268292683 0.6666666666666666 0.4975609756097561 0.6617647058823529 0.4975609756097561 0.6486928104575164 0.4878048780487805 0.6470588235294118 0.4853658536585366 0.6388888888888888 0.47073170731707314 0.6356209150326797 0.4682926829268293 0.630718954248366 0.48048780487804876 0.6274509803921569 0.48048780487804876 0.6209150326797386 0.4878048780487805 0.6143790849673203 0.5048780487804878 0.6143790849673203 0.5097560975609756 0.6111111111111112 0.5097560975609756 0.6045751633986928 0.5024390243902439 0.5996732026143791 0.4902439024390244 0.5980392156862745 0.4902439024390244 0.5898692810457516 0.5073170731707317 0.5866013071895425
1 0.4926829268292683 0.6650326797385621 0.4951219512195122 0.6715686274509803 0.5024390243902439 0.6764705882352942 0.5024390243902439 0.6813725490196079 0.4853658536585366 0.6911764705882353 0.47317073170731705 0.6911764705882353 0.47317073170731705 0.684640522875817 0.48048780487804876 0.6781045751633987 0.48292682926829267 0.6683006535947712 0.4902439024390244 0.6650326797385621
1 0.23658536585365852 0.9166666666666666 0.23658536585365852 0.9215686274509803 0.23170731707317074 0.9248366013071896 0.22439024390243903 0.9248366013071896 0.21951219512195122 0.9215686274509803 0.21951219512195122 0.9183006535947712 0.22439024390243903 0.9150326797385621 0.23414634146341465 0.9166666666666666
1 0.5 0.75 0.5097560975609756 0.7581699346405228 0.5 0.7581699346405228 0.4975609756097561 0.7598039215686274 0.47317073170731705 0.7598039215686274 0.47317073170731705 0.7565359477124183 0.48048780487804876 0.7516339869281046 0.4975609756097561 0.75
1 0.5121951219512195 0.8415032679738562 0.524390243902439 0.8415032679738562 0.5560975609756098 0.8349673202614379 0.5682926829268292 0.8349673202614379 0.5707317073170731 0.8366013071895425 0.5658536585365853 0.8431372549019608 0.551219512195122 0.8464052287581699 0.5463414634146342 0.8496732026143791 0.5121951219512195 0.8447712418300654 0.5121951219512195 0.8431372549019608
1 0.48048780487804876 0.7189542483660131 0.48292682926829267 0.7205882352941176 0.4878048780487805 0.7189542483660131 0.5048780487804878 0.7205882352941176 0.5097560975609756 0.7336601307189542 0.5 0.738562091503268 0.4902439024390244 0.7369281045751634 0.4878048780487805 0.738562091503268 0.47560975609756095 0.738562091503268 0.47073170731707314 0.7369281045751634 0.4682926829268293 0.7254901960784313 0.47804878048780486 0.7205882352941176
1 0.424390243902439 0.6274509803921569 0.4268292682926829 0.6290849673202614 0.4219512195121951 0.6339869281045751 0.4170731707317073 0.6339869281045751 0.3975609756097561 0.6405228758169934 0.37073170731707317 0.6405228758169934 0.36585365853658536 0.6388888888888888 0.36829268292682926 0.6323529411764706 0.4219512195121951 0.6274509803921569
1 0.4560975609756098 0.9673202614379085 0.4585365853658537 0.9689542483660131 0.4853658536585366 0.9689542483660131 0.4975609756097561 0.9771241830065359 0.4902439024390244 0.9836601307189542 0.4853658536585366 0.9836601307189542 0.45365853658536587 0.9934640522875817 0.3975609756097561 0.9918300653594772 0.3926829268292683 0.988562091503268 0.3926829268292683 0.9820261437908496 0.4024390243902439 0.9771241830065359 0.4268292682926829 0.9738562091503268 0.45365853658536587 0.9673202614379085
1 0.5024390243902439 0.5800653594771242 0.5073170731707317 0.5816993464052288 0.5097560975609756 0.5964052287581699 0.5073170731707317 0.6029411764705882 0.5 0.6029411764705882 0.4975609756097561 0.5996732026143791 0.4926829268292683 0.6045751633986928 0.4926829268292683 0.6078431372549019 0.4975609756097561 0.6111111111111112 0.5 0.6094771241830066 0.5073170731707317 0.6127450980392157 0.5097560975609756 0.6160130718954249 0.5097560975609756 0.6274509803921569 0.5121951219512195 0.6290849673202614 0.5073170731707317 0.6388888888888888 0.5097560975609756 0.6633986928104575 0.5048780487804878 0.6748366013071896 0.5097560975609756 0.6764705882352942 0.5170731707317073 0.6879084967320261 0.5170731707317073 0.6977124183006536 0.5073170731707317 0.7009803921568627 0.5073170731707317 0.7173202614379085 0.5097560975609756 0.7222222222222222 0.5073170731707317 0.7238562091503268 0.5048780487804878 0.75 0.5195121951219512 0.7581699346405228 0.526829268292683 0.7696078431372549 0.526829268292683 0.7777777777777778 0.5219512195121951 0.7826797385620915 0.5219512195121951 0.7859477124183006 0.5146341463414634 0.7826797385620915 0.5048780487804878 0.7826797385620915 0.5024390243902439 0.7843137254901961 0.5 0.7826797385620915 0.4878048780487805 0.7826797385620915 0.47560975609756095 0.7712418300653595 0.47804878048780486 0.7647058823529411 0.47073170731707314 0.7598039215686274 0.47317073170731705 0.7516339869281046 0.4658536585365854 0.7450980392156863 0.4682926829268293 0.738562091503268 0.47560975609756095 0.7336601307189542 0.4682926829268293 0.7287581699346405 0.4682926829268293 0.7254901960784313 0.47317073170731705 0.7205882352941176 0.47317073170731705 0.7091503267973857 0.47804878048780486 0.7026143790849673 0.47317073170731705 0.6977124183006536 0.47317073170731705 0.6879084967320261 0.4878048780487805 0.6764705882352942 0.4926829268292683 0.6650326797385621 0.4975609756097561 0.6601307189542484 0.4975609756097561 0.6552287581699346 0.4878048780487805 0.6486928104575164 0.4853658536585366 0.6388888888888888 0.48048780487804876 0.6356209150326797 0.47073170731707314 0.6372549019607843 0.4682926829268293 0.6356209150326797 0.4682926829268293 0.6290849673202614 0.47804878048780486 0.6241830065359477 0.48292682926829267 0.6143790849673203 0.4853658536585366 0.5882352941176471 0.4902439024390244 0.5833333333333334 0.4975609756097561 0.5866013071895425 0.5024390243902439 0.5849673202614379 0.5048780487804878 0.5833333333333334 0.5024390243902439 0.5816993464052288
1 0.2780487804878049 0.8513071895424836 0.2780487804878049 0.8594771241830066 0.2731707317073171 0.8594771241830066 0.2682926829268293 0.8627450980392157 0.2634146341463415 0.8725490196078431 0.25609756097560976 0.8725490196078431 0.26097560975609757 0.869281045751634 0.2634146341463415 0.8578431372549019 0.2731707317073171 0.8562091503267973 0.2780487804878049 0.8529411764705882
1 0.5024390243902439 0.7303921568627451 0.5097560975609756 0.7336601307189542 0.5097560975609756 0.7369281045751634 0.5048780487804878 0.7401960784313726 0.5073170731707317 0.7434640522875817 0.5121951219512195 0.7450980392156863 0.5146341463414634 0.7401960784313726 0.5170731707317073 0.7483660130718954 0.5121951219512195 0.7516339869281046 0.5219512195121951 0.7565359477124183 0.524390243902439 0.761437908496732 0.524390243902439 0.7728758169934641 0.5170731707317073 0.7663398692810458 0.5073170731707317 0.7679738562091504 0.5024390243902439 0.7663398692810458 0.4975609756097561 0.7679738562091504 0.4878048780487805 0.7630718954248366 0.48048780487804876 0.7647058823529411 0.48048780487804876 0.761437908496732 0.4926829268292683 0.7549019607843137 0.48048780487804876 0.75 0.5024390243902439 0.7434640522875817 0.5024390243902439 0.7401960784313726 0.4975609756097561 0.7369281045751634 0.4926829268292683 0.7369281045751634 0.4951219512195122 0.7336601307189542 0.5024390243902439 0.7320261437908496
1 0.5048780487804878 0.9248366013071896 0.5073170731707317 0.9199346405228758 0.5292682926829269 0.9150326797385621 0.5560975609756098 0.9150326797385621 0.5585365853658537 0.9215686274509803 0.5536585365853659 0.9248366013071896 0.5317073170731708 0.9297385620915033 0.5170731707317073 0.9281045751633987 0.5073170731707317 0.9248366013071896
1 0.5048780487804878 0.7075163398692811 0.5073170731707317 0.7124183006535948 0.5048780487804878 0.7173202614379085 0.48048780487804876 0.7173202614379085 0.47560975609756095 0.7156862745098039 0.47560975609756095 0.7124183006535948 0.4853658536585366 0.7075163398692811 0.5024390243902439 0.7075163398692811
1 0.5 0.6486928104575164 0.5073170731707317 0.6503267973856209 0.5121951219512195 0.6633986928104575 0.5073170731707317 0.6748366013071896 0.5121951219512195 0.6781045751633987 0.5097560975609756 0.684640522875817 0.5146341463414634 0.6911764705882353 0.5048780487804878 0.6911764705882353 0.4926829268292683 0.6879084967320261 0.4878048780487805 0.6879084967320261 0.48292682926829267 0.6911764705882353 0.4853658536585366 0.6715686274509803 0.4975609756097561 0.6601307189542484 0.5 0.6503267973856209
1 0.5341463414634147 0.7990196078431373 0.5365853658536586 0.8006535947712419 0.5585365853658537 0.8022875816993464 0.5682926829268292 0.8055555555555556 0.5682926829268292 0.8088235294117647 0.5560975609756098 0.815359477124183 0.5317073170731708 0.815359477124183 0.526829268292683 0.8137254901960784 0.526829268292683 0.8055555555555556 0.524390243902439 0.803921568627451 0.524390243902439 0.8022875816993464 0.5317073170731708 0.8006535947712419
1 0.5487804878048781 0.7875816993464052 0.5707317073170731 0.7990196078431373 0.5682926829268292 0.8104575163398693 0.5585365853658537 0.8169934640522876 0.551219512195122 0.8137254901960784 0.5609756097560976 0.8071895424836601 0.5536585365853659 0.803921568627451 0.5414634146341464 0.8071895424836601 0.5317073170731708 0.8071895424836601 0.524390243902439 0.8104575163398693 0.5195121951219512 0.8071895424836601 0.5170731707317073 0.8022875816993464 0.5219512195121951 0.7990196078431373 0.524390243902439 0.7892156862745098 0.5292682926829269 0.7908496732026143 0.5463414634146342 0.7892156862745098
1 0.5219512195121951 0.7598039215686274 0.5292682926829269 0.7630718954248366 0.526829268292683 0.7663398692810458 0.5292682926829269 0.7761437908496732 0.5219512195121951 0.7826797385620915 0.5219512195121951 0.7941176470588235 0.5048780487804878 0.7924836601307189 0.5 0.7892156862745098 0.5073170731707317 0.7892156862745098 0.5170731707317073 0.7859477124183006 0.5146341463414634 0.7761437908496732 0.5097560975609756 0.7728758169934641 0.5 0.7712418300653595 0.5195121951219512 0.761437908496732
1 0.2707317073170732 0.8839869281045751 0.275609756097561 0.8856209150326797 0.2731707317073171 0.8921568627450981 0.26097560975609757 0.8921568627450981 0.26097560975609757 0.8872549019607843 0.2682926829268293 0.8839869281045751
1 0.5 0.619281045751634 0.5121951219512195 0.6258169934640523 0.5146341463414634 0.6323529411764706 0.5048780487804878 0.6405228758169934 0.5048780487804878 0.6503267973856209 0.5024390243902439 0.6519607843137255 0.4975609756097561 0.6519607843137255 0.48292682926829267 0.6421568627450981 0.48292682926829267 0.6356209150326797 0.47560975609756095 0.6274509803921569 0.48292682926829267 0.6209150326797386 0.4975609756097561 0.619281045751634
1 0.49634146341463414 0.6184640522875817 0.02195121951219512 0.011437908496732025
1 0.47317073170731705 0.684640522875817 0.48048780487804876 0.6813725490196079 0.4878048780487805 0.6813725490196079 0.4878048780487805 0.684640522875817 0.4926829268292683 0.6879084967320261 0.4853658536585366 0.6944444444444444 0.47317073170731705 0.6944444444444444 0.47073170731707314 0.6911764705882353 0.47317073170731705 0.6862745098039216
1 0.5756097560975609 0.8235294117647058 0.5780487804878048 0.8284313725490197 0.5560975609756098 0.8349673202614379 0.5292682926829269 0.8333333333333334 0.526829268292683 0.8300653594771242 0.5487804878048781 0.8218954248366013 0.573170731707317 0.8235294117647058
1 0.4560975609756098 0.9656862745098039 0.4634146341463415 0.9689542483660131 0.4853658536585366 0.9689542483660131 0.4951219512195122 0.9738562091503268 0.4951219512195122 0.9787581699346405 0.47804878048780486 0.9869281045751634 0.47073170731707314 0.9869281045751634 0.45365853658536587 0.9918300653594772 0.3951219512195122 0.9901960784313726 0.3926829268292683 0.988562091503268 0.3926829268292683 0.9820261437908496 0.3951219512195122 0.9803921568627451 0.4097560975609756 0.9754901960784313 0.43658536585365854 0.9722222222222222 0.44146341463414634 0.9689542483660131 0.45365853658536587 0.9673202614379085
1 0.5048780487804878 0.6225490196078431 0.5097560975609756 0.6258169934640523 0.5097560975609756 0.6323529411764706 0.5 0.6388888888888888 0.5 0.6454248366013072 0.5024390243902439 0.6470588235294118 0.4975609756097561 0.6503267973856209 0.48292682926829267 0.6421568627450981 0.47804878048780486 0.6356209150326797 0.47073170731707314 0.6356209150326797 0.4658536585365854 0.630718954248366 0.4682926829268293 0.6258169934640523 0.48048780487804876 0.619281045751634 0.4853658536585366 0.6209150326797386 0.5 0.6209150326797386 0.5024390243902439 0.6225490196078431
