3 0.6160130718954249 0.7298474945533769 0.6176470588235294 0.7320261437908496 0.6405228758169934 0.7363834422657952 0.6405228758169934 0.7407407407407407 0.6437908496732027 0.7450980392156863 0.6601307189542484 0.7450980392156863 0.6715686274509803 0.7516339869281046 0.6781045751633987 0.7516339869281046 0.6928104575163399 0.7581699346405228 0.7058823529411765 0.7581699346405228 0.7140522875816994 0.7647058823529411 0.7287581699346405 0.7647058823529411 0.7287581699346405 0.7690631808278867 0.7254901960784313 0.7712418300653595 0.7336601307189542 0.7821350762527233 0.7369281045751634 0.7799564270152506 0.7401960784313726 0.7821350762527233 0.738562091503268 0.7886710239651417 0.7467320261437909 0.7973856209150327 0.75 0.7973856209150327 0.7532679738562091 0.7930283224400871 0.7532679738562091 0.7864923747276689 0.7581699346405228 0.7843137254901961 0.7630718954248366 0.7886710239651417 0.7761437908496732 0.7908496732026143 0.7875816993464052 0.7973856209150327 0.7908496732026143 0.8017429193899782 0.8071895424836601 0.7995642701525054 0.8104575163398693 0.8082788671023965 0.8186274509803921 0.8082788671023965 0.8251633986928104 0.8191721132897604 0.8316993464052288 0.8235294117647058 0.8382352941176471 0.8257080610021786 0.8464052287581699 0.8257080610021786 0.8480392156862745 0.8235294117647058 0.8496732026143791 0.8278867102396514 0.8545751633986928 0.8300653594771242 0.8545751633986928 0.8366013071895425 0.8496732026143791 0.8431372549019608 0.8545751633986928 0.8540305010893247 0.8464052287581699 0.8583877995642701 0.8333333333333334 0.840958605664488 0.8235294117647058 0.8322440087145969 0.8137254901960784 0.8300653594771242 0.8104575163398693 0.8257080610021786 0.8055555555555556 0.8257080610021786 0.8022875816993464 0.8213507625272332 0.7990196078431373 0.8213507625272332 0.7941176470588235 0.8126361655773421 0.7696078431372549 0.8169934640522876 0.7565359477124183 0.8082788671023965 0.7434640522875817 0.8061002178649237 0.7336601307189542 0.7952069716775599 0.7222222222222222 0.7930283224400871 0.6993464052287581 0.7799564270152506 0.6944444444444444 0.7799564270152506 0.6781045751633987 0.7690631808278867 0.6699346405228758 0.7690631808278867 0.6650326797385621 0.775599128540305 0.6633986928104575 0.7734204793028322 0.6683006535947712 0.7690631808278867 0.6650326797385621 0.7625272331154684 0.6437908496732027 0.7647058823529411 0.6437908496732027 0.7538126361655774 0.6388888888888888 0.7472766884531591 0.6274509803921569 0.7494553376906318 0.6176470588235294 0.7429193899782135 0.6111111111111112 0.7429193899782135 0.6045751633986928 0.7363834422657952 0.6029411764705882 0.7342047930283224 0.6045751633986928 0.7276688453159041 0.6127450980392157 0.7276688453159041 0.6143790849673203 0.7298474945533769
3 0.6013071895424836 0.7233115468409586 0.6029411764705882 0.7254901960784313 0.6127450980392157 0.7254901960784313 0.619281045751634 0.7320261437908496 0.6421568627450981 0.7342047930283224 0.6437908496732027 0.738562091503268 0.6503267973856209 0.7429193899782135 0.6650326797385621 0.7472766884531591 0.673202614379085 0.7538126361655774 0.6830065359477124 0.7538126361655774 0.6895424836601307 0.7581699346405228 0.696078431372549 0.7581699346405228 0.6977124183006536 0.7559912854030502 0.7075163398692811 0.7625272331154684 0.7254901960784313 0.7603485838779956 0.7303921568627451 0.7625272331154684 0.7336601307189542 0.7712418300653595 0.7369281045751634 0.7690631808278867 0.7369281045751634 0.775599128540305 0.7467320261437909 0.7843137254901961 0.75 0.7843137254901961 0.7532679738562091 0.7777777777777778 0.7598039215686274 0.7864923747276689 0.7663398692810458 0.7886710239651417 0.7696078431372549 0.7952069716775599 0.7859477124183006 0.7973856209150327 0.7892156862745098 0.8017429193899782 0.795751633986928 0.8061002178649237 0.8006535947712419 0.8061002178649237 0.803921568627451 0.8104575163398693 0.8088235294117647 0.8082788671023965 0.8169934640522876 0.8148148148148148 0.8218954248366013 0.8148148148148148 0.8300653594771242 0.8235294117647058 0.8366013071895425 0.8257080610021786 0.8496732026143791 0.8235294117647058 0.8545751633986928 0.8257080610021786 0.8578431372549019 0.8300653594771242 0.8545751633986928 0.8431372549019608 0.8578431372549019 0.8474945533769063 0.8562091503267973 0.8496732026143791 0.8578431372549019 0.8540305010893247 0.8562091503267973 0.8627450980392157 0.8496732026143791 0.8671023965141612 0.8447712418300654 0.8671023965141612 0.8398692810457516 0.8627450980392157 0.8382352941176471 0.8562091503267973 0.8333333333333334 0.8540305010893247 0.8300653594771242 0.8474945533769063 0.8251633986928104 0.8474945533769063 0.8218954248366013 0.840958605664488 0.8088235294117647 0.840958605664488 0.8055555555555556 0.8366013071895425 0.7990196078431373 0.8344226579520697 0.8006535947712419 0.8278867102396514 0.795751633986928 0.8235294117647058 0.7973856209150327 0.8191721132897604 0.7941176470588235 0.8148148148148148 0.7875816993464052 0.8148148148148148 0.7826797385620915 0.8191721132897604 0.7761437908496732 0.8169934640522876 0.7728758169934641 0.8213507625272332 0.7663398692810458 0.8235294117647058 0.7598039215686274 0.8169934640522876 0.7581699346405228 0.8104575163398693 0.75 0.8104575163398693 0.7467320261437909 0.8061002178649237 0.7401960784313726 0.8061002178649237 0.7369281045751634 0.7995642701525054 0.7336601307189542 0.8017429193899782 0.7303921568627451 0.7952069716775599 0.7222222222222222 0.7952069716775599 0.7173202614379085 0.7908496732026143 0.7107843137254902 0.7908496732026143 0.7009803921568627 0.7843137254901961 0.6928104575163399 0.7843137254901961 0.6944444444444444 0.7821350762527233 0.6879084967320261 0.7777777777777778 0.6813725490196079 0.7690631808278867 0.673202614379085 0.7734204793028322 0.6699346405228758 0.7777777777777778 0.6699346405228758 0.7821350762527233 0.6601307189542484 0.7821350762527233 0.6584967320261438 0.7799564270152506 0.6503267973856209 0.7821350762527233 0.6437908496732027 0.7734204793028322 0.6405228758169934 0.7647058823529411 0.6356209150326797 0.7647058823529411 0.6372549019607843 0.7603485838779956 0.6339869281045751 0.7538126361655774 0.6290849673202614 0.7559912854030502 0.6258169934640523 0.7516339869281046 0.6160130718954249 0.7516339869281046 0.6143790849673203 0.7538126361655774 0.6160130718954249 0.7603485838779956 0.6143790849673203 0.7603485838779956 0.6111111111111112 0.7538126361655774 0.6127450980392157 0.7494553376906318 0.6176470588235294 0.7472766884531591 0.6111111111111112 0.7450980392156863 0.6078431372549019 0.738562091503268 0.6029411764705882 0.7363834422657952 0.5980392156862745 0.7276688453159041 0.5996732026143791 0.7254901960784313
3 0.6029411764705882 0.7276688453159041 0.6127450980392157 0.7276688453159041 0.6160130718954249 0.7320261437908496 0.6405228758169934 0.7363834422657952 0.6405228758169934 0.7407407407407407 0.6437908496732027 0.7450980392156863 0.6601307189542484 0.7450980392156863 0.684640522875817 0.7559912854030502 0.704248366013072 0.7581699346405228 0.7140522875816994 0.7647058823529411 0.7271241830065359 0.7647058823529411 0.7287581699346405 0.7668845315904139 0.7254901960784313 0.7712418300653595 0.7336601307189542 0.7821350762527233 0.7401960784313726 0.7821350762527233 0.738562091503268 0.7886710239651417 0.7467320261437909 0.7973856209150327 0.75 0.7973856209150327 0.7532679738562091 0.7930283224400871 0.7532679738562091 0.7864923747276689 0.7581699346405228 0.7843137254901961 0.7630718954248366 0.7886710239651417 0.7761437908496732 0.7908496732026143 0.7875816993464052 0.7973856209150327 0.7908496732026143 0.8017429193899782 0.8071895424836601 0.7995642701525054 0.8104575163398693 0.8082788671023965 0.8202614379084967 0.8104575163398693 0.8251633986928104 0.8191721132897604 0.8382352941176471 0.8257080610021786 0.8480392156862745 0.8257080610021786 0.8545751633986928 0.8322440087145969 0.8545751633986928 0.8366013071895425 0.8496732026143791 0.8431372549019608 0.8545751633986928 0.8540305010893247 0.8447712418300654 0.8583877995642701 0.8284313725490197 0.8366013071895425 0.8235294117647058 0.8322440087145969 0.8137254901960784 0.8300653594771242 0.8104575163398693 0.8257080610021786 0.8055555555555556 0.8257080610021786 0.7990196078431373 0.8213507625272332 0.7941176470588235 0.8126361655773421 0.7679738562091504 0.8169934640522876 0.7565359477124183 0.8082788671023965 0.7434640522875817 0.8061002178649237 0.7336601307189542 0.7952069716775599 0.7271241830065359 0.7952069716775599 0.6993464052287581 0.7799564270152506 0.6944444444444444 0.7799564270152506 0.6797385620915033 0.7690631808278867 0.6699346405228758 0.7690631808278867 0.6666666666666666 0.775599128540305 0.6633986928104575 0.775599128540305 0.6683006535947712 0.7690631808278867 0.6650326797385621 0.7625272331154684 0.6552287581699346 0.7625272331154684 0.6470588235294118 0.7668845315904139 0.6437908496732027 0.7647058823529411 0.6437908496732027 0.7538126361655774 0.6388888888888888 0.7472766884531591 0.6274509803921569 0.7494553376906318 0.6176470588235294 0.7429193899782135 0.6111111111111112 0.7429193899782135 0.6029411764705882 0.7342047930283224 0.6029411764705882 0.7298474945533769
3 0.0915032679738562 0.46187363834422657 0.09967320261437909 0.47058823529411764 0.10130718954248366 0.48366013071895425 0.10457516339869281 0.485838779956427 0.10130718954248366 0.4880174291938998 0.09967320261437909 0.4989106753812636 0.10130718954248366 0.5010893246187363 0.10130718954248366 0.5294117647058824 0.10620915032679738 0.5490196078431373 0.11274509803921569 0.5555555555555556 0.119281045751634 0.5533769063180828 0.12254901960784313 0.5577342047930284 0.12908496732026145 0.5599128540305011 0.13071895424836602 0.5642701525054467 0.13725490196078433 0.5664488017429193 0.14705882352941177 0.579520697167756 0.1454248366013072 0.5838779956427015 0.12581699346405228 0.5838779956427015 0.11601307189542484 0.5751633986928104 0.1111111111111111 0.5751633986928104 0.08986928104575163 0.5468409586056645 0.08823529411764706 0.5403050108932462 0.08823529411764706 0.5032679738562091 0.08660130718954248 0.5010893246187363 0.08660130718954248 0.4923747276688453 0.08006535947712418 0.48366013071895425 0.08006535947712418 0.47058823529411764 0.0784313725490196 0.4684095860566449 0.08169934640522876 0.46187363834422657 0.08986928104575163 0.46187363834422657
3 0.13725490196078433 0.46187363834422657 0.14215686274509803 0.4684095860566449 0.14215686274509803 0.4749455337690632 0.1503267973856209 0.485838779956427 0.1568627450980392 0.49019607843137253 0.16176470588235295 0.49019607843137253 0.1830065359477124 0.5185185185185185 0.19444444444444445 0.5294117647058824 0.20261437908496732 0.5424836601307189 0.20588235294117646 0.5555555555555556 0.20588235294117646 0.5708061002178649 0.19607843137254902 0.5860566448801743 0.19281045751633988 0.5860566448801743 0.184640522875817 0.5642701525054467 0.184640522875817 0.5468409586056645 0.18137254901960784 0.5403050108932462 0.17483660130718953 0.5315904139433552 0.16830065359477125 0.5294117647058824 0.16176470588235295 0.5228758169934641 0.13071895424836602 0.4749455337690632 0.12908496732026145 0.4684095860566449 0.13562091503267973 0.46187363834422657
3 0.20588235294117646 0.6274509803921569 0.2173202614379085 0.6383442265795207 0.2222222222222222 0.6535947712418301 0.22058823529411764 0.6623093681917211 0.2222222222222222 0.6688453159041394 0.23039215686274508 0.6775599128540305 0.23039215686274508 0.681917211328976 0.2369281045751634 0.690631808278867 0.2369281045751634 0.6971677559912854 0.24509803921568626 0.7167755991285403 0.2565359477124183 0.7298474945533769 0.2565359477124183 0.738562091503268 0.2647058823529412 0.7494553376906318 0.27941176470588236 0.7777777777777778 0.3006535947712418 0.8061002178649237 0.30392156862745096 0.8235294117647058 0.3235294117647059 0.8496732026143791 0.3284313725490196 0.8518518518518519 0.3349673202614379 0.8605664488017429 0.3366013071895425 0.869281045751634 0.3300653594771242 0.8736383442265795 0.32679738562091504 0.869281045751634 0.31209150326797386 0.869281045751634 0.3006535947712418 0.8583877995642701 0.29248366013071897 0.8540305010893247 0.2875816993464052 0.8540305010893247 0.28431372549019607 0.8583877995642701 0.28594771241830064 0.8627450980392157 0.29901960784313725 0.8649237472766884 0.29248366013071897 0.8736383442265795 0.2957516339869281 0.8910675381263616 0.2957516339869281 0.9041394335511983 0.3006535947712418 0.9150326797385621 0.30718954248366015 0.9150326797385621 0.3088235294117647 0.9172113289760349 0.3055555555555556 0.9237472766884531 0.31209150326797386 0.9302832244008714 0.3137254901960784 0.9368191721132898 0.32189542483660133 0.9477124183006536 0.3235294117647059 0.9629629629629629 0.3202614379084967 0.9782135076252724 0.31862745098039214 0.9803921568627451 0.3088235294117647 0.9803921568627451 0.30718954248366015 0.9847494553376906 0.3104575163398693 0.9891067538126361 0.30718954248366015 0.9912854030501089 0.2957516339869281 0.9912854030501089 0.29248366013071897 0.9934640522875817 0.2826797385620915 0.9847494553376906 0.27941176470588236 0.9651416122004357 0.2761437908496732 0.9694989106753813 0.27450980392156865 0.9803921568627451 0.2647058823529412 0.9934640522875817 0.26143790849673204 0.9934640522875817 0.2630718954248366 0.9912854030501089 0.26143790849673204 0.9891067538126361 0.2549019607843137 0.9891067538126361 0.25326797385620914 0.9869281045751634 0.2565359477124183 0.9803921568627451 0.25326797385620914 0.9738562091503268 0.24019607843137256 0.9738562091503268 0.23039215686274508 0.9607843137254902 0.21568627450980393 0.9586056644880174 0.21405228758169934 0.9411764705882353 0.21241830065359477 0.9389978213507625 0.20915032679738563 0.9433551198257081 0.20751633986928106 0.9411764705882353 0.20751633986928106 0.9368191721132898 0.2107843137254902 0.9324618736383442 0.20915032679738563 0.9281045751633987 0.21241830065359477 0.9215686274509803 0.2107843137254902 0.9128540305010894 0.20751633986928106 0.9106753812636166 0.20915032679738563 0.8954248366013072 0.2042483660130719 0.8801742919389978 0.1977124183006536 0.8758169934640523 0.1977124183006536 0.8714596949891068 0.20261437908496732 0.8671023965141612 0.20098039215686275 0.8649237472766884 0.20261437908496732 0.8583877995642701 0.20098039215686275 0.8496732026143791 0.20261437908496732 0.8453159041394336 0.2042483660130719 0.8431372549019608 0.20751633986928106 0.8453159041394336 0.22549019607843138 0.8431372549019608 0.22712418300653595 0.8474945533769063 0.2238562091503268 0.8518518518518519 0.22549019607843138 0.8540305010893247 0.2238562091503268 0.8605664488017429 0.23039215686274508 0.869281045751634 0.238562091503268 0.869281045751634 0.24183006535947713 0.8649237472766884 0.24183006535947713 0.8562091503267973 0.2434640522875817 0.8540305010893247 0.25163398692810457 0.8540305010893247 0.2549019607843137 0.8474945533769063 0.25 0.840958605664488 0.2434640522875817 0.8474945533769063 0.24183006535947713 0.840958605664488 0.2434640522875817 0.8366013071895425 0.24836601307189543 0.8387799564270153 0.25163398692810457 0.8344226579520697 0.24019607843137256 0.8300653594771242 0.238562091503268 0.8235294117647058 0.24183006535947713 0.8148148148148148 0.24673202614379086 0.8104575163398693 0.2581699346405229 0.8104575163398693 0.25980392156862747 0.8061002178649237 0.2679738562091503 0.8061002178649237 0.2696078431372549 0.803921568627451 0.26633986928104575 0.7995642701525054 0.25980392156862747 0.8017429193899782 0.24836601307189543 0.7973856209150327 0.2369281045751634 0.7864923747276689 0.23366013071895425 0.7799564270152506 0.23039215686274508 0.7799564270152506 0.23039215686274508 0.775599128540305 0.22549019607843138 0.7690631808278867 0.22549019607843138 0.7647058823529411 0.2238562091503268 0.7625272331154684 0.22058823529411764 0.7647058823529411 0.2173202614379085 0.7625272331154684 0.21568627450980393 0.7538126361655774 0.21241830065359477 0.7494553376906318 0.2107843137254902 0.7342047930283224 0.20915032679738563 0.7320261437908496 0.20588235294117646 0.7342047930283224 0.20261437908496732 0.7298474945533769 0.20098039215686275 0.7233115468409586 0.20261437908496732 0.7189542483660131 0.20588235294117646 0.7233115468409586 0.20915032679738563 0.7167755991285403 0.20098039215686275 0.710239651416122 0.20261437908496732 0.7058823529411765 0.1977124183006536 0.7015250544662309 0.20098039215686275 0.6949891067538126 0.1977124183006536 0.6884531590413944 0.19607843137254902 0.6775599128540305 0.1895424836601307 0.6753812636165577 0.1895424836601307 0.6710239651416122 0.184640522875817 0.664488017429194 0.184640522875817 0.6557734204793029 0.18790849673202614 0.6514161220043573 0.19117647058823528 0.6383442265795207 0.19444444444444445 0.6339869281045751 0.2042483660130719 0.6296296296296297
3 0.2761437908496732 0.5446623093681917 0.2777777777777778 0.5468409586056645 0.28594771241830064 0.5468409586056645 0.29248366013071897 0.55119825708061 0.3006535947712418 0.5577342047930284 0.315359477124183 0.579520697167756 0.3235294117647059 0.5816993464052288 0.3235294117647059 0.599128540305011 0.32516339869281047 0.6013071895424836 0.32516339869281047 0.6100217864923747 0.3235294117647059 0.6122004357298475 0.3202614379084967 0.6122004357298475 0.31699346405228757 0.6078431372549019 0.3137254901960784 0.6100217864923747 0.3088235294117647 0.599128540305011 0.30392156862745096 0.6056644880174292 0.2957516339869281 0.6013071895424836 0.30392156862745096 0.6034858387799564 0.30718954248366015 0.599128540305011 0.30718954248366015 0.5947712418300654 0.3006535947712418 0.5838779956427015 0.2875816993464052 0.5664488017429193 0.28104575163398693 0.5620915032679739 0.272875816993464 0.5620915032679739 0.2696078431372549 0.5577342047930284 0.26143790849673204 0.5555555555555556 0.2565359477124183 0.5490196078431373 0.2565359477124183 0.5446623093681917 0.25980392156862747 0.5403050108932462 0.27450980392156865 0.5446623093681917
3 0.21895424836601307 0.6383442265795207 0.2238562091503268 0.6535947712418301 0.22712418300653595 0.6557734204793029 0.2222222222222222 0.664488017429194 0.22712418300653595 0.6710239651416122 0.23202614379084968 0.673202614379085 0.238562091503268 0.6840958605664488 0.238562091503268 0.6884531590413944 0.24836601307189543 0.7124183006535948 0.25326797385620914 0.7189542483660131 0.2647058823529412 0.7211328976034859 0.2696078431372549 0.7276688453159041 0.2696078431372549 0.7342047930283224 0.26633986928104575 0.738562091503268 0.272875816993464 0.7538126361655774 0.272875816993464 0.7581699346405228 0.27941176470588236 0.7668845315904139 0.27941176470588236 0.7712418300653595 0.32189542483660133 0.8257080610021786 0.32679738562091504 0.8387799564270153 0.3415032679738562 0.8562091503267973 0.3431372549019608 0.8671023965141612 0.3464052287581699 0.8714596949891068 0.3300653594771242 0.869281045751634 0.3235294117647059 0.8627450980392157 0.31209150326797386 0.8605664488017429 0.3022875816993464 0.8474945533769063 0.2957516339869281 0.8300653594771242 0.2761437908496732 0.7973856209150327 0.272875816993464 0.7864923747276689 0.26633986928104575 0.775599128540305 0.25980392156862747 0.7668845315904139 0.25326797385620914 0.7647058823529411 0.25 0.7603485838779956 0.24673202614379086 0.7625272331154684 0.24183006535947713 0.7559912854030502 0.23366013071895425 0.7516339869281046 0.22875816993464052 0.7298474945533769 0.21895424836601307 0.7167755991285403 0.21895424836601307 0.7124183006535948 0.21568627450980393 0.7080610021786492 0.20915032679738563 0.6884531590413944 0.2042483660130719 0.681917211328976 0.19607843137254902 0.6579520697167756 0.1977124183006536 0.6427015250544662 0.20261437908496732 0.6427015250544662 0.20751633986928106 0.6361655773420479 0.21568627450980393 0.6361655773420479 0.2173202614379085 0.6383442265795207
3 0.3137254901960784 0.47058823529411764 0.31862745098039214 0.47276688453159044 0.3055555555555556 0.4749455337690632 0.2973856209150327 0.4793028322440087 0.28594771241830064 0.4880174291938998 0.2696078431372549 0.5076252723311547 0.24836601307189543 0.5403050108932462 0.23529411764705882 0.5708061002178649 0.2222222222222222 0.5947712418300654 0.21241830065359477 0.6078431372549019 0.20915032679738563 0.616557734204793 0.2042483660130719 0.6209150326797386 0.19934640522875818 0.6209150326797386 0.1895424836601307 0.6339869281045751 0.18137254901960784 0.6535947712418301 0.17320261437908496 0.6623093681917211 0.14869281045751634 0.7015250544662309 0.119281045751634 0.7407407407407407 0.11764705882352941 0.7472766884531591 0.10620915032679738 0.7581699346405228 0.10457516339869281 0.7690631808278867 0.09640522875816994 0.7799564270152506 0.0915032679738562 0.7908496732026143 0.0915032679738562 0.7952069716775599 0.0784313725490196 0.8169934640522876 0.07516339869281045 0.8278867102396514 0.06699346405228758 0.8431372549019608 0.06045751633986928 0.8649237472766884 0.05392156862745098 0.8736383442265795 0.0457516339869281 0.8954248366013072 0.024509803921568627 0.9324618736383442 0.024509803921568627 0.9368191721132898 0.017973856209150325 0.9520697167755992 0.004901960784313725 0.9694989106753813 0.0016339869281045752 0.9803921568627451 0 0.9803921568627451 0 0.9259259259259259 0.006535947712418301 0.9172113289760349 0 0.906318082788671 0 0.8562091503267973 0.011437908496732025 0.8322440087145969 0.027777777777777776 0.8126361655773421 0.03594771241830065 0.7952069716775599 0.049019607843137254 0.7821350762527233 0.06699346405228758 0.7472766884531591 0.07026143790849673 0.7450980392156863 0.08333333333333333 0.7233115468409586 0.0915032679738562 0.7145969498910676 0.09967320261437909 0.710239651416122 0.11601307189542484 0.6928104575163399 0.12418300653594772 0.6884531590413944 0.12908496732026145 0.681917211328976 0.12908496732026145 0.6753812636165577 0.13562091503267973 0.664488017429194 0.14705882352941177 0.6557734204793029 0.15522875816993464 0.6535947712418301 0.16993464052287582 0.6296296296296297 0.1977124183006536 0.5969498910675382 0.20588235294117646 0.5773420479302832 0.21241830065359477 0.5729847494553377 0.21895424836601307 0.5642701525054467 0.2369281045751634 0.5359477124183006 0.2565359477124183 0.5119825708061002 0.2679738562091503 0.4923747276688453 0.28594771241830064 0.4793028322440087 0.31209150326797386 0.47058823529411764
3 0.2581699346405229 0.5708061002178649 0.27124183006535946 0.579520697167756 0.27941176470588236 0.5816993464052288 0.2908496732026144 0.5904139433551199 0.2973856209150327 0.5904139433551199 0.29901960784313725 0.5925925925925926 0.3055555555555556 0.5925925925925926 0.30718954248366015 0.5904139433551199 0.3104575163398693 0.5925925925925926 0.315359477124183 0.6034858387799564 0.315359477124183 0.6100217864923747 0.3104575163398693 0.6143790849673203 0.3022875816993464 0.6100217864923747 0.29411764705882354 0.6100217864923747 0.28594771241830064 0.6034858387799564 0.28104575163398693 0.6034858387799564 0.24183006535947713 0.5773420479302832 0.24509803921568626 0.5664488017429193 0.2565359477124183 0.5708061002178649
3 0.9101307189542484 0.7973856209150327 0.9166666666666666 0.803921568627451 0.9248366013071896 0.7973856209150327 0.934640522875817 0.8017429193899782 0.9477124183006536 0.8017429193899782 0.9558823529411765 0.8061002178649237 0.9656862745098039 0.8061002178649237 0.988562091503268 0.8235294117647058 0.9934640522875817 0.8235294117647058 0.9950980392156863 0.840958605664488 0.9869281045751634 0.8431372549019608 0.9754901960784313 0.8344226579520697 0.9477124183006536 0.8235294117647058 0.9313725490196079 0.8104575163398693 0.9248366013071896 0.8104575163398693 0.9166666666666666 0.803921568627451 0.9150326797385621 0.8061002178649237 0.9084967320261438 0.8061002178649237 0.9052287581699346 0.8017429193899782 0.9084967320261438 0.7995642701525054
3 0.1503267973856209 0.7037037037037037 0.1503267973856209 0.710239651416122 0.15522875816993464 0.7167755991285403 0.15522875816993464 0.7342047930283224 0.16013071895424835 0.7407407407407407 0.15849673202614378 0.7429193899782135 0.16339869281045752 0.7538126361655774 0.1650326797385621 0.7668845315904139 0.1568627450980392 0.7734204793028322 0.1503267973856209 0.7734204793028322 0.1437908496732026 0.7843137254901961 0.1503267973856209 0.7952069716775599 0.16830065359477125 0.7821350762527233 0.1781045751633987 0.7843137254901961 0.18137254901960784 0.7973856209150327 0.18790849673202614 0.8082788671023965 0.19117647058823528 0.8235294117647058 0.1895424836601307 0.8257080610021786 0.19281045751633988 0.8300653594771242 0.19607843137254902 0.8300653594771242 0.19607843137254902 0.8387799564270153 0.18627450980392157 0.8540305010893247 0.18627450980392157 0.869281045751634 0.18137254901960784 0.8758169934640523 0.17483660130718953 0.8736383442265795 0.1715686274509804 0.8649237472766884 0.16339869281045752 0.8605664488017429 0.15849673202614378 0.8627450980392157 0.15522875816993464 0.8605664488017429 0.1388888888888889 0.8627450980392157 0.13725490196078433 0.8605664488017429 0.1454248366013072 0.8540305010893247 0.1437908496732026 0.8453159041394336 0.13725490196078433 0.8344226579520697 0.13725490196078433 0.8300653594771242 0.13071895424836602 0.8148148148148148 0.13071895424836602 0.8061002178649237 0.12581699346405228 0.7995642701525054 0.12091503267973856 0.7864923747276689 0.12091503267973856 0.7777777777777778 0.11764705882352941 0.7712418300653595 0.119281045751634 0.7690631808278867 0.11764705882352941 0.7668845315904139 0.11764705882352941 0.7538126361655774 0.12091503267973856 0.7494553376906318 0.12254901960784313 0.738562091503268 0.13562091503267973 0.7233115468409586 0.1388888888888889 0.7124183006535948 0.14869281045751634 0.7037037037037037
3 0.08006535947712418 0.4596949891067538 0.08169934640522876 0.46187363834422657 0.08006535947712418 0.46405228758169936 0.08169934640522876 0.47276688453159044 0.07679738562091504 0.48148148148148145 0.07679738562091504 0.49019607843137253 0.0718954248366013 0.5076252723311547 0.0718954248366013 0.5206971677559913 0.07026143790849673 0.5228758169934641 0.0718954248366013 0.5250544662309368 0.0718954248366013 0.5403050108932462 0.06862745098039216 0.5468409586056645 0.06862745098039216 0.5555555555555556 0.0784313725490196 0.5664488017429193 0.08333333333333333 0.5816993464052288 0.08333333333333333 0.5882352941176471 0.08006535947712418 0.5925925925925926 0.08006535947712418 0.6034858387799564 0.08823529411764706 0.6187363834422658 0.08660130718954248 0.6252723311546841 0.08823529411764706 0.6296296296296297 0.08496732026143791 0.6361655773420479 0.0915032679738562 0.6427015250544662 0.0915032679738562 0.6470588235294118 0.10457516339869281 0.664488017429194 0.10947712418300654 0.690631808278867 0.10457516339869281 0.6971677559912854 0.09803921568627451 0.6884531590413944 0.09313725490196079 0.6753812636165577 0.08660130718954248 0.6688453159041394 0.08333333333333333 0.6579520697167756 0.08006535947712418 0.6535947712418301 0.07679738562091504 0.6535947712418301 0.07026143790849673 0.644880174291939 0.06699346405228758 0.6296296296296297 0.06699346405228758 0.6078431372549019 0.06372549019607843 0.5882352941176471 0.05228758169934641 0.5533769063180828 0.05228758169934641 0.5337690631808278 0.058823529411764705 0.5185185185185185 0.06045751633986928 0.5010893246187363 0.06862745098039216 0.4793028322440087 0.07026143790849673 0.4684095860566449 0.07679738562091504 0.4662309368191721 0.0784313725490196 0.46187363834422657
3 0.36764705882352944 0.48148148148148145 0.37254901960784315 0.48148148148148145 0.3758169934640523 0.485838779956427 0.3790849673202614 0.48148148148148145 0.38562091503267976 0.485838779956427 0.39215686274509803 0.485838779956427 0.3937908496732026 0.48366013071895425 0.41013071895424835 0.4923747276688453 0.41830065359477125 0.4923747276688453 0.43137254901960786 0.4989106753812636 0.44281045751633985 0.4989106753812636 0.4444444444444444 0.5010893246187363 0.4477124183006536 0.4989106753812636 0.4526143790849673 0.4989106753812636 0.4591503267973856 0.5032679738562091 0.4722222222222222 0.5010893246187363 0.4738562091503268 0.5032679738562091 0.4852941176470588 0.5032679738562091 0.4950980392156863 0.5076252723311547 0.5147058823529411 0.5054466230936819 0.5245098039215687 0.514161220043573 0.5522875816993464 0.5119825708061002 0.5588235294117647 0.5163398692810458 0.5669934640522876 0.5163398692810458 0.5784313725490197 0.5250544662309368 0.576797385620915 0.5272331154684096 0.5702614379084967 0.5228758169934641 0.5686274509803921 0.5250544662309368 0.5522875816993464 0.5250544662309368 0.5506535947712419 0.5228758169934641 0.5163398692810458 0.5206971677559913 0.5147058823529411 0.5185185185185185 0.49673202614379086 0.5206971677559913 0.4934640522875817 0.5163398692810458 0.46568627450980393 0.5119825708061002 0.46405228758169936 0.5098039215686274 0.4150326797385621 0.5054466230936819 0.4084967320261438 0.5010893246187363 0.39869281045751637 0.5010893246187363 0.39215686274509803 0.49673202614379086 0.3741830065359477 0.4923747276688453 0.36764705882352944 0.48366013071895425
3 0.35947712418300654 0.5403050108932462 0.369281045751634 0.5403050108932462 0.38562091503267976 0.5468409586056645 0.40522875816993464 0.5446623093681917 0.43300653594771243 0.5555555555555556 0.44281045751633985 0.5555555555555556 0.4477124183006536 0.5599128540305011 0.4526143790849673 0.5599128540305011 0.45751633986928103 0.5642701525054467 0.46405228758169936 0.5642701525054467 0.47058823529411764 0.5686274509803921 0.48366013071895425 0.5686274509803921 0.4869281045751634 0.5729847494553377 0.4950980392156863 0.5751633986928104 0.511437908496732 0.5860566448801743 0.5294117647058824 0.5882352941176471 0.5424836601307189 0.5925925925925926 0.5506535947712419 0.599128540305011 0.5506535947712419 0.6013071895424836 0.5212418300653595 0.599128540305011 0.5130718954248366 0.5925925925925926 0.47875816993464054 0.5816993464052288 0.4738562091503268 0.5773420479302832 0.4673202614379085 0.5773420479302832 0.45098039215686275 0.5708061002178649 0.4411764705882353 0.5708061002178649 0.43300653594771243 0.5642701525054467 0.4215686274509804 0.5620915032679739 0.4150326797385621 0.5577342047930284 0.39215686274509803 0.5577342047930284 0.3888888888888889 0.55119825708061 0.3741830065359477 0.5490196078431373 0.35947712418300654 0.5424836601307189
3 0.8643790849673203 0.775599128540305 0.8839869281045751 0.7821350762527233 0.8888888888888888 0.7864923747276689 0.9003267973856209 0.7864923747276689 0.9183006535947712 0.7973856209150327 0.9575163398692811 0.803921568627451 0.9624183006535948 0.8082788671023965 0.9673202614379085 0.8082788671023965 0.9705882352941176 0.8126361655773421 0.9983660130718954 0.8235294117647058 0.9983660130718954 0.8453159041394336 0.9950980392156863 0.8474945533769063 0.9852941176470589 0.8431372549019608 0.9787581699346405 0.8366013071895425 0.9477124183006536 0.8235294117647058 0.9313725490196079 0.8104575163398693 0.9248366013071896 0.8104575163398693 0.923202614379085 0.8082788671023965 0.9084967320261438 0.8104575163398693 0.9019607843137255 0.803921568627451 0.8921568627450981 0.803921568627451 0.8741830065359477 0.7952069716775599 0.8545751633986928 0.7908496732026143 0.8480392156862745 0.7864923747276689 0.8300653594771242 0.7843137254901961 0.826797385620915 0.7799564270152506 0.8284313725490197 0.7734204793028322 0.8398692810457516 0.7712418300653595 0.8496732026143791 0.775599128540305 0.8627450980392157 0.775599128540305
3 0.7401960784313726 0.9041394335511983 0.7516339869281046 0.906318082788671 0.7565359477124183 0.9150326797385621 0.7647058823529411 0.9215686274509803 0.7647058823529411 0.9259259259259259 0.7679738562091504 0.9302832244008714 0.7712418300653595 0.9302832244008714 0.7777777777777778 0.9389978213507625 0.7908496732026143 0.9455337690631809 0.8169934640522876 0.9694989106753813 0.826797385620915 0.971677559912854 0.8382352941176471 0.9869281045751634 0.8464052287581699 0.9934640522875817 0.8447712418300654 0.9956427015250545 0.8104575163398693 0.9934640522875817 0.803921568627451 0.9825708061002179 0.7941176470588235 0.9738562091503268 0.7908496732026143 0.9738562091503268 0.7875816993464052 0.9694989106753813 0.7761437908496732 0.9629629629629629 0.7712418300653595 0.9564270152505446 0.7630718954248366 0.9520697167755992 0.7581699346405228 0.9411764705882353 0.7549019607843137 0.9433551198257081 0.7516339869281046 0.9324618736383442 0.7532679738562091 0.9281045751633987 0.7467320261437909 0.9259259259259259 0.7401960784313726 0.9193899782135077 0.7401960784313726 0.906318082788671
3 0.380718954248366 0.7211328976034859 0.3872549019607843 0.7320261437908496 0.39869281045751637 0.738562091503268 0.4068627450980392 0.7472766884531591 0.4150326797385621 0.7494553376906318 0.4199346405228758 0.7538126361655774 0.42483660130718953 0.7538126361655774 0.42810457516339867 0.7581699346405228 0.45751633986928103 0.7777777777777778 0.46405228758169936 0.7843137254901961 0.46568627450980393 0.7930283224400871 0.47549019607843135 0.7973856209150327 0.4934640522875817 0.7973856209150327 0.5130718954248366 0.8191721132897604 0.5212418300653595 0.8169934640522876 0.5245098039215687 0.8213507625272332 0.5228758169934641 0.8235294117647058 0.5245098039215687 0.8257080610021786 0.5294117647058824 0.8257080610021786 0.5424836601307189 0.8344226579520697 0.5490196078431373 0.8344226579520697 0.5473856209150327 0.840958605664488 0.5506535947712419 0.8518518518518519 0.5473856209150327 0.8605664488017429 0.545751633986928 0.8627450980392157 0.5392156862745098 0.8605664488017429 0.5359477124183006 0.8649237472766884 0.5294117647058824 0.8649237472766884 0.5277777777777778 0.8627450980392157 0.5294117647058824 0.8605664488017429 0.5277777777777778 0.8518518518518519 0.5163398692810458 0.8366013071895425 0.5 0.8213507625272332 0.4918300653594771 0.8213507625272332 0.49019607843137253 0.8191721132897604 0.48856209150326796 0.8213507625272332 0.48366013071895425 0.8191721132897604 0.47875816993464054 0.8213507625272332 0.4738562091503268 0.8126361655773421 0.46895424836601307 0.8126361655773421 0.46568627450980393 0.8169934640522876 0.46568627450980393 0.8257080610021786 0.4624183006535948 0.8257080610021786 0.46078431372549017 0.8235294117647058 0.4624183006535948 0.8213507625272332 0.46078431372549017 0.8126361655773421 0.45588235294117646 0.8082788671023965 0.45098039215686275 0.8082788671023965 0.4477124183006536 0.8017429193899782 0.45098039215686275 0.7952069716775599 0.45588235294117646 0.7930283224400871 0.4542483660130719 0.7908496732026143 0.380718954248366 0.738562091503268 0.37254901960784315 0.7298474945533769 0.3790849673202614 0.7211328976034859
3 0.3660130718954248 0.9389978213507625 0.3709150326797386 0.934640522875817 0.3758169934640523 0.934640522875817 0.3790849673202614 0.9302832244008714 0.3790849673202614 0.9215686274509803 0.3839869281045752 0.9193899782135077 0.38562091503267976 0.9128540305010894 0.380718954248366 0.9084967320261438 0.3709150326797386 0.9084967320261438 0.3660130718954248 0.9019607843137255 0.36437908496732024 0.8845315904139434 0.36764705882352944 0.8779956427015251 0.369281045751634 0.8649237472766884 0.3627450980392157 0.8562091503267973 0.3562091503267974 0.8540305010893247 0.35130718954248363 0.8474945533769063 0.34967320261437906 0.840958605664488 0.34967320261437906 0.8213507625272332 0.3431372549019608 0.7952069716775599 0.3431372549019608 0.7625272331154684 0.3333333333333333 0.7342047930283224 0.3333333333333333 0.7124183006535948 0.33986928104575165 0.7058823529411765 0.3333333333333333 0.6971677559912854 0.3300653594771242 0.6884531590413944 0.32679738562091504 0.5490196078431373 0.32189542483660133 0.5250544662309368 0.32189542483660133 0.5098039215686274 0.3300653594771242 0.4793028322440087 0.34477124183006536 0.47276688453159044 0.3545751633986928 0.47276688453159044 0.3480392156862745 0.4749455337690632 0.3366013071895425 0.4880174291938998 0.3333333333333333 0.5054466230936819 0.3333333333333333 0.5250544662309368 0.3382352941176471 0.5468409586056645 0.3415032679738562 0.5533769063180828 0.34477124183006536 0.5838779956427015 0.3480392156862745 0.5904139433551199 0.3480392156862745 0.6013071895424836 0.35130718954248363 0.6100217864923747 0.34967320261437906 0.6339869281045751 0.35294117647058826 0.6470588235294118 0.35294117647058826 0.664488017429194 0.35784313725490197 0.690631808278867 0.35784313725490197 0.7037037037037037 0.35947712418300654 0.7058823529411765 0.35947712418300654 0.7145969498910676 0.3627450980392157 0.7189542483660131 0.3660130718954248 0.7363834422657952 0.369281045751634 0.7407407407407407 0.3709150326797386 0.7516339869281046 0.3741830065359477 0.7581699346405228 0.37745098039215685 0.775599128540305 0.37745098039215685 0.7908496732026143 0.38235294117647056 0.8082788671023965 0.3839869281045752 0.8235294117647058 0.3954248366013072 0.8496732026143791 0.3954248366013072 0.8562091503267973 0.4019607843137255 0.8736383442265795 0.4084967320261438 0.8845315904139434 0.4084967320261438 0.8954248366013072 0.40032679738562094 0.8976034858387799 0.39705882352941174 0.9019607843137255 0.39705882352941174 0.9084967320261438 0.40032679738562094 0.9128540305010894 0.40522875816993464 0.906318082788671 0.41013071895424835 0.906318082788671 0.41830065359477125 0.9281045751633987 0.4166666666666667 0.9368191721132898 0.4117647058823529 0.9389978213507625 0.3937908496732026 0.9564270152505446 0.4019607843137255 0.9629629629629629 0.4084967320261438 0.9629629629629629 0.4133986928104575 0.9673202614379085 0.41830065359477125 0.9673202614379085 0.42320261437908496 0.9738562091503268 0.42810457516339867 0.9760348583877996 0.43300653594771243 0.9869281045751634 0.43137254901960786 0.9934640522875817 0.42483660130718953 0.9956427015250545 0.42320261437908496 0.9934640522875817 0.41830065359477125 0.9956427015250545 0.4133986928104575 0.9934640522875817 0.38562091503267976 0.9934640522875817 0.37745098039215685 0.9891067538126361 0.37254901960784315 0.9825708061002179 0.37254901960784315 0.9694989106753813 0.36764705882352944 0.9520697167755992 0.369281045751634 0.9455337690631809 0.36764705882352944 0.9411764705882353
3 0.03594771241830065 0.46187363834422657 0.03758169934640523 0.46405228758169936 0.03758169934640523 0.4749455337690632 0.0016339869281045752 0.5228758169934641 0 0.5228758169934641 0 0.5010893246187363 0.0032679738562091504 0.49455337690631807 0.008169934640522876 0.4880174291938998 0.017973856209150325 0.48148148148148145 0.026143790849673203 0.47058823529411764 0.029411764705882353 0.46187363834422657 0.03431372549019608 0.46187363834422657
3 0.380718954248366 0.7254901960784313 0.3872549019607843 0.7342047930283224 0.39869281045751637 0.7407407407407407 0.4035947712418301 0.7472766884531591 0.4199346405228758 0.7538126361655774 0.42810457516339867 0.7625272331154684 0.4395424836601307 0.7668845315904139 0.4444444444444444 0.7777777777777778 0.44607843137254904 0.775599128540305 0.45588235294117646 0.7777777777777778 0.4591503267973856 0.7821350762527233 0.4591503267973856 0.7843137254901961 0.45588235294117646 0.7821350762527233 0.4542483660130719 0.7843137254901961 0.45588235294117646 0.7930283224400871 0.4722222222222222 0.7973856209150327 0.47549019607843135 0.8017429193899782 0.4803921568627451 0.8017429193899782 0.48366013071895425 0.8082788671023965 0.5 0.8104575163398693 0.5098039215686274 0.8213507625272332 0.5163398692810458 0.8213507625272332 0.5294117647058824 0.8344226579520697 0.5359477124183006 0.8496732026143791 0.5392156862745098 0.8540305010893247 0.5424836601307189 0.8540305010893247 0.553921568627451 0.8714596949891068 0.5620915032679739 0.8758169934640523 0.5735294117647058 0.8888888888888888 0.5833333333333334 0.8932461873638344 0.5898692810457516 0.906318082788671 0.5947712418300654 0.906318082788671 0.5996732026143791 0.9128540305010894 0.6339869281045751 0.9281045751633987 0.6356209150326797 0.9324618736383442 0.6437908496732027 0.9389978213507625 0.6470588235294118 0.9389978213507625 0.6552287581699346 0.9477124183006536 0.6584967320261438 0.9477124183006536 0.6683006535947712 0.9607843137254902 0.6715686274509803 0.9586056644880174 0.6813725490196079 0.9629629629629629 0.684640522875817 0.9673202614379085 0.6944444444444444 0.9694989106753813 0.7026143790849673 0.9803921568627451 0.7058823529411765 0.9803921568627451 0.7156862745098039 0.9891067538126361 0.7156862745098039 0.9934640522875817 0.7107843137254902 0.9956427015250545 0.7009803921568627 0.9956427015250545 0.6993464052287581 0.9934640522875817 0.6977124183006536 0.9956427015250545 0.6764705882352942 0.9956427015250545 0.6748366013071896 0.9934640522875817 0.6127450980392157 0.9956427015250545 0.6029411764705882 0.9912854030501089 0.5898692810457516 0.9738562091503268 0.5686274509803921 0.9564270152505446 0.5637254901960784 0.9455337690631809 0.5555555555555556 0.9368191721132898 0.5408496732026143 0.9302832244008714 0.5310457516339869 0.9172113289760349 0.5130718954248366 0.9019607843137255 0.5 0.8867102396514162 0.4493464052287582 0.840958605664488 0.45098039215686275 0.8322440087145969 0.4477124183006536 0.8278867102396514 0.434640522875817 0.8235294117647058 0.4166666666666667 0.7995642701525054 0.41013071895424835 0.7973856209150327 0.4166666666666667 0.7973856209150327 0.4215686274509804 0.7908496732026143 0.4215686274509804 0.7864923747276689 0.4264705882352941 0.7864923747276689 0.4411764705882353 0.7952069716775599 0.4444444444444444 0.7952069716775599 0.4477124183006536 0.7886710239651417 0.43790849673202614 0.7843137254901961 0.4297385620915033 0.7734204793028322 0.4215686274509804 0.7668845315904139 0.40522875816993464 0.7581699346405228 0.3888888888888889 0.7450980392156863 0.38562091503267976 0.7450980392156863 0.37254901960784315 0.7298474945533769 0.3741830065359477 0.7254901960784313 0.3790849673202614 0.7254901960784313
3 0.12581699346405228 0.7342047930283224 0.13725490196078433 0.7233115468409586 0.13725490196078433 0.7189542483660131 0.14215686274509803 0.710239651416122 0.14705882352941177 0.7080610021786492 0.1503267973856209 0.7124183006535948 0.15359477124183007 0.7189542483660131 0.15359477124183007 0.7320261437908496 0.16339869281045752 0.7538126361655774 0.1650326797385621 0.7668845315904139 0.1568627450980392 0.7734204793028322 0.14869281045751634 0.7734204793028322 0.14215686274509803 0.7821350762527233 0.1503267973856209 0.7952069716775599 0.15359477124183007 0.7952069716775599 0.15849673202614378 0.7886710239651417 0.16013071895424835 0.7973856209150327 0.16339869281045752 0.7864923747276689 0.16830065359477125 0.7843137254901961 0.1781045751633987 0.7864923747276689 0.17973856209150327 0.7973856209150327 0.18627450980392157 0.8126361655773421 0.18627450980392157 0.8213507625272332 0.18790849673202614 0.8235294117647058 0.18627450980392157 0.8278867102396514 0.19444444444444445 0.8344226579520697 0.19281045751633988 0.8366013071895425 0.19444444444444445 0.840958605664488 0.18627450980392157 0.8562091503267973 0.18627450980392157 0.8649237472766884 0.18790849673202614 0.8671023965141612 0.18627450980392157 0.8736383442265795 0.18790849673202614 0.8758169934640523 0.18137254901960784 0.8779956427015251 0.17320261437908496 0.8758169934640523 0.1715686274509804 0.869281045751634 0.16666666666666666 0.8627450980392157 0.1568627450980392 0.8605664488017429 0.15359477124183007 0.8562091503267973 0.1454248366013072 0.8562091503267973 0.1437908496732026 0.8605664488017429 0.14052287581699346 0.8605664488017429 0.1437908496732026 0.8562091503267973 0.1437908496732026 0.8474945533769063 0.14052287581699346 0.840958605664488 0.13562091503267973 0.8191721132897604 0.1388888888888889 0.8213507625272332 0.14215686274509803 0.8169934640522876 0.14052287581699346 0.8148148148148148 0.1323529411764706 0.8148148148148148 0.13071895424836602 0.803921568627451 0.12581699346405228 0.7973856209150327 0.12581699346405228 0.7930283224400871 0.12091503267973856 0.7821350762527233 0.12254901960784313 0.7734204793028322 0.119281045751634 0.7538126361655774 0.12254901960784313 0.7494553376906318 0.12254901960784313 0.7407407407407407 0.12581699346405228 0.7363834422657952
3 0.6601307189542484 0.7450980392156863 0.6699346405228758 0.7516339869281046 0.6895424836601307 0.7581699346405228 0.7026143790849673 0.7581699346405228 0.7091503267973857 0.7647058823529411 0.7320261437908496 0.7625272331154684 0.7303921568627451 0.7690631808278867 0.7271241830065359 0.7690631808278867 0.7189542483660131 0.775599128540305 0.7238562091503268 0.7799564270152506 0.7271241830065359 0.7777777777777778 0.7303921568627451 0.7821350762527233 0.7287581699346405 0.7864923747276689 0.7303921568627451 0.7908496732026143 0.7124183006535948 0.7864923747276689 0.6993464052287581 0.775599128540305 0.6879084967320261 0.7734204793028322 0.6781045751633987 0.7647058823529411 0.6748366013071896 0.7668845315904139 0.6699346405228758 0.7647058823529411 0.6650326797385621 0.7581699346405228 0.6617647058823529 0.7581699346405228 0.6535947712418301 0.7516339869281046 0.6486928104575164 0.7516339869281046 0.6470588235294118 0.7559912854030502 0.6437908496732027 0.7538126361655774 0.6437908496732027 0.7494553376906318 0.6584967320261438 0.7450980392156863
3 0.16339869281045752 0.690631808278867 0.17483660130718953 0.6949891067538126 0.1715686274509804 0.7058823529411765 0.17483660130718953 0.7080610021786492 0.17320261437908496 0.7124183006535948 0.17483660130718953 0.7145969498910676 0.17483660130718953 0.7320261437908496 0.17647058823529413 0.7342047930283224 0.17483660130718953 0.7450980392156863 0.17973856209150327 0.7581699346405228 0.17483660130718953 0.7625272331154684 0.17320261437908496 0.7712418300653595 0.17647058823529413 0.775599128540305 0.19117647058823528 0.775599128540305 0.19607843137254902 0.7821350762527233 0.19281045751633988 0.7864923747276689 0.18627450980392157 0.7864923747276689 0.184640522875817 0.7886710239651417 0.1895424836601307 0.7930283224400871 0.18627450980392157 0.7952069716775599 0.19934640522875818 0.8082788671023965 0.20261437908496732 0.803921568627451 0.20261437908496732 0.8082788671023965 0.1977124183006536 0.8169934640522876 0.20098039215686275 0.8213507625272332 0.20098039215686275 0.8257080610021786 0.20588235294117646 0.8300653594771242 0.20588235294117646 0.8366013071895425 0.2107843137254902 0.8431372549019608 0.2107843137254902 0.8540305010893247 0.21568627450980393 0.8583877995642701 0.2222222222222222 0.8562091503267973 0.2238562091503268 0.869281045751634 0.23202614379084968 0.8801742919389978 0.23202614379084968 0.8888888888888888 0.24673202614379086 0.9041394335511983 0.25326797385620914 0.9281045751633987 0.2761437908496732 0.954248366013072 0.2761437908496732 0.9673202614379085 0.272875816993464 0.9825708061002179 0.2630718954248366 0.9934640522875817 0.25326797385620914 0.9934640522875817 0.24836601307189543 0.9891067538126361 0.24509803921568626 0.9912854030501089 0.1830065359477124 0.9934640522875817 0.17320261437908496 0.971677559912854 0.17320261437908496 0.9564270152505446 0.16666666666666666 0.9455337690631809 0.1568627450980392 0.9172113289760349 0.1568627450980392 0.9041394335511983 0.15849673202614378 0.9019607843137255 0.1568627450980392 0.8954248366013072 0.15849673202614378 0.8932461873638344 0.15522875816993464 0.8779956427015251 0.15359477124183007 0.8758169934640523 0.14705882352941177 0.8758169934640523 0.1503267973856209 0.869281045751634 0.14869281045751634 0.8627450980392157 0.1454248366013072 0.8627450980392157 0.1437908496732026 0.8671023965141612 0.1388888888888889 0.8605664488017429 0.1388888888888889 0.8583877995642701 0.14215686274509803 0.8583877995642701 0.1454248366013072 0.8540305010893247 0.1437908496732026 0.8453159041394336 0.1323529411764706 0.8148148148148148 0.13071895424836602 0.803921568627451 0.12091503267973856 0.7821350762527233 0.12091503267973856 0.7690631808278867 0.11764705882352941 0.7581699346405228 0.12418300653594772 0.7363834422657952 0.13071895424836602 0.7276688453159041 0.13725490196078433 0.7233115468409586 0.1388888888888889 0.7145969498910676 0.15196078431372548 0.6993464052287581 0.15522875816993464 0.6993464052287581 0.15196078431372548 0.7080610021786492 0.15849673202614378 0.710239651416122 0.16176470588235295 0.7058823529411765 0.16013071895424835 0.6993464052287581 0.1650326797385621 0.6971677559912854 0.16666666666666666 0.6949891067538126 0.1650326797385621 0.6928104575163399