3 0.9183006535947712 0.45454545454545453 0.9264705882352942 0.4585858585858586 0.9264705882352942 0.4666666666666667 0.923202614379085 0.4727272727272727 0.9084967320261438 0.4868686868686869 0.8937908496732027 0.49696969696969695 0.8643790849673203 0.509090909090909 0.8578431372549019 0.5111111111111111 0.8480392156862745 0.509090909090909 0.8480392156862745 0.5050505050505051 0.8660130718954249 0.494949494949495 0.8709150326797386 0.494949494949495 0.8986928104575164 0.4767676767676768 0.9183006535947712 0.45656565656565656
3 0.6062091503267973 0.4585858585858586 0.6094771241830066 0.4727272727272727 0.5980392156862745 0.48484848484848486 0.6013071895424836 0.49292929292929294 0.6013071895424836 0.501010101010101 0.6078431372549019 0.509090909090909 0.6143790849673203 0.5050505050505051 0.6225490196078431 0.5111111111111111 0.6421568627450981 0.5111111111111111 0.6454248366013072 0.509090909090909 0.6486928104575164 0.5111111111111111 0.6486928104575164 0.5252525252525253 0.6405228758169934 0.5313131313131313 0.6372549019607843 0.5313131313131313 0.6258169934640523 0.5414141414141415 0.5947712418300654 0.5454545454545454 0.5898692810457516 0.5535353535353535 0.5686274509803921 0.5636363636363636 0.5424836601307189 0.593939393939394 0.5310457516339869 0.6121212121212121 0.5245098039215687 0.6141414141414141 0.5163398692810458 0.6303030303030303 0.5081699346405228 0.6383838383838384 0.49836601307189543 0.6565656565656566 0.4950980392156863 0.6686868686868687 0.4820261437908497 0.6909090909090909 0.47549019607843135 0.7111111111111111 0.47549019607843135 0.7191919191919192 0.47058823529411764 0.7252525252525253 0.46895424836601307 0.7555555555555555 0.4738562091503268 0.7656565656565657 0.477124183006536 0.7797979797979798 0.4803921568627451 0.7818181818181819 0.4803921568627451 0.7858585858585858 0.48366013071895425 0.7898989898989899 0.4820261437908497 0.793939393939394 0.4722222222222222 0.793939393939394 0.47058823529411764 0.795959595959596 0.45751633986928103 0.7858585858585858 0.4493464052287582 0.7838383838383839 0.4477124183006536 0.7818181818181819 0.45098039215686275 0.7777777777777778 0.4493464052287582 0.7757575757575758 0.45098039215686275 0.7717171717171717 0.44281045751633985 0.7656565656565657 0.4395424836601307 0.7696969696969697 0.4395424836601307 0.7757575757575758 0.4444444444444444 0.7818181818181819 0.44281045751633985 0.7838383838383839 0.4444444444444444 0.795959595959596 0.43790849673202614 0.795959595959596 0.4297385620915033 0.7919191919191919 0.41830065359477125 0.7919191919191919 0.4117647058823529 0.795959595959596 0.4068627450980392 0.795959595959596 0.41013071895424835 0.793939393939394 0.4084967320261438 0.7898989898989899 0.4019607843137255 0.7919191919191919 0.39705882352941174 0.7838383838383839 0.39052287581699346 0.7838383838383839 0.3839869281045752 0.7757575757575758 0.38235294117647056 0.7696969696969697 0.3660130718954248 0.7696969696969697 0.3627450980392157 0.7656565656565657 0.35784313725490197 0.7656565656565657 0.35294117647058826 0.7717171717171717 0.3545751633986928 0.7797979797979798 0.35947712418300654 0.7818181818181819 0.35294117647058826 0.7858585858585858 0.3464052287581699 0.7858585858585858 0.3415032679738562 0.7818181818181819 0.3415032679738562 0.7616161616161616 0.3464052287581699 0.7515151515151515 0.3545751633986928 0.7434343434343434 0.3611111111111111 0.7292929292929293 0.369281045751634 0.7191919191919192 0.37745098039215685 0.7151515151515152 0.38562091503267976 0.705050505050505 0.3888888888888889 0.694949494949495 0.39869281045751637 0.6868686868686869 0.4019607843137255 0.6787878787878788 0.4019607843137255 0.6727272727272727 0.4068627450980392 0.6646464646464646 0.4117647058823529 0.6606060606060606 0.4166666666666667 0.6505050505050505 0.42320261437908496 0.6464646464646465 0.4362745098039216 0.6303030303030303 0.4411764705882353 0.6181818181818182 0.4526143790849673 0.6060606060606061 0.47058823529411764 0.593939393939394 0.5016339869281046 0.5636363636363636 0.5081699346405228 0.5494949494949495 0.5081699346405228 0.5454545454545454 0.5212418300653595 0.5292929292929293 0.5261437908496732 0.5171717171717172 0.5343137254901961 0.5111111111111111 0.5473856209150327 0.4888888888888889 0.5588235294117647 0.4868686868686869 0.5686274509803921 0.4767676767676768 0.5751633986928104 0.4767676767676768 0.576797385620915 0.4808080808080808 0.5800653594771242 0.4808080808080808 0.5816993464052288 0.47878787878787876 0.5800653594771242 0.4767676767676768 0.5898692810457516 0.4767676767676768 0.6045751633986928 0.4585858585858586
3 0.8104575163398693 0.44646464646464645 0.8120915032679739 0.4484848484848485 0.815359477124183 0.44646464646464645 0.8300653594771242 0.44646464646464645 0.8300653594771242 0.4484848484848485 0.8251633986928104 0.45252525252525255 0.8202614379084967 0.45252525252525255 0.8022875816993464 0.46060606060606063 0.7924836601307189 0.46060606060606063 0.7843137254901961 0.46464646464646464 0.75 0.4707070707070707 0.7401960784313726 0.47474747474747475 0.7222222222222222 0.4727272727272727 0.7222222222222222 0.4686868686868687 0.7369281045751634 0.4626262626262626 0.761437908496732 0.4585858585858586 0.7761437908496732 0.45252525252525255 0.7859477124183006 0.45252525252525255 0.7924836601307189 0.4484848484848485 0.8088235294117647 0.4484848484848485
3 0.6029411764705882 0.5595959595959596 0.6078431372549019 0.5595959595959596 0.6062091503267973 0.5676767676767677 0.6094771241830066 0.5757575757575758 0.6094771241830066 0.5838383838383838 0.6127450980392157 0.5878787878787879 0.6160130718954249 0.6 0.6143790849673203 0.6060606060606061 0.619281045751634 0.6121212121212121 0.6225490196078431 0.6080808080808081 0.6241830065359477 0.6101010101010101 0.6274509803921569 0.6080808080808081 0.6258169934640523 0.6060606060606061 0.6274509803921569 0.593939393939394 0.6241830065359477 0.5878787878787879 0.6241830065359477 0.5757575757575758 0.6225490196078431 0.5737373737373738 0.6290849673202614 0.5595959595959596 0.6323529411764706 0.5595959595959596 0.6356209150326797 0.5636363636363636 0.6356209150326797 0.5757575757575758 0.6339869281045751 0.5777777777777777 0.6388888888888888 0.5898989898989899 0.6372549019607843 0.593939393939394 0.6421568627450981 0.6 0.6486928104575164 0.602020202020202 0.6519607843137255 0.602020202020202 0.6535947712418301 0.597979797979798 0.6535947712418301 0.604040404040404 0.6568627450980392 0.6080808080808081 0.6617647058823529 0.6080808080808081 0.6617647058823529 0.6121212121212121 0.6519607843137255 0.6242424242424243 0.6552287581699346 0.6323232323232323 0.6584967320261438 0.6343434343434343 0.6617647058823529 0.6424242424242425 0.6748366013071896 0.6585858585858586 0.7075163398692811 0.6909090909090909 0.7287581699346405 0.705050505050505 0.7565359477124183 0.7313131313131314 0.7630718954248366 0.7333333333333333 0.7679738562091504 0.7414141414141414 0.7810457516339869 0.7535353535353535 0.7973856209150327 0.7616161616161616 0.8088235294117647 0.7737373737373737 0.8137254901960784 0.7737373737373737 0.8202614379084967 0.7777777777777778 0.8235294117647058 0.7898989898989899 0.826797385620915 0.7898989898989899 0.8333333333333334 0.795959595959596 0.8382352941176471 0.795959595959596 0.8545751633986928 0.8080808080808081 0.8611111111111112 0.8161616161616162 0.8725490196078431 0.8161616161616162 0.8758169934640523 0.8202020202020202 0.8823529411764706 0.8202020202020202 0.8856209150326797 0.8282828282828283 0.8970588235294118 0.8323232323232324 0.9068627450980392 0.8444444444444444 0.9281045751633987 0.8585858585858586 0.9330065359477124 0.8585858585858586 0.9395424836601307 0.8626262626262626 0.9444444444444444 0.8686868686868687 0.954248366013072 0.8727272727272727 0.9673202614379085 0.8848484848484849 0.9803921568627451 0.8909090909090909 0.9869281045751634 0.898989898989899 0.9624183006535948 0.8888888888888888 0.9575163398692811 0.8828282828282829 0.9509803921568627 0.8828282828282829 0.9411764705882353 0.8767676767676768 0.9330065359477124 0.8767676767676768 0.9297385620915033 0.8727272727272727 0.9264705882352942 0.8727272727272727 0.9215686274509803 0.8787878787878788 0.9215686274509803 0.8848484848484849 0.9362745098039216 0.9030303030303031 0.9362745098039216 0.907070707070707 0.9281045751633987 0.907070707070707 0.9248366013071896 0.9030303030303031 0.9215686274509803 0.8848484848484849 0.9183006535947712 0.8828282828282829 0.9150326797385621 0.8848484848484849 0.8986928104575164 0.8828282828282829 0.8970588235294118 0.8848484848484849 0.880718954248366 0.8787878787878788 0.8774509803921569 0.8747474747474747 0.8774509803921569 0.8707070707070707 0.8741830065359477 0.8666666666666667 0.8758169934640523 0.8626262626262626 0.8856209150326797 0.8565656565656565 0.8872549019607843 0.8585858585858586 0.8839869281045751 0.8606060606060606 0.8872549019607843 0.8646464646464647 0.8905228758169934 0.8646464646464647 0.8937908496732027 0.8606060606060606 0.8905228758169934 0.8545454545454545 0.8921568627450981 0.8484848484848485 0.8888888888888888 0.8444444444444444 0.8823529411764706 0.8444444444444444 0.8774509803921569 0.8404040404040404 0.8725490196078431 0.8424242424242424 0.8709150326797386 0.8363636363636363 0.8660130718954249 0.8363636363636363 0.8578431372549019 0.8303030303030303 0.8496732026143791 0.8444444444444444 0.8529411764705882 0.8484848484848485 0.8496732026143791 0.8545454545454545 0.8447712418300654 0.8565656565656565 0.8398692810457516 0.8505050505050505 0.8316993464052288 0.8484848484848485 0.8137254901960784 0.8363636363636363 0.8071895424836601 0.8202020202020202 0.7990196078431373 0.8161616161616162 0.7941176470588235 0.8101010101010101 0.7892156862745098 0.8141414141414142 0.7908496732026143 0.8202020202020202 0.7875816993464052 0.8202020202020202 0.7826797385620915 0.8141414141414142 0.7712418300653595 0.8202020202020202 0.7647058823529411 0.8181818181818182 0.7516339869281046 0.8080808080808081 0.7450980392156863 0.8080808080808081 0.7369281045751634 0.802020202020202 0.7205882352941176 0.797979797979798 0.7107843137254902 0.7919191919191919 0.7091503267973857 0.7878787878787878 0.7009803921568627 0.7898989898989899 0.696078431372549 0.7838383838383839 0.6748366013071896 0.7777777777777778 0.6666666666666666 0.7717171717171717 0.6617647058823529 0.7717171717171717 0.6503267973856209 0.7656565656565657 0.6437908496732027 0.7656565656565657 0.630718954248366 0.7575757575757576 0.6225490196078431 0.7555555555555555 0.6127450980392157 0.7474747474747475 0.5996732026143791 0.7414141414141414 0.5947712418300654 0.7414141414141414 0.5604575163398693 0.7191919191919192 0.5588235294117647 0.7151515151515152 0.5522875816993464 0.7131313131313132 0.5473856209150327 0.705050505050505 0.5522875816993464 0.701010101010101 0.5637254901960784 0.696969696969697 0.5735294117647058 0.6868686868686869 0.5915032679738562 0.6787878787878788 0.5964052287581699 0.6727272727272727 0.6143790849673203 0.6707070707070707 0.6176470588235294 0.6565656565656566 0.6209150326797386 0.6545454545454545 0.6258169934640523 0.6444444444444445 0.6209150326797386 0.6343434343434343 0.6225490196078431 0.6282828282828283 0.6274509803921569 0.6262626262626263 0.6225490196078431 0.6202020202020202 0.6176470588235294 0.6222222222222222 0.619281045751634 0.6262626262626263 0.6045751633986928 0.6202020202020202 0.6013071895424836 0.6161616161616161 0.5996732026143791 0.6080808080808081 0.5915032679738562 0.602020202020202 0.5915032679738562 0.5818181818181818 0.5931372549019608 0.5797979797979798 0.5915032679738562 0.5777777777777777 0.5931372549019608 0.5737373737373738 0.6013071895424836 0.5676767676767677 0.6029411764705882 0.5616161616161616
3 0.6013071895424836 0.5595959595959596 0.6045751633986928 0.5575757575757576 0.6094771241830066 0.5595959595959596 0.6078431372549019 0.5656565656565656 0.6094771241830066 0.5838383838383838 0.6143790849673203 0.5878787878787879 0.6160130718954249 0.5959595959595959 0.6143790849673203 0.6060606060606061 0.619281045751634 0.6121212121212121 0.6225490196078431 0.6080808080808081 0.6258169934640523 0.6121212121212121 0.6274509803921569 0.6101010101010101 0.6258169934640523 0.6060606060606061 0.6274509803921569 0.5959595959595959 0.6241830065359477 0.5898989898989899 0.6241830065359477 0.5757575757575758 0.6225490196078431 0.5737373737373738 0.6290849673202614 0.5575757575757576 0.6356209150326797 0.5616161616161616 0.6356209150326797 0.5838383838383838 0.6388888888888888 0.5898989898989899 0.6372549019607843 0.593939393939394 0.6388888888888888 0.597979797979798 0.6454248366013072 0.602020202020202 0.6503267973856209 0.602020202020202 0.6454248366013072 0.6080808080808081 0.6486928104575164 0.6141414141414141 0.6519607843137255 0.6141414141414141 0.6601307189542484 0.6080808080808081 0.6601307189542484 0.6121212121212121 0.6535947712418301 0.6202020202020202 0.6519607843137255 0.6262626262626263 0.6764705882352942 0.6606060606060606 0.7026143790849673 0.6868686868686869 0.7173202614379085 0.6989898989898989 0.7287581699346405 0.705050505050505 0.7565359477124183 0.7313131313131314 0.7647058823529411 0.7353535353535353 0.7777777777777778 0.7515151515151515 0.7843137254901961 0.7535353535353535 0.7875816993464052 0.7575757575757576 0.8006535947712419 0.7636363636363637 0.803921568627451 0.7696969696969697 0.8202614379084967 0.7777777777777778 0.8218954248366013 0.7878787878787878 0.826797385620915 0.7898989898989899 0.8316993464052288 0.795959595959596 0.8382352941176471 0.795959595959596 0.8611111111111112 0.8161616161616162 0.8725490196078431 0.8161616161616162 0.8774509803921569 0.8202020202020202 0.8823529411764706 0.8202020202020202 0.8856209150326797 0.8282828282828283 0.8970588235294118 0.8323232323232324 0.9068627450980392 0.8444444444444444 0.9150326797385621 0.8505050505050505 0.9395424836601307 0.8626262626262626 0.9477124183006536 0.8707070707070707 0.954248366013072 0.8727272727272727 0.9722222222222222 0.8868686868686869 0.9754901960784313 0.8868686868686869 0.9869281045751634 0.896969696969697 0.9869281045751634 0.898989898989899 0.9771241830065359 0.896969696969697 0.9624183006535948 0.8888888888888888 0.9575163398692811 0.8828282828282829 0.9509803921568627 0.8828282828282829 0.9411764705882353 0.8767676767676768 0.9330065359477124 0.8767676767676768 0.9281045751633987 0.8727272727272727 0.923202614379085 0.8787878787878788 0.923202614379085 0.8848484848484849 0.9264705882352942 0.8929292929292929 0.9379084967320261 0.9050505050505051 0.9362745098039216 0.9090909090909091 0.9281045751633987 0.907070707070707 0.9248366013071896 0.9030303030303031 0.923202614379085 0.8929292929292929 0.9183006535947712 0.8848484848484849 0.9117647058823529 0.8868686868686869 0.9052287581699346 0.8828282828282829 0.8954248366013072 0.8848484848484849 0.880718954248366 0.8787878787878788 0.8774509803921569 0.8747474747474747 0.8741830065359477 0.8626262626262626 0.8905228758169934 0.8545454545454545 0.8921568627450981 0.8484848484848485 0.8888888888888888 0.8444444444444444 0.880718954248366 0.8444444444444444 0.8774509803921569 0.8404040404040404 0.8725490196078431 0.8424242424242424 0.8709150326797386 0.8363636363636363 0.8660130718954249 0.8363636363636363 0.8578431372549019 0.8303030303030303 0.8496732026143791 0.8444444444444444 0.8529411764705882 0.8484848484848485 0.8513071895424836 0.8545454545454545 0.8447712418300654 0.8565656565656565 0.8382352941176471 0.8505050505050505 0.826797385620915 0.8464646464646465 0.8202614379084967 0.8383838383838383 0.8137254901960784 0.8363636363636363 0.8088235294117647 0.8242424242424242 0.803921568627451 0.8181818181818182 0.7990196078431373 0.8181818181818182 0.7924836601307189 0.8101010101010101 0.7908496732026143 0.8202020202020202 0.7859477124183006 0.8202020202020202 0.7826797385620915 0.8141414141414142 0.7679738562091504 0.8202020202020202 0.7549019607843137 0.8101010101010101 0.7401960784313726 0.806060606060606 0.7369281045751634 0.802020202020202 0.7205882352941176 0.797979797979798 0.7091503267973857 0.7898989898989899 0.7009803921568627 0.7898989898989899 0.6944444444444444 0.7838383838383839 0.6748366013071896 0.7777777777777778 0.6666666666666666 0.7717171717171717 0.6617647058823529 0.7717171717171717 0.6503267973856209 0.7656565656565657 0.6437908496732027 0.7656565656565657 0.630718954248366 0.7575757575757576 0.6209150326797386 0.7555555555555555 0.6127450980392157 0.7474747474747475 0.6078431372549019 0.7474747474747475 0.5800653594771242 0.7333333333333333 0.5522875816993464 0.7131313131313132 0.545751633986928 0.705050505050505 0.5473856209150327 0.703030303030303 0.5522875816993464 0.6989898989898989 0.5620915032679739 0.696969696969697 0.5669934640522876 0.6909090909090909 0.5816993464052288 0.6828282828282828 0.5833333333333334 0.6787878787878788 0.5898692810457516 0.6787878787878788 0.5947712418300654 0.6727272727272727 0.6127450980392157 0.6707070707070707 0.6160130718954249 0.6666666666666666 0.6160130718954249 0.6585858585858586 0.6209150326797386 0.6545454545454545 0.6241830065359477 0.6464646464646465 0.6209150326797386 0.6363636363636364 0.6209150326797386 0.6282828282828283 0.6111111111111112 0.6222222222222222 0.6045751633986928 0.6222222222222222 0.6013071895424836 0.6181818181818182 0.5996732026143791 0.6101010101010101 0.5947712418300654 0.604040404040404 0.5898692810457516 0.602020202020202 0.5915032679738562 0.5737373737373738 0.5964052287581699 0.5717171717171717 0.6013071895424836 0.5616161616161616
3 0.02287581699346405 0.36363636363636365 0.029411764705882353 0.3616161616161616 0.03758169934640523 0.35353535353535354 0.03758169934640523 0.3434343434343434 0.04084967320261438 0.3393939393939394 0.05718954248366013 0.3414141414141414 0.05718954248366013 0.34949494949494947 0.05065359477124183 0.3616161616161616 0.049019607843137254 0.3717171717171717 0.049019607843137254 0.38585858585858585 0.05065359477124183 0.3878787878787879 0.049019607843137254 0.397979797979798 0.05228758169934641 0.40606060606060607 0.05228758169934641 0.41414141414141414 0.06209150326797386 0.42828282828282827 0.06699346405228758 0.4585858585858586 0.06535947712418301 0.46060606060606063 0.06699346405228758 0.48282828282828283 0.06372549019607843 0.4888888888888889 0.03594771241830065 0.49696969696969695 0.021241830065359478 0.49292929292929294 0.0196078431372549 0.4868686868686869 0.0196078431372549 0.45454545454545453 0.017973856209150325 0.45252525252525255 0.0196078431372549 0.43636363636363634 0.014705882352941176 0.4303030303030303 0.014705882352941176 0.4161616161616162 0.013071895424836602 0.41414141414141414 0.013071895424836602 0.37777777777777777 0.02287581699346405 0.3656565656565657
3 0.042483660130718956 0.6464646464646465 0.0457516339869281 0.6505050505050505 0.049019607843137254 0.6484848484848484 0.06535947712418301 0.6505050505050505 0.07026143790849673 0.6565656565656566 0.07679738562091504 0.6484848484848484 0.08333333333333333 0.6565656565656566 0.0915032679738562 0.6565656565656566 0.10294117647058823 0.6484848484848484 0.12091503267973856 0.6484848484848484 0.12418300653594772 0.6464646464646465 0.1388888888888889 0.6505050505050505 0.1437908496732026 0.6565656565656566 0.14215686274509803 0.6686868686868687 0.13725490196078433 0.6747474747474748 0.12745098039215685 0.6808080808080809 0.12581699346405228 0.703030303030303 0.119281045751634 0.7232323232323232 0.10620915032679738 0.7414141414141414 0.09803921568627451 0.7515151515151515 0.08169934640522876 0.7515151515151515 0.05718954248366013 0.7454545454545455 0.0457516339869281 0.7454545454545455 0.0392156862745098 0.7414141414141414 0.04084967320261438 0.7131313131313132 0.03431372549019608 0.701010101010101 0.032679738562091505 0.6909090909090909 0.017973856209150325 0.6707070707070707 0.00980392156862745 0.6666666666666666 0.006535947712418301 0.6626262626262627 0.008169934640522876 0.6606060606060606 0 0.6525252525252525 0.0032679738562091504 0.6505050505050505 0.017973856209150325 0.6505050505050505 0.0196078431372549 0.6484848484848484 0.032679738562091505 0.6525252525252525 0.04084967320261438 0.6484848484848484
3 0.6323529411764706 0.6121212121212121 0.6356209150326797 0.6161616161616161 0.6339869281045751 0.6222222222222222 0.6356209150326797 0.6323232323232323 0.6323529411764706 0.6363636363636364 0.6339869281045751 0.6545454545454545 0.6241830065359477 0.6505050505050505 0.6209150326797386 0.6545454545454545 0.6176470588235294 0.6545454545454545 0.6029411764705882 0.6646464646464646 0.5947712418300654 0.6727272727272727 0.5915032679738562 0.6727272727272727 0.5669934640522876 0.692929292929293 0.5555555555555556 0.696969696969697 0.5473856209150327 0.703030303030303 0.5375816993464052 0.705050505050505 0.5326797385620915 0.7090909090909091 0.5245098039215687 0.7090909090909091 0.5098039215686274 0.7171717171717171 0.5 0.7171717171717171 0.49019607843137253 0.7212121212121212 0.47875816993464054 0.7212121212121212 0.477124183006536 0.7151515151515152 0.4852941176470588 0.705050505050505 0.4934640522875817 0.701010101010101 0.5016339869281046 0.701010101010101 0.5261437908496732 0.6868686868686869 0.5277777777777778 0.6787878787878788 0.5245098039215687 0.6727272727272727 0.5326797385620915 0.6808080808080809 0.5375816993464052 0.6747474747474748 0.5392156862745098 0.6606060606060606 0.545751633986928 0.6626262626262627 0.5637254901960784 0.6606060606060606 0.5816993464052288 0.6484848484848484 0.5882352941176471 0.6404040404040404 0.5996732026143791 0.6343434343434343 0.6062091503267973 0.6262626262626263 0.6078431372549019 0.6181818181818182 0.6127450980392157 0.6202020202020202 0.6209150326797386 0.6181818181818182 0.6225490196078431 0.6202020202020202 0.630718954248366 0.6121212121212121
3 0.5996732026143791 0.45656565656565656 0.6094771241830066 0.45656565656565656 0.6111111111111112 0.4585858585858586 0.6127450980392157 0.4626262626262626 0.6127450980392157 0.47878787878787876 0.6111111111111112 0.4808080808080808 0.6143790849673203 0.4888888888888889 0.6241830065359477 0.4888888888888889 0.630718954248366 0.494949494949495 0.6405228758169934 0.49696969696969695 0.6486928104575164 0.503030303030303 0.6568627450980392 0.503030303030303 0.6601307189542484 0.5070707070707071 0.6617647058823529 0.5171717171717172 0.6584967320261438 0.5272727272727272 0.6274509803921569 0.5515151515151515 0.6274509803921569 0.5555555555555556 0.6323529411764706 0.5595959595959596 0.6323529411764706 0.5757575757575758 0.6372549019607843 0.5858585858585859 0.6372549019607843 0.591919191919192 0.6405228758169934 0.5959595959595959 0.6503267973856209 0.5959595959595959 0.6535947712418301 0.591919191919192 0.6748366013071896 0.5797979797979798 0.6879084967320261 0.5777777777777777 0.6928104575163399 0.5737373737373738 0.7009803921568627 0.5717171717171717 0.7140522875816994 0.5717171717171717 0.7173202614379085 0.5696969696969697 0.7173202614379085 0.5737373737373738 0.7124183006535948 0.5797979797979798 0.7009803921568627 0.5858585858585859 0.696078431372549 0.591919191919192 0.6601307189542484 0.6161616161616161 0.6535947712418301 0.6242424242424243 0.6535947712418301 0.6424242424242425 0.6781045751633987 0.6646464646464646 0.6830065359477124 0.6727272727272727 0.6928104575163399 0.6787878787878788 0.7124183006535948 0.6989898989898989 0.7156862745098039 0.6989898989898989 0.7434640522875817 0.7232323232323232 0.7418300653594772 0.7292929292929293 0.7434640522875817 0.7373737373737373 0.7401960784313726 0.7393939393939394 0.7303921568627451 0.7333333333333333 0.7238562091503268 0.7333333333333333 0.7205882352941176 0.7292929292929293 0.7124183006535948 0.7292929292929293 0.6977124183006536 0.7232323232323232 0.6797385620915033 0.7232323232323232 0.6781045751633987 0.7252525252525253 0.673202614379085 0.7171717171717171 0.6666666666666666 0.7151515151515152 0.6568627450980392 0.703030303030303 0.6486928104575164 0.703030303030303 0.6437908496732027 0.696969696969697 0.6405228758169934 0.696969696969697 0.6372549019607843 0.6888888888888889 0.6323529411764706 0.6888888888888889 0.6290849673202614 0.6848484848484848 0.6258169934640523 0.6848484848484848 0.6225490196078431 0.6888888888888889 0.6241830065359477 0.692929292929293 0.6209150326797386 0.705050505050505 0.6388888888888888 0.7313131313131314 0.6470588235294118 0.7313131313131314 0.6486928104575164 0.7373737373737373 0.6535947712418301 0.7393939393939394 0.6535947712418301 0.7434343434343434 0.6568627450980392 0.7474747474747475 0.6666666666666666 0.7474747474747475 0.6666666666666666 0.7616161616161616 0.6650326797385621 0.7636363636363637 0.6666666666666666 0.7676767676767676 0.6535947712418301 0.7656565656565657 0.6503267973856209 0.7616161616161616 0.6437908496732027 0.7636363636363637 0.6290849673202614 0.7555555555555555 0.6241830065359477 0.7555555555555555 0.6029411764705882 0.7414141414141414 0.5882352941176471 0.7373737373737373 0.5555555555555556 0.7171717171717171 0.5473856209150327 0.7090909090909091 0.5343137254901961 0.7090909090909091 0.5179738562091504 0.7131313131313132 0.5065359477124183 0.7212121212121212 0.4934640522875817 0.7212121212121212 0.477124183006536 0.7252525252525253 0.47058823529411764 0.7353535353535353 0.47058823529411764 0.7474747474747475 0.47549019607843135 0.7676767676767676 0.48856209150326796 0.7919191919191919 0.5081699346405228 0.8161616161616162 0.5130718954248366 0.8181818181818182 0.5212418300653595 0.8303030303030303 0.5359477124183006 0.8383838383838383 0.5392156862745098 0.8424242424242424 0.5571895424836601 0.8444444444444444 0.5604575163398693 0.8505050505050505 0.5702614379084967 0.8525252525252526 0.5751633986928104 0.8606060606060606 0.5866013071895425 0.8707070707070707 0.5980392156862745 0.8727272727272727 0.6013071895424836 0.8767676767676768 0.6045751633986928 0.8767676767676768 0.6078431372549019 0.8808080808080808 0.6290849673202614 0.8929292929292929 0.6454248366013072 0.901010101010101 0.6503267973856209 0.901010101010101 0.6535947712418301 0.9050505050505051 0.6683006535947712 0.9131313131313131 0.6813725490196079 0.9131313131313131 0.7009803921568627 0.9353535353535354 0.7303921568627451 0.9414141414141414 0.7336601307189542 0.9454545454545454 0.7336601307189542 0.9494949494949495 0.7369281045751634 0.9515151515151515 0.7369281045751634 0.9595959595959596 0.7222222222222222 0.9595959595959596 0.7091503267973857 0.9515151515151515 0.6781045751633987 0.9454545454545454 0.6650326797385621 0.9333333333333333 0.6519607843137255 0.9313131313131313 0.6372549019607843 0.9191919191919192 0.6290849673202614 0.9191919191919192 0.6127450980392157 0.9090909090909091 0.6062091503267973 0.9090909090909091 0.5915032679738562 0.901010101010101 0.5833333333333334 0.901010101010101 0.5669934640522876 0.8888888888888888 0.5571895424836601 0.8888888888888888 0.545751633986928 0.8828282828282829 0.5375816993464052 0.8828282828282829 0.5359477124183006 0.8848484848484849 0.5294117647058824 0.8808080808080808 0.5212418300653595 0.8828282828282829 0.5228758169934641 0.8787878787878788 0.5212418300653595 0.8767676767676768 0.5179738562091504 0.8767676767676768 0.5163398692810458 0.8828282828282829 0.5098039215686274 0.8848484848484849 0.5098039215686274 0.8909090909090909 0.5163398692810458 0.898989898989899 0.5147058823529411 0.9050505050505051 0.5081699346405228 0.907070707070707 0.49836601307189543 0.9050505050505051 0.4934640522875817 0.9151515151515152 0.4820261437908497 0.9151515151515152 0.47549019607843135 0.9090909090909091 0.4542483660130719 0.901010101010101 0.4411764705882353 0.8909090909090909 0.4362745098039216 0.8909090909090909 0.4166666666666667 0.8787878787878788 0.4019607843137255 0.8747474747474747 0.3790849673202614 0.8606060606060606 0.369281045751634 0.8505050505050505 0.3415032679738562 0.8323232323232324 0.3333333333333333 0.8242424242424242 0.32679738562091504 0.8121212121212121 0.32679738562091504 0.806060606060606 0.3333333333333333 0.797979797979798 0.3333333333333333 0.7919191919191919 0.3366013071895425 0.7878787878787878 0.3349673202614379 0.7858585858585858 0.3349673202614379 0.7696969696969697 0.3382352941176471 0.7595959595959596 0.35947712418300654 0.7272727272727273 0.3839869281045752 0.701010101010101 0.3954248366013072 0.6828282828282828 0.39869281045751637 0.6707070707070707 0.41013071895424835 0.6545454545454545 0.42810457516339867 0.6383838383838384 0.43790849673202614 0.6242424242424243 0.4411764705882353 0.6121212121212121 0.45588235294117646 0.6 0.46895424836601307 0.593939393939394 0.49019607843137253 0.5737373737373738 0.49836601307189543 0.5636363636363636 0.5 0.5535353535353535 0.5179738562091504 0.5292929292929293 0.5179738562091504 0.5252525252525253 0.5359477124183006 0.5050505050505051 0.545751633986928 0.4888888888888889 0.5506535947712419 0.48484848484848486 0.5604575163398693 0.48282828282828283 0.5669934640522876 0.47474747474747475 0.5898692810457516 0.4727272727272727 0.5980392156862745 0.4666666666666667 0.5996732026143791 0.4585858585858586
3 0.5980392156862745 0.45656565656565656 0.6045751633986928 0.45454545454545453 0.6111111111111112 0.4585858585858586 0.6127450980392157 0.4727272727272727 0.6094771241830066 0.47878787878787876 0.6094771241830066 0.4868686868686869 0.6127450980392157 0.4909090909090909 0.6160130718954249 0.49292929292929294 0.6225490196078431 0.4909090909090909 0.6356209150326797 0.498989898989899 0.6421568627450981 0.498989898989899 0.6470588235294118 0.503030303030303 0.6584967320261438 0.5050505050505051 0.6601307189542484 0.509090909090909 0.6584967320261438 0.5252525252525253 0.6339869281045751 0.5434343434343434 0.6094771241830066 0.5494949494949495 0.5980392156862745 0.5595959595959596 0.5833333333333334 0.5636363636363636 0.5800653594771242 0.5676767676767677 0.5833333333333334 0.5717171717171717 0.5784313725490197 0.5656565656565656 0.5751633986928104 0.5656565656565656 0.5669934640522876 0.5777777777777777 0.5604575163398693 0.5838383838383838 0.553921568627451 0.5858585858585859 0.5441176470588235 0.597979797979798 0.5441176470588235 0.602020202020202 0.5392156862745098 0.6080808080808081 0.5392156862745098 0.6121212121212121 0.5343137254901961 0.6141414141414141 0.5245098039215687 0.6262626262626263 0.5310457516339869 0.6282828282828283 0.5310457516339869 0.6303030303030303 0.5163398692810458 0.6404040404040404 0.511437908496732 0.6484848484848484 0.511437908496732 0.6545454545454545 0.5 0.6626262626262627 0.5 0.6686868686868687 0.4918300653594771 0.6808080808080809 0.4918300653594771 0.692929292929293 0.5016339869281046 0.6989898989898989 0.5179738562091504 0.6909090909090909 0.5326797385620915 0.6767676767676768 0.5473856209150327 0.6787878787878788 0.5522875816993464 0.6747474747474748 0.553921568627451 0.6686868686868687 0.5522875816993464 0.6606060606060606 0.5735294117647058 0.6626262626262627 0.576797385620915 0.6808080808080809 0.5637254901960784 0.6868686868686869 0.5571895424836601 0.696969696969697 0.5473856209150327 0.6989898989898989 0.5424836601307189 0.705050505050505 0.5277777777777778 0.7090909090909091 0.5179738562091504 0.7090909090909091 0.5065359477124183 0.7171717171717171 0.48856209150326796 0.7191919191919192 0.4852941176470588 0.7232323232323232 0.477124183006536 0.7232323232323232 0.47058823529411764 0.7333333333333333 0.47058823529411764 0.7515151515151515 0.477124183006536 0.7737373737373737 0.4869281045751634 0.7878787878787878 0.48856209150326796 0.793939393939394 0.5212418300653595 0.8343434343434344 0.5375816993464052 0.8444444444444444 0.5555555555555556 0.8484848484848485 0.5620915032679739 0.8565656565656565 0.5686274509803921 0.8565656565656565 0.5833333333333334 0.8707070707070707 0.5931372549019608 0.8727272727272727 0.6029411764705882 0.8808080808080808 0.6258169934640523 0.8929292929292929 0.6339869281045751 0.901010101010101 0.6405228758169934 0.9030303030303031 0.6437908496732027 0.907070707070707 0.6486928104575164 0.907070707070707 0.6535947712418301 0.9131313131313131 0.6633986928104575 0.9131313131313131 0.6764705882352942 0.9191919191919192 0.6813725490196079 0.9191919191919192 0.6911764705882353 0.9333333333333333 0.696078431372549 0.9353535353535354 0.6977124183006536 0.9434343434343434 0.6781045751633987 0.9414141414141414 0.6715686274509803 0.9333333333333333 0.6601307189542484 0.9292929292929293 0.6519607843137255 0.9212121212121213 0.6209150326797386 0.9111111111111111 0.6094771241830066 0.9030303030303031 0.5980392156862745 0.9030303030303031 0.5866013071895425 0.896969696969697 0.5816993464052288 0.896969696969697 0.5669934640522876 0.8868686868686869 0.5588235294117647 0.8868686868686869 0.5408496732026143 0.8787878787878788 0.5326797385620915 0.8787878787878788 0.5228758169934641 0.8727272727272727 0.5065359477124183 0.8727272727272727 0.49836601307189543 0.8686868686868687 0.48856209150326796 0.8686868686868687 0.4869281045751634 0.8707070707070707 0.48366013071895425 0.8606060606060606 0.4803921568627451 0.8727272727272727 0.48856209150326796 0.8787878787878788 0.5016339869281046 0.8787878787878788 0.5016339869281046 0.8848484848484849 0.5065359477124183 0.8949494949494949 0.5147058823529411 0.898989898989899 0.5147058823529411 0.901010101010101 0.5098039215686274 0.9050505050505051 0.49673202614379086 0.9050505050505051 0.4934640522875817 0.9111111111111111 0.4820261437908497 0.9131313131313131 0.47875816993464054 0.9090909090909091 0.4542483660130719 0.898989898989899 0.44281045751633985 0.8909090909090909 0.434640522875817 0.8888888888888888 0.42810457516339867 0.8828282828282829 0.40032679738562094 0.8727272727272727 0.380718954248366 0.8606060606060606 0.3709150326797386 0.8505050505050505 0.3431372549019608 0.8323232323232324 0.3349673202614379 0.8242424242424242 0.3300653594771242 0.8161616161616162 0.3284313725490196 0.8080808080808081 0.3333333333333333 0.806060606060606 0.33986928104575165 0.797979797979798 0.3349673202614379 0.7797979797979798 0.33986928104575165 0.7595959595959596 0.35947712418300654 0.7292929292929293 0.369281045751634 0.7171717171717171 0.3790849673202614 0.7111111111111111 0.3839869281045752 0.705050505050505 0.38562091503267976 0.6989898989898989 0.39705882352941174 0.6848484848484848 0.40032679738562094 0.6767676767676768 0.40032679738562094 0.6707070707070707 0.41013071895424835 0.6606060606060606 0.4117647058823529 0.6545454545454545 0.4215686274509804 0.6484848484848484 0.4362745098039216 0.6303030303030303 0.4444444444444444 0.6121212121212121 0.4722222222222222 0.591919191919192 0.4950980392156863 0.5696969696969697 0.5 0.5636363636363636 0.5016339869281046 0.5535353535353535 0.5081699346405228 0.5414141414141415 0.5196078431372549 0.5272727272727272 0.5212418300653595 0.5212121212121212 0.5392156862745098 0.501010101010101 0.545751633986928 0.4888888888888889 0.5604575163398693 0.48282828282828283 0.5669934640522876 0.47474747474747475 0.5898692810457516 0.4727272727272727 0.5980392156862745 0.46464646464646464 0.5996732026143791 0.4585858585858586
3 0.6094771241830066 0.5575757575757576 0.6111111111111112 0.5595959595959596 0.6094771241830066 0.5636363636363636 0.6094771241830066 0.593939393939394 0.6176470588235294 0.6121212121212121 0.6225490196078431 0.6161616161616161 0.6290849673202614 0.6080808080808081 0.6388888888888888 0.602020202020202 0.6486928104575164 0.602020202020202 0.6748366013071896 0.5818181818181818 0.6797385620915033 0.5797979797979798 0.704248366013072 0.5797979797979798 0.7026143790849673 0.5838383838383838 0.6911764705882353 0.593939393939394 0.6830065359477124 0.597979797979798 0.6699346405228758 0.6101010101010101 0.6568627450980392 0.6161616161616161 0.6503267973856209 0.6242424242424243 0.6503267973856209 0.6303030303030303 0.6437908496732027 0.6282828282828283 0.6388888888888888 0.6383838383838384 0.6388888888888888 0.6444444444444445 0.6470588235294118 0.6545454545454545 0.6552287581699346 0.6585858585858586 0.6535947712418301 0.6606060606060606 0.6601307189542484 0.6666666666666666 0.6650326797385621 0.6787878787878788 0.6797385620915033 0.6888888888888889 0.6895424836601307 0.701010101010101 0.6977124183006536 0.705050505050505 0.704248366013072 0.7131313131313132 0.704248366013072 0.7151515151515152 0.6993464052287581 0.7151515151515152 0.6928104575163399 0.7111111111111111 0.6862745098039216 0.7111111111111111 0.6797385620915033 0.7252525252525253 0.673202614379085 0.7252525252525253 0.6666666666666666 0.7171717171717171 0.6617647058823529 0.7171717171717171 0.6535947712418301 0.703030303030303 0.6405228758169934 0.6989898989898989 0.6356209150326797 0.692929292929293 0.6290849673202614 0.7090909090909091 0.6323529411764706 0.7111111111111111 0.6356209150326797 0.7252525252525253 0.6405228758169934 0.7313131313131314 0.6486928104575164 0.7333333333333333 0.6486928104575164 0.7373737373737373 0.6617647058823529 0.7535353535353535 0.6617647058823529 0.7595959595959596 0.6584967320261438 0.7636363636363637 0.6372549019607843 0.7616161616161616 0.6045751633986928 0.7434343434343434 0.5947712418300654 0.7414141414141414 0.565359477124183 0.7232323232323232 0.5522875816993464 0.7131313131313132 0.5424836601307189 0.701010101010101 0.545751633986928 0.696969696969697 0.5604575163398693 0.696969696969697 0.5620915032679739 0.694949494949495 0.5604575163398693 0.692929292929293 0.553921568627451 0.6909090909090909 0.5718954248366013 0.6808080808080809 0.5751633986928104 0.6666666666666666 0.5669934640522876 0.6606060606060606 0.5702614379084967 0.6565656565656566 0.5751633986928104 0.6565656565656566 0.5784313725490197 0.6626262626262627 0.5898692810457516 0.6585858585858586 0.5898692810457516 0.6545454545454545 0.5866013071895425 0.6505050505050505 0.5816993464052288 0.6464646464646465 0.576797385620915 0.6464646464646465 0.5784313725490197 0.6383838383838384 0.5784313725490197 0.6323232323232323 0.5751633986928104 0.6262626262626263 0.576797385620915 0.6161616161616161 0.5816993464052288 0.6181818181818182 0.5849673202614379 0.6303030303030303 0.5947712418300654 0.6424242424242425 0.6029411764705882 0.6303030303030303 0.6029411764705882 0.6222222222222222 0.5980392156862745 0.6161616161616161 0.5964052287581699 0.6101010101010101 0.5882352941176471 0.602020202020202 0.5866013071895425 0.593939393939394 0.5898692810457516 0.5858585858585859 0.5882352941176471 0.5737373737373738 0.6013071895424836 0.5575757575757576 0.6045751633986928 0.5555555555555556 0.6078431372549019 0.5575757575757576
3 0.5980392156862745 0.45656565656565656 0.6111111111111112 0.4585858585858586 0.6176470588235294 0.4868686868686869 0.6274509803921569 0.4888888888888889 0.6290849673202614 0.49292929292929294 0.6405228758169934 0.494949494949495 0.6486928104575164 0.501010101010101 0.6535947712418301 0.501010101010101 0.6617647058823529 0.5111111111111111 0.6601307189542484 0.5272727272727272 0.6454248366013072 0.5373737373737374 0.6405228758169934 0.5434343434343434 0.6372549019607843 0.5535353535353535 0.6372549019607843 0.5575757575757576 0.6421568627450981 0.5636363636363636 0.6372549019607843 0.5676767676767677 0.6388888888888888 0.5717171717171717 0.6372549019607843 0.5757575757575758 0.6405228758169934 0.5797979797979798 0.6437908496732027 0.5777777777777777 0.6519607843137255 0.5878787878787879 0.6552287581699346 0.5878787878787879 0.6601307189542484 0.5797979797979798 0.6633986928104575 0.5858585858585859 0.6699346405228758 0.5797979797979798 0.6993464052287581 0.5696969696969697 0.7091503267973857 0.5696969696969697 0.7107843137254902 0.5676767676767677 0.7222222222222222 0.5676767676767677 0.7238562091503268 0.5696969696969697 0.7107843137254902 0.5838383838383838 0.704248366013072 0.5858585858585859 0.7009803921568627 0.591919191919192 0.6977124183006536 0.591919191919192 0.6944444444444444 0.597979797979798 0.6928104575163399 0.5959595959595959 0.6895424836601307 0.6 0.6862745098039216 0.6 0.684640522875817 0.604040404040404 0.6764705882352942 0.6060606060606061 0.6617647058823529 0.6202020202020202 0.6584967320261438 0.6202020202020202 0.6552287581699346 0.6282828282828283 0.6617647058823529 0.6323232323232323 0.6617647058823529 0.6363636363636364 0.6683006535947712 0.6505050505050505 0.684640522875817 0.6707070707070707 0.6911764705882353 0.6727272727272727 0.7026143790849673 0.6868686868686869 0.7434640522875817 0.7191919191919192 0.7549019607843137 0.7333333333333333 0.7581699346405228 0.7333333333333333 0.7581699346405228 0.7393939393939394 0.7679738562091504 0.7515151515151515 0.7761437908496732 0.7535353535353535 0.7843137254901961 0.7595959595959596 0.7859477124183006 0.7616161616161616 0.7843137254901961 0.7636363636363637 0.7924836601307189 0.7717171717171717 0.7941176470588235 0.7777777777777778 0.7875816993464052 0.7797979797979798 0.7859477124183006 0.7858585858585858 0.7777777777777778 0.7838383838383839 0.7712418300653595 0.7858585858585858 0.7663398692810458 0.7919191919191919 0.7647058823529411 0.8 0.7712418300653595 0.802020202020202 0.7728758169934641 0.804040404040404 0.7712418300653595 0.8080808080808081 0.7647058823529411 0.8 0.761437908496732 0.802020202020202 0.7549019607843137 0.793939393939394 0.75 0.8 0.7450980392156863 0.802020202020202 0.7336601307189542 0.8 0.7287581699346405 0.7919191919191919 0.7238562091503268 0.795959595959596 0.7107843137254902 0.7919191919191919 0.7107843137254902 0.7818181818181819 0.7124183006535948 0.7797979797979798 0.7107843137254902 0.7737373737373737 0.7140522875816994 0.7717171717171717 0.7205882352941176 0.7696969696969697 0.7238562091503268 0.7737373737373737 0.7450980392156863 0.7737373737373737 0.7467320261437909 0.7757575757575758 0.7581699346405228 0.7737373737373737 0.761437908496732 0.7818181818181819 0.7663398692810458 0.7757575757575758 0.7696078431372549 0.7757575757575758 0.7712418300653595 0.7797979797979798 0.7728758169934641 0.7777777777777778 0.7728758169934641 0.7717171717171717 0.7679738562091504 0.7656565656565657 0.7647058823529411 0.7656565656565657 0.7598039215686274 0.7575757575757576 0.7532679738562091 0.7555555555555555 0.7467320261437909 0.7474747474747475 0.7401960784313726 0.7454545454545455 0.738562091503268 0.7414141414141414 0.7026143790849673 0.7353535353535353 0.7009803921568627 0.7414141414141414 0.704248366013072 0.7434343434343434 0.6862745098039216 0.7454545454545455 0.6830065359477124 0.7555555555555555 0.6879084967320261 0.7595959595959596 0.7058823529411765 0.7595959595959596 0.7189542483660131 0.7636363636363637 0.7189542483660131 0.7656565656565657 0.7107843137254902 0.7636363636363637 0.704248366013072 0.7676767676767676 0.7026143790849673 0.7757575757575758 0.704248366013072 0.7838383838383839 0.6993464052287581 0.7818181818181819 0.6911764705882353 0.7838383838383839 0.684640522875817 0.7777777777777778 0.6813725490196079 0.7797979797979798 0.6683006535947712 0.7717171717171717 0.6617647058823529 0.7717171717171717 0.6503267973856209 0.7656565656565657 0.6421568627450981 0.7656565656565657 0.6372549019607843 0.7616161616161616 0.619281045751634 0.7555555555555555 0.6062091503267973 0.7454545454545455 0.6013071895424836 0.7454545454545455 0.5849673202614379 0.7373737373737373 0.5473856209150327 0.7111111111111111 0.5310457516339869 0.7111111111111111 0.5277777777777778 0.7151515151515152 0.511437908496732 0.7171717171717171 0.5081699346405228 0.7212121212121212 0.477124183006536 0.7272727272727273 0.4722222222222222 0.7333333333333333 0.4722222222222222 0.7515151515151515 0.47549019607843135 0.7595959595959596 0.47549019607843135 0.7656565656565657 0.4803921568627451 0.7777777777777778 0.48856209150326796 0.7878787878787878 0.48856209150326796 0.7919191919191919 0.5081699346405228 0.8161616161616162 0.5130718954248366 0.8181818181818182 0.5212418300653595 0.8303030303030303 0.5359477124183006 0.8383838383838383 0.5392156862745098 0.8424242424242424 0.5555555555555556 0.8424242424242424 0.5620915032679739 0.8505050505050505 0.5702614379084967 0.8525252525252526 0.5735294117647058 0.8606060606060606 0.5784313725490197 0.8606060606060606 0.5866013071895425 0.8707070707070707 0.5931372549019608 0.8707070707070707 0.6013071895424836 0.8767676767676768 0.6078431372549019 0.8767676767676768 0.6094771241830066 0.8808080808080808 0.6127450980392157 0.8808080808080808 0.6290849673202614 0.8929292929292929 0.6339869281045751 0.8929292929292929 0.6372549019607843 0.896969696969697 0.6454248366013072 0.898989898989899 0.6584967320261438 0.9090909090909091 0.6666666666666666 0.9131313131313131 0.6781045751633987 0.9131313131313131 0.6879084967320261 0.9191919191919192 0.6928104575163399 0.9292929292929293 0.6993464052287581 0.9313131313131313 0.7058823529411765 0.9373737373737374 0.7222222222222222 0.9373737373737374 0.7303921568627451 0.9414141414141414 0.7336601307189542 0.9454545454545454 0.7303921568627451 0.9595959595959596 0.7222222222222222 0.9595959595959596 0.704248366013072 0.9494949494949495 0.6862745098039216 0.9474747474747475 0.6764705882352942 0.9434343434343434 0.6617647058823529 0.9313131313131313 0.6552287581699346 0.9313131313131313 0.6405228758169934 0.9212121212121213 0.6225490196078431 0.9151515151515152 0.619281045751634 0.9111111111111111 0.6013071895424836 0.907070707070707 0.5931372549019608 0.901010101010101 0.5816993464052288 0.898989898989899 0.565359477124183 0.8888888888888888 0.5392156862745098 0.8808080808080808 0.5359477124183006 0.8828282828282829 0.5310457516339869 0.8808080808080808 0.5212418300653595 0.8828282828282829 0.5196078431372549 0.8767676767676768 0.5147058823529411 0.8828282828282829 0.5098039215686274 0.8848484848484849 0.5098039215686274 0.8888888888888888 0.5196078431372549 0.898989898989899 0.5130718954248366 0.907070707070707 0.5098039215686274 0.9090909090909091 0.49836601307189543 0.907070707070707 0.4934640522875817 0.9151515151515152 0.48366013071895425 0.9151515151515152 0.46895424836601307 0.9050505050505051 0.45751633986928103 0.9030303030303031 0.4411764705882353 0.8909090909090909 0.434640522875817 0.8909090909090909 0.43137254901960786 0.8868686868686869 0.4166666666666667 0.8787878787878788 0.40522875816993464 0.8767676767676768 0.38235294117647056 0.8626262626262626 0.35947712418300654 0.8424242424242424 0.3562091503267974 0.8424242424242424 0.3415032679738562 0.8323232323232324 0.32679738562091504 0.8141414141414142 0.32516339869281047 0.8080808080808081 0.3300653594771242 0.802020202020202 0.3349673202614379 0.7878787878787878 0.3333333333333333 0.7737373737373737 0.3366013071895425 0.7656565656565657 0.3382352941176471 0.7494949494949495 0.3415032679738562 0.7535353535353535 0.3464052287581699 0.7434343434343434 0.3464052287581699 0.7373737373737373 0.35784313725490197 0.7292929292929293 0.3627450980392157 0.7171717171717171 0.3660130718954248 0.7151515151515152 0.3660130718954248 0.7111111111111111 0.36764705882352944 0.7090909090909091 0.37254901960784315 0.7111111111111111 0.3758169934640523 0.703030303030303 0.38562091503267976 0.694949494949495 0.3888888888888889 0.6868686868686869 0.3888888888888889 0.6808080808080809 0.39215686274509803 0.6787878787878788 0.39052287581699346 0.6747474747474748 0.3937908496732026 0.6707070707070707 0.39215686274509803 0.6686868686868687 0.3937908496732026 0.6606060606060606 0.3888888888888889 0.6565656565656566 0.38235294117647056 0.6585858585858586 0.3790849673202614 0.6626262626262627 0.3790849673202614 0.6666666666666666 0.3741830065359477 0.6606060606060606 0.3660130718954248 0.6626262626262627 0.3627450980392157 0.6666666666666666 0.3545751633986928 0.6646464646464646 0.3480392156862745 0.6686868686868687 0.3464052287581699 0.6666666666666666 0.33169934640522875 0.6686868686868687 0.32679738562091504 0.6646464646464646 0.32516339869281047 0.6666666666666666 0.3202614379084967 0.6646464646464646 0.315359477124183 0.6686868686868687 0.3104575163398693 0.6686868686868687 0.30718954248366015 0.6747474747474748 0.30392156862745096 0.6727272727272727 0.29901960784313725 0.6787878787878788 0.29248366013071897 0.6747474747474748 0.2908496732026144 0.6767676767676768 0.2875816993464052 0.6747474747474748 0.2679738562091503 0.6767676767676768 0.2647058823529412 0.6727272727272727 0.2549019607843137 0.6767676767676768 0.24183006535947713 0.6747474747474748 0.22549019607843138 0.6787878787878788 0.21568627450980393 0.6747474747474748 0.20261437908496732 0.6787878787878788 0.19607843137254902 0.6727272727272727 0.1895424836601307 0.6727272727272727 0.17647058823529413 0.6828282828282828 0.1715686274509804 0.6808080808080809 0.1568627450980392 0.6828282828282828 0.15522875816993464 0.6808080808080809 0.1568627450980392 0.6767676767676768 0.16013071895424835 0.6787878787878788 0.1650326797385621 0.6747474747474748 0.16176470588235295 0.6707070707070707 0.1715686274509804 0.6707070707070707 0.16993464052287582 0.6747474747474748 0.1715686274509804 0.6767676767676768 0.17483660130718953 0.6747474747474748 0.18137254901960784 0.6626262626262627 0.1895424836601307 0.6626262626262627 0.19281045751633988 0.6565656565656566 0.19607843137254902 0.6565656565656566 0.19934640522875818 0.6525252525252525 0.19444444444444445 0.6464646464646465 0.1895424836601307 0.6505050505050505 0.1895424836601307 0.6545454545454545 0.18627450980392157 0.6545454545454545 0.1830065359477124 0.6505050505050505 0.184640522875817 0.6444444444444445 0.18790849673202614 0.6424242424242425 0.19281045751633988 0.6444444444444445 0.1977124183006536 0.6404040404040404 0.1977124183006536 0.6363636363636364 0.19281045751633988 0.6303030303030303 0.19444444444444445 0.6262626262626263 0.2042483660130719 0.6282828282828283 0.20915032679738563 0.6242424242424243 0.21405228758169934 0.6303030303030303 0.21568627450980393 0.6383838383838384 0.2107843137254902 0.6464646464646465 0.2238562091503268 0.6565656565656566 0.22712418300653595 0.6666666666666666 0.23202614379084968 0.6727272727272727 0.23529411764705882 0.6727272727272727 0.24183006535947713 0.6666666666666666 0.24019607843137256 0.6585858585858586 0.2434640522875817 0.6585858585858586 0.24673202614379086 0.6545454545454545 0.24673202614379086 0.6464646464646465 0.24509803921568626 0.6444444444444445 0.24183006535947713 0.6444444444444445 0.24019607843137256 0.6484848484848484 0.238562091503268 0.6444444444444445 0.23366013071895425 0.6464646464646465 0.22875816993464052 0.6404040404040404 0.22875816993464052 0.6363636363636364 0.23366013071895425 0.6363636363636364 0.238562091503268 0.6323232323232323 0.2434640522875817 0.6343434343434343 0.24673202614379086 0.6282828282828283 0.25326797385620914 0.6323232323232323 0.25163398692810457 0.6484848484848484 0.2565359477124183 0.6545454545454545 0.26143790849673204 0.6505050505050505 0.2647058823529412 0.6525252525252525 0.27124183006535946 0.6505050505050505 0.27124183006535946 0.6545454545454545 0.27450980392156865 0.6585858585858586 0.28431372549019607 0.6606060606060606 0.29248366013071897 0.6545454545454545 0.2957516339869281 0.6484848484848484 0.30392156862745096 0.6484848484848484 0.3137254901960784 0.6444444444444445 0.31699346405228757 0.6383838383838384 0.3235294117647059 0.6404040404040404 0.3333333333333333 0.6484848484848484 0.3382352941176471 0.6484848484848484 0.34477124183006536 0.6424242424242425 0.3480392156862745 0.6444444444444445 0.35294117647058826 0.6383838383838384 0.35784313725490197 0.6383838383838384 0.35947712418300654 0.6343434343434343 0.3709150326797386 0.6363636363636364 0.39215686274509803 0.6303030303030303 0.39869281045751637 0.6202020202020202 0.41013071895424835 0.6202020202020202 0.42483660130718953 0.604040404040404 0.43137254901960786 0.6060606060606061 0.44281045751633985 0.6 0.4477124183006536 0.602020202020202 0.4591503267973856 0.597979797979798 0.477124183006536 0.5858585858585859 0.4950980392156863 0.5676767676767677 0.5 0.5494949494949495 0.5163398692810458 0.5292929292929293 0.5179738562091504 0.5232323232323233 0.5490196078431373 0.48484848484848486 0.553921568627451 0.48484848484848486 0.5604575163398693 0.4808080808080808 0.5669934640522876 0.4727272727272727 0.5898692810457516 0.4707070707070707 0.5947712418300654 0.4666666666666667 0.5980392156862745 0.4585858585858586
3 0.6062091503267973 0.5555555555555556 0.6111111111111112 0.5595959595959596 0.6111111111111112 0.5757575757575758 0.6127450980392157 0.5777777777777777 0.619281045751634 0.5717171717171717 0.619281045751634 0.5676767676767677 0.6290849673202614 0.5555555555555556 0.6323529411764706 0.5555555555555556 0.6356209150326797 0.5595959595959596 0.6372549019607843 0.593939393939394 0.6421568627450981 0.6 0.6486928104575164 0.6 0.6535947712418301 0.593939393939394 0.6748366013071896 0.5797979797979798 0.684640522875817 0.5777777777777777 0.7009803921568627 0.5696969696969697 0.7140522875816994 0.5696969696969697 0.7156862745098039 0.5676767676767677 0.7238562091503268 0.5696969696969697 0.7189542483660131 0.5777777777777777 0.7009803921568627 0.5858585858585859 0.6683006535947712 0.6121212121212121 0.6650326797385621 0.6121212121212121 0.6535947712418301 0.6262626262626263 0.6584967320261438 0.6383838383838384 0.684640522875817 0.6707070707070707 0.7140522875816994 0.696969696969697 0.7271241830065359 0.705050505050505 0.7401960784313726 0.7191919191919192 0.7450980392156863 0.7212121212121212 0.7549019607843137 0.7333333333333333 0.7532679738562091 0.7373737373737373 0.7565359477124183 0.7393939393939394 0.7581699346405228 0.7515151515151515 0.7516339869281046 0.7535353535353535 0.7418300653594772 0.7474747474747475 0.738562091503268 0.7414141414141414 0.7075163398692811 0.7313131313131314 0.7009803921568627 0.7252525252525253 0.673202614379085 0.7272727272727273 0.6699346405228758 0.7171717171717171 0.6617647058823529 0.7151515151515152 0.6535947712418301 0.703030303030303 0.6421568627450981 0.6989898989898989 0.6356209150326797 0.6909090909090909 0.6323529411764706 0.6989898989898989 0.6290849673202614 0.6989898989898989 0.6241830065359477 0.7070707070707071 0.6274509803921569 0.7111111111111111 0.6356209150326797 0.7131313131313132 0.6372549019607843 0.7151515151515152 0.6356209150326797 0.7212121212121212 0.6421568627450981 0.7292929292929293 0.6535947712418301 0.7313131313131314 0.6552287581699346 0.7434343434343434 0.6584967320261438 0.7474747474747475 0.6633986928104575 0.7474747474747475 0.6683006535947712 0.7515151515151515 0.673202614379085 0.7434343434343434 0.6715686274509803 0.7515151515151515 0.6764705882352942 0.7616161616161616 0.6715686274509803 0.7636363636363637 0.6683006535947712 0.7696969696969697 0.6519607843137255 0.7636363636363637 0.6372549019607843 0.7616161616161616 0.6111111111111112 0.7454545454545455 0.5833333333333334 0.7333333333333333 0.5735294117647058 0.7252525252525253 0.5800653594771242 0.7272727272727273 0.5849673202614379 0.7252525252525253 0.5882352941176471 0.7212121212121212 0.5849673202614379 0.7151515151515152 0.5669934640522876 0.7111111111111111 0.5637254901960784 0.7171717171717171 0.5686274509803921 0.7191919191919192 0.5637254901960784 0.7191919191919192 0.5620915032679739 0.7131313131313132 0.5506535947712419 0.7090909090909091 0.553921568627451 0.703030303030303 0.5555555555555556 0.705050505050505 0.5604575163398693 0.6989898989898989 0.565359477124183 0.696969696969697 0.5669934640522876 0.6909090909090909 0.5718954248366013 0.6888888888888889 0.5735294117647058 0.6848484848484848 0.576797385620915 0.6868686868686869 0.5816993464052288 0.6828282828282828 0.5833333333333334 0.6767676767676768 0.5866013071895425 0.6767676767676768 0.5915032679738562 0.6828282828282828 0.5980392156862745 0.6828282828282828 0.5996732026143791 0.6808080808080809 0.5947712418300654 0.6767676767676768 0.5964052287581699 0.6747474747474748 0.6111111111111112 0.6727272727272727 0.6176470588235294 0.6686868686868687 0.6160130718954249 0.6585858585858586 0.619281045751634 0.6525252525252525 0.619281045751634 0.6464646464646465 0.6111111111111112 0.6363636363636364 0.6045751633986928 0.6424242424242425 0.5964052287581699 0.6404040404040404 0.6029411764705882 0.6303030303030303 0.6029411764705882 0.6222222222222222 0.5882352941176471 0.604040404040404 0.5866013071895425 0.5959595959595959 0.5898692810457516 0.5858585858585859 0.5882352941176471 0.5737373737373738 0.5931372549019608 0.5717171717171717 0.6013071895424836 0.5575757575757576 0.6045751633986928 0.5575757575757576