3 0.0196078431372549 0.6299019607843137 0.03594771241830065 0.6372549019607843 0.042483660130718956 0.6470588235294118 0.0457516339869281 0.6421568627450981 0.05718954248366013 0.6446078431372549 0.06209150326797386 0.6544117647058824 0.06372549019607843 0.6642156862745098 0.058823529411764705 0.6715686274509803 0.06045751633986928 0.6764705882352942 0.058823529411764705 0.6813725490196079 0.06699346405228758 0.6985294117647058 0.09477124183006536 0.7328431372549019 0.11274509803921569 0.7450980392156863 0.119281045751634 0.7524509803921569 0.12745098039215685 0.7549019607843137 0.13725490196078433 0.7622549019607843 0.14215686274509803 0.7696078431372549 0.1503267973856209 0.7745098039215687 0.1503267973856209 0.7794117647058824 0.14215686274509803 0.7990196078431373 0.15359477124183007 0.803921568627451 0.16176470588235295 0.8186274509803921 0.16830065359477125 0.8235294117647058 0.1715686274509804 0.8357843137254902 0.16993464052287582 0.8480392156862745 0.1568627450980392 0.8676470588235294 0.14869281045751634 0.8725490196078431 0.13562091503267973 0.8897058823529411 0.12091503267973856 0.9019607843137255 0.11274509803921569 0.9166666666666666 0.09477124183006536 0.9313725490196079 0.0915032679738562 0.9387254901960784 0.07679738562091504 0.9485294117647058 0.06209150326797386 0.9436274509803921 0.06045751633986928 0.9411764705882353 0.06372549019607843 0.9313725490196079 0.06045751633986928 0.9264705882352942 0.06699346405228758 0.9264705882352942 0.07026143790849673 0.9166666666666666 0.07352941176470588 0.9191176470588235 0.0718954248366013 0.9240196078431373 0.07352941176470588 0.9313725490196079 0.07679738562091504 0.9313725490196079 0.08333333333333333 0.9240196078431373 0.08333333333333333 0.9191176470588235 0.0784313725490196 0.9166666666666666 0.07679738562091504 0.9093137254901961 0.07352941176470588 0.9068627450980392 0.07679738562091504 0.8995098039215687 0.08333333333333333 0.8970588235294118 0.08169934640522876 0.8897058823529411 0.07516339869281045 0.8872549019607843 0.07679738562091504 0.8848039215686274 0.08660130718954248 0.8799019607843137 0.0915032679738562 0.8848039215686274 0.09313725490196079 0.8921568627450981 0.10130718954248366 0.8921568627450981 0.10457516339869281 0.8848039215686274 0.11274509803921569 0.8848039215686274 0.119281045751634 0.8725490196078431 0.12581699346405228 0.8676470588235294 0.13398692810457516 0.8651960784313726 0.1388888888888889 0.8602941176470589 0.14215686274509803 0.8627450980392157 0.1503267973856209 0.8602941176470589 0.15196078431372548 0.8553921568627451 0.1503267973856209 0.8480392156862745 0.14052287581699346 0.8357843137254902 0.14215686274509803 0.8284313725490197 0.1323529411764706 0.8137254901960784 0.12091503267973856 0.8112745098039216 0.11437908496732026 0.8063725490196079 0.11274509803921569 0.7965686274509803 0.10130718954248366 0.8014705882352942 0.09967320261437909 0.8063725490196079 0.0915032679738562 0.8063725490196079 0.08006535947712418 0.8112745098039216 0.06862745098039216 0.8112745098039216 0.06699346405228758 0.8137254901960784 0.058823529411764705 0.8137254901960784 0.05718954248366013 0.8112745098039216 0.05228758169934641 0.8137254901960784 0.05065359477124183 0.8112745098039216 0.05228758169934641 0.803921568627451 0.05228758169934641 0.7720588235294118 0.05392156862745098 0.7696078431372549 0.05392156862745098 0.7524509803921569 0.05228758169934641 0.75 0.05392156862745098 0.7450980392156863 0.05392156862745098 0.7279411764705882 0.058823529411764705 0.7230392156862745 0.058823529411764705 0.7181372549019608 0.05228758169934641 0.7156862745098039 0.05392156862745098 0.7083333333333334 0.049019607843137254 0.7009803921568627 0.04411764705882353 0.6838235294117647 0.03758169934640523 0.6715686274509803 0.017973856209150325 0.6470588235294118 0.02287581699346405 0.6421568627450981 0.027777777777777776 0.6421568627450981 0.029411764705882353 0.6372549019607843 0.02287581699346405 0.6299019607843137 0.0196078431372549 0.6323529411764706 0.021241830065359478 0.6372549019607843 0.017973856209150325 0.6323529411764706
3 0.14705882352941177 0.8014705882352942 0.1568627450980392 0.8088235294117647 0.1715686274509804 0.8284313725490197 0.17320261437908496 0.8357843137254902 0.1715686274509804 0.8480392156862745 0.15849673202614378 0.8676470588235294 0.14215686274509803 0.8799019607843137 0.1111111111111111 0.9191176470588235 0.10130718954248366 0.9264705882352942 0.08333333333333333 0.946078431372549 0.0784313725490196 0.946078431372549 0.08169934640522876 0.9338235294117647 0.10130718954248366 0.9117647058823529 0.11764705882352941 0.8848039215686274 0.12254901960784313 0.8799019607843137 0.12581699346405228 0.8799019607843137 0.13725490196078433 0.8651960784313726 0.1503267973856209 0.8627450980392157 0.15359477124183007 0.8578431372549019 0.15849673202614378 0.8455882352941176 0.15522875816993464 0.8308823529411765 0.14215686274509803 0.8161764705882353 0.12418300653594772 0.8063725490196079 0.13071895424836602 0.8014705882352942 0.1454248366013072 0.8014705882352942
3 0.4673202614379085 0.7475490196078431 0.4738562091503268 0.7573529411764706 0.47549019607843135 0.7696078431372549 0.4803921568627451 0.7794117647058824 0.4803921568627451 0.7916666666666666 0.4820261437908497 0.7941176470588235 0.4803921568627451 0.8553921568627451 0.4722222222222222 0.8676470588235294 0.46405228758169936 0.8897058823529411 0.4624183006535948 0.9362745098039216 0.4542483660130719 0.9583333333333334 0.44607843137254904 0.9681372549019608 0.44281045751633985 0.9828431372549019 0.434640522875817 0.9926470588235294 0.41830065359477125 0.9926470588235294 0.4166666666666667 0.9828431372549019 0.4215686274509804 0.9656862745098039 0.43137254901960786 0.9534313725490197 0.4411764705882353 0.928921568627451 0.4444444444444444 0.8897058823529411 0.4542483660130719 0.8725490196078431 0.45751633986928103 0.8504901960784313 0.4673202614379085 0.8235294117647058 0.46568627450980393 0.7867647058823529 0.4624183006535948 0.7745098039215687 0.4624183006535948 0.7647058823529411 0.45751633986928103 0.7524509803921569 0.4591503267973856 0.7450980392156863 0.46568627450980393 0.7475490196078431
3 0 0.6323529411764706 0.017973856209150325 0.6446078431372549 0.032679738562091505 0.6593137254901961 0.04738562091503268 0.6862745098039216 0.05392156862745098 0.7132352941176471 0.05392156862745098 0.7230392156862745 0.05555555555555555 0.7254901960784313 0.05555555555555555 0.7573529411764706 0.05392156862745098 0.7598039215686274 0.05392156862745098 0.8627450980392157 0.05718954248366013 0.8823529411764706 0.05555555555555555 0.8872549019607843 0.05718954248366013 0.946078431372549 0.06372549019607843 0.9705882352941176 0.06372549019607843 0.9877450980392157 0.06045751633986928 0.9926470588235294 0.0457516339869281 0.9926470588235294 0.04411764705882353 0.9950980392156863 0.0032679738562091504 0.9950980392156863 0 0.9926470588235294 0 0.9632352941176471 0.0016339869281045752 0.9607843137254902 0 0.9534313725490197 0.0016339869281045752 0.9509803921568627 0 0.9436274509803921 0 0.9313725490196079 0.0016339869281045752 0.928921568627451 0 0.9240196078431373 0.0016339869281045752 0.9142156862745098 0 0.9117647058823529 0 0.8970588235294118 0.004901960784313725 0.8725490196078431 0.0032679738562091504 0.8455882352941176 0.006535947712418301 0.8406862745098039 0.006535947712418301 0.8333333333333334 0.014705882352941176 0.8137254901960784 0.013071895424836602 0.7965686274509803 0.024509803921568627 0.7328431372549019 0.024509803921568627 0.696078431372549 0.021241830065359478 0.6813725490196079 0.016339869281045753 0.6691176470588235 0 0.6495098039215687 0 0.6348039215686274
3 0.05718954248366013 0.7083333333333334 0.06209150326797386 0.7156862745098039 0.06209150326797386 0.7279411764705882 0.0784313725490196 0.7549019607843137 0.0915032679738562 0.7892156862745098 0.08986928104575163 0.7990196078431373 0.0784313725490196 0.8063725490196079 0.06045751633986928 0.8063725490196079 0.058823529411764705 0.803921568627451 0.05718954248366013 0.7990196078431373 0.05718954248366013 0.7794117647058824 0.058823529411764705 0.7769607843137255 0.05718954248366013 0.7475490196078431 0.058823529411764705 0.7450980392156863 0.06045751633986928 0.7181372549019608 0.05718954248366013 0.7156862745098039 0.05718954248366013 0.7107843137254902
3 0.05718954248366013 0.6421568627450981 0.06372549019607843 0.6495098039215687 0.06535947712418301 0.6568627450980392 0.06535947712418301 0.6666666666666666 0.05718954248366013 0.6740196078431373 0.05718954248366013 0.6813725490196079 0.06372549019607843 0.6887254901960784 0.06372549019607843 0.6936274509803921 0.08660130718954248 0.7181372549019608 0.09640522875816994 0.7328431372549019 0.11764705882352941 0.7475490196078431 0.12091503267973856 0.7524509803921569 0.13071895424836602 0.7549019607843137 0.14705882352941177 0.7696078431372549 0.15196078431372548 0.7794117647058824 0.14869281045751634 0.7843137254901961 0.1454248366013072 0.7990196078431373 0.14705882352941177 0.8014705882352942 0.15359477124183007 0.8014705882352942 0.15849673202614378 0.8137254901960784 0.16830065359477125 0.8235294117647058 0.1715686274509804 0.8357843137254902 0.16993464052287582 0.8480392156862745 0.1568627450980392 0.8676470588235294 0.14705882352941177 0.875 0.13398692810457516 0.8921568627450981 0.12418300653594772 0.8995098039215687 0.10620915032679738 0.9240196078431373 0.10294117647058823 0.9240196078431373 0.0915032679738562 0.9387254901960784 0.0784313725490196 0.9485294117647058 0.06699346405228758 0.946078431372549 0.06372549019607843 0.928921568627451 0.06862745098039216 0.9264705882352942 0.07026143790849673 0.9215686274509803 0.07026143790849673 0.928921568627451 0.07516339869281045 0.9338235294117647 0.08169934640522876 0.9240196078431373 0.08006535947712418 0.9166666666666666 0.08496732026143791 0.9068627450980392 0.08333333333333333 0.8995098039215687 0.08496732026143791 0.8946078431372549 0.0784313725490196 0.8872549019607843 0.08006535947712418 0.8848039215686274 0.08496732026143791 0.8799019607843137 0.08986928104575163 0.8848039215686274 0.0915032679738562 0.8921568627450981 0.09967320261437909 0.8921568627450981 0.10457516339869281 0.8848039215686274 0.11274509803921569 0.8848039215686274 0.119281045751634 0.8725490196078431 0.12908496732026145 0.8651960784313726 0.1323529411764706 0.8651960784313726 0.13725490196078433 0.8602941176470589 0.1503267973856209 0.8602941176470589 0.15196078431372548 0.8553921568627451 0.14705882352941177 0.8431372549019608 0.14052287581699346 0.8382352941176471 0.1388888888888889 0.8333333333333334 0.14052287581699346 0.8284313725490197 0.13725490196078433 0.821078431372549 0.13398692810457516 0.821078431372549 0.12908496732026145 0.8112745098039216 0.119281045751634 0.8112745098039216 0.1111111111111111 0.7990196078431373 0.10294117647058823 0.8014705882352942 0.09967320261437909 0.8063725490196079 0.0915032679738562 0.8063725490196079 0.08169934640522876 0.8112745098039216 0.06535947712418301 0.8112745098039216 0.06372549019607843 0.8137254901960784 0.058823529411764705 0.8112745098039216 0.058823529411764705 0.8014705882352942 0.05718954248366013 0.7990196078431373 0.05718954248366013 0.7401960784313726 0.06045751633986928 0.7205882352941176 0.05718954248366013 0.7156862745098039 0.05555555555555555 0.7034313725490197 0.049019607843137254 0.6887254901960784 0.049019607843137254 0.678921568627451 0.0392156862745098 0.6691176470588235 0.03431372549019608 0.6593137254901961 0.03594771241830065 0.6519607843137255 0.042483660130718956 0.6568627450980392 0.04738562091503268 0.6421568627450981 0.05555555555555555 0.6421568627450981
3 0.0784313725490196 0.6274509803921569 0.08660130718954248 0.6323529411764706 0.10294117647058823 0.6348039215686274 0.10784313725490197 0.6397058823529411 0.12254901960784313 0.6397058823529411 0.13562091503267973 0.6495098039215687 0.14215686274509803 0.6495098039215687 0.14869281045751634 0.6568627450980392 0.16013071895424835 0.6593137254901961 0.1781045751633987 0.6691176470588235 0.184640522875817 0.6691176470588235 0.19444444444444445 0.6764705882352942 0.20588235294117646 0.678921568627451 0.21895424836601307 0.6887254901960784 0.23202614379084968 0.6887254901960784 0.24183006535947713 0.696078431372549 0.25 0.696078431372549 0.2647058823529412 0.7083333333333334 0.2679738562091503 0.7034313725490197 0.27450980392156865 0.7034313725490197 0.28594771241830064 0.7107843137254902 0.3022875816993464 0.7107843137254902 0.32516339869281047 0.7279411764705882 0.3284313725490196 0.7328431372549019 0.3284313725490196 0.7401960784313726 0.3333333333333333 0.7450980392156863 0.3333333333333333 0.7475490196078431 0.31862745098039214 0.75 0.31699346405228757 0.7524509803921569 0.29901960784313725 0.7524509803921569 0.2973856209150327 0.7450980392156863 0.2908496732026144 0.7377450980392157 0.28431372549019607 0.7377450980392157 0.2761437908496732 0.7303921568627451 0.272875816993464 0.7303921568627451 0.2696078431372549 0.7254901960784313 0.2565359477124183 0.7205882352941176 0.24019607843137256 0.7083333333333334 0.22875816993464052 0.7034313725490197 0.22549019607843138 0.6985294117647058 0.21241830065359477 0.696078431372549 0.20588235294117646 0.6887254901960784 0.19607843137254902 0.6862745098039216 0.1895424836601307 0.678921568627451 0.18137254901960784 0.678921568627451 0.16013071895424835 0.6642156862745098 0.14705882352941177 0.6593137254901961 0.13725490196078433 0.6593137254901961 0.13398692810457516 0.6544117647058824 0.119281045751634 0.6470588235294118 0.1111111111111111 0.6470588235294118 0.10294117647058823 0.6397058823529411 0.09640522875816994 0.6397058823529411 0.08496732026143791 0.6323529411764706 0.07679738562091504 0.6323529411764706 0.07352941176470588 0.6299019607843137 0.07679738562091504 0.6274509803921569
3 0.5277777777777778 0.7328431372549019 0.5359477124183006 0.7352941176470589 0.5620915032679739 0.7647058823529411 0.5669934640522876 0.7818627450980392 0.5882352941176471 0.8308823529411765 0.5898692810457516 0.8406862745098039 0.5882352941176471 0.8602941176470589 0.5915032679738562 0.8676470588235294 0.5915032679738562 0.875 0.5947712418300654 0.8848039215686274 0.5947712418300654 0.9411764705882353 0.5964052287581699 0.9436274509803921 0.5964052287581699 0.9852941176470589 0.5947712418300654 0.9926470588235294 0.5816993464052288 0.9975490196078431 0.5718954248366013 0.9975490196078431 0.5735294117647058 0.9705882352941176 0.576797385620915 0.9607843137254902 0.576797385620915 0.9509803921568627 0.5800653594771242 0.9436274509803921 0.5800653594771242 0.9166666666666666 0.5718954248366013 0.8823529411764706 0.5735294117647058 0.875 0.5718954248366013 0.8553921568627451 0.5751633986928104 0.8480392156862745 0.5571895424836601 0.7990196078431373 0.5571895424836601 0.7794117647058824 0.5408496732026143 0.7549019607843137 0.5277777777777778 0.7401960784313726 0.5277777777777778 0.7352941176470589
3 0.4918300653594771 0.7352941176470589 0.49836601307189543 0.7328431372549019 0.5065359477124183 0.7377450980392157 0.5130718954248366 0.7475490196078431 0.5163398692810458 0.7573529411764706 0.5343137254901961 0.7843137254901961 0.5359477124183006 0.7990196078431373 0.5326797385620915 0.803921568627451 0.5326797385620915 0.8186274509803921 0.5408496732026143 0.8357843137254902 0.5408496732026143 0.8480392156862745 0.5326797385620915 0.8700980392156863 0.5343137254901961 0.8725490196078431 0.5343137254901961 0.8872549019607843 0.5375816993464052 0.9019607843137255 0.5359477124183006 0.9117647058823529 0.5326797385620915 0.9166666666666666 0.5310457516339869 0.9264705882352942 0.5326797385620915 0.9313725490196079 0.5294117647058824 0.9362745098039216 0.5261437908496732 0.9485294117647058 0.5196078431372549 0.9583333333333334 0.5179738562091504 0.9656862745098039 0.5196078431372549 0.9730392156862745 0.5179738562091504 0.9754901960784313 0.5147058823529411 0.9730392156862745 0.5098039215686274 0.9754901960784313 0.511437908496732 0.9828431372549019 0.5179738562091504 0.9828431372549019 0.5179738562091504 0.9901960784313726 0.5147058823529411 0.9901960784313726 0.511437908496732 0.9852941176470589 0.5049019607843137 0.9950980392156863 0.4934640522875817 0.9950980392156863 0.4918300653594771 0.9901960784313726 0.4934640522875817 0.9877450980392157 0.4950980392156863 0.9632352941176471 0.5016339869281046 0.9534313725490197 0.5032679738562091 0.928921568627451 0.5130718954248366 0.9117647058823529 0.511437908496732 0.8676470588235294 0.5179738562091504 0.8480392156862745 0.5179738562091504 0.8382352941176471 0.5130718954248366 0.821078431372549 0.5163398692810458 0.7892156862745098 0.5147058823529411 0.7818627450980392 0.5049019607843137 0.7647058823529411 0.5016339869281046 0.75 0.4934640522875817 0.7377450980392157
3 0.042483660130718956 0.5686274509803921 0.04411764705882353 0.571078431372549 0.049019607843137254 0.5686274509803921 0.05065359477124183 0.5759803921568627 0.03758169934640523 0.5784313725490197 0.02287581699346405 0.5857843137254902 0.004901960784313725 0.5857843137254902 0.0032679738562091504 0.5882352941176471 0 0.5882352941176471 0 0.5759803921568627 0.0196078431372549 0.5735294117647058 0.021241830065359478 0.571078431372549 0.03758169934640523 0.571078431372549 0.04084967320261438 0.5686274509803921
3 0.06535947712418301 0.6274509803921569 0.06699346405228758 0.6299019607843137 0.07679738562091504 0.6274509803921569 0.09803921568627451 0.6372549019607843 0.119281045751634 0.6421568627450981 0.13398692810457516 0.6519607843137255 0.17973856209150327 0.6691176470588235 0.1895424836601307 0.6764705882352942 0.20261437908496732 0.678921568627451 0.21895424836601307 0.6911764705882353 0.23366013071895425 0.6936274509803921 0.24019607843137256 0.6985294117647058 0.24509803921568626 0.6985294117647058 0.25163398692810457 0.7058823529411765 0.2581699346405229 0.7058823529411765 0.27941176470588236 0.7181372549019608 0.29901960784313725 0.7254901960784313 0.3055555555555556 0.7328431372549019 0.3104575163398693 0.7328431372549019 0.32679738562091504 0.7450980392156863 0.32679738562091504 0.7475490196078431 0.3137254901960784 0.7524509803921569 0.3055555555555556 0.7524509803921569 0.30392156862745096 0.7549019607843137 0.2957516339869281 0.7549019607843137 0.29411764705882354 0.7573529411764706 0.2826797385620915 0.7573529411764706 0.28104575163398693 0.7598039215686274 0.2581699346405229 0.7598039215686274 0.25980392156862747 0.7573529411764706 0.25326797385620914 0.7450980392156863 0.24673202614379086 0.7426470588235294 0.238562091503268 0.7328431372549019 0.23366013071895425 0.7328431372549019 0.2222222222222222 0.7254901960784313 0.20588235294117646 0.7034313725490197 0.19444444444444445 0.7009803921568627 0.19117647058823528 0.696078431372549 0.18627450980392157 0.696078431372549 0.17483660130718953 0.6862745098039216 0.16666666666666666 0.6838235294117647 0.15359477124183007 0.6740196078431373 0.14705882352941177 0.6764705882352942 0.1454248366013072 0.6740196078431373 0.1388888888888889 0.6740196078431373 0.13398692810457516 0.6715686274509803 0.12908496732026145 0.6642156862745098 0.12254901960784313 0.6642156862745098 0.11764705882352941 0.6593137254901961 0.10457516339869281 0.6568627450980392 0.09967320261437909 0.6519607843137255 0.09477124183006536 0.6519607843137255 0.08823529411764706 0.6470588235294118 0.08006535947712418 0.6470588235294118 0.07352941176470588 0.6421568627450981 0.07026143790849673 0.6446078431372549 0.05718954248366013 0.6348039215686274 0.058823529411764705 0.6299019607843137 0.06372549019607843 0.6274509803921569