3 0.5032679738562091 0.4335511982570806 0.565359477124183 0.477124183006536 0.5996732026143791 0.5076252723311547 0.6388888888888888 0.5359477124183006 0.6437908496732027 0.5424836601307189 0.684640522875817 0.5729847494553377 0.738562091503268 0.6187363834422658 0.7467320261437909 0.6230936819172114 0.7728758169934641 0.6470588235294118 0.8055555555555556 0.673202614379085 0.8169934640522876 0.6797385620915033 0.8627450980392157 0.7211328976034859 0.9003267973856209 0.7494553376906318 0.9133986928104575 0.7625272331154684 0.9362745098039216 0.7799564270152506 0.9411764705882353 0.7864923747276689 0.9526143790849673 0.7930283224400871 0.9624183006535948 0.803921568627451 0.9705882352941176 0.8082788671023965 0.9934640522875817 0.8278867102396514 0.9983660130718954 0.8344226579520697 0.9983660130718954 0.8976034858387799 0.9967320261437909 0.9019607843137255 0.9934640522875817 0.906318082788671 0.9901960784313726 0.9019607843137255 0.988562091503268 0.8888888888888888 0.9787581699346405 0.8779956427015251 0.9656862745098039 0.8671023965141612 0.9509803921568627 0.8496732026143791 0.934640522875817 0.8366013071895425 0.9281045751633987 0.8278867102396514 0.923202614379085 0.8257080610021786 0.8905228758169934 0.7908496732026143 0.8823529411764706 0.7864923747276689 0.8758169934640523 0.7777777777777778 0.8545751633986928 0.7603485838779956 0.8447712418300654 0.7472766884531591 0.8137254901960784 0.7211328976034859 0.8055555555555556 0.710239651416122 0.7565359477124183 0.6666666666666666 0.738562091503268 0.6535947712418301 0.7320261437908496 0.644880174291939 0.6862745098039216 0.6013071895424836 0.6584967320261438 0.579520697167756 0.6241830065359477 0.5446623093681917 0.6111111111111112 0.5359477124183006 0.5735294117647058 0.4989106753812636 0.5637254901960784 0.4923747276688453 0.5490196078431373 0.4749455337690632 0.5016339869281046 0.4357298474945534
3 0.49019607843137253 0.43790849673202614 0.5049019607843137 0.4749455337690632 0.5130718954248366 0.5119825708061002 0.5163398692810458 0.5185185185185185 0.5212418300653595 0.5446623093681917 0.5326797385620915 0.5904139433551199 0.5375816993464052 0.6013071895424836 0.5375816993464052 0.6078431372549019 0.545751633986928 0.6405228758169934 0.5490196078431373 0.6470588235294118 0.5588235294117647 0.6949891067538126 0.5669934640522876 0.7167755991285403 0.5718954248366013 0.7450980392156863 0.5964052287581699 0.8366013071895425 0.5980392156862745 0.8518518518518519 0.6160130718954249 0.9237472766884531 0.6225490196078431 0.9411764705882353 0.630718954248366 0.9825708061002179 0.6339869281045751 0.9891067538126361 0.6323529411764706 0.9956427015250545 0.5980392156862745 0.9956427015250545 0.5964052287581699 0.9978213507625272 0.5915032679738562 0.9956427015250545 0.5882352941176471 0.9978213507625272 0.5784313725490197 0.9978213507625272 0.576797385620915 0.9956427015250545 0.5735294117647058 0.9978213507625272 0.5604575163398693 0.9934640522875817 0.5571895424836601 0.9586056644880174 0.5522875816993464 0.9324618736383442 0.5424836601307189 0.8278867102396514 0.5408496732026143 0.8257080610021786 0.5375816993464052 0.7886710239651417 0.5326797385620915 0.7625272331154684 0.5294117647058824 0.7211328976034859 0.5261437908496732 0.710239651416122 0.5228758169934641 0.664488017429194 0.5163398692810458 0.6252723311546841 0.5147058823529411 0.5969498910675382 0.511437908496732 0.5838779956427015 0.5049019607843137 0.5272331154684096 0.5016339869281046 0.5163398692810458 0.4950980392156863 0.4596949891067538 0.49019607843137253 0.4466230936819172 0.49019607843137253 0.4400871459694989
2 0.7222222222222222 0.5250544662309368 0.7287581699346405 0.5272331154684096 0.7303921568627451 0.5315904139433552 0.7075163398692811 0.5315904139433552 0.7058823529411765 0.5294117647058824 0.7075163398692811 0.5272331154684096 0.7205882352941176 0.5250544662309368
2 0.6160130718954249 0.49455337690631807 0.619281045751634 0.5010893246187363 0.6176470588235294 0.5032679738562091 0.6062091503267973 0.5032679738562091 0.6045751633986928 0.5010893246187363 0.6062091503267973 0.49673202614379086 0.6143790849673203 0.49455337690631807
2 0.6323529411764706 0.5032679738562091 0.6339869281045751 0.5054466230936819 0.6323529411764706 0.5098039215686274 0.6225490196078431 0.5098039215686274 0.6209150326797386 0.5076252723311547 0.6225490196078431 0.5032679738562091 0.630718954248366 0.5032679738562091
2 0.7826797385620915 0.5969498910675382 0.7941176470588235 0.6013071895424836 0.8022875816993464 0.6100217864923747 0.8022875816993464 0.6143790849673203 0.7663398692810458 0.6143790849673203 0.7679738562091504 0.6078431372549019 0.7728758169934641 0.6013071895424836 0.7810457516339869 0.5969498910675382
2 0.9673202614379085 0.5468409586056645 0.9754901960784313 0.5424836601307189 0.988562091503268 0.5446623093681917 0.9901960784313726 0.5490196078431373 0.9869281045751634 0.55119825708061 0.9722222222222222 0.55119825708061 0.9689542483660131 0.5490196078431373
2 0.4387254901960784 0.528322440087146 0.014705882352941176 0.0196078431372549
2 0.6699346405228758 0.5054466230936819 0.673202614379085 0.5076252723311547 0.6650326797385621 0.5119825708061002 0.6535947712418301 0.5119825708061002 0.6503267973856209 0.5076252723311547 0.6535947712418301 0.5032679738562091 0.6601307189542484 0.5010893246187363 0.6683006535947712 0.5054466230936819
2 0.6568627450980392 0.5359477124183006 0.6650326797385621 0.5337690631808278 0.6715686274509803 0.5359477124183006 0.6781045751633987 0.5424836601307189 0.673202614379085 0.5446623093681917 0.6601307189542484 0.5424836601307189 0.6568627450980392 0.5381263616557734
2 0.4264705882352941 0.5424836601307189 0.42810457516339867 0.5468409586056645 0.42483660130718953 0.55119825708061 0.41830065359477125 0.5490196078431373 0.4199346405228758 0.5424836601307189 0.42483660130718953 0.5424836601307189
2 0.9379084967320261 0.6187363834422658 0.9395424836601307 0.6209150326797386 0.946078431372549 0.6209150326797386 0.9509803921568627 0.6252723311546841 0.9771241830065359 0.6318082788671024 0.9803921568627451 0.6339869281045751 0.9787581699346405 0.6383442265795207 0.9722222222222222 0.6361655773420479 0.9558823529411765 0.6361655773420479 0.954248366013072 0.6383442265795207 0.9313725490196079 0.6361655773420479 0.9166666666666666 0.6274509803921569 0.9150326797385621 0.6230936819172114 0.9215686274509803 0.6187363834422658 0.9362745098039216 0.6187363834422658
2 0.3790849673202614 0.6427015250544662 0.380718954248366 0.644880174291939 0.3790849673202614 0.6579520697167756 0.3758169934640523 0.6623093681917211 0.3660130718954248 0.6666666666666666 0.3611111111111111 0.664488017429194 0.36437908496732024 0.6514161220043573 0.369281045751634 0.644880174291939 0.37745098039215685 0.6427015250544662
2 0.25326797385620914 0.8823529411764706 0.2565359477124183 0.8932461873638344 0.2549019607843137 0.906318082788671 0.2369281045751634 0.9389978213507625 0.23366013071895425 0.9564270152505446 0.22875816993464052 0.9694989106753813 0.2238562091503268 0.9760348583877996 0.20915032679738563 0.9869281045751634 0.20098039215686275 0.9847494553376906 0.20098039215686275 0.9694989106753813 0.20915032679738563 0.9498910675381264 0.21568627450980393 0.9237472766884531 0.24673202614379086 0.8823529411764706 0.25163398692810457 0.8823529411764706
2 0.42320261437908496 0.5577342047930284 0.42483660130718953 0.5642701525054467 0.40522875816993464 0.5860566448801743 0.40032679738562094 0.5860566448801743 0.40032679738562094 0.5773420479302832 0.4068627450980392 0.5708061002178649 0.41013071895424835 0.5620915032679739 0.4166666666666667 0.5577342047930284 0.4215686274509804 0.5577342047930284
2 0.4068627450980392 0.5969498910675382 0.4084967320261438 0.6034858387799564 0.4019607843137255 0.6122004357298475 0.39705882352941174 0.6122004357298475 0.39215686274509803 0.6056644880174292 0.39705882352941174 0.5969498910675382 0.40522875816993464 0.5969498910675382
2 0.3790849673202614 0.5773420479302832 0.3888888888888889 0.5751633986928104 0.39215686274509803 0.579520697167756 0.39052287581699346 0.5882352941176471 0.38562091503267976 0.5925925925925926 0.3790849673202614 0.5904139433551199 0.37745098039215685 0.5860566448801743 0.3790849673202614 0.579520697167756
2 0.42320261437908496 0.5577342047930284 0.42483660130718953 0.5642701525054467 0.4133986928104575 0.5708061002178649 0.4084967320261438 0.5664488017429193 0.41013071895424835 0.5620915032679739 0.4166666666666667 0.5577342047930284 0.4215686274509804 0.5577342047930284
2 0.7826797385620915 0.5599128540305011 0.8022875816993464 0.5599128540305011 0.8088235294117647 0.5642701525054467 0.815359477124183 0.5642701525054467 0.8202614379084967 0.5686274509803921 0.8202614379084967 0.5708061002178649 0.8120915032679739 0.5708061002178649 0.8104575163398693 0.5686274509803921 0.7859477124183006 0.5708061002178649 0.7826797385620915 0.5620915032679739
2 0.37254901960784315 0.6143790849673203 0.3758169934640523 0.616557734204793 0.3758169934640523 0.6274509803921569 0.37254901960784315 0.6318082788671024 0.36764705882352944 0.6318082788671024 0.3627450980392157 0.6252723311546841 0.36437908496732024 0.6187363834422658 0.3709150326797386 0.6143790849673203
2 0.3349673202614379 0.6928104575163399 0.3366013071895425 0.6993464052287581 0.33169934640522875 0.7167755991285403 0.32679738562091504 0.7233115468409586 0.3202614379084967 0.7254901960784313 0.31699346405228757 0.7254901960784313 0.3137254901960784 0.7211328976034859 0.3137254901960784 0.7058823529411765 0.3202614379084967 0.6971677559912854 0.3300653594771242 0.690631808278867 0.3333333333333333 0.6928104575163399
2 0.7483660130718954 0.5403050108932462 0.7516339869281046 0.5381263616557734 0.7663398692810458 0.5381263616557734 0.7696078431372549 0.5424836601307189 0.7696078431372549 0.5468409586056645 0.7532679738562091 0.5468409586056645 0.7483660130718954 0.5446623093681917 0.7483660130718954 0.5424836601307189
2 0.946078431372549 0.6949891067538126 0.9771241830065359 0.7058823529411765 0.9901960784313726 0.7211328976034859 0.9950980392156863 0.7298474945533769 0.9950980392156863 0.7342047930283224 0.9656862745098039 0.7298474945533769 0.9591503267973857 0.7254901960784313 0.9526143790849673 0.7254901960784313 0.9428104575163399 0.7189542483660131 0.9395424836601307 0.6993464052287581 0.9444444444444444 0.6949891067538126
2 0.6535947712418301 0.5228758169934641 0.6552287581699346 0.5250544662309368 0.6535947712418301 0.5294117647058824 0.6388888888888888 0.5294117647058824 0.6372549019607843 0.5272331154684096 0.6405228758169934 0.5228758169934641 0.6519607843137255 0.5228758169934641
2 0.6993464052287581 0.5119825708061002 0.7026143790849673 0.514161220043573 0.7026143790849673 0.5185185185185185 0.6911764705882353 0.5185185185185185 0.6895424836601307 0.514161220043573 0.6977124183006536 0.5119825708061002
2 0.4526143790849673 0.5054466230936819 0.4591503267973856 0.5054466230936819 0.46078431372549017 0.5098039215686274 0.4591503267973856 0.5163398692810458 0.4526143790849673 0.5163398692810458 0.4526143790849673 0.5076252723311547
2 0.8790849673202614 0.579520697167756 0.8905228758169934 0.5860566448801743 0.8954248366013072 0.5947712418300654 0.8790849673202614 0.5947712418300654 0.8643790849673203 0.5904139433551199 0.8611111111111112 0.5860566448801743 0.8611111111111112 0.5816993464052288 0.8643790849673203 0.5773420479302832 0.8774509803921569 0.579520697167756
2 0.8333333333333334 0.6383442265795207 0.8480392156862745 0.6427015250544662 0.8545751633986928 0.6492374727668845 0.8709150326797386 0.6514161220043573 0.8758169934640523 0.6557734204793029 0.8741830065359477 0.6623093681917211 0.8496732026143791 0.6601307189542484 0.8284313725490197 0.6535947712418301 0.8235294117647058 0.644880174291939 0.8316993464052288 0.6383442265795207
2 0.7058823529411765 0.5490196078431373 0.7124183006535948 0.5533769063180828 0.7140522875816994 0.5599128540305011 0.6944444444444444 0.5599128540305011 0.6911764705882353 0.5577342047930284 0.6928104575163399 0.55119825708061 0.704248366013072 0.5490196078431373
2 0.6225490196078431 0.514161220043573 0.6258169934640523 0.5119825708061002 0.6339869281045751 0.5119825708061002 0.6356209150326797 0.514161220043573 0.6339869281045751 0.5185185185185185 0.6241830065359477 0.5185185185185185 0.6225490196078431 0.5163398692810458
2 0.7238562091503268 0.5708061002178649 0.7434640522875817 0.579520697167756 0.7450980392156863 0.5838779956427015 0.7418300653594772 0.5860566448801743 0.7287581699346405 0.5838779956427015 0.7156862745098039 0.5773420479302832 0.7156862745098039 0.5729847494553377 0.7222222222222222 0.5708061002178649
2 0.6470588235294118 0.4880174291938998 0.6503267973856209 0.49019607843137253 0.6503267973856209 0.49455337690631807 0.6421568627450981 0.49455337690631807 0.6405228758169934 0.49673202614379086 0.6323529411764706 0.4923747276688453 0.6454248366013072 0.4880174291938998
2 0.33169934640522875 0.7625272331154684 0.3366013071895425 0.7712418300653595 0.3349673202614379 0.7821350762527233 0.33169934640522875 0.7843137254901961 0.32516339869281047 0.8017429193899782 0.3137254901960784 0.8126361655773421 0.30392156862745096 0.8126361655773421 0.3022875816993464 0.803921568627451 0.3104575163398693 0.7908496732026143 0.3137254901960784 0.7734204793028322 0.31862745098039214 0.7668845315904139 0.32516339869281047 0.7625272331154684 0.3300653594771242 0.7625272331154684
2 0.8006535947712419 0.5599128540305011 0.8071895424836601 0.5664488017429193 0.8022875816993464 0.5708061002178649 0.7859477124183006 0.5708061002178649 0.7826797385620915 0.5642701525054467 0.7843137254901961 0.5599128540305011 0.7990196078431373 0.5599128540305011