3 0 0.22657952069716775 0.011437908496732025 0.22875816993464052 0.029411764705882353 0.23965141612200436 0.03431372549019608 0.23965141612200436 0.06209150326797386 0.25925925925925924 0.08660130718954248 0.2657952069716776 0.09967320261437909 0.27450980392156865 0.10947712418300654 0.2766884531590414 0.11274509803921569 0.28104575163398693 0.12254901960784313 0.28322440087145967 0.12418300653594772 0.2875816993464052 0.1388888888888889 0.29411764705882354 0.1454248366013072 0.29411764705882354 0.1568627450980392 0.3028322440087146 0.1650326797385621 0.3028322440087146 0.16830065359477125 0.3093681917211329 0.1781045751633987 0.3115468409586057 0.184640522875817 0.3159041394335512 0.19607843137254902 0.3137254901960784 0.19934640522875818 0.3224400871459695 0.20261437908496732 0.3202614379084967 0.21241830065359477 0.32679738562091504 0.21895424836601307 0.32679738562091504 0.2173202614379085 0.3333333333333333 0.21895424836601307 0.3355119825708061 0.23039215686274508 0.3355119825708061 0.23202614379084968 0.3333333333333333 0.23039215686274508 0.3311546840958606 0.23366013071895425 0.3311546840958606 0.238562091503268 0.3355119825708061 0.24019607843137256 0.3420479302832244 0.25163398692810457 0.33986928104575165 0.2549019607843137 0.3442265795206972 0.2581699346405229 0.3442265795206972 0.25326797385620914 0.3464052287581699 0.2549019607843137 0.35076252723311546 0.2647058823529412 0.35294117647058826 0.2679738562091503 0.3572984749455338 0.2777777777777778 0.3572984749455338 0.2826797385620915 0.3638344226579521 0.2908496732026144 0.3638344226579521 0.2957516339869281 0.37037037037037035 0.3006535947712418 0.37037037037037035 0.30718954248366015 0.3769063180827887 0.315359477124183 0.3769063180827887 0.31699346405228757 0.3747276688453159 0.3202614379084967 0.3790849673202614 0.32516339869281047 0.3769063180827887 0.3300653594771242 0.38344226579520696 0.3349673202614379 0.38344226579520696 0.3415032679738562 0.3899782135076253 0.3562091503267974 0.39433551198257083 0.35784313725490197 0.39869281045751637 0.3627450980392157 0.39869281045751637 0.37254901960784315 0.4074074074074074 0.39052287581699346 0.4117647058823529 0.4068627450980392 0.4226579520697168 0.4117647058823529 0.4226579520697168 0.4166666666666667 0.42701525054466233 0.42320261437908496 0.42701525054466233 0.4264705882352941 0.4335511982570806 0.43300653594771243 0.4335511982570806 0.434640522875817 0.4357298474945534 0.44281045751633985 0.4335511982570806 0.4477124183006536 0.43790849673202614 0.4542483660130719 0.43790849673202614 0.45588235294117646 0.4400871459694989 0.4591503267973856 0.43790849673202614 0.46078431372549017 0.4444444444444444 0.46405228758169936 0.44880174291938996 0.4673202614379085 0.44880174291938996 0.46895424836601307 0.4531590413943355 0.47549019607843135 0.4531590413943355 0.49019607843137253 0.46405228758169936 0.5016339869281046 0.46405228758169936 0.5130718954248366 0.4749455337690632 0.5212418300653595 0.4793028322440087 0.5310457516339869 0.4793028322440087 0.5392156862745098 0.485838779956427 0.5702614379084967 0.49673202614379086 0.5735294117647058 0.5032679738562091 0.5816993464052288 0.5076252723311547 0.5980392156862745 0.5119825708061002 0.6029411764705882 0.5163398692810458 0.6160130718954249 0.5206971677559913 0.6176470588235294 0.5185185185185185 0.6258169934640523 0.5185185185185185 0.6356209150326797 0.5294117647058824 0.6437908496732027 0.5359477124183006 0.6519607843137255 0.5381263616557734 0.6584967320261438 0.5446623093681917 0.6633986928104575 0.5446623093681917 0.673202614379085 0.55119825708061 0.6830065359477124 0.5533769063180828 0.6862745098039216 0.5577342047930284 0.696078431372549 0.5599128540305011 0.6993464052287581 0.5642701525054467 0.7091503267973857 0.5664488017429193 0.7173202614379085 0.5729847494553377 0.7369281045751634 0.579520697167756 0.7467320261437909 0.5882352941176471 0.7679738562091504 0.5947712418300654 0.7712418300653595 0.599128540305011 0.7777777777777778 0.6013071895424836 0.7826797385620915 0.6078431372549019 0.7892156862745098 0.6078431372549019 0.803921568627451 0.6187363834422658 0.8333333333333334 0.6252723311546841 0.8578431372549019 0.6361655773420479 0.8627450980392157 0.6427015250544662 0.8676470588235294 0.6427015250544662 0.8872549019607843 0.6535947712418301 0.8937908496732027 0.6514161220043573 0.8986928104575164 0.6557734204793029 0.9052287581699346 0.6557734204793029 0.9133986928104575 0.6623093681917211 0.9183006535947712 0.6623093681917211 0.923202614379085 0.6666666666666666 0.9183006535947712 0.6753812636165577 0.9183006535947712 0.6862745098039216 0.9084967320261438 0.690631808278867 0.9150326797385621 0.7037037037037037 0.9133986928104575 0.7080610021786492 0.9150326797385621 0.7124183006535948 0.9281045751633987 0.7124183006535948 0.934640522875817 0.7167755991285403 0.9428104575163399 0.7167755991285403 0.9509803921568627 0.7254901960784313 0.9575163398692811 0.7276688453159041 0.9624183006535948 0.7342047930283224 0.9738562091503268 0.738562091503268 0.9820261437908496 0.7472766884531591 0.9901960784313726 0.7472766884531591 0.9901960784313726 0.7538126361655774 0.9836601307189542 0.7538126361655774 0.9820261437908496 0.7581699346405228 0.9852941176470589 0.7603485838779956 0.9738562091503268 0.7712418300653595 0.9607843137254902 0.7734204793028322 0.9526143790849673 0.7777777777777778 0.9248366013071896 0.7777777777777778 0.9183006535947712 0.7690631808278867 0.9068627450980392 0.7668845315904139 0.9019607843137255 0.7603485838779956 0.8954248366013072 0.7581699346405228 0.8888888888888888 0.7494553376906318 0.8856209150326797 0.7494553376906318 0.8725490196078431 0.738562091503268 0.8660130718954249 0.738562091503268 0.8594771241830066 0.7298474945533769 0.8513071895424836 0.7298474945533769 0.8464052287581699 0.7254901960784313 0.8431372549019608 0.7276688453159041 0.8316993464052288 0.7276688453159041 0.8055555555555556 0.7080610021786492 0.7973856209150327 0.7080610021786492 0.7826797385620915 0.7015250544662309 0.761437908496732 0.6840958605664488 0.7549019607843137 0.6840958605664488 0.738562091503268 0.6775599128540305 0.7320261437908496 0.673202614379085 0.7238562091503268 0.6601307189542484 0.7173202614379085 0.6557734204793029 0.7124183006535948 0.6557734204793029 0.704248366013072 0.6470588235294118 0.6895424836601307 0.6427015250544662 0.6813725490196079 0.6339869281045751 0.673202614379085 0.6318082788671024 0.6699346405228758 0.6274509803921569 0.6486928104575164 0.6143790849673203 0.6258169934640523 0.6122004357298475 0.6111111111111112 0.6056644880174292 0.6045751633986928 0.599128540305011 0.5996732026143791 0.599128540305011 0.5849673202614379 0.5904139433551199 0.5735294117647058 0.5816993464052288 0.5718954248366013 0.5773420479302832 0.5588235294117647 0.5686274509803921 0.5359477124183006 0.5642701525054467 0.5261437908496732 0.5533769063180828 0.5196078431372549 0.5533769063180828 0.5147058823529411 0.5468409586056645 0.5016339869281046 0.5424836601307189 0.4950980392156863 0.5359477124183006 0.47549019607843135 0.5294117647058824 0.4542483660130719 0.5163398692810458 0.4493464052287582 0.5163398692810458 0.4362745098039216 0.5032679738562091 0.43300653594771243 0.5032679738562091 0.4166666666666667 0.4923747276688453 0.4084967320261438 0.4923747276688453 0.4068627450980392 0.49455337690631807 0.39705882352941174 0.4880174291938998 0.3872549019607843 0.485838779956427 0.3839869281045752 0.48148148148148145 0.37745098039215685 0.4793028322440087 0.3709150326797386 0.47276688453159044 0.35784313725490197 0.4662309368191721 0.3545751633986928 0.46187363834422657 0.35130718954248363 0.46187363834422657 0.3464052287581699 0.4553376906318083 0.32189542483660133 0.4400871459694989 0.3088235294117647 0.43790849673202614 0.28104575163398693 0.41830065359477125 0.2696078431372549 0.41612200435729846 0.26143790849673204 0.4095860566448802 0.2565359477124183 0.4095860566448802 0.25163398692810457 0.40522875816993464 0.24183006535947713 0.40305010893246185 0.238562091503268 0.39869281045751637 0.2238562091503268 0.39433551198257083 0.20751633986928106 0.3812636165577342 0.1977124183006536 0.3790849673202614 0.17647058823529413 0.3638344226579521 0.15522875816993464 0.3572984749455338 0.1503267973856209 0.35294117647058826 0.14215686274509803 0.35076252723311546 0.12908496732026145 0.33986928104575165 0.11437908496732026 0.3355119825708061 0.09967320261437909 0.3224400871459695 0.0784313725490196 0.3093681917211329 0.07352941176470588 0.3093681917211329 0.06372549019607843 0.3006535947712418 0.04411764705882353 0.29411764705882354 0.03104575163398693 0.28322440087145967 0.0196078431372549 0.2788671023965142 0.006535947712418301 0.2679738562091503 0 0.2657952069716776 0 0.22875816993464052
2 0.5588235294117647 0.8417429193899783 0.12906862745098038 0.14143790849673202
2 0.8486111111111111 0.9396732026143791 0.09179738562091504 0.11398692810457517
2 0.6177777777777778 0.4466884531590414 0.06315359477124183 0.06481481481481481
2 0.8681045751633987 0.5115686274509804 0.13080065359477125 0.11832244008714597
2 0.7170424836601307 0.384161220043573 0.06150326797385621 0.07594771241830066
2 0.5425653594771243 0.3626143790849673 0.035277777777777776 0.05464052287581699
2 0.35965686274509806 0.8958605664488017 0.11880718954248365 0.15705882352941178
2 0.286781045751634 0.5963616557734205 0.11601307189542484 0.09729847494553376
2 0.12568627450980394 0.42725490196078436 0.05934640522875817 0.06407407407407407
2 0.057712418300653594 0.7199346405228758 0.05413398692810458 0.13745098039215686
2 0.10859477124183005 0.933115468409586 0.08236928104575163 0.11721132897603485
2 0.023823529411764705 0.9245751633986928 0.04763071895424836 0.1491503267973856
2 0.5997712418300654 0.19684095860566447 0.08431372549019608 0.04444444444444444
2 0.8094281045751635 0.26542483660130717 0.06245098039215686 0.050893246187363836
2 0.8954901960784313 0.3149455337690632 0.04259803921568627 0.041002178649237477
2 0.9380228758169935 0.4002614379084967 0.09496732026143791 0.053660130718954244
2 0.7461928104575164 0.34664488017429196 0.10348039215686274 0.07172113289760348
2 0.6408986928104575 0.30727668845315903 0.11348039215686274 0.0910239651416122