0 0.6284722222222222 0.34375 0.6354166666666666 0.345703125 0.6458333333333334 0.345703125 0.6475694444444444 0.349609375 0.6475694444444444 0.3564453125 0.6302083333333334 0.35546875 0.6284722222222222 0.3447265625
0 0.4322916666666667 0.41015625 0.4427083333333333 0.4140625 0.4461805555555556 0.41796875 0.4461805555555556 0.4248046875 0.4427083333333333 0.42578125 0.4375 0.4248046875 0.4357638888888889 0.421875 0.4253472222222222 0.4169921875 0.4253472222222222 0.41015625 0.4305555555555556 0.41015625
0 0.4496527777777778 0.4013671875 0.4565972222222222 0.40625 0.4565972222222222 0.416015625 0.4496527777777778 0.41796875 0.4461805555555556 0.4150390625 0.4479166666666667 0.40234375
0 0.7152777777777778 0.4033203125 0.7118055555555556 0.3984375 0.7152777777777778 0.38671875 0.7256944444444444 0.3935546875 0.7239583333333334 0.400390625 0.7170138888888888 0.4033203125
0 0.4730902777777778 0.39013671875 0.012152777777777778 0.0107421875
3 0.6440972222222222 0.455078125 0.6475694444444444 0.4599609375 0.640625 0.462890625 0.609375 0.4658203125 0.578125 0.4736328125 0.5590277777777778 0.474609375 0.5434027777777778 0.478515625 0.5 0.4833984375 0.4513888888888889 0.494140625 0.4427083333333333 0.4931640625 0.4236111111111111 0.49609375 0.4079861111111111 0.49609375 0.4027777777777778 0.494140625 0.3958333333333333 0.498046875 0.3732638888888889 0.498046875 0.3663194444444444 0.501953125 0.3298611111111111 0.5048828125 0.3194444444444444 0.5087890625 0.2934027777777778 0.5087890625 0.2829861111111111 0.5126953125 0.265625 0.515625 0.2534722222222222 0.5146484375 0.203125 0.5224609375 0.171875 0.5224609375 0.1909722222222222 0.5185546875 0.203125 0.5185546875 0.20833333333333334 0.515625 0.22743055555555555 0.5146484375 0.2326388888888889 0.51171875 0.2986111111111111 0.5048828125 0.3159722222222222 0.5009765625 0.3315972222222222 0.5009765625 0.3420138888888889 0.498046875 0.3628472222222222 0.4970703125 0.3680555555555556 0.494140625 0.3819444444444444 0.494140625 0.3993055555555556 0.490234375 0.4114583333333333 0.490234375 0.4166666666666667 0.4873046875 0.4600694444444444 0.4833984375 0.4652777777777778 0.48046875 0.484375 0.4765625 0.5260416666666666 0.4736328125 0.5486111111111112 0.46875 0.5572916666666666 0.4697265625 0.578125 0.46484375 0.59375 0.46484375 0.6180555555555556 0.458984375 0.6423611111111112 0.4560546875
3 0.3333333333333333 0.6845703125 0.3350694444444444 0.685546875 0.3125 0.6962890625 0.3072916666666667 0.6943359375 0.296875 0.6953125 0.2690972222222222 0.70703125 0.2569444444444444 0.708984375 0.18229166666666666 0.7314453125 0.1423611111111111 0.73828125 0.11805555555555555 0.748046875 0.109375 0.748046875 0.06076388888888889 0.7626953125 0.05555555555555555 0.76171875 0.046875 0.7646484375 0.024305555555555556 0.767578125 0.008680555555555556 0.7734375 0 0.7734375 0 0.7646484375 0.003472222222222222 0.763671875 0.052083333333333336 0.7548828125 0.06597222222222222 0.75 0.0954861111111111 0.744140625 0.14583333333333334 0.728515625 0.1909722222222222 0.71875 0.1996527777777778 0.71484375 0.2517361111111111 0.701171875 0.265625 0.6953125 0.2777777777777778 0.6943359375 0.2847222222222222 0.6884765625 0.2916666666666667 0.6884765625 0.3003472222222222 0.6845703125 0.3177083333333333 0.68359375 0.3229166666666667 0.681640625 0.328125 0.681640625 0.3315972222222222 0.6845703125
3 0.078125 0.21484375 0.08159722222222222 0.21875 0.06944444444444445 0.228515625 0.06944444444444445 0.2373046875 0.11458333333333333 0.2568359375 0.13020833333333334 0.2626953125 0.14583333333333334 0.2646484375 0.15104166666666666 0.2685546875 0.18055555555555555 0.279296875 0.17708333333333334 0.28515625 0.16145833333333334 0.29296875 0.1579861111111111 0.3134765625 0.16319444444444445 0.3212890625 0.1684027777777778 0.32421875 0.18229166666666666 0.32421875 0.1875 0.330078125 0.1875 0.3349609375 0.16319444444444445 0.3525390625 0.0920138888888889 0.3935546875 0.08506944444444445 0.408203125 0.0625 0.416015625 0.050347222222222224 0.4228515625 0.03298611111111111 0.4384765625 0.027777777777777776 0.44921875 0.020833333333333332 0.453125 0.005208333333333333 0.4560546875 0 0.455078125 0.005208333333333333 0.3984375 0.008680555555555556 0.3974609375 0.010416666666666666 0.3935546875 0.024305555555555556 0.390625 0.027777777777777776 0.380859375 0.034722222222222224 0.376953125 0.0625 0.3681640625 0.08159722222222222 0.3564453125 0.08854166666666667 0.349609375 0.08680555555555555 0.3427734375 0.09027777777777778 0.3388671875 0.1111111111111111 0.328125 0.11458333333333333 0.3232421875 0.13368055555555555 0.3173828125 0.1423611111111111 0.310546875 0.1423611111111111 0.3056640625 0.1371527777777778 0.2998046875 0.11631944444444445 0.283203125 0.11284722222222222 0.28125 0.1076388888888889 0.2822265625 0.10590277777777778 0.2783203125 0.09722222222222222 0.2734375 0.078125 0.2705078125 0.059027777777777776 0.263671875 0.041666666666666664 0.2529296875 0.029513888888888888 0.2490234375 0.013888888888888888 0.23828125 0.015625 0.2333984375 0.036458333333333336 0.2197265625 0.05381944444444445 0.2197265625 0.06076388888888889 0.216796875 0.0763888888888889 0.21484375
3 0.6458333333333334 0.453125 0.6510416666666666 0.4580078125 0.6475694444444444 0.462890625 0.6076388888888888 0.4677734375 0.5694444444444444 0.4765625 0.4965277777777778 0.486328125 0.4513888888888889 0.49609375 0.3732638888888889 0.5 0.3680555555555556 0.50390625 0.3559027777777778 0.50390625 0.3159722222222222 0.5107421875 0.3107638888888889 0.509765625 0.2777777777777778 0.513671875 0.2673611111111111 0.5185546875 0.2534722222222222 0.5166015625 0.25 0.5185546875 0.22395833333333334 0.5224609375 0.20833333333333334 0.5224609375 0.171875 0.52734375 0.1597222222222222 0.525390625 0.16666666666666666 0.5205078125 0.2725694444444444 0.5048828125 0.2934027777777778 0.50390625 0.3038194444444444 0.5009765625 0.3472222222222222 0.4970703125 0.3559027777777778 0.494140625 0.3940972222222222 0.490234375 0.4045138888888889 0.4873046875 0.4236111111111111 0.486328125 0.4288194444444444 0.484375 0.4635416666666667 0.48046875 0.4756944444444444 0.4765625 0.5295138888888888 0.4716796875 0.5434027777777778 0.46875 0.5486111111111112 0.4658203125 0.5868055555555556 0.462890625 0.6006944444444444 0.4580078125 0.6059027777777778 0.4580078125 0.609375 0.4541015625 0.6111111111111112 0.45703125 0.6180555555555556 0.4580078125 0.6440972222222222 0.453125
3 0.3680555555555556 0.494140625 0.3836805555555556 0.494140625 0.3993055555555556 0.490234375 0.4114583333333333 0.490234375 0.4184027777777778 0.4873046875 0.4375 0.486328125 0.4479166666666667 0.4833984375 0.4618055555555556 0.4833984375 0.4670138888888889 0.48046875 0.484375 0.4765625 0.5277777777777778 0.4736328125 0.5763888888888888 0.46484375 0.59375 0.46484375 0.6006944444444444 0.4619140625 0.6319444444444444 0.45703125 0.6458333333333334 0.4560546875 0.6475694444444444 0.4580078125 0.6475694444444444 0.4599609375 0.6388888888888888 0.462890625 0.609375 0.4658203125 0.578125 0.4736328125 0.5607638888888888 0.474609375 0.5434027777777778 0.478515625 0.5086805555555556 0.482421875 0.4565972222222222 0.4921875 0.421875 0.49609375 0.4027777777777778 0.4951171875 0.3975694444444444 0.498046875 0.3871527777777778 0.4990234375 0.3715277777777778 0.498046875 0.3663194444444444 0.501953125 0.3506944444444444 0.501953125 0.34375 0.5048828125 0.3298611111111111 0.5048828125 0.3211805555555556 0.5078125 0.2899305555555556 0.5087890625 0.2864583333333333 0.51171875 0.2760416666666667 0.51171875 0.2708333333333333 0.5146484375 0.2517361111111111 0.5146484375 0.234375 0.5185546875 0.19618055555555555 0.5224609375 0.1857638888888889 0.5224609375 0.1909722222222222 0.5185546875 0.2048611111111111 0.5185546875 0.22743055555555555 0.5146484375 0.234375 0.51171875 0.2534722222222222 0.5107421875 0.2708333333333333 0.5068359375 0.28125 0.5078125 0.2847222222222222 0.505859375 0.3263888888888889 0.501953125 0.3420138888888889 0.498046875 0.3628472222222222 0.4970703125 0.3680555555555556 0.4951171875
3 0.10069444444444445 0.931640625 0.11631944444444445 0.9306640625 0.1232638888888889 0.927734375 0.1371527777777778 0.92578125 0.14583333333333334 0.921875 0.1597222222222222 0.919921875 0.17708333333333334 0.9140625 0.1840277777777778 0.9140625 0.19791666666666666 0.908203125 0.22916666666666666 0.9052734375 0.2534722222222222 0.8974609375 0.2586805555555556 0.8994140625 0.2569444444444444 0.9052734375 0.2482638888888889 0.9130859375 0.24131944444444445 0.912109375 0.234375 0.9150390625 0.21875 0.916015625 0.21180555555555555 0.9189453125 0.1996527777777778 0.919921875 0.19444444444444445 0.923828125 0.1545138888888889 0.931640625 0.14583333333333334 0.9306640625 0.1388888888888889 0.9345703125 0.1284722222222222 0.9365234375 0.1232638888888889 0.935546875 0.11458333333333333 0.9384765625 0.11284722222222222 0.9375 0.10590277777777778 0.94140625 0.09895833333333333 0.94140625 0.0954861111111111 0.943359375 0.08854166666666667 0.9423828125 0.07465277777777778 0.9482421875 0.06944444444444445 0.9462890625 0.057291666666666664 0.951171875 0.03819444444444445 0.953125 0.03298611111111111 0.9560546875 0.010416666666666666 0.9599609375 0 0.958984375 0 0.953125 0.003472222222222222 0.9541015625 0.019097222222222224 0.94921875 0.05381944444444445 0.9423828125 0.07118055555555555 0.9423828125 0.07465277777777778 0.9365234375 0.0920138888888889 0.935546875 0.09375 0.93359375 0.10069444444444445 0.9326171875
3 0.3125 0.87109375 0.3159722222222222 0.8740234375 0.3142361111111111 0.8896484375 0.3090277777777778 0.890625 0.2986111111111111 0.8984375 0.2899305555555556 0.900390625 0.2829861111111111 0.8984375 0.2725694444444444 0.9052734375 0.2673611111111111 0.904296875 0.2673611111111111 0.9013671875 0.2621527777777778 0.8984375 0.2482638888888889 0.912109375 0.21354166666666666 0.916015625 0.2013888888888889 0.9189453125 0.19444444444444445 0.9228515625 0.1701388888888889 0.9267578125 0.1579861111111111 0.9306640625 0.1440972222222222 0.931640625 0.13020833333333334 0.9365234375 0.1111111111111111 0.9384765625 0.10416666666666667 0.9423828125 0.08854166666666667 0.9423828125 0.07465277777777778 0.9501953125 0.06770833333333333 0.9482421875 0.010416666666666666 0.9599609375 0 0.9599609375 0 0.9521484375 0.003472222222222222 0.953125 0.052083333333333336 0.9423828125 0.06770833333333333 0.9423828125 0.07465277777777778 0.935546875 0.08854166666666667 0.935546875 0.10416666666666667 0.9306640625 0.11805555555555555 0.9296875 0.17708333333333334 0.9140625 0.1840277777777778 0.9140625 0.19791666666666666 0.908203125 0.23958333333333334 0.9033203125 0.2552083333333333 0.896484375 0.2604166666666667 0.896484375 0.2604166666666667 0.8896484375 0.2690972222222222 0.8857421875 0.2725694444444444 0.8857421875 0.2760416666666667 0.890625 0.28125 0.888671875 0.2847222222222222 0.876953125 0.3003472222222222 0.8759765625 0.3107638888888889 0.8720703125