3 0.5015625 0.7777777777777778 0.5046875 0.7777777777777778 0.51171875 0.8097222222222222 0.51171875 0.8166666666666667 0.50390625 0.8305555555555556 0.49921875 0.8472222222222222 0.48984375 0.8666666666666667 0.490625 0.8708333333333333 0.5015625 0.8833333333333333 0.5015625 0.8916666666666667 0.48828125 0.9125 0.47890625 0.9402777777777778 0.46953125 0.9527777777777777 0.446875 0.9944444444444445 0.43828125 0.9986111111111111 0.43203125 0.9944444444444445 0.4140625 0.9986111111111111 0.41328125 0.9944444444444445 0.41640625 0.9833333333333333 0.425 0.9694444444444444 0.43046875 0.9541666666666667 0.47421875 0.8763888888888889 0.475 0.8652777777777778 0.48046875 0.8625 0.48515625 0.8555555555555555 0.503125 0.8041666666666667 0.5046875 0.7916666666666666 0.5015625 0.7791666666666667
3 0.73828125 0.6861111111111111 0.75234375 0.7111111111111111 0.76875 0.7333333333333333 0.7984375 0.7638888888888888 0.8 0.7722222222222223 0.79453125 0.7791666666666667 0.7921875 0.7888888888888889 0.79375 0.7944444444444444 0.796875 0.7944444444444444 0.8 0.7847222222222222 0.80703125 0.7888888888888889 0.81171875 0.7819444444444444 0.81875 0.7805555555555556 0.83359375 0.7875 0.84765625 0.7986111111111112 0.853125 0.7972222222222223 0.8640625 0.8055555555555556 0.8734375 0.8013888888888889 0.8796875 0.8125 0.87890625 0.8180555555555555 0.89375 0.8222222222222222 0.90078125 0.8361111111111111 0.90390625 0.8319444444444445 0.9109375 0.8444444444444444 0.9375 0.8583333333333333 0.94375 0.8680555555555556 0.9546875 0.8722222222222222 0.959375 0.8791666666666667 0.96640625 0.8777777777777778 0.9890625 0.8847222222222222 0.99921875 0.8847222222222222 0.99921875 0.8916666666666667 0.99453125 0.8986111111111111 0.990625 0.8972222222222223 0.9875 0.9111111111111111 0.98515625 0.9138888888888889 0.9890625 0.9222222222222223 0.9875 0.9277777777777778 0.990625 0.9361111111111111 0.98671875 0.9416666666666667 0.98671875 0.9458333333333333 0.98203125 0.95 0.9828125 0.9555555555555556 0.9796875 0.9597222222222223 0.98125 0.9652777777777778 0.975 0.9694444444444444 0.98203125 0.9805555555555555 0.98671875 0.9833333333333333 0.9859375 0.9875 0.98828125 0.9944444444444445 0.984375 0.9986111111111111 0.98125 0.9958333333333333 0.96328125 0.9944444444444445 0.959375 0.9833333333333333 0.95625 0.9847222222222223 0.953125 0.9944444444444445 0.9421875 0.9972222222222222 0.93046875 0.9944444444444445 0.9203125 0.9819444444444444 0.91484375 0.9791666666666666 0.90390625 0.9569444444444445 0.8875 0.9569444444444445 0.8734375 0.9416666666666667 0.8640625 0.9222222222222223 0.8640625 0.9111111111111111 0.8625 0.9083333333333333 0.8578125 0.9083333333333333 0.85546875 0.9138888888888889 0.8546875 0.9097222222222222 0.8484375 0.9083333333333333 0.83203125 0.8916666666666667 0.82578125 0.8888888888888888 0.8171875 0.875 0.8140625 0.8791666666666667 0.809375 0.8763888888888889 0.79921875 0.8652777777777778 0.8 0.8583333333333333 0.7984375 0.8555555555555555 0.78203125 0.8333333333333334 0.7703125 0.8236111111111111 0.76796875 0.8180555555555555 0.76171875 0.8166666666666667 0.75703125 0.8236111111111111 0.74453125 0.8138888888888889 0.71953125 0.7861111111111111 0.69921875 0.7555555555555555 0.69453125 0.7402777777777778 0.70546875 0.7236111111111111 0.7046875 0.7152777777777778 0.70703125 0.7069444444444445 0.7140625 0.7 0.72421875 0.6986111111111111 0.72890625 0.6888888888888889 0.7375 0.6861111111111111
3 0.728125 0.7013888888888888 0.72734375 0.6986111111111111 0.72578125 0.7041666666666667 0.72734375 0.7166666666666667 0.73203125 0.7236111111111111 0.7375 0.7263888888888889 0.73984375 0.7361111111111112 0.74453125 0.7347222222222223 0.7453125 0.7458333333333333 0.75234375 0.7513888888888889 0.75546875 0.7583333333333333 0.75546875 0.7638888888888888 0.7640625 0.7680555555555556 0.765625 0.7736111111111111 0.76875 0.7708333333333334 0.765625 0.7777777777777778 0.76875 0.7833333333333333 0.771875 0.7791666666666667 0.77265625 0.7875 0.78203125 0.7916666666666666 0.78671875 0.7888888888888889 0.78828125 0.7861111111111111 0.78671875 0.7708333333333334 0.78359375 0.7652777777777777 0.77734375 0.7652777777777777 0.77578125 0.7611111111111111 0.771875 0.7680555555555556 0.7671875 0.7666666666666667 0.7671875 0.7597222222222222 0.76484375 0.7541666666666667 0.75859375 0.7527777777777778 0.75546875 0.7472222222222222 0.7578125 0.7402777777777778 0.753125 0.7319444444444444 0.7484375 0.7263888888888889 0.74609375 0.7263888888888889 0.74453125 0.7305555555555555 0.73984375 0.7194444444444444 0.740625 0.7138888888888889 0.7453125 0.7111111111111111 0.75078125 0.7138888888888889 0.75625 0.725 0.7625 0.7291666666666666 0.7671875 0.7375 0.7734375 0.7402777777777778 0.78359375 0.7541666666666667 0.78671875 0.7541666666666667 0.79609375 0.7638888888888888 0.8 0.7625 0.803125 0.7847222222222222 0.82109375 0.775 0.8203125 0.7791666666666667 0.825 0.7861111111111111 0.85625 0.8097222222222222 0.85859375 0.8138888888888889 0.85703125 0.8166666666666667 0.85859375 0.8194444444444444 0.86328125 0.8166666666666667 0.8765625 0.8222222222222222 0.8796875 0.8263888888888888 0.89453125 0.8291666666666667 0.9046875 0.8458333333333333 0.93203125 0.8583333333333333 0.94609375 0.8777777777777778 0.946875 0.8833333333333333 0.94453125 0.8861111111111111 0.94609375 0.8888888888888888 0.95234375 0.8916666666666667 0.96015625 0.8902777777777777 0.96640625 0.8805555555555555 0.9765625 0.8861111111111111 0.9859375 0.8833333333333333 0.99921875 0.8861111111111111 0.9953125 0.8944444444444445 0.990625 0.8930555555555556 0.984375 0.9013888888888889 0.9828125 0.9013888888888889 0.98515625 0.8944444444444445 0.984375 0.8916666666666667 0.96875 0.8930555555555556 0.96875 0.9041666666666667 0.9734375 0.9069444444444444 0.9765625 0.9138888888888889 0.971875 0.9277777777777778 0.97421875 0.9319444444444445 0.97265625 0.9416666666666667 0.978125 0.9444444444444444 0.98125 0.9388888888888889 0.98203125 0.9458333333333333 0.97265625 0.9583333333333334 0.97734375 0.9666666666666667 0.9703125 0.9694444444444444 0.97109375 0.9722222222222222 0.9765625 0.9736111111111111 0.97109375 0.975 0.96640625 0.9722222222222222 0.9625 0.9777777777777777 0.9640625 0.9805555555555555 0.97109375 0.9805555555555555 0.9734375 0.9777777777777777 0.98359375 0.9833333333333333 0.98203125 0.9902777777777778 0.9859375 0.9944444444444445 0.96953125 0.9944444444444445 0.9625 0.9805555555555555 0.95546875 0.9791666666666666 0.9453125 0.9819444444444444 0.94453125 0.9861111111111112 0.946875 0.9930555555555556 0.9421875 0.9958333333333333 0.93203125 0.9944444444444445 0.91953125 0.9763888888888889 0.9140625 0.9736111111111111 0.91328125 0.9666666666666667 0.92265625 0.9541666666666667 0.9109375 0.9555555555555556 0.90625 0.9527777777777777 0.90390625 0.95 0.90390625 0.9444444444444444 0.9078125 0.9430555555555555 0.9078125 0.9388888888888889 0.8984375 0.9430555555555555 0.89609375 0.9472222222222222 0.89765625 0.9569444444444445 0.88671875 0.9541666666666667 0.88203125 0.9486111111111111 0.8796875 0.9416666666666667 0.8828125 0.9347222222222222 0.88359375 0.9236111111111112 0.89375 0.9194444444444444 0.89921875 0.9222222222222223 0.9078125 0.9208333333333333 0.9140625 0.925 0.91796875 0.9319444444444445 0.925 0.9347222222222222 0.92578125 0.9430555555555555 0.9296875 0.9486111111111111 0.94296875 0.9513888888888888 0.9515625 0.9625 0.96640625 0.9625 0.96875 0.9597222222222223 0.96953125 0.9472222222222222 0.9625 0.9375 0.9671875 0.9263888888888889 0.97265625 0.9236111111111112 0.971875 0.9180555555555555 0.95859375 0.9208333333333333 0.95234375 0.9180555555555555 0.95234375 0.9138888888888889 0.94921875 0.9083333333333333 0.9484375 0.9111111111111111 0.93984375 0.9125 0.9328125 0.9222222222222223 0.9296875 0.9194444444444444 0.921875 0.9208333333333333 0.91796875 0.9152777777777777 0.9140625 0.9166666666666666 0.9109375 0.9111111111111111 0.9078125 0.9111111111111111 0.91015625 0.9083333333333333 0.909375 0.9041666666666667 0.9109375 0.9 0.909375 0.8972222222222223 0.89375 0.8958333333333334 0.89609375 0.8847222222222222 0.8875 0.8763888888888889 0.8796875 0.8763888888888889 0.871875 0.8847222222222222 0.86953125 0.8986111111111111 0.859375 0.8986111111111111 0.8578125 0.9041666666666667 0.8484375 0.9055555555555556 0.83125 0.8888888888888888 0.82734375 0.8888888888888888 0.82421875 0.8805555555555555 0.82109375 0.8791666666666667 0.82578125 0.8736111111111111 0.825 0.8708333333333333 0.8171875 0.8694444444444445 0.8140625 0.8763888888888889 0.80703125 0.8722222222222222 0.803125 0.8666666666666667 0.8046875 0.8555555555555555 0.80234375 0.8513888888888889 0.77109375 0.8208333333333333 0.76953125 0.8152777777777778 0.74921875 0.8166666666666667 0.74765625 0.8138888888888889 0.75390625 0.8111111111111111 0.7546875 0.8069444444444445 0.75234375 0.8027777777777778 0.74765625 0.8013888888888889 0.74609375 0.8125 0.74453125 0.8125 0.71015625 0.7708333333333334 0.7015625 0.7555555555555555 0.7 0.7472222222222222 0.69609375 0.7444444444444445 0.69609375 0.7347222222222223 0.70390625 0.7236111111111111 0.7015625 0.7166666666666667 0.70390625 0.7027777777777777 0.715625 0.6972222222222222 0.71953125 0.6888888888888889 0.7296875 0.6847222222222222 0.73984375 0.6847222222222222 0.74375 0.7027777777777777 0.72890625 0.7013888888888888
3 0.58515625 0.5555555555555556 0.59140625 0.5583333333333333 0.6 0.5694444444444444 0.60703125 0.5736111111111111 0.63046875 0.6013888888888889 0.66171875 0.6125 0.67734375 0.6291666666666667 0.6859375 0.6430555555555556 0.68828125 0.65 0.6859375 0.6541666666666667 0.67734375 0.6611111111111111 0.671875 0.6611111111111111 0.66484375 0.6541666666666667 0.6578125 0.6625 0.64140625 0.6583333333333333 0.62109375 0.6194444444444445 0.60546875 0.6041666666666666 0.57578125 0.5569444444444445 0.5765625 0.5541666666666667 0.584375 0.5555555555555556
3 0.12421875 0.475 0.12578125 0.47638888888888886 0.1234375 0.4861111111111111 0.128125 0.4986111111111111 0.12734375 0.5125 0.12109375 0.5208333333333334 0.11640625 0.5347222222222222 0.10078125 0.5416666666666666 0.09296875 0.5402777777777777 0.09140625 0.5333333333333333 0.10078125 0.5097222222222222 0.10625 0.48055555555555557 0.109375 0.47638888888888886 0.1234375 0.475
3 0.5953125 0.7777777777777778 0.596875 0.7833333333333333 0.5921875 0.8041666666666667 0.5859375 0.8152777777777778 0.57265625 0.8277777777777777 0.55078125 0.8638888888888889 0.55078125 0.9 0.54375 0.9111111111111111 0.54921875 0.9319444444444445 0.55234375 0.9347222222222222 0.553125 0.9472222222222222 0.559375 0.9472222222222222 0.56875 0.9402777777777778 0.57109375 0.9361111111111111 0.56953125 0.9319444444444445 0.5734375 0.9291666666666667 0.57421875 0.925 0.57421875 0.9319444444444445 0.58125 0.9388888888888889 0.58203125 0.9458333333333333 0.5859375 0.95 0.5984375 0.9763888888888889 0.603125 0.9944444444444445 0.5984375 0.9986111111111111 0.57265625 0.9986111111111111 0.55546875 0.9930555555555556 0.5421875 0.9944444444444445 0.54296875 0.9888888888888889 0.5328125 0.9736111111111111 0.515625 0.9583333333333334 0.5125 0.9625 0.5171875 0.9666666666666667 0.5140625 0.9694444444444444 0.51171875 0.9777777777777777 0.51640625 0.9805555555555555 0.51484375 0.9875 0.51953125 0.9902777777777778 0.51953125 0.9930555555555556 0.50390625 0.9930555555555556 0.496875 0.9986111111111111 0.4921875 0.9986111111111111 0.48984375 0.9944444444444445 0.49765625 0.9763888888888889 0.5109375 0.9638888888888889 0.5109375 0.9277777777777778 0.5171875 0.9180555555555555 0.51640625 0.9138888888888889 0.51953125 0.9041666666666667 0.51796875 0.9 0.51875 0.8930555555555556 0.521875 0.8833333333333333 0.53828125 0.8777777777777778 0.54140625 0.8694444444444445 0.5375 0.8236111111111111 0.5328125 0.8138888888888889 0.5328125 0.7875 0.5359375 0.7861111111111111 0.53671875 0.7972222222222223 0.53984375 0.8027777777777778 0.55 0.8458333333333333 0.5625 0.8291666666666667 0.5765625 0.8166666666666667 0.5890625 0.7958333333333333 0.590625 0.7861111111111111 0.59453125 0.7791666666666667
3 0 0.8736111111111111 0.00546875 0.8833333333333333 0.01015625 0.9027777777777778 0.02734375 0.9333333333333333 0.02890625 0.9444444444444444 0.04609375 0.9597222222222223 0.053125 0.9763888888888889 0.06875 0.9972222222222222 0.0578125 0.9986111111111111 0.05 0.9944444444444445 0.05 0.9888888888888889 0.04375 0.9944444444444445 0.03125 0.9944444444444445 0.03515625 0.9847222222222223 0.04140625 0.9902777777777778 0.0453125 0.9875 0.04609375 0.9833333333333333 0.03125 0.9638888888888889 0.028125 0.9472222222222222 0.01875 0.9486111111111111 0.01796875 0.9388888888888889 0.0125 0.9277777777777778 0.0046875 0.9138888888888889 0 0.9111111111111111 0 0.875
3 0.16171875 0.6972222222222222 0.20625 0.7027777777777777 0.24140625 0.7125 0.2578125 0.7194444444444444 0.29296875 0.7416666666666667 0.3078125 0.7444444444444445 0.34140625 0.7652777777777777 0.3734375 0.7694444444444445 0.37578125 0.7763888888888889 0.365625 0.7847222222222222 0.35234375 0.7875 0.3515625 0.7805555555555556 0.34609375 0.7833333333333333 0.34296875 0.8041666666666667 0.3484375 0.8138888888888889 0.346875 0.8208333333333333 0.34921875 0.825 0.3484375 0.8305555555555556 0.34140625 0.8333333333333334 0.34140625 0.8388888888888889 0.3390625 0.8416666666666667 0.3453125 0.8416666666666667 0.353125 0.8486111111111111 0.3515625 0.8555555555555555 0.3546875 0.8583333333333333 0.359375 0.8569444444444444 0.359375 0.8638888888888889 0.36953125 0.8652777777777778 0.38671875 0.8819444444444444 0.38984375 0.8819444444444444 0.39453125 0.8958333333333334 0.4015625 0.9027777777777778 0.40078125 0.9097222222222222 0.4046875 0.9083333333333333 0.40625 0.9125 0.4140625 0.9152777777777777 0.409375 0.9194444444444444 0.40234375 0.9180555555555555 0.3984375 0.9097222222222222 0.3953125 0.9083333333333333 0.3890625 0.9083333333333333 0.38671875 0.9125 0.38515625 0.9013888888888889 0.3734375 0.8875 0.35625 0.8833333333333333 0.35234375 0.8791666666666667 0.35234375 0.875 0.340625 0.8763888888888889 0.3390625 0.8708333333333333 0.33125 0.8652777777777778 0.328125 0.8569444444444444 0.3203125 0.8555555555555555 0.31875 0.8472222222222222 0.30390625 0.8430555555555556 0.3 0.8375 0.290625 0.8319444444444445 0.26796875 0.8222222222222222 0.25 0.8055555555555556 0.22734375 0.7902777777777777 0.2203125 0.7777777777777778 0.1796875 0.7597222222222222 0.14296875 0.7597222222222222 0.13125 0.7638888888888888 0.11640625 0.7611111111111111 0.10546875 0.7638888888888888 0.090625 0.7625 0.0765625 0.7666666666666667 0.059375 0.7652777777777777 0.05 0.7694444444444445 0.04296875 0.7666666666666667 0.00390625 0.7694444444444445 0 0.7666666666666667 0 0.7152777777777778 0.003125 0.7138888888888889 0.084375 0.7055555555555556 0.128125 0.6958333333333333 0.1609375 0.6972222222222222
3 0.975 0.5430555555555555 0.99921875 0.5486111111111112 0.99921875 0.5569444444444445 0.96171875 0.5569444444444445 0.94609375 0.5638888888888889 0.91953125 0.5694444444444444 0.9109375 0.575 0.89296875 0.575 0.88046875 0.5833333333333334 0.8609375 0.5833333333333334 0.8515625 0.5916666666666667 0.84375 0.5916666666666667 0.83828125 0.5972222222222222 0.825 0.6013888888888889 0.82109375 0.6055555555555555 0.8109375 0.6097222222222223 0.80703125 0.6069444444444444 0.79921875 0.6180555555555556 0.784375 0.6263888888888889 0.77734375 0.6402777777777777 0.7515625 0.6458333333333334 0.73984375 0.6527777777777778 0.73515625 0.6611111111111111 0.7375 0.6652777777777777 0.734375 0.6708333333333333 0.7125 0.6902777777777778 0.71015625 0.6958333333333333 0.675 0.725 0.659375 0.7277777777777777 0.65390625 0.7222222222222222 0.64921875 0.7222222222222222 0.64296875 0.7291666666666666 0.640625 0.7375 0.63125 0.7402777777777778 0.62265625 0.7375 0.61640625 0.7444444444444445 0.59140625 0.75 0.5796875 0.7472222222222222 0.57265625 0.7513888888888889 0.565625 0.7513888888888889 0.5515625 0.7652777777777777 0.5484375 0.7638888888888888 0.5484375 0.7569444444444444 0.55078125 0.7541666666666667 0.54921875 0.7416666666666667 0.5515625 0.7375 0.57734375 0.7263888888888889 0.603125 0.7236111111111111 0.6375 0.7125 0.64296875 0.7083333333333334 0.6453125 0.6986111111111111 0.68359375 0.6569444444444444 0.71875 0.6347222222222222 0.75625 0.6013888888888889 0.775 0.5916666666666667 0.7890625 0.5805555555555556 0.79921875 0.5777777777777777 0.8109375 0.5791666666666667 0.81484375 0.5722222222222222 0.84140625 0.5652777777777778 0.84765625 0.5583333333333333 0.86171875 0.5583333333333333 0.86640625 0.5611111111111111 0.8703125 0.5569444444444445 0.87421875 0.5611111111111111 0.90234375 0.5513888888888889 0.91875 0.5513888888888889 0.95234375 0.5430555555555555 0.97421875 0.5430555555555555
3 0.7734375 0.5972222222222222 0.79375 0.6055555555555555 0.79609375 0.6097222222222223 0.79375 0.6166666666666667 0.775 0.6319444444444444 0.771875 0.6375 0.76328125 0.6361111111111111 0.75859375 0.6402777777777777 0.75 0.6416666666666667 0.73671875 0.6555555555555556 0.73359375 0.6611111111111111 0.734375 0.6680555555555555 0.7140625 0.6875 0.71015625 0.6958333333333333 0.70390625 0.6986111111111111 0.696875 0.7083333333333334 0.678125 0.725 0.66953125 0.7263888888888889 0.65859375 0.7333333333333333 0.65078125 0.7277777777777777 0.64296875 0.7388888888888889 0.6265625 0.7444444444444445 0.58984375 0.7513888888888889 0.58046875 0.7486111111111111 0.56640625 0.7527777777777778 0.55625 0.7638888888888888 0.55 0.7666666666666667 0.5484375 0.7652777777777777 0.54765625 0.7555555555555555 0.55 0.7513888888888889 0.54921875 0.7416666666666667 0.5515625 0.7375 0.5765625 0.7263888888888889 0.60078125 0.7236111111111111 0.63359375 0.7125 0.63984375 0.7069444444444445 0.64609375 0.6944444444444444 0.66328125 0.6791666666666667 0.68359375 0.6555555555555556 0.721875 0.6319444444444444 0.75546875 0.6027777777777777 0.77265625 0.5972222222222222
3 0.50078125 0.7625 0.50390625 0.7625 0.5078125 0.7680555555555556 0.5125 0.7986111111111112 0.521875 0.8194444444444444 0.52109375 0.8236111111111111 0.525 0.8388888888888889 0.5265625 0.8680555555555556 0.52890625 0.8736111111111111 0.52890625 0.8777777777777778 0.52265625 0.8861111111111111 0.521875 0.8958333333333334 0.51796875 0.9 0.51484375 0.9180555555555555 0.503125 0.9291666666666667 0.5046875 0.9347222222222222 0.50859375 0.9375 0.50859375 0.9458333333333333 0.5109375 0.9486111111111111 0.509375 0.9652777777777778 0.5046875 0.9722222222222222 0.49921875 0.9736111111111111 0.49453125 0.9652777777777778 0.48359375 0.9583333333333334 0.48125 0.9513888888888888 0.47734375 0.9513888888888888 0.46875 0.9611111111111111 0.4515625 0.9902777777777778 0.4421875 0.9986111111111111 0.43515625 0.9986111111111111 0.43515625 0.9944444444444445 0.471875 0.9305555555555556 0.47578125 0.9138888888888889 0.48046875 0.9055555555555556 0.48515625 0.9041666666666667 0.4875 0.9 0.49296875 0.8861111111111111 0.49296875 0.8819444444444444 0.490625 0.8791666666666667 0.4921875 0.8736111111111111 0.49609375 0.8722222222222222 0.50390625 0.8763888888888889 0.5046875 0.8652777777777778 0.5125 0.85 0.5125 0.8194444444444444 0.51015625 0.8166666666666667 0.5046875 0.8180555555555555 0.503125 0.8125 0.50390625 0.8 0.50078125 0.7638888888888888
3 0.02734375 0.39444444444444443 0.0296875 0.4 0.03046875 0.42083333333333334 0.02578125 0.4236111111111111 0.01328125 0.4236111111111111 0.00546875 0.41805555555555557 0.0046875 0.41388888888888886 0.0078125 0.39305555555555555 0.0265625 0.39444444444444443
3 0.12890625 0.4527777777777778 0.13203125 0.45 0.14609375 0.4513888888888889 0.16875 0.4625 0.19140625 0.5041666666666667 0.19609375 0.5055555555555555 0.1953125 0.5083333333333333 0.19921875 0.5152777777777777 0.2421875 0.5583333333333333 0.246875 0.5694444444444444 0.2484375 0.5791666666666667 0.2546875 0.5902777777777778 0.25859375 0.5833333333333334 0.2515625 0.5708333333333333 0.25625 0.5597222222222222 0.2625 0.5597222222222222 0.25859375 0.5638888888888889 0.2609375 0.5666666666666667 0.2734375 0.5666666666666667 0.2828125 0.575 0.2859375 0.5833333333333334 0.2859375 0.5888888888888889 0.28125 0.5986111111111111 0.24453125 0.6347222222222222 0.20703125 0.6541666666666667 0.17734375 0.6666666666666666 0.17109375 0.6666666666666666 0.16875 0.6611111111111111 0.1703125 0.6569444444444444 0.16953125 0.65 0.18203125 0.6361111111111111 0.1859375 0.6208333333333333 0.1890625 0.6180555555555556 0.19453125 0.6194444444444445 0.2 0.6111111111111112 0.20078125 0.6055555555555555 0.20703125 0.6055555555555555 0.2109375 0.5986111111111111 0.21328125 0.5833333333333334 0.2125 0.5722222222222222 0.203125 0.5513888888888889 0.19609375 0.5458333333333333 0.19453125 0.5375 0.1734375 0.5125 0.1578125 0.4777777777777778 0.14765625 0.4666666666666667 0.134375 0.4597222222222222 0.1296875 0.45416666666666666
3 0.0671875 0.9222222222222223 0.13828125 0.9222222222222223 0.153125 0.9277777777777778 0.19375 0.9291666666666667 0.19921875 0.9333333333333333 0.21640625 0.9375 0.23515625 0.9486111111111111 0.26484375 0.9513888888888888 0.28046875 0.9625 0.2890625 0.9625 0.29765625 0.975 0.31328125 0.9875 0.3140625 0.9944444444444445 0.3046875 0.9986111111111111 0.3 0.9958333333333333 0.296875 0.9986111111111111 0.2609375 0.9986111111111111 0.2546875 0.9930555555555556 0.2515625 0.9958333333333333 0.2125 0.9944444444444445 0.20625 0.9986111111111111 0.19921875 0.9986111111111111 0.1984375 0.9958333333333333 0.171875 0.9986111111111111 0.17109375 0.9944444444444445 0.175 0.9902777777777778 0.19453125 0.9777777777777777 0.19765625 0.9708333333333333 0.196875 0.9680555555555556 0.165625 0.9583333333333334 0.1578125 0.9625 0.13984375 0.9555555555555556 0.12265625 0.9583333333333334 0.08515625 0.95 0.053125 0.9513888888888888 0.046875 0.9472222222222222 0.0453125 0.9361111111111111 0.0390625 0.9305555555555556 0.03671875 0.925 0.040625 0.9222222222222223 0.06640625 0.9222222222222223
3 0.57890625 0.925 0.58515625 0.925 0.59609375 0.9347222222222222 0.60546875 0.9388888888888889 0.6390625 0.9694444444444444 0.6734375 0.9958333333333333 0.67421875 0.9986111111111111 0.65390625 0.9986111111111111 0.65 0.9958333333333333 0.61015625 0.9555555555555556 0.58125 0.9333333333333333 0.5796875 0.9263888888888889