3 0.45625 0.7263888888888889 0.46328125 0.7388888888888889 0.4640625 0.7777777777777778 0.46171875 0.7875 0.46328125 0.8 0.46171875 0.8083333333333333 0.4609375 0.8652777777777778 0.45546875 0.9041666666666667 0.45546875 0.9166666666666666 0.45078125 0.9402777777777778 0.45078125 0.9486111111111111 0.44375 0.9791666666666666 0.44296875 0.9930555555555556 0.43984375 0.9986111111111111 0.4265625 0.9986111111111111 0.42578125 0.9944444444444445 0.43046875 0.9694444444444444 0.43046875 0.9513888888888888 0.43515625 0.9291666666666667 0.440625 0.9152777777777777 0.4484375 0.8583333333333333 0.44765625 0.8541666666666666 0.45078125 0.8402777777777778 0.45078125 0.8291666666666667 0.453125 0.8180555555555555 0.45234375 0.7527777777777778 0.45625 0.7277777777777777
3 0.4109375 0.7208333333333333 0.41171875 0.7416666666666667 0.40625 0.7527777777777778 0.40625 0.7597222222222222 0.40703125 0.7791666666666667 0.4109375 0.7833333333333333 0.4125 0.7958333333333333 0.409375 0.8027777777777778 0.409375 0.8111111111111111 0.40546875 0.8194444444444444 0.40546875 0.8277777777777777 0.4 0.8472222222222222 0.39453125 0.8888888888888888 0.3890625 0.8958333333333334 0.3859375 0.9069444444444444 0.38515625 0.9277777777777778 0.37578125 0.9458333333333333 0.36953125 0.9736111111111111 0.36484375 0.9861111111111112 0.36484375 0.9930555555555556 0.35703125 0.9986111111111111 0.34765625 0.9986111111111111 0.34296875 0.9930555555555556 0.34375 0.9847222222222223 0.35390625 0.9666666666666667 0.35390625 0.9555555555555556 0.359375 0.9486111111111111 0.3609375 0.9361111111111111 0.3671875 0.925 0.36640625 0.9138888888888889 0.36796875 0.9111111111111111 0.365625 0.9027777777777778 0.36796875 0.8944444444444445 0.37265625 0.8861111111111111 0.38046875 0.8833333333333333 0.38671875 0.8527777777777777 0.3859375 0.8444444444444444 0.3921875 0.8291666666666667 0.39609375 0.8069444444444445 0.39453125 0.7958333333333333 0.39921875 0.7791666666666667 0.3984375 0.7583333333333333 0.4015625 0.7416666666666667 0.41015625 0.7305555555555555 0.41015625 0.7222222222222222
3 0.234375 0.5583333333333333 0.2375 0.5597222222222222 0.22109375 0.5708333333333333 0.13125 0.6138888888888889 0.03515625 0.6652777777777777 0.01015625 0.6819444444444445 0 0.6847222222222222 0 0.675 0.04296875 0.6513888888888889 0.04609375 0.6472222222222223 0.0453125 0.6444444444444445 0.03203125 0.6430555555555556 0.05390625 0.6291666666666667 0.1015625 0.6083333333333333 0.1265625 0.6013888888888889 0.20234375 0.5680555555555555 0.23359375 0.5597222222222222
3 0.596875 0.6763888888888889 0.5984375 0.6777777777777778 0.59609375 0.6902777777777778 0.5515625 0.7916666666666666 0.546875 0.8097222222222222 0.53828125 0.8263888888888888 0.5265625 0.8625 0.51640625 0.8791666666666667 0.5140625 0.8791666666666667 0.5125 0.8736111111111111 0.51640625 0.8611111111111112 0.5171875 0.8513888888888889 0.5265625 0.8319444444444445 0.53203125 0.8111111111111111 0.5359375 0.8055555555555556 0.54765625 0.7722222222222223 0.5546875 0.7597222222222222 0.57734375 0.7055555555555556 0.59609375 0.6763888888888889
3 0.92265625 0.7375 0.92734375 0.7472222222222222 0.9359375 0.8097222222222222 0.934375 0.8236111111111111 0.93046875 0.8319444444444445 0.92421875 0.8722222222222222 0.89921875 0.9166666666666666 0.86796875 0.9513888888888888 0.85234375 0.9583333333333334 0.8265625 0.9888888888888889 0.81328125 0.9986111111111111 0.790625 0.9986111111111111 0.79140625 0.9944444444444445 0.83671875 0.9527777777777777 0.84453125 0.9416666666666667 0.86875 0.9263888888888889 0.89765625 0.8902777777777777 0.90703125 0.875 0.91328125 0.8597222222222223 0.92109375 0.8319444444444445 0.92265625 0.8194444444444444 0.92421875 0.7888888888888889 0.92265625 0.7694444444444445 0.91875 0.7513888888888889 0.91953125 0.7458333333333333 0.9171875 0.7375 0.91796875 0.7347222222222223 0.921875 0.7375
3 0.36484375 0.6111111111111112 0.365625 0.6069444444444444 0.38046875 0.5902777777777778 0.403125 0.5694444444444444 0.45078125 0.5388888888888889 0.4796875 0.5222222222222223 0.48984375 0.5194444444444445 0.49296875 0.5208333333333334 0.48359375 0.5333333333333333 0.4453125 0.5541666666666667 0.42265625 0.5694444444444444 0.3921875 0.5958333333333333 0.365625 0.6111111111111112
3 0.94140625 0.7305555555555555 0.95 0.7375 0.959375 0.7513888888888889 0.971875 0.7986111111111112 0.97578125 0.8319444444444445 0.97578125 0.8680555555555556 0.97421875 0.8805555555555555 0.95703125 0.9347222222222222 0.9359375 0.9736111111111111 0.91328125 0.9986111111111111 0.89609375 0.9986111111111111 0.89453125 0.9944444444444445 0.921875 0.9625 0.92890625 0.9472222222222222 0.9390625 0.9333333333333333 0.95390625 0.9041666666666667 0.959375 0.8833333333333333 0.9640625 0.8361111111111111 0.96328125 0.8152777777777778 0.9546875 0.7722222222222223 0.9484375 0.75 0.94140625 0.7361111111111112 0.94140625 0.7319444444444444
3 0.33125 0.8597222222222223 0.334375 0.8555555555555555 0.3390625 0.8375 0.34609375 0.825 0.353125 0.8027777777777778 0.3625 0.7861111111111111 0.36640625 0.775 0.36640625 0.7680555555555556 0.37421875 0.7569444444444444 0.37890625 0.7444444444444445 0.3828125 0.7388888888888889 0.38515625 0.7416666666666667 0.38203125 0.7694444444444445 0.371875 0.7888888888888889 0.36328125 0.8194444444444444 0.34453125 0.8583333333333333 0.3421875 0.8722222222222222 0.3296875 0.9027777777777778 0.32421875 0.9222222222222223 0.3015625 0.9763888888888889 0.2984375 0.9930555555555556 0.290625 0.9986111111111111 0.28125 0.9986111111111111 0.27578125 0.9944444444444445 0.27578125 0.9902777777777778 0.2890625 0.9583333333333334 0.31953125 0.8944444444444445 0.3265625 0.8694444444444445 0.33125 0.8611111111111112
3 0.91796875 0.7361111111111112 0.9265625 0.75 0.93515625 0.8069444444444445 0.92578125 0.8625 0.915625 0.8875 0.9 0.9125 0.8859375 0.9291666666666667 0.86953125 0.9458333333333333 0.859375 0.9472222222222222 0.81875 0.9944444444444445 0.8125 0.9986111111111111 0.78984375 0.9986111111111111 0.79609375 0.9888888888888889 0.821875 0.9666666666666667 0.84375 0.9430555555555555 0.85859375 0.9347222222222222 0.87109375 0.9236111111111112 0.90625 0.8763888888888889 0.9203125 0.8347222222222223 0.9234375 0.8055555555555556 0.92265625 0.7722222222222223 0.91796875 0.7513888888888889 0.91953125 0.7472222222222222 0.9171875 0.7375
3 0.5953125 0.7986111111111112 0.59765625 0.8027777777777778 0.59609375 0.8222222222222222 0.5828125 0.8583333333333333 0.57421875 0.8972222222222223 0.56015625 0.9361111111111111 0.5609375 0.9652777777777778 0.55703125 0.9777777777777777 0.55390625 0.9763888888888889 0.5484375 0.9833333333333333 0.5515625 0.9875 0.55078125 0.9916666666666667 0.54609375 0.9958333333333333 0.5390625 0.9944444444444445 0.54296875 0.9736111111111111 0.54921875 0.9666666666666667 0.54609375 0.95 0.5484375 0.9444444444444444 0.54765625 0.9319444444444445 0.55546875 0.9125 0.5625 0.8833333333333333 0.56796875 0.8736111111111111 0.57890625 0.8305555555555556 0.58828125 0.8069444444444445 0.59453125 0.8
3 0.29140625 0.7791666666666667 0.303125 0.7666666666666667 0.309375 0.7527777777777778 0.31484375 0.7472222222222222 0.31796875 0.7375 0.33125 0.7305555555555555 0.33515625 0.7305555555555555 0.3359375 0.7333333333333333 0.32109375 0.7638888888888888 0.2734375 0.8402777777777778 0.2421875 0.8833333333333333 0.17265625 0.9666666666666667 0.15625 0.9944444444444445 0.1515625 0.9986111111111111 0.13671875 0.9986111111111111 0.1359375 0.9944444444444445 0.1453125 0.9763888888888889 0.1609375 0.9583333333333334 0.1640625 0.9486111111111111 0.17421875 0.9388888888888889 0.1890625 0.9152777777777777 0.19375 0.9125 0.196875 0.9041666666666667 0.20859375 0.8916666666666667 0.21015625 0.8833333333333333 0.2203125 0.8847222222222222 0.22265625 0.8763888888888889 0.23046875 0.8736111111111111 0.23671875 0.8666666666666667 0.25078125 0.8444444444444444 0.25 0.8375 0.2546875 0.8236111111111111 0.275 0.8055555555555556 0.2796875 0.7972222222222223 0.2875 0.7902777777777777 0.29140625 0.7805555555555556
3 0.3171875 0.6652777777777777 0.3203125 0.6722222222222223 0.27890625 0.7375 0.26796875 0.7458333333333333 0.25859375 0.7625 0.23359375 0.7875 0.2234375 0.8027777777777778 0.17890625 0.8527777777777777 0.15703125 0.8708333333333333 0.14765625 0.8833333333333333 0.1265625 0.9027777777777778 0.1109375 0.9236111111111112 0.09765625 0.9333333333333333 0.06484375 0.9680555555555556 0.03046875 0.9986111111111111 0 0.9986111111111111 0 0.9944444444444445 0.015625 0.9736111111111111 0.02578125 0.9666666666666667 0.03046875 0.9597222222222223 0.0640625 0.9291666666666667 0.07109375 0.9180555555555555 0.084375 0.9097222222222222 0.1 0.8916666666666667 0.11328125 0.8819444444444444 0.146875 0.8486111111111111 0.18125 0.8069444444444445 0.19296875 0.7986111111111112 0.21640625 0.7680555555555556 0.23515625 0.7527777777777778 0.24375 0.7402777777777778 0.27265625 0.7111111111111111 0.2890625 0.6847222222222222 0.31640625 0.6666666666666666
3 0.445703125 0.5930555555555556 0.07265625 0.05555555555555555
3 0.30078125 0.6819444444444445 0.3046875 0.6930555555555555 0.2828125 0.7305555555555555 0.21640625 0.8097222222222222 0.17890625 0.8513888888888889 0.16328125 0.8638888888888889 0.1375 0.8930555555555556 0.12578125 0.9027777777777778 0.10859375 0.925 0.0875 0.9416666666666667 0.03046875 0.9986111111111111 0.01875 0.9986111111111111 0.0171875 0.9958333333333333 0.003125 0.9986111111111111 0.003125 0.9944444444444445 0.009375 0.9833333333333333 0.1484375 0.8486111111111111 0.17578125 0.8138888888888889 0.19375 0.7986111111111112 0.209375 0.7777777777777778 0.23515625 0.7541666666666667 0.2515625 0.7333333333333333 0.27421875 0.7111111111111111 0.290625 0.6847222222222222 0.296875 0.6805555555555556 0.3 0.6819444444444445
3 0.6078125 0.8652777777777778 0.61796875 0.8472222222222222 0.6296875 0.8111111111111111 0.64609375 0.7833333333333333 0.65546875 0.7597222222222222 0.7234375 0.6555555555555556 0.734375 0.6444444444444445 0.74609375 0.6402777777777777 0.74453125 0.6486111111111111 0.71953125 0.6805555555555556 0.66640625 0.7680555555555556 0.65625 0.7944444444444444 0.63515625 0.8333333333333334 0.59921875 0.9208333333333333 0.59296875 0.9402777777777778 0.58046875 0.9638888888888889 0.56953125 0.9930555555555556 0.5640625 0.9986111111111111 0.55390625 0.9986111111111111 0.54921875 0.9944444444444445 0.55390625 0.9930555555555556 0.56015625 0.9847222222222223 0.5625 0.9708333333333333 0.575 0.9458333333333333 0.575 0.9402777777777778 0.58125 0.9333333333333333 0.5890625 0.9166666666666666 0.6078125 0.8666666666666667
3 0.54140625 0.8638888888888889 0.553125 0.8458333333333333 0.56328125 0.8236111111111111 0.57421875 0.8097222222222222 0.58359375 0.7888888888888889 0.62421875 0.7319444444444444 0.640625 0.7041666666666667 0.65078125 0.6944444444444444 0.67578125 0.6597222222222222 0.6953125 0.6388888888888888 0.70234375 0.6347222222222222 0.70625 0.6375 0.7 0.6513888888888889 0.68125 0.6680555555555555 0.65859375 0.7013888888888888 0.6359375 0.7291666666666666 0.60078125 0.7930555555555555 0.5921875 0.8 0.57734375 0.825 0.52265625 0.9277777777777778 0.48203125 0.9875 0.47578125 0.9944444444444445 0.46796875 0.9944444444444445 0.4703125 0.9708333333333333 0.48046875 0.9513888888888888 0.49921875 0.9333333333333333 0.51875 0.9055555555555556 0.52265625 0.8986111111111111 0.52578125 0.8861111111111111 0.5359375 0.8777777777777778 0.54140625 0.8652777777777778
3 0.43984375 0.7388888888888889 0.44140625 0.7416666666666667 0.440625 0.7541666666666667 0.4234375 0.8347222222222223 0.41640625 0.8513888888888889 0.41328125 0.8736111111111111 0.403125 0.9083333333333333 0.3953125 0.9541666666666667 0.3875 0.975 0.38515625 0.9944444444444445 0.38125 0.9972222222222222 0.37421875 0.9972222222222222 0.36796875 0.9930555555555556 0.3734375 0.9847222222222223 0.375 0.9722222222222222 0.3796875 0.9611111111111111 0.38046875 0.9486111111111111 0.3859375 0.9388888888888889 0.3859375 0.9305555555555556 0.38828125 0.9236111111111112 0.3875 0.9180555555555555 0.39140625 0.9097222222222222 0.39453125 0.8916666666666667 0.39921875 0.8819444444444444 0.40625 0.8569444444444444 0.40859375 0.8416666666666667 0.4078125 0.8319444444444445 0.41484375 0.8194444444444444 0.4234375 0.7763888888888889 0.4296875 0.7625 0.434375 0.7416666666666667 0.4390625 0.7388888888888889
3 0.5859375 0.6930555555555555 0.5859375 0.6986111111111111 0.5828125 0.7027777777777777 0.584375 0.7055555555555556 0.5828125 0.7166666666666667 0.5796875 0.7222222222222222 0.57578125 0.7416666666666667 0.565625 0.7597222222222222 0.55859375 0.7805555555555556 0.55234375 0.7888888888888889 0.5265625 0.8625 0.51875 0.875 0.515625 0.8861111111111111 0.50546875 0.8944444444444445 0.5046875 0.8972222222222223 0.50703125 0.9 0.503125 0.9041666666666667 0.5 0.9166666666666666 0.49375 0.925 0.49765625 0.9291666666666667 0.496875 0.9319444444444445 0.48125 0.9402777777777778 0.471875 0.9388888888888889 0.47578125 0.9319444444444445 0.47734375 0.9208333333333333 0.48984375 0.9027777777777778 0.4921875 0.8944444444444445 0.496875 0.8875 0.4984375 0.8736111111111111 0.5015625 0.8652777777777778 0.51171875 0.8486111111111111 0.51328125 0.8375 0.51953125 0.8277777777777777 0.521875 0.8194444444444444 0.5296875 0.8097222222222222 0.534375 0.7958333333333333 0.54296875 0.7833333333333333 0.546875 0.7694444444444445 0.553125 0.7597222222222222 0.57421875 0.7111111111111111 0.58515625 0.6930555555555555