3 0.38828125 0.8652777777777778 0.38984375 0.8625 0.39296875 0.8652777777777778 0.40078125 0.8819444444444444 0.41171875 0.8833333333333333 0.43125 0.8944444444444445 0.4484375 0.9597222222222223 0.45078125 0.9611111111111111 0.45234375 0.9555555555555556 0.45625 0.9555555555555556 0.45234375 0.9652777777777778 0.45546875 0.9680555555555556 0.4546875 0.9763888888888889 0.45625 0.9791666666666666 0.4609375 0.9736111111111111 0.465625 0.9583333333333334 0.47265625 0.9458333333333333 0.484375 0.9319444444444445 0.48359375 0.9208333333333333 0.490625 0.9194444444444444 0.4953125 0.9041666666666667 0.49765625 0.9027777777777778 0.5015625 0.9138888888888889 0.5046875 0.9138888888888889 0.51171875 0.9222222222222223 0.51875 0.9236111111111112 0.51875 0.9402777777777778 0.50859375 0.9666666666666667 0.49296875 0.9958333333333333 0.48203125 0.9944444444444445 0.484375 0.9916666666666667 0.484375 0.9791666666666666 0.48125 0.975 0.4734375 0.975 0.465625 0.9833333333333333 0.47109375 0.9944444444444445 0.4703125 0.9986111111111111 0.46875 0.9958333333333333 0.46015625 0.9986111111111111 0.4046875 0.9986111111111111 0.40390625 0.9958333333333333 0.3828125 0.9986111111111111 0.3828125 0.9888888888888889 0.39609375 0.9458333333333333 0.3953125 0.925 0.38984375 0.8972222222222223 0.3890625 0.8666666666666667
3 0.91953125 0.5375 0.9234375 0.5402777777777777 0.9140625 0.55 0.9078125 0.5486111111111112 0.85078125 0.5583333333333333 0.83203125 0.5680555555555555 0.815625 0.5722222222222222 0.81328125 0.5763888888888888 0.796875 0.5777777777777777 0.7875 0.5847222222222223 0.76953125 0.5902777777777778 0.746875 0.6027777777777777 0.7375 0.6027777777777777 0.7265625 0.6083333333333333 0.7203125 0.6083333333333333 0.7171875 0.6041666666666666 0.71640625 0.5944444444444444 0.71796875 0.5875 0.74140625 0.5666666666666667 0.7546875 0.5666666666666667 0.7640625 0.5597222222222222 0.78046875 0.5569444444444445 0.7859375 0.5527777777777778 0.790625 0.5541666666666667 0.796875 0.55 0.80078125 0.5513888888888889 0.81640625 0.5444444444444444 0.83125 0.5444444444444444 0.875 0.5347222222222222 0.90625 0.5319444444444444 0.91875 0.5375
3 0.96015625 0.38333333333333336 0.97265625 0.3888888888888889 0.975 0.39444444444444443 0.97421875 0.4013888888888889 0.9671875 0.4166666666666667 0.96640625 0.43472222222222223 0.95234375 0.44027777777777777 0.934375 0.4388888888888889 0.92890625 0.44305555555555554 0.925 0.44305555555555554 0.92421875 0.43472222222222223 0.93046875 0.41388888888888886 0.95234375 0.38472222222222224 0.959375 0.38333333333333336
3 0.9921875 0.5819444444444445 0.99453125 0.5805555555555556 0.99921875 0.5847222222222223 0.99921875 0.6125 0.99609375 0.6138888888888889 0.99453125 0.6194444444444445 0.9828125 0.6277777777777778 0.97890625 0.6347222222222222 0.9796875 0.6458333333333334 0.9671875 0.6597222222222222 0.9484375 0.6694444444444444 0.93828125 0.6805555555555556 0.91875 0.6930555555555555 0.9 0.7 0.890625 0.7097222222222223 0.8546875 0.7305555555555555 0.84140625 0.7430555555555556 0.80625 0.7583333333333333 0.8 0.7666666666666667 0.78828125 0.7708333333333334 0.77890625 0.7791666666666667 0.76484375 0.7833333333333333 0.75625 0.7930555555555555 0.740625 0.8208333333333333 0.7375 0.8208333333333333 0.7359375 0.8166666666666667 0.740625 0.7986111111111112 0.7484375 0.7930555555555555 0.7515625 0.7875 0.7515625 0.7777777777777778 0.7546875 0.7722222222222223 0.75390625 0.7680555555555556 0.78125 0.7472222222222222 0.82265625 0.725 0.8328125 0.7138888888888889 0.86328125 0.7111111111111111 0.8671875 0.6986111111111111 0.909375 0.6666666666666666 0.96015625 0.6138888888888889 0.97421875 0.5972222222222222 0.975 0.5902777777777778 0.9734375 0.5888888888888889 0.98203125 0.5888888888888889 0.98671875 0.5819444444444445 0.9890625 0.5819444444444445 0.990625 0.5861111111111111 0.9921875 0.5833333333333334
3 0.64921875 0.7277777777777777 0.65546875 0.7291666666666666 0.6671875 0.7486111111111111 0.68046875 0.7611111111111111 0.68671875 0.7736111111111111 0.70546875 0.7944444444444444 0.71640625 0.8027777777777778 0.71875 0.8083333333333333 0.7296875 0.8152777777777778 0.73984375 0.8263888888888888 0.76015625 0.8375 0.7875 0.8583333333333333 0.80390625 0.8777777777777778 0.80703125 0.8763888888888889 0.8328125 0.8847222222222222 0.8484375 0.8986111111111111 0.875 0.9125 0.89921875 0.9333333333333333 0.91015625 0.9361111111111111 0.91796875 0.9458333333333333 0.928125 0.9527777777777777 0.94375 0.9513888888888888 0.95390625 0.9541666666666667 0.9640625 0.9625 0.99921875 0.9805555555555555 0.99453125 0.9875 0.99453125 0.9944444444444445 0.9859375 0.9958333333333333 0.984375 0.9986111111111111 0.975 0.9958333333333333 0.965625 0.9986111111111111 0.94921875 0.9986111111111111 0.94765625 0.9958333333333333 0.8859375 0.9986111111111111 0.88515625 0.9958333333333333 0.87890625 0.9944444444444445 0.88203125 0.9902777777777778 0.88203125 0.9861111111111112 0.878125 0.9805555555555555 0.87109375 0.9819444444444444 0.86875 0.9902777777777778 0.8703125 0.9944444444444445 0.85 0.9958333333333333 0.83046875 0.9958333333333333 0.8171875 0.9902777777777778 0.80390625 0.9944444444444445 0.78984375 0.9847222222222223 0.7875 0.9875 0.77421875 0.9875 0.75859375 0.9722222222222222 0.74921875 0.9569444444444445 0.74296875 0.9569444444444445 0.7390625 0.9513888888888888 0.734375 0.9513888888888888 0.73359375 0.9472222222222222 0.7375 0.9486111111111111 0.7390625 0.9458333333333333 0.7375 0.9416666666666667 0.73046875 0.9458333333333333 0.73046875 0.9375 0.72578125 0.925 0.7140625 0.9083333333333333 0.70234375 0.8972222222222223 0.69375 0.8833333333333333 0.68828125 0.8819444444444444 0.6859375 0.8777777777777778 0.67578125 0.8777777777777778 0.67421875 0.8819444444444444 0.66796875 0.8847222222222222 0.65390625 0.8694444444444445 0.6578125 0.8625 0.6390625 0.8375 0.63671875 0.8277777777777777 0.63359375 0.8333333333333334 0.62265625 0.8208333333333333 0.621875 0.8125 0.61640625 0.7972222222222223 0.62421875 0.7861111111111111 0.62265625 0.7694444444444445 0.62890625 0.7666666666666667 0.6296875 0.7611111111111111 0.6234375 0.7541666666666667 0.61875 0.7541666666666667 0.62109375 0.7416666666666667 0.6234375 0.7361111111111112 0.62734375 0.7347222222222223 0.640625 0.7513888888888889 0.6484375 0.7375 0.64921875 0.7291666666666666
3 0.0140625 0.8375 0.07421875 0.8486111111111111 0.109375 0.8652777777777778 0.17890625 0.8861111111111111 0.19453125 0.8958333333333334 0.240625 0.8986111111111111 0.259375 0.9041666666666667 0.275 0.9125 0.284375 0.9263888888888889 0.3 0.9333333333333333 0.30703125 0.9416666666666667 0.3140625 0.9430555555555555 0.3203125 0.9597222222222223 0.32734375 0.9625 0.33359375 0.9708333333333333 0.3328125 0.9777777777777777 0.34140625 0.9944444444444445 0.340625 0.9986111111111111 0.309375 0.9944444444444445 0.30703125 0.9833333333333333 0.296875 0.9888888888888889 0.2890625 0.9847222222222223 0.28203125 0.9888888888888889 0.28046875 0.9930555555555556 0.271875 0.9958333333333333 0.24609375 0.9958333333333333 0.240625 0.9944444444444445 0.24140625 0.9875 0.23828125 0.9819444444444444 0.228125 0.9902777777777778 0.21796875 0.9888888888888889 0.2171875 0.9944444444444445 0.209375 0.9944444444444445 0.20625 0.9986111111111111 0.203125 0.9958333333333333 0.19765625 0.9986111111111111 0.1890625 0.9944444444444445 0.17578125 0.9944444444444445 0.1671875 0.9986111111111111 0.1484375 0.9986111111111111 0.1453125 0.9958333333333333 0.10546875 0.9986111111111111 0.1 0.9930555555555556 0.0984375 0.9819444444444444 0.09453125 0.9833333333333333 0.0890625 0.9944444444444445 0.08515625 0.9902777777777778 0.08046875 0.9930555555555556 0.08046875 0.9875 0.07734375 0.9819444444444444 0.0640625 0.9819444444444444 0.046875 0.9652777777777778 0.03671875 0.9666666666666667 0.03203125 0.9638888888888889 0.02890625 0.9680555555555556 0.02734375 0.9666666666666667 0.02734375 0.9611111111111111 0.021875 0.9611111111111111 0.01484375 0.9472222222222222 0.00859375 0.9527777777777777 0 0.9513888888888888 0 0.8388888888888889 0.01328125 0.8375
3 0.8234375 0.7819444444444444 0.84921875 0.7888888888888889 0.8609375 0.7958333333333333 0.86953125 0.7944444444444444 0.884375 0.8027777777777778 0.90234375 0.8055555555555556 0.93515625 0.8166666666666667 0.99921875 0.8291666666666667 0.99921875 0.8708333333333333 0.99609375 0.8736111111111111 0.996875 0.8763888888888889 0.9640625 0.8805555555555555 0.95546875 0.8777777777777778 0.94296875 0.8638888888888889 0.93515625 0.8625 0.9265625 0.8541666666666666 0.91484375 0.85 0.9109375 0.8541666666666666 0.88671875 0.85 0.88203125 0.8430555555555556 0.87265625 0.8430555555555556 0.8421875 0.8222222222222222 0.8328125 0.8208333333333333 0.82734375 0.8152777777777778 0.8125 0.8111111111111111 0.809375 0.8055555555555556 0.809375 0.7958333333333333 0.8140625 0.7916666666666666 0.8203125 0.7916666666666666 0.8234375 0.7833333333333333
3 0.2109375 0.37777777777777777 0.2140625 0.37916666666666665 0.221875 0.3972222222222222 0.2265625 0.4027777777777778 0.23046875 0.4027777777777778 0.2328125 0.39305555555555555 0.23984375 0.39166666666666666 0.23984375 0.4027777777777778 0.26328125 0.43472222222222223 0.27734375 0.46944444444444444 0.2921875 0.4847222222222222 0.30390625 0.49027777777777776 0.31640625 0.5041666666666667 0.315625 0.5125 0.3046875 0.5125 0.27890625 0.49722222222222223 0.2734375 0.4888888888888889 0.2546875 0.4708333333333333 0.246875 0.4666666666666667 0.23515625 0.4527777777777778 0.23359375 0.4444444444444444 0.23671875 0.43472222222222223 0.23203125 0.4263888888888889 0.2234375 0.41944444444444445 0.2125 0.39861111111111114 0.20859375 0.38333333333333336 0.21015625 0.37777777777777777
3 0 0.5041666666666667 0.0046875 0.5055555555555555 0.009375 0.5125 0.025 0.5527777777777778 0.034375 0.5694444444444444 0.07421875 0.6111111111111112 0.08203125 0.625 0.084375 0.6361111111111111 0.084375 0.6527777777777778 0.08203125 0.6597222222222222 0.07734375 0.6666666666666666 0.07109375 0.6666666666666666 0.07265625 0.6611111111111111 0.06875 0.6541666666666667 0.07109375 0.6486111111111111 0.07109375 0.6347222222222222 0.06875 0.6236111111111111 0.0640625 0.6222222222222222 0.0625 0.6333333333333333 0.06484375 0.6388888888888888 0.06640625 0.6541666666666667 0.0609375 0.6666666666666666 0.053125 0.6722222222222223 0.0546875 0.6416666666666667 0.05234375 0.6333333333333333 0.03515625 0.6027777777777777 0.01328125 0.5763888888888888 0.003125 0.5583333333333333 0 0.5569444444444445 0 0.5388888888888889 0.0046875 0.5430555555555555 0.00703125 0.5402777777777777 0.00625 0.5333333333333333 0 0.5236111111111111 0 0.5055555555555555
3 0.48046875 0.5805555555555556 0.5390625 0.6375 0.565625 0.6430555555555556 0.58046875 0.6569444444444444 0.58828125 0.6680555555555555 0.59453125 0.6805555555555556 0.5953125 0.6847222222222222 0.59296875 0.6888888888888889 0.5875 0.6902777777777778 0.58515625 0.6958333333333333 0.5796875 0.6972222222222222 0.575 0.7027777777777777 0.56875 0.7 0.55703125 0.7069444444444445 0.55390625 0.7069444444444445 0.55 0.7013888888888888 0.52890625 0.6638888888888889 0.51875 0.6555555555555556 0.509375 0.6388888888888888 0.48046875 0.6041666666666666 0.47578125 0.5916666666666667 0.4671875 0.5833333333333334 0.465625 0.5805555555555556 0.4671875 0.5763888888888888 0.4796875 0.5805555555555556
3 0.43671875 0.4986111111111111 0.45703125 0.4861111111111111 0.503125 0.475 0.51484375 0.46805555555555556 0.55625 0.4583333333333333 0.5796875 0.4486111111111111 0.61796875 0.44722222222222224 0.621875 0.4444444444444444 0.6421875 0.4444444444444444 0.64921875 0.44166666666666665 0.66328125 0.44305555555555554 0.66484375 0.44583333333333336 0.66171875 0.4513888888888889 0.63671875 0.45416666666666666 0.621875 0.46111111111111114 0.6140625 0.4583333333333333 0.58828125 0.46111111111111114 0.56015625 0.4708333333333333 0.540625 0.4847222222222222 0.51875 0.4930555555555556 0.509375 0.5 0.50234375 0.5097222222222222 0.48828125 0.5097222222222222 0.4875 0.5138888888888888 0.4828125 0.5138888888888888 0.47578125 0.5222222222222223 0.459375 0.5222222222222223 0.45234375 0.5166666666666667 0.4515625 0.5097222222222222 0.44140625 0.5055555555555555 0.4375 0.5
3 0.9609375 0.38333333333333336 0.97109375 0.3875 0.97578125 0.39444444444444443 0.975 0.4013888888888889 0.96796875 0.4166666666666667 0.9671875 0.4444444444444444 0.971875 0.4513888888888889 0.9875 0.45555555555555555 0.9921875 0.4638888888888889 0.99140625 0.47638888888888886 0.98671875 0.47638888888888886 0.98359375 0.46944444444444444 0.96953125 0.46944444444444444 0.9703125 0.4652777777777778 0.9515625 0.4652777777777778 0.9453125 0.46111111111111114 0.93203125 0.4625 0.92734375 0.4597222222222222 0.925 0.45416666666666666 0.921875 0.44166666666666665 0.9296875 0.4125 0.940625 0.4027777777777778 0.95234375 0.38472222222222224 0.96015625 0.38333333333333336
3 0.19453125 0.5319444444444444 0.19765625 0.5347222222222222 0.21328125 0.5347222222222222 0.22578125 0.5416666666666666 0.2515625 0.5388888888888889 0.2546875 0.5416666666666666 0.26640625 0.5402777777777777 0.2796875 0.5444444444444444 0.29296875 0.5430555555555555 0.303125 0.5486111111111112 0.31796875 0.5486111111111112 0.334375 0.5541666666666667 0.36484375 0.5555555555555556 0.3765625 0.5513888888888889 0.41640625 0.5583333333333333 0.434375 0.5652777777777778 0.43828125 0.5694444444444444 0.43828125 0.5736111111111111 0.43515625 0.5777777777777777 0.4125 0.5819444444444445 0.4078125 0.5861111111111111 0.41328125 0.5930555555555556 0.428125 0.5972222222222222 0.43125 0.6027777777777777 0.43203125 0.6097222222222223 0.43046875 0.6125 0.415625 0.6208333333333333 0.39140625 0.6152777777777778 0.378125 0.6194444444444445 0.32109375 0.6097222222222223 0.29375 0.5958333333333333 0.14609375 0.5569444444444445 0.12734375 0.5430555555555555 0.12734375 0.5388888888888889 0.13359375 0.5347222222222222 0.1609375 0.5347222222222222 0.16953125 0.5388888888888889 0.17421875 0.5361111111111111 0.1828125 0.5375 0.19375 0.5319444444444444