0 0.8697916666666666 0.39453125 0.8836805555555556 0.3955078125 0.8940972222222222 0.400390625 0.8888888888888888 0.4072265625 0.8715277777777778 0.4072265625 0.8680555555555556 0.4033203125 0.8697916666666666 0.3955078125
0 0.6180555555555556 0.4970703125 0.6145833333333334 0.49609375 0.6059027777777778 0.4990234375 0.5972222222222222 0.498046875 0.5868055555555556 0.4873046875 0.5920138888888888 0.4814453125 0.5972222222222222 0.4833984375 0.6180555555555556 0.4833984375 0.6180555555555556 0.49609375
0 0.013888888888888888 0.5009765625 0.008680555555555556 0.494140625 0.012152777777777778 0.4873046875 0.017361111111111112 0.4873046875 0.024305555555555556 0.4912109375 0.03819444444444445 0.4912109375 0.03993055555555555 0.4931640625 0.03993055555555555 0.501953125 0.015625 0.5009765625
0 0.5416666666666666 0.4873046875 0.5451388888888888 0.4892578125 0.5590277777777778 0.4873046875 0.5677083333333334 0.4931640625 0.5677083333333334 0.501953125 0.5625 0.5029296875 0.5555555555555556 0.5009765625 0.546875 0.505859375 0.5416666666666666 0.50390625 0.5381944444444444 0.49609375 0.5295138888888888 0.494140625 0.5329861111111112 0.48828125 0.5399305555555556 0.4873046875
0 0.09722222222222222 0.484375 0.1076388888888889 0.486328125 0.1371527777777778 0.486328125 0.1371527777777778 0.48828125 0.13020833333333334 0.4912109375 0.1284722222222222 0.5 0.11631944444444445 0.49609375 0.09895833333333333 0.5009765625 0.10069444444444445 0.4931640625 0.09375 0.4892578125 0.09722222222222222 0.4853515625
0 0.4739583333333333 0.4482421875 0.4791666666666667 0.4501953125 0.5 0.44921875 0.4965277777777778 0.4560546875 0.4982638888888889 0.4599609375 0.4947916666666667 0.4619140625 0.4774305555555556 0.4599609375 0.4704861111111111 0.462890625 0.4670138888888889 0.462890625 0.46875 0.4560546875 0.4635416666666667 0.4521484375 0.4670138888888889 0.4482421875 0.4722222222222222 0.4482421875
0 0.5555555555555556 0.4365234375 0.5607638888888888 0.4384765625 0.5815972222222222 0.4384765625 0.5833333333333334 0.4423828125 0.5798611111111112 0.4462890625 0.5746527777777778 0.44921875 0.5607638888888888 0.4482421875 0.5520833333333334 0.4423828125 0.5538194444444444 0.4375
3 0.5989583333333334 0.5078125 0.6006944444444444 0.51171875 0.5972222222222222 0.513671875 0.5815972222222222 0.515625 0.5694444444444444 0.5205078125 0.5520833333333334 0.5224609375 0.5416666666666666 0.5302734375 0.5104166666666666 0.5341796875 0.4756944444444444 0.5439453125 0.4652777777777778 0.5439453125 0.4392361111111111 0.5478515625 0.4305555555555556 0.55078125 0.4184027777777778 0.55078125 0.3784722222222222 0.5576171875 0.3680555555555556 0.5576171875 0.3454861111111111 0.5654296875 0.3315972222222222 0.564453125 0.3211805555555556 0.5693359375 0.3003472222222222 0.5703125 0.2829861111111111 0.5732421875 0.2760416666666667 0.5771484375 0.2621527777777778 0.576171875 0.2361111111111111 0.583984375 0.2048611111111111 0.5869140625 0.17708333333333334 0.5966796875 0.1597222222222222 0.6005859375 0.1388888888888889 0.609375 0.11631944444444445 0.609375 0.0920138888888889 0.6171875 0.05381944444444445 0.6259765625 0.024305555555555556 0.6298828125 0.008680555555555556 0.634765625 0 0.634765625 0 0.619140625 0.005208333333333333 0.6123046875 0.005208333333333333 0.6025390625 0.012152777777777778 0.5986328125 0.029513888888888888 0.5966796875 0.03298611111111111 0.5947265625 0.036458333333333336 0.5947265625 0.03819444444444445 0.5986328125 0.041666666666666664 0.599609375 0.043402777777777776 0.59375 0.04861111111111111 0.58984375 0.0763888888888889 0.5869140625 0.0763888888888889 0.59375 0.08159722222222222 0.59765625 0.08854166666666667 0.5947265625 0.10243055555555555 0.5947265625 0.11631944444444445 0.591796875 0.1232638888888889 0.5927734375 0.13541666666666666 0.5849609375 0.1527777777777778 0.5830078125 0.16145833333333334 0.5751953125 0.171875 0.5703125 0.21354166666666666 0.5703125 0.2309027777777778 0.5673828125 0.234375 0.5712890625 0.23958333333333334 0.5712890625 0.24305555555555555 0.568359375 0.25 0.5693359375 0.2586805555555556 0.564453125 0.2638888888888889 0.5654296875 0.2829861111111111 0.560546875 0.2847222222222222 0.5615234375 0.296875 0.5576171875 0.3020833333333333 0.5537109375 0.3072916666666667 0.5556640625 0.3211805555555556 0.5556640625 0.3263888888888889 0.552734375 0.3368055555555556 0.552734375 0.3854166666666667 0.5419921875 0.4322916666666667 0.5380859375 0.4461805555555556 0.533203125 0.4375 0.525390625 0.4479166666666667 0.521484375 0.4513888888888889 0.5224609375 0.4461805555555556 0.5244140625 0.4479166666666667 0.52734375 0.4513888888888889 0.5283203125 0.4565972222222222 0.5244140625 0.4600694444444444 0.5302734375 0.4774305555555556 0.53125 0.4982638888888889 0.525390625 0.5069444444444444 0.525390625 0.515625 0.521484375 0.5173611111111112 0.517578125 0.53125 0.515625 0.5329861111111112 0.51171875 0.5399305555555556 0.5185546875 0.5434027777777778 0.5146484375 0.5520833333333334 0.5126953125 0.5555555555555556 0.513671875 0.5607638888888888 0.5107421875 0.5815972222222222 0.51171875 0.5920138888888888 0.5078125 0.5972222222222222 0.5078125
3 0.8888888888888888 0.7724609375 0.8940972222222222 0.7744140625 0.8940972222222222 0.7763671875 0.8888888888888888 0.78125 0.8871527777777778 0.7880859375 0.8784722222222222 0.7841796875 0.8680555555555556 0.7890625 0.8125 0.7880859375 0.8072916666666666 0.7900390625 0.7951388888888888 0.7890625 0.78125 0.791015625 0.7586805555555556 0.7900390625 0.7256944444444444 0.7939453125 0.6927083333333334 0.79296875 0.6875 0.7958984375 0.6006944444444444 0.7958984375 0.5885416666666666 0.7939453125 0.5659722222222222 0.7939453125 0.5607638888888888 0.79296875 0.5607638888888888 0.7890625 0.5746527777777778 0.7880859375 0.578125 0.7861328125 0.640625 0.78515625 0.6770833333333334 0.779296875 0.7378472222222222 0.7783203125 0.7447916666666666 0.7763671875 0.796875 0.7744140625 0.8020833333333334 0.7724609375 0.8871527777777778 0.7724609375
3 0.6909722222222222 0.482421875 0.6961805555555556 0.4814453125 0.7013888888888888 0.484375 0.7100694444444444 0.4814453125 0.7170138888888888 0.482421875 0.71875 0.484375 0.7048611111111112 0.486328125 0.6944444444444444 0.4912109375 0.6875 0.4912109375 0.6805555555555556 0.494140625 0.6788194444444444 0.4931640625 0.6736111111111112 0.4970703125 0.6666666666666666 0.4970703125 0.6597222222222222 0.50390625 0.6423611111111112 0.5068359375 0.625 0.5126953125 0.6180555555555556 0.5126953125 0.6145833333333334 0.5146484375 0.609375 0.513671875 0.5711805555555556 0.5224609375 0.5538194444444444 0.5234375 0.5434027777777778 0.5302734375 0.53125 0.533203125 0.5017361111111112 0.5361328125 0.4704861111111111 0.5439453125 0.4409722222222222 0.546875 0.4288194444444444 0.55078125 0.4166666666666667 0.55078125 0.375 0.5576171875 0.3645833333333333 0.5576171875 0.3454861111111111 0.564453125 0.3315972222222222 0.5634765625 0.3211805555555556 0.5673828125 0.3090277777777778 0.5673828125 0.2934027777777778 0.5712890625 0.2829861111111111 0.5712890625 0.2795138888888889 0.57421875 0.2708333333333333 0.576171875 0.2604166666666667 0.5751953125 0.2552083333333333 0.578125 0.2309027777777778 0.5830078125 0.2013888888888889 0.5859375 0.1371527777777778 0.607421875 0.11458333333333333 0.6083984375 0.0920138888888889 0.6162109375 0.0798611111111111 0.6171875 0.057291666666666664 0.6240234375 0.020833333333333332 0.6298828125 0.008680555555555556 0.6337890625 0 0.6337890625 0 0.6201171875 0.003472222222222222 0.6181640625 0.008680555555555556 0.6015625 0.034722222222222224 0.59765625 0.041666666666666664 0.603515625 0.046875 0.5986328125 0.04513888888888889 0.5947265625 0.04861111111111111 0.591796875 0.059027777777777776 0.5908203125 0.06944444444444445 0.59375 0.07291666666666667 0.59765625 0.0763888888888889 0.5966796875 0.0798611111111111 0.5986328125 0.09375 0.595703125 0.09895833333333333 0.59765625 0.11458333333333333 0.59375 0.125 0.59375 0.1388888888888889 0.5849609375 0.1527777777777778 0.583984375 0.1753472222222222 0.5712890625 0.2065972222222222 0.5712890625 0.22916666666666666 0.568359375 0.234375 0.572265625 0.24305555555555555 0.5693359375 0.25 0.5703125 0.2569444444444444 0.5654296875 0.2690972222222222 0.5654296875 0.2916666666666667 0.560546875 0.3020833333333333 0.5537109375 0.3107638888888889 0.556640625 0.3177083333333333 0.556640625 0.3263888888888889 0.552734375 0.3524305555555556 0.5498046875 0.3697916666666667 0.544921875 0.4322916666666667 0.5380859375 0.4444444444444444 0.5322265625 0.4357638888888889 0.5283203125 0.4236111111111111 0.529296875 0.421875 0.525390625 0.4496527777777778 0.5185546875 0.4722222222222222 0.515625 0.4809027777777778 0.5166015625 0.4878472222222222 0.5146484375 0.4878472222222222 0.521484375 0.4774305555555556 0.5224609375 0.4722222222222222 0.525390625 0.4756944444444444 0.5302734375 0.484375 0.529296875 0.5086805555555556 0.5224609375 0.5104166666666666 0.5185546875 0.5034722222222222 0.5166015625 0.5052083333333334 0.51171875 0.5225694444444444 0.5146484375 0.5295138888888888 0.513671875 0.53125 0.51171875 0.5555555555555556 0.5126953125 0.5694444444444444 0.5078125 0.5763888888888888 0.5087890625 0.5850694444444444 0.50390625 0.6111111111111112 0.505859375 0.6267361111111112 0.4970703125 0.6354166666666666 0.4970703125 0.6527777777777778 0.490234375 0.6736111111111112 0.4892578125 0.6805555555555556 0.4853515625 0.6875 0.4853515625 0.6909722222222222 0.4833984375
3 0.5434027777777778 0.54296875 0.5607638888888888 0.546875 0.5677083333333334 0.5615234375 0.5711805555555556 0.5615234375 0.5763888888888888 0.556640625 0.5729166666666666 0.5546875 0.5746527777777778 0.552734375 0.5763888888888888 0.5595703125 0.5815972222222222 0.5625 0.5920138888888888 0.5654296875 0.6024305555555556 0.5654296875 0.6111111111111112 0.5712890625 0.6302083333333334 0.5791015625 0.6371527777777778 0.580078125 0.6649305555555556 0.5947265625 0.671875 0.6015625 0.6736111111111112 0.6083984375 0.6701388888888888 0.61328125 0.6475694444444444 0.6201171875 0.6336805555555556 0.6328125 0.625 0.6328125 0.6215277777777778 0.634765625 0.6180555555555556 0.6435546875 0.5972222222222222 0.6494140625 0.5902777777777778 0.6533203125 0.5694444444444444 0.6552734375 0.5607638888888888 0.658203125 0.5572916666666666 0.6572265625 0.5746527777777778 0.646484375 0.5954861111111112 0.6416015625 0.6059027777777778 0.63671875 0.609375 0.6318359375 0.6006944444444444 0.623046875 0.6076388888888888 0.6162109375 0.609375 0.6083984375 0.6006944444444444 0.5947265625 0.5868055555555556 0.5869140625 0.5763888888888888 0.5849609375 0.5694444444444444 0.580078125 0.5451388888888888 0.57421875 0.5416666666666666 0.5751953125 0.5329861111111112 0.5712890625 0.5208333333333334 0.5703125 0.5086805555555556 0.5654296875 0.4913194444444444 0.5625 0.4913194444444444 0.556640625 0.5017361111111112 0.5517578125 0.5069444444444444 0.54296875 0.515625 0.5419921875 0.5277777777777778 0.544921875 0.5329861111111112 0.54296875 0.5416666666666666 0.54296875