3 0.63125 0.4875 0.65390625 0.49722222222222223 0.659375 0.5041666666666667 0.6625 0.5041666666666667 0.6640625 0.5083333333333333 0.67109375 0.5097222222222222 0.66328125 0.5138888888888888 0.66484375 0.5166666666666667 0.675 0.5166666666666667 0.67734375 0.5236111111111111 0.68125 0.525 0.68203125 0.5333333333333333 0.678125 0.5375 0.653125 0.5347222222222222 0.64765625 0.5277777777777778 0.640625 0.5277777777777778 0.6265625 0.5208333333333334 0.615625 0.5111111111111111 0.60859375 0.49722222222222223 0.61015625 0.49027777777777776 0.61640625 0.4861111111111111 0.63046875 0.4875
3 0.5046875 0.5666666666666667 0.515625 0.5652777777777778 0.528125 0.5736111111111111 0.53359375 0.5861111111111111 0.53359375 0.5958333333333333 0.52734375 0.5986111111111111 0.5171875 0.5944444444444444 0.5140625 0.5819444444444445 0.50546875 0.5680555555555555
3 0.37265625 0.5125 0.3828125 0.5125 0.390625 0.5333333333333333 0.39921875 0.5388888888888889 0.409375 0.5513888888888889 0.42421875 0.5861111111111111 0.4421875 0.6069444444444444 0.44609375 0.6083333333333333 0.44921875 0.6152777777777778 0.44296875 0.6152777777777778 0.44140625 0.6180555555555556 0.4359375 0.6541666666666667 0.4375 0.6569444444444444 0.43359375 0.6638888888888889 0.43359375 0.6736111111111112 0.4296875 0.6833333333333333 0.41953125 0.6958333333333333 0.42109375 0.7 0.42890625 0.7 0.43125 0.6958333333333333 0.4296875 0.6888888888888889 0.4359375 0.6847222222222222 0.44296875 0.6736111111111112 0.44453125 0.6625 0.45 0.6486111111111111 0.45 0.6347222222222222 0.44765625 0.6291666666666667 0.45234375 0.6291666666666667 0.45390625 0.6402777777777777 0.45390625 0.6569444444444444 0.446875 0.6805555555555556 0.4328125 0.7027777777777777 0.4109375 0.7222222222222222 0.3953125 0.7305555555555555 0.37265625 0.7333333333333333 0.37265625 0.7305555555555555 0.37890625 0.7263888888888889 0.3875 0.725 0.3875 0.7208333333333333 0.378125 0.7222222222222222 0.37734375 0.725 0.36484375 0.725 0.3625 0.7222222222222222 0.34609375 0.7194444444444444 0.34453125 0.7166666666666667 0.35234375 0.7083333333333334 0.34296875 0.7055555555555556 0.37421875 0.6902777777777778 0.3984375 0.6694444444444444 0.41328125 0.6444444444444445 0.4171875 0.6277777777777778 0.41796875 0.6152777777777778 0.4140625 0.6027777777777777 0.409375 0.6027777777777777 0.4046875 0.5972222222222222 0.38046875 0.5847222222222223 0.37265625 0.5875 0.36875 0.5791666666666667 0.36171875 0.5763888888888888 0.359375 0.5583333333333333 0.37109375 0.5416666666666666 0.36953125 0.5236111111111111 0.37265625 0.5138888888888888
3 0.27578125 0.5194444444444445 0.2796875 0.5222222222222223 0.28359375 0.5361111111111111 0.29921875 0.5583333333333333 0.303125 0.5680555555555555 0.32109375 0.5694444444444444 0.328125 0.5652777777777778 0.34453125 0.5722222222222222 0.36171875 0.5736111111111111 0.37109375 0.5791666666666667 0.375 0.5861111111111111 0.3734375 0.5972222222222222 0.35703125 0.6208333333333333 0.32421875 0.6472222222222223 0.3015625 0.6541666666666667 0.28125 0.6541666666666667 0.27421875 0.65 0.2796875 0.6430555555555556 0.29765625 0.6347222222222222 0.31640625 0.6180555555555556 0.3234375 0.6041666666666666 0.32578125 0.5944444444444444 0.31796875 0.5791666666666667 0.303125 0.5791666666666667 0.2984375 0.5722222222222222 0.27890625 0.5625 0.27109375 0.5444444444444444 0.26484375 0.5402777777777777 0.2609375 0.5333333333333333 0.2609375 0.5263888888888889 0.26484375 0.5194444444444445 0.275 0.5194444444444445
3 0.64140625 0.7 0.65234375 0.7111111111111111 0.65625 0.7111111111111111 0.65625 0.7055555555555556 0.6578125 0.7041666666666667 0.68046875 0.7041666666666667 0.6859375 0.7083333333333334 0.703125 0.7111111111111111 0.7078125 0.7180555555555556 0.71640625 0.7152777777777778 0.72578125 0.7222222222222222 0.73359375 0.7222222222222222 0.75625 0.7444444444444445 0.775 0.7583333333333333 0.78984375 0.7625 0.8 0.7708333333333334 0.81328125 0.775 0.82109375 0.7847222222222222 0.8328125 0.7875 0.84765625 0.7958333333333333 0.86015625 0.8069444444444445 0.8671875 0.8097222222222222 0.87265625 0.8166666666666667 0.88359375 0.8208333333333333 0.8875 0.8263888888888888 0.8984375 0.8277777777777777 0.91484375 0.8361111111111111 0.9390625 0.8541666666666666 0.946875 0.8569444444444444 0.95625 0.8666666666666667 0.978125 0.8805555555555555 0.99921875 0.9013888888888889 0.99921875 0.9555555555555556 0.99453125 0.9555555555555556 0.978125 0.9416666666666667 0.94296875 0.9222222222222223 0.9171875 0.9013888888888889 0.88359375 0.8833333333333333 0.86875 0.8708333333333333 0.83984375 0.8555555555555555 0.83515625 0.8555555555555555 0.79375 0.8291666666666667 0.77578125 0.8236111111111111 0.7390625 0.7958333333333333 0.72734375 0.7944444444444444 0.7203125 0.7875 0.68828125 0.7763888888888889 0.68203125 0.7666666666666667 0.65390625 0.7513888888888889 0.646875 0.7416666666666667 0.63671875 0.7375 0.615625 0.7180555555555556 0.61484375 0.7152777777777778 0.61796875 0.7138888888888889 0.6296875 0.7194444444444444 0.63125 0.7166666666666667 0.628125 0.7125 0.6296875 0.7013888888888888 0.640625 0.7
3 0.3 0.5722222222222222 0.30234375 0.575 0.3015625 0.5805555555555556 0.28671875 0.5958333333333333 0.20625 0.6541666666666667 0.19453125 0.6541666666666667 0.19296875 0.6513888888888889 0.19609375 0.6430555555555556 0.203125 0.6361111111111111 0.2484375 0.6055555555555555 0.2859375 0.5722222222222222 0.29921875 0.5722222222222222
3 0.321875 0.5736111111111111 0.328125 0.5680555555555555 0.33203125 0.5680555555555555 0.3625 0.575 0.375 0.5861111111111111 0.3734375 0.5972222222222222 0.35859375 0.6194444444444445 0.33203125 0.6416666666666667 0.31328125 0.6513888888888889 0.3 0.6541666666666667 0.28125 0.6527777777777778 0.2765625 0.65 0.27890625 0.6458333333333334 0.2984375 0.6347222222222222 0.3140625 0.6208333333333333 0.3234375 0.6055555555555555 0.32578125 0.5916666666666667 0.321875 0.575
3 0.753125 0.5472222222222223 0.76015625 0.5513888888888889 0.7640625 0.5597222222222222 0.775 0.5708333333333333 0.7796875 0.5791666666666667 0.78203125 0.5986111111111111 0.78125 0.6055555555555555 0.77265625 0.6222222222222222 0.7625 0.6333333333333333 0.74609375 0.6444444444444445 0.734375 0.6472222222222223 0.73125 0.6513888888888889 0.71640625 0.6458333333333334 0.71640625 0.6388888888888888 0.72109375 0.6305555555555555 0.73046875 0.6277777777777778 0.74140625 0.6097222222222223 0.74453125 0.5986111111111111 0.74296875 0.5875 0.74609375 0.5819444444444445 0.74296875 0.5708333333333333 0.7453125 0.5472222222222223 0.75234375 0.5472222222222223
3 0.5796875 0.6888888888888889 0.59375 0.6986111111111111 0.60234375 0.7097222222222223 0.6125 0.7277777777777777 0.6375 0.7833333333333333 0.65390625 0.825 0.68671875 0.9291666666666667 0.7078125 0.9847222222222223 0.709375 0.9902777777777778 0.7078125 0.9986111111111111 0.696875 0.9986111111111111 0.69453125 0.9958333333333333 0.67578125 0.9986111111111111 0.671875 0.9958333333333333 0.65078125 0.9291666666666667 0.63984375 0.8847222222222222 0.63671875 0.8791666666666667 0.628125 0.8388888888888889 0.5953125 0.7472222222222222 0.59375 0.7291666666666666 0.59609375 0.7236111111111111 0.58046875 0.6902777777777778
3 0.46796875 0.47638888888888886 0.48671875 0.48055555555555557 0.49453125 0.4875 0.5015625 0.4986111111111111 0.50546875 0.5125 0.5046875 0.5222222222222223 0.50078125 0.5291666666666667 0.49609375 0.5319444444444444 0.4765625 0.5305555555555556 0.4640625 0.5222222222222223 0.4421875 0.5152777777777777 0.4359375 0.5097222222222222 0.43515625 0.5055555555555555 0.44921875 0.48333333333333334 0.45703125 0.4777777777777778 0.4671875 0.47638888888888886
3 0.84921875 0.6138888888888889 0.8578125 0.6166666666666667 0.8625 0.6222222222222222 0.85234375 0.6458333333333334 0.853125 0.6847222222222222 0.85 0.6888888888888889 0.8515625 0.6944444444444444 0.8625 0.7083333333333334 0.8640625 0.7208333333333333 0.86171875 0.7277777777777777 0.84140625 0.7236111111111111 0.840625 0.7125 0.83515625 0.7013888888888888 0.81796875 0.6875 0.82265625 0.6833333333333333 0.8265625 0.675 0.82578125 0.6638888888888889 0.83046875 0.6513888888888889 0.834375 0.6236111111111111 0.83828125 0.6166666666666667 0.8484375 0.6138888888888889