3 0.73125 0.3375 0.73125 0.3680555555555556 0.7421875 0.3875 0.7484375 0.3902777777777778 0.75625 0.4 0.765625 0.4013888888888889 0.7796875 0.4111111111111111 0.796875 0.4375 0.80703125 0.4736111111111111 0.803125 0.4777777777777778 0.79609375 0.4638888888888889 0.79296875 0.4722222222222222 0.7859375 0.4791666666666667 0.784375 0.4777777777777778 0.7859375 0.4666666666666667 0.78515625 0.45555555555555555 0.7828125 0.4527777777777778 0.78125 0.4444444444444444 0.7828125 0.44305555555555554 0.784375 0.45 0.78671875 0.4513888888888889 0.7875 0.4361111111111111 0.7796875 0.4236111111111111 0.7765625 0.425 0.7796875 0.43472222222222223 0.778125 0.4361111111111111 0.7671875 0.41805555555555557 0.76484375 0.41805555555555557 0.76875 0.41944444444444445 0.7703125 0.4166666666666667 0.76953125 0.4125 0.76484375 0.4111111111111111 0.7640625 0.41388888888888886 0.7609375 0.41388888888888886 0.7546875 0.4041666666666667 0.7453125 0.39861111111111114 0.7421875 0.3902777777777778 0.73828125 0.3902777777777778 0.73125 0.38333333333333336 0.7234375 0.36527777777777776 0.725 0.3416666666666667 0.7265625 0.3375 0.73046875 0.3375
3 0.6453125 0.7388888888888889 0.65546875 0.7416666666666667 0.71328125 0.7430555555555556 0.7671875 0.7541666666666667 0.79296875 0.7638888888888888 0.84140625 0.7888888888888889 0.86640625 0.8097222222222222 0.8828125 0.8194444444444444 0.915625 0.8611111111111112 0.9421875 0.9041666666666667 0.946875 0.9166666666666666 0.96015625 0.9402777777777778 0.98046875 0.9986111111111111 0.96796875 0.9986111111111111 0.96171875 0.9833333333333333 0.9515625 0.9694444444444444 0.946875 0.9527777777777777 0.93515625 0.9277777777777778 0.9109375 0.8847222222222222 0.89375 0.8625 0.88359375 0.8444444444444444 0.87734375 0.8416666666666667 0.87265625 0.8333333333333334 0.84609375 0.8083333333333333 0.80703125 0.7847222222222222 0.75546875 0.7638888888888888 0.71484375 0.7569444444444444 0.6734375 0.7569444444444444 0.6578125 0.7486111111111111 0.64765625 0.7472222222222222 0.6421875 0.7402777777777778 0.64453125 0.7388888888888889
3 0.5484375 0.40694444444444444 0.55703125 0.4152777777777778 0.571875 0.42083333333333334 0.58359375 0.42916666666666664 0.596875 0.42777777777777776 0.63515625 0.44166666666666665 0.67890625 0.44722222222222224 0.68828125 0.45555555555555555 0.684375 0.4597222222222222 0.62890625 0.45555555555555555 0.59765625 0.4444444444444444 0.5890625 0.44583333333333336 0.58359375 0.44027777777777777 0.56796875 0.4361111111111111 0.54140625 0.41944444444444445 0.5390625 0.41388888888888886 0.54296875 0.4083333333333333 0.54765625 0.40694444444444444
3 0.884375 0.6819444444444445 0.89609375 0.6847222222222222 0.95625 0.7263888888888889 0.99921875 0.7611111111111111 0.99921875 0.8291666666666667 0.98671875 0.8208333333333333 0.95546875 0.7902777777777777 0.95625 0.7875 0.96015625 0.7888888888888889 0.98671875 0.8055555555555556 0.990625 0.8027777777777778 0.98359375 0.7916666666666666 0.8953125 0.7138888888888889 0.89765625 0.7111111111111111 0.90546875 0.7180555555555556 0.91328125 0.7180555555555556 0.91953125 0.725 0.92890625 0.7277777777777777 0.93359375 0.7347222222222223 0.94140625 0.7388888888888889 0.94921875 0.7486111111111111 0.9578125 0.7527777777777778 0.9640625 0.7611111111111111 0.98359375 0.7736111111111111 0.9859375 0.7722222222222223 0.98125 0.7638888888888888 0.94765625 0.7319444444444444 0.90625 0.7055555555555556 0.88515625 0.6819444444444445
3 0 0.5611111111111111 0.00859375 0.5569444444444445 0.015625 0.5638888888888889 0.01875 0.5708333333333333 0.02421875 0.5680555555555555 0.03203125 0.5736111111111111 0.03203125 0.5791666666666667 0.034375 0.5777777777777777 0.03359375 0.5736111111111111 0.04296875 0.5736111111111111 0.04609375 0.5708333333333333 0.053125 0.5736111111111111 0.06171875 0.5875 0.065625 0.6125 0.075 0.6416666666666667 0.0828125 0.6527777777777778 0.09609375 0.6569444444444444 0.12578125 0.6625 0.1296875 0.6583333333333333 0.159375 0.6597222222222222 0.165625 0.6625 0.21484375 0.6569444444444444 0.2328125 0.6597222222222222 0.240625 0.6555555555555556 0.2515625 0.6569444444444444 0.3171875 0.6486111111111111 0.3484375 0.6527777777777778 0.3515625 0.6472222222222223 0.37578125 0.6402777777777777 0.38671875 0.6430555555555556 0.3921875 0.65 0.38828125 0.6541666666666667 0.38984375 0.6583333333333333 0.38671875 0.6555555555555556 0.384375 0.6611111111111111 0.365625 0.6555555555555556 0.359375 0.6611111111111111 0.3453125 0.6583333333333333 0.33359375 0.6638888888888889 0.26484375 0.6638888888888889 0.21328125 0.6736111111111112 0.17890625 0.6722222222222223 0.1640625 0.675 0.140625 0.6708333333333333 0.1109375 0.6722222222222223 0.08984375 0.6680555555555555 0.0484375 0.6680555555555555 0.03671875 0.6597222222222222 0.03359375 0.6486111111111111 0.02890625 0.6416666666666667 0.02578125 0.6472222222222223 0.01796875 0.6430555555555556 0.01796875 0.6361111111111111 0.025 0.6388888888888888 0.03125 0.6361111111111111 0.0296875 0.6097222222222223 0.02109375 0.5930555555555556 0.00546875 0.5791666666666667 0 0.5791666666666667 0 0.5625
3 0.68359375 0.775 0.76171875 0.7805555555555556 0.79453125 0.7944444444444444 0.834375 0.8194444444444444 0.85859375 0.8402777777777778 0.86484375 0.85 0.8765625 0.8611111111111112 0.88515625 0.875 0.890625 0.8777777777777778 0.90390625 0.8972222222222223 0.93046875 0.9527777777777777 0.94140625 0.9847222222222223 0.94609375 0.9930555555555556 0.953125 0.9986111111111111 0.93359375 0.9986111111111111 0.9203125 0.9652777777777778 0.89140625 0.9152777777777777 0.8625 0.8805555555555555 0.8421875 0.8486111111111111 0.81015625 0.8194444444444444 0.75078125 0.7902777777777777 0.69375 0.7861111111111111 0.68515625 0.7819444444444444 0.665625 0.7805555555555556 0.6640625 0.7791666666666667 0.665625 0.7763888888888889 0.6828125 0.775
3 0.48828125 0.36527777777777776 0.4890625 0.36944444444444446 0.4828125 0.37916666666666665 0.48125 0.3861111111111111 0.4828125 0.3972222222222222 0.490625 0.4166666666666667 0.50078125 0.4305555555555556 0.5265625 0.45 0.540625 0.45694444444444443 0.54140625 0.4597222222222222 0.53984375 0.46111111111111114 0.5328125 0.46111111111111114 0.5125 0.45 0.48984375 0.43194444444444446 0.47890625 0.41805555555555557 0.471875 0.39861111111111114 0.46953125 0.3819444444444444 0.4765625 0.3680555555555556 0.4875 0.36527777777777776
3 0.27421875 0.34305555555555556 0.2796875 0.3458333333333333 0.27265625 0.3527777777777778 0.25234375 0.3638888888888889 0.225 0.3902777777777778 0.2109375 0.3972222222222222 0.2046875 0.3972222222222222 0.2015625 0.3875 0.20234375 0.38055555555555554 0.21015625 0.36944444444444446 0.2265625 0.36527777777777776 0.26328125 0.34444444444444444 0.2734375 0.34305555555555556
3 0 0.5569444444444445 0.025 0.5569444444444445 0.05546875 0.575 0.0640625 0.5916666666666667 0.06796875 0.6194444444444445 0.075 0.6416666666666667 0.0859375 0.6569444444444444 0.10390625 0.6638888888888889 0.07265625 0.6638888888888889 0.05390625 0.6680555555555555 0.03984375 0.6611111111111111 0.03125 0.6402777777777777 0.03203125 0.6319444444444444 0.0296875 0.6083333333333333 0.0265625 0.6 0.00546875 0.5791666666666667 0 0.5777777777777777 0 0.5583333333333333
3 0.72578125 0.3347222222222222 0.73125 0.3375 0.73046875 0.3597222222222222 0.7328125 0.37083333333333335 0.74375 0.3861111111111111 0.75859375 0.4 0.77421875 0.40694444444444444 0.78359375 0.4152777777777778 0.79609375 0.43472222222222223 0.8078125 0.4722222222222222 0.80625 0.47638888888888886 0.80234375 0.4777777777777778 0.79609375 0.46944444444444444 0.78515625 0.48055555555555557 0.78125 0.4791666666666667 0.7796875 0.4736111111111111 0.7796875 0.45555555555555555 0.7765625 0.4513888888888889 0.77265625 0.43472222222222223 0.7640625 0.41944444444444445 0.72421875 0.38472222222222224 0.71640625 0.375 0.7109375 0.35555555555555557 0.71171875 0.34305555555555556 0.7203125 0.3333333333333333 0.725 0.3347222222222222
3 0.73359375 0.375 0.73671875 0.3819444444444444 0.76953125 0.4166666666666667 0.78046875 0.43472222222222223 0.78671875 0.45416666666666666 0.78828125 0.46944444444444444 0.7859375 0.475 0.7828125 0.47638888888888886 0.7796875 0.4736111111111111 0.7796875 0.45555555555555555 0.77578125 0.45416666666666666 0.77109375 0.46805555555555556 0.77109375 0.47638888888888886 0.759375 0.48194444444444445 0.75625 0.48055555555555557 0.75703125 0.475 0.77109375 0.4513888888888889 0.77265625 0.44583333333333336 0.771875 0.43472222222222223 0.76328125 0.41805555555555557 0.72421875 0.3861111111111111 0.715625 0.3736111111111111 0.7109375 0.35833333333333334 0.7109375 0.34444444444444444 0.71640625 0.33611111111111114 0.7234375 0.3347222222222222 0.72265625 0.34444444444444444 0.72734375 0.34305555555555556 0.72734375 0.3625 0.7328125 0.375
3 0.65078125 0.32083333333333336 0.65234375 0.3125 0.66640625 0.2875 0.684375 0.2763888888888889 0.68671875 0.2791666666666667 0.68671875 0.2861111111111111 0.67109375 0.31666666666666665 0.66484375 0.32083333333333336 0.6515625 0.32083333333333336
3 0.3296875 0.9027777777777778 0.31796875 0.925 0.2953125 0.9583333333333334 0.29453125 0.9680555555555556 0.28515625 0.9819444444444444 0.28359375 0.9875 0.28515625 0.9930555555555556 0.278125 0.9986111111111111 0.26484375 0.9986111111111111 0.26328125 0.9958333333333333 0.278125 0.9625 0.31484375 0.9069444444444444 0.32109375 0.9027777777777778 0.32890625 0.9027777777777778