3 0.49765625 0.675 0.503125 0.6791666666666667 0.4984375 0.6888888888888889 0.50546875 0.6972222222222222 0.51328125 0.7013888888888888 0.52734375 0.6986111111111111 0.53203125 0.7055555555555556 0.52890625 0.7097222222222223 0.53203125 0.7138888888888889 0.52890625 0.7263888888888889 0.51953125 0.7375 0.49765625 0.7541666666666667 0.48671875 0.7541666666666667 0.48203125 0.7444444444444445 0.4734375 0.7361111111111112 0.46953125 0.7263888888888889 0.46953125 0.7194444444444444 0.4734375 0.7055555555555556 0.48046875 0.6916666666666667 0.49140625 0.675 0.496875 0.675
3 0.45546875 0.7791666666666667 0.459375 0.7861111111111111 0.45390625 0.7902777777777777 0.4484375 0.7875 0.4359375 0.7888888888888889 0.421875 0.7986111111111112 0.41796875 0.8097222222222222 0.40625 0.8083333333333333 0.3921875 0.8152777777777778 0.38984375 0.8236111111111111 0.38671875 0.8222222222222222 0.3796875 0.8291666666666667 0.37890625 0.8375 0.37265625 0.8361111111111111 0.35078125 0.8666666666666667 0.3484375 0.8805555555555555 0.34453125 0.8861111111111111 0.3421875 0.9027777777777778 0.33828125 0.9041666666666667 0.334375 0.9013888888888889 0.33359375 0.8930555555555556 0.33515625 0.8888888888888888 0.33125 0.8861111111111111 0.328125 0.9 0.3171875 0.9138888888888889 0.30859375 0.9111111111111111 0.30703125 0.8916666666666667 0.31015625 0.8791666666666667 0.32421875 0.8527777777777777 0.334375 0.8388888888888889 0.3453125 0.8291666666666667 0.3484375 0.8208333333333333 0.40703125 0.7888888888888889 0.44375 0.7777777777777778 0.4546875 0.7791666666666667
3 0.228125 0.7444444444444445 0.24375 0.7472222222222222 0.24453125 0.7513888888888889 0.2171875 0.7652777777777777 0.20703125 0.7777777777777778 0.19609375 0.7819444444444444 0.1890625 0.7902777777777777 0.18515625 0.7902777777777777 0.175 0.8083333333333333 0.17421875 0.8236111111111111 0.18203125 0.8388888888888889 0.18515625 0.85 0.196875 0.8625 0.21875 0.8791666666666667 0.22265625 0.8861111111111111 0.22109375 0.8902777777777777 0.20546875 0.8916666666666667 0.203125 0.8972222222222223 0.1890625 0.9013888888888889 0.1796875 0.8944444444444445 0.1796875 0.8916666666666667 0.184375 0.8875 0.18359375 0.8847222222222222 0.17578125 0.8847222222222222 0.1765625 0.8930555555555556 0.175 0.8930555555555556 0.1734375 0.8861111111111111 0.1546875 0.8777777777777778 0.15390625 0.8722222222222222 0.14921875 0.8652777777777778 0.1515625 0.8625 0.140625 0.8486111111111111 0.13828125 0.8416666666666667 0.1359375 0.8291666666666667 0.1359375 0.8083333333333333 0.14453125 0.7902777777777777 0.1640625 0.7736111111111111 0.22734375 0.7444444444444445
3 0.7546875 0.7 0.76328125 0.7013888888888888 0.7640625 0.7097222222222223 0.77109375 0.7111111111111111 0.78125 0.725 0.79296875 0.7263888888888889 0.79765625 0.7347222222222223 0.80625 0.7402777777777778 0.81953125 0.7430555555555556 0.8375 0.7597222222222222 0.88984375 0.7902777777777777 0.8984375 0.8013888888888889 0.896875 0.8152777777777778 0.88671875 0.8166666666666667 0.853125 0.7944444444444444 0.83828125 0.7875 0.83125 0.7888888888888889 0.8234375 0.7833333333333333 0.80859375 0.7791666666666667 0.796875 0.7694444444444445 0.784375 0.7652777777777777 0.7375 0.7263888888888889 0.71953125 0.7055555555555556 0.7203125 0.7 0.73671875 0.7069444444444445 0.74375 0.7 0.75234375 0.7069444444444445 0.7546875 0.7013888888888888
3 0.03125 0.8708333333333333 0.03359375 0.8763888888888889 0.025 0.9055555555555556 0.00078125 0.9569444444444445 0 0.9111111111111111 0.003125 0.9111111111111111 0.009375 0.9041666666666667 0.01015625 0.8986111111111111 0.00859375 0.8958333333333334 0.0140625 0.8861111111111111 0.0078125 0.8833333333333333 0.0109375 0.8791666666666667 0.01015625 0.8763888888888889 0.02421875 0.8694444444444445 0.03046875 0.8708333333333333
3 0.4796875 0.8069444444444445 0.48359375 0.8152777777777778 0.4921875 0.8125 0.5 0.8166666666666667 0.50625 0.8097222222222222 0.51328125 0.8097222222222222 0.51796875 0.8041666666666667 0.53125 0.8027777777777778 0.53125 0.8069444444444445 0.5265625 0.8125 0.5078125 0.8222222222222222 0.49453125 0.8333333333333334 0.48515625 0.8347222222222223 0.46953125 0.8430555555555556 0.45078125 0.8569444444444444 0.41640625 0.8708333333333333 0.36640625 0.8972222222222223 0.36171875 0.8958333333333334 0.36015625 0.8916666666666667 0.3625 0.875 0.36796875 0.8652777777777778 0.37734375 0.8638888888888889 0.38359375 0.8583333333333333 0.3953125 0.8541666666666666 0.4 0.8486111111111111 0.415625 0.8458333333333333 0.42109375 0.8388888888888889 0.45546875 0.8222222222222222 0.4625 0.8152777777777778 0.475 0.8152777777777778 0.47578125 0.8125 0.4734375 0.8083333333333333 0.46796875 0.8111111111111111 0.459375 0.8097222222222222 0.46640625 0.8083333333333333 0.4703125 0.8041666666666667 0.47890625 0.8069444444444445
3 0.21953125 0.9069444444444444 0.22265625 0.9083333333333333 0.2265625 0.9166666666666666 0.234375 0.9208333333333333 0.23125 0.9277777777777778 0.21015625 0.9444444444444444 0.20390625 0.9458333333333333 0.19921875 0.9513888888888888 0.16328125 0.9736111111111111 0.14609375 0.9916666666666667 0.134375 0.9986111111111111 0.12265625 0.9986111111111111 0.11875 0.9930555555555556 0.1125 0.9930555555555556 0.10625 0.9986111111111111 0.09296875 0.9986111111111111 0.09453125 0.9944444444444445 0.134375 0.9569444444444445 0.153125 0.9430555555555555 0.16796875 0.9361111111111111 0.18515625 0.9222222222222223 0.1953125 0.9194444444444444 0.21328125 0.9069444444444444 0.21875 0.9069444444444444
3 0.56328125 0.6930555555555555 0.58125 0.7027777777777777 0.5953125 0.7194444444444444 0.6 0.7361111111111112 0.59921875 0.7569444444444444 0.59296875 0.7722222222222223 0.58203125 0.7833333333333333 0.56171875 0.7930555555555555 0.54375 0.7972222222222223 0.5046875 0.7972222222222223 0.503125 0.7958333333333333 0.50859375 0.7861111111111111 0.50390625 0.7791666666666667 0.50390625 0.7736111111111111 0.50625 0.7652777777777777 0.515625 0.7583333333333333 0.52109375 0.7486111111111111 0.52578125 0.7458333333333333 0.54296875 0.7166666666666667 0.54140625 0.7055555555555556 0.54921875 0.7041666666666667 0.55390625 0.6958333333333333 0.5625 0.6930555555555555
3 0.053125 0.7847222222222222 0.07578125 0.8138888888888889 0.08515625 0.8180555555555555 0.10234375 0.8444444444444444 0.11328125 0.8541666666666666 0.12734375 0.8791666666666667 0.12890625 0.8875 0.13515625 0.8930555555555556 0.13984375 0.9055555555555556 0.14296875 0.9055555555555556 0.14453125 0.9 0.1546875 0.9 0.1578125 0.9013888888888889 0.1609375 0.9069444444444444 0.1609375 0.9111111111111111 0.159375 0.9083333333333333 0.14921875 0.9069444444444444 0.14765625 0.9152777777777777 0.14140625 0.925 0.1265625 0.9222222222222223 0.103125 0.8958333333333334 0.084375 0.8805555555555555 0.06328125 0.8513888888888889 0.053125 0.8430555555555556 0.028125 0.8097222222222222 0.02421875 0.8013888888888889 0.025 0.7986111111111112 0.03125 0.7986111111111112 0.04296875 0.8097222222222222 0.0453125 0.8069444444444445 0.04375 0.7972222222222223 0.04921875 0.7861111111111111 0.05234375 0.7861111111111111
3 0.56171875 0.6958333333333333 0.57578125 0.7 0.5890625 0.7111111111111111 0.5984375 0.7291666666666666 0.5984375 0.7583333333333333 0.59140625 0.7736111111111111 0.5859375 0.7791666666666667 0.56953125 0.7888888888888889 0.53828125 0.7972222222222223 0.52265625 0.8138888888888889 0.5046875 0.8222222222222222 0.50078125 0.8222222222222222 0.5 0.8180555555555555 0.5046875 0.8097222222222222 0.5109375 0.8111111111111111 0.51328125 0.8055555555555556 0.50546875 0.8027777777777778 0.48515625 0.8041666666666667 0.4828125 0.8083333333333333 0.484375 0.8125 0.4875 0.8125 0.4875 0.8152777777777778 0.484375 0.8138888888888889 0.4828125 0.8180555555555555 0.4953125 0.8194444444444444 0.496875 0.8236111111111111 0.49375 0.8291666666666667 0.44375 0.8597222222222223 0.4234375 0.8694444444444445 0.41328125 0.8708333333333333 0.41015625 0.8777777777777778 0.39453125 0.8847222222222222 0.39140625 0.8888888888888888 0.38671875 0.8875 0.36875 0.8930555555555556 0.359375 0.9097222222222222 0.35078125 0.9055555555555556 0.32734375 0.9027777777777778 0.32421875 0.9083333333333333 0.3140625 0.9152777777777777 0.31015625 0.9125 0.3078125 0.9041666666666667 0.3078125 0.8916666666666667 0.31328125 0.8736111111111111 0.33046875 0.8444444444444444 0.34609375 0.8291666666666667 0.3515625 0.8166666666666667 0.359375 0.8152777777777778 0.37265625 0.8041666666666667 0.37578125 0.8055555555555556 0.409375 0.7888888888888889 0.45625 0.7763888888888889 0.459375 0.7708333333333334 0.46796875 0.7666666666666667 0.4671875 0.7611111111111111 0.47265625 0.7583333333333333 0.48125 0.7611111111111111 0.4765625 0.7652777777777777 0.4796875 0.7666666666666667 0.484375 0.7763888888888889 0.48984375 0.7763888888888889 0.49375 0.7722222222222223 0.4890625 0.7597222222222222 0.48984375 0.7541666666666667 0.5046875 0.7541666666666667 0.50703125 0.7513888888888889 0.50703125 0.7444444444444445 0.51953125 0.7375 0.52109375 0.7263888888888889 0.51640625 0.7236111111111111 0.515625 0.7166666666666667 0.52578125 0.7097222222222223 0.5359375 0.7111111111111111 0.53671875 0.7041666666666667 0.5453125 0.7 0.559375 0.7 0.56171875 0.6972222222222222
3 0.946875 0.7319444444444444 0.9625 0.7402777777777778 0.9765625 0.7541666666666667 0.975 0.7583333333333333 0.9765625 0.7666666666666667 0.97578125 0.7763888888888889 0.97109375 0.7819444444444444 0.95859375 0.7833333333333333 0.95703125 0.7902777777777777 0.9515625 0.7902777777777777 0.94375 0.7819444444444444 0.9359375 0.7680555555555556 0.93046875 0.7458333333333333 0.9234375 0.7333333333333333 0.9328125 0.7291666666666666 0.94609375 0.7319444444444444
3 0.56640625 0.6986111111111111 0.57421875 0.7 0.5875 0.7097222222222223 0.5984375 0.7291666666666666 0.5984375 0.7583333333333333 0.5921875 0.7722222222222223 0.58203125 0.7819444444444444 0.5625 0.7916666666666666 0.53828125 0.7972222222222223 0.5265625 0.8111111111111111 0.5078125 0.8208333333333333 0.50234375 0.8208333333333333 0.5046875 0.8125 0.5125 0.8111111111111111 0.51484375 0.8069444444444445 0.5125 0.8027777777777778 0.48984375 0.8013888888888889 0.484375 0.8041666666666667 0.4828125 0.8138888888888889 0.4796875 0.8180555555555555 0.48203125 0.8208333333333333 0.4875 0.8180555555555555 0.4953125 0.8208333333333333 0.49609375 0.825 0.49453125 0.8277777777777777 0.46328125 0.8472222222222222 0.45625 0.8486111111111111 0.4453125 0.8583333333333333 0.42109375 0.8694444444444445 0.40703125 0.8680555555555556 0.403125 0.8777777777777778 0.39375 0.8833333333333333 0.38671875 0.8819444444444444 0.3765625 0.8902777777777777 0.37265625 0.8902777777777777 0.37734375 0.8888888888888888 0.378125 0.8833333333333333 0.38671875 0.875 0.39375 0.875 0.4015625 0.8694444444444445 0.40078125 0.8638888888888889 0.38984375 0.8652777777777778 0.38671875 0.8708333333333333 0.3796875 0.8694444444444445 0.38125 0.8611111111111112 0.39375 0.8569444444444444 0.39765625 0.8513888888888889 0.41640625 0.8472222222222222 0.43125 0.8333333333333334 0.45546875 0.8208333333333333 0.45859375 0.8166666666666667 0.45703125 0.8125 0.44921875 0.8111111111111111 0.4390625 0.8180555555555555 0.428125 0.8166666666666667 0.40625 0.825 0.396875 0.8347222222222223 0.3890625 0.8361111111111111 0.3765625 0.8541666666666666 0.36796875 0.8777777777777778 0.3640625 0.8972222222222223 0.359375 0.9041666666666667 0.3546875 0.9041666666666667 0.3484375 0.8986111111111111 0.34140625 0.9 0.3375 0.8958333333333334 0.3375 0.8833333333333333 0.33984375 0.8777777777777778 0.3375 0.8666666666666667 0.3390625 0.8583333333333333 0.34453125 0.8444444444444444 0.3546875 0.8333333333333334 0.35546875 0.8277777777777777 0.3625 0.8222222222222222 0.3671875 0.8222222222222222 0.36796875 0.8194444444444444 0.365625 0.8166666666666667 0.38671875 0.8083333333333333 0.4 0.8083333333333333 0.40390625 0.8111111111111111 0.40859375 0.8083333333333333 0.40859375 0.8027777777777778 0.4171875 0.8 0.42109375 0.8041666666666667 0.43046875 0.8013888888888889 0.4421875 0.8027777777777778 0.45703125 0.7875 0.496875 0.7763888888888889 0.52578125 0.7472222222222222 0.53125 0.7333333333333333 0.534375 0.7305555555555555 0.54140625 0.7055555555555556 0.55703125 0.7027777777777777 0.5640625 0.7097222222222223 0.56640625 0.7055555555555556 0.56640625 0.7
3 0.590625 0.8694444444444445 0.61015625 0.8805555555555555 0.63359375 0.9027777777777778 0.64296875 0.9180555555555555 0.65 0.9361111111111111 0.66015625 0.975 0.659375 0.9944444444444445 0.65625 0.9986111111111111 0.64296875 0.9986111111111111 0.640625 0.9944444444444445 0.62421875 0.9916666666666667 0.6203125 0.9763888888888889 0.62421875 0.9611111111111111 0.62109375 0.9402777777777778 0.615625 0.925 0.60546875 0.9069444444444444 0.5859375 0.8819444444444444 0.5859375 0.8791666666666667 0.590625 0.875 0.590625 0.8708333333333333
3 0.7765625 0.6888888888888889 0.78671875 0.6916666666666667 0.82421875 0.7125 0.9046875 0.7652777777777777 0.91171875 0.7708333333333334 0.9125 0.775 0.88984375 0.7652777777777777 0.828125 0.725 0.78359375 0.7 0.771875 0.6916666666666667 0.77578125 0.6888888888888889