3 0.078125 0.525 0.08046875 0.5194444444444445 0.09296875 0.5180555555555556 0.09765625 0.5097222222222222 0.1 0.49444444444444446 0.10234375 0.49027777777777776 0.1171875 0.49027777777777776 0.121875 0.49583333333333335 0.12265625 0.5041666666666667 0.11640625 0.5291666666666667 0.10859375 0.5416666666666666 0.08984375 0.55 0.084375 0.5569444444444445 0.0703125 0.5638888888888889 0.0640625 0.5708333333333333 0.03359375 0.5819444444444445 0.00234375 0.5888888888888889 0 0.5888888888888889 0 0.5680555555555555 0.0265625 0.5666666666666667 0.0328125 0.5597222222222222 0.05 0.5597222222222222 0.059375 0.5472222222222223 0.06640625 0.5458333333333333 0.084375 0.5333333333333333 0.084375 0.5277777777777778 0.07890625 0.525
3 0.74296875 0.7013888888888888 0.75078125 0.7069444444444445 0.771875 0.7416666666666667 0.8 0.7722222222222223 0.8 0.7791666666666667 0.80234375 0.7819444444444444 0.821875 0.7888888888888889 0.84765625 0.8083333333333333 0.8625 0.8097222222222222 0.8703125 0.8263888888888888 0.87578125 0.8291666666666667 0.88125 0.8277777777777777 0.89140625 0.8361111111111111 0.89765625 0.8375 0.90078125 0.8458333333333333 0.9109375 0.85 0.9203125 0.8611111111111112 0.94453125 0.8722222222222222 0.959375 0.8861111111111111 0.97109375 0.9055555555555556 0.9765625 0.9069444444444444 0.978125 0.9125 0.99453125 0.9194444444444444 0.99609375 0.9291666666666667 0.99921875 0.9333333333333333 0.99921875 0.9430555555555555 0.99375 0.9472222222222222 0.98984375 0.9402777777777778 0.98125 0.9402777777777778 0.97890625 0.9375 0.97265625 0.9375 0.9703125 0.9416666666666667 0.971875 0.9458333333333333 0.98125 0.9486111111111111 0.990625 0.9611111111111111 0.99921875 0.9666666666666667 0.99921875 0.9736111111111111 0.9953125 0.9791666666666666 0.97734375 0.9805555555555555 0.975 0.9763888888888889 0.975 0.9708333333333333 0.9703125 0.9680555555555556 0.96015625 0.9861111111111112 0.9640625 0.9916666666666667 0.9734375 0.9916666666666667 0.97578125 0.9944444444444445 0.965625 0.9944444444444445 0.96328125 0.9916666666666667 0.96015625 0.9944444444444445 0.94375 0.9958333333333333 0.9328125 0.9944444444444445 0.93046875 0.9875 0.91796875 0.9736111111111111 0.90703125 0.9652777777777778 0.9 0.9652777777777778 0.88671875 0.9472222222222222 0.88359375 0.9527777777777777 0.878125 0.9486111111111111 0.87890625 0.9458333333333333 0.8765625 0.9430555555555555 0.87109375 0.9444444444444444 0.8671875 0.9416666666666667 0.85703125 0.9263888888888889 0.8421875 0.9180555555555555 0.83203125 0.9041666666666667 0.82734375 0.9027777777777778 0.8140625 0.8902777777777777 0.8109375 0.8861111111111111 0.8109375 0.8777777777777778 0.80703125 0.8694444444444445 0.7828125 0.8416666666666667 0.76875 0.8277777777777777 0.75625 0.8222222222222222 0.7515625 0.8277777777777777 0.7484375 0.8236111111111111 0.74921875 0.8180555555555555 0.74453125 0.8208333333333333 0.71015625 0.7805555555555556 0.7015625 0.7597222222222222 0.6953125 0.7513888888888889 0.6953125 0.7458333333333333 0.70078125 0.7402777777777778 0.70703125 0.7388888888888889 0.709375 0.7347222222222223 0.709375 0.7222222222222222 0.7125 0.7152777777777778 0.7265625 0.7111111111111111 0.73046875 0.7055555555555556 0.7421875 0.7013888888888888
3 0.5359375 0.7986111111111112 0.5484375 0.8569444444444444 0.55 0.8597222222222223 0.559375 0.8611111111111112 0.5515625 0.8791666666666667 0.55234375 0.9 0.55625 0.9291666666666667 0.55234375 0.9416666666666667 0.553125 0.9458333333333333 0.54765625 0.9555555555555556 0.54765625 0.9597222222222223 0.55703125 0.9666666666666667 0.5640625 0.9611111111111111 0.5640625 0.9430555555555555 0.5703125 0.9291666666666667 0.58203125 0.9486111111111111 0.5953125 0.9930555555555556 0.59453125 0.9958333333333333 0.5875 0.9986111111111111 0.5671875 0.9944444444444445 0.52734375 0.9958333333333333 0.52421875 0.9944444444444445 0.52421875 0.9888888888888889 0.515625 0.9777777777777777 0.5140625 0.9694444444444444 0.51796875 0.9472222222222222 0.51796875 0.9152777777777777 0.51640625 0.9111111111111111 0.51875 0.9 0.525 0.8944444444444445 0.5328125 0.8972222222222223 0.540625 0.8833333333333333 0.540625 0.8791666666666667 0.53359375 0.8597222222222223 0.53671875 0.8513888888888889 0.53125 0.8416666666666667 0.52734375 0.8402777777777778 0.52265625 0.8444444444444444 0.52265625 0.8486111111111111 0.52734375 0.8555555555555555 0.52578125 0.8708333333333333 0.51953125 0.8666666666666667 0.52265625 0.8541666666666666 0.52109375 0.8388888888888889 0.5234375 0.8305555555555556 0.51875 0.8263888888888888 0.51796875 0.8166666666666667 0.51171875 0.8027777777777778 0.51171875 0.7986111111111112 0.515625 0.7986111111111112 0.515625 0.8055555555555556 0.5203125 0.8111111111111111 0.521875 0.8208333333333333 0.5296875 0.8097222222222222 0.53046875 0.7944444444444444 0.53515625 0.7986111111111112
3 0.178125 0.7111111111111111 0.2328125 0.7236111111111111 0.278125 0.7486111111111111 0.3140625 0.7597222222222222 0.33046875 0.7694444444444445 0.3765625 0.7791666666666667 0.38828125 0.7875 0.39921875 0.7902777777777777 0.4109375 0.8013888888888889 0.4171875 0.8027777777777778 0.42109375 0.8097222222222222 0.43125 0.8138888888888889 0.43359375 0.825 0.44609375 0.8319444444444445 0.446875 0.8444444444444444 0.45 0.85 0.478125 0.8791666666666667 0.478125 0.8819444444444444 0.47421875 0.8902777777777777 0.46953125 0.8888888888888888 0.4609375 0.8972222222222223 0.46015625 0.9069444444444444 0.46484375 0.9138888888888889 0.4625 0.9180555555555555 0.45625 0.9180555555555555 0.44375 0.9013888888888889 0.4390625 0.9027777777777778 0.43203125 0.8930555555555556 0.428125 0.9083333333333333 0.42578125 0.9055555555555556 0.42109375 0.9069444444444444 0.4203125 0.9041666666666667 0.42265625 0.9 0.41640625 0.8916666666666667 0.4140625 0.8916666666666667 0.4109375 0.8986111111111111 0.40546875 0.8833333333333333 0.40078125 0.8805555555555555 0.39375 0.8833333333333333 0.3890625 0.8902777777777777 0.39296875 0.9027777777777778 0.4046875 0.9125 0.40703125 0.9180555555555555 0.40703125 0.925 0.4140625 0.9277777777777778 0.40390625 0.9388888888888889 0.40078125 0.9388888888888889 0.39453125 0.9319444444444445 0.384375 0.9305555555555556 0.378125 0.9180555555555555 0.3796875 0.9138888888888889 0.3765625 0.9097222222222222 0.36953125 0.9097222222222222 0.3515625 0.8972222222222223 0.33125 0.8972222222222223 0.32890625 0.8861111111111111 0.32265625 0.8819444444444444 0.31328125 0.8652777777777778 0.28984375 0.8486111111111111 0.2625 0.8416666666666667 0.2484375 0.8319444444444445 0.24140625 0.8194444444444444 0.2234375 0.8083333333333333 0.21328125 0.8055555555555556 0.19921875 0.7861111111111111 0.190625 0.7861111111111111 0.16875 0.775 0.153125 0.775 0.15078125 0.7777777777777778 0.11640625 0.775 0.11328125 0.7777777777777778 0.08125 0.7791666666666667 0.07734375 0.7819444444444444 0.06875 0.7777777777777778 0.06015625 0.7777777777777778 0.0515625 0.7805555555555556 0.04921875 0.7847222222222222 0.04609375 0.7847222222222222 0.04296875 0.7791666666666667 0.034375 0.7833333333333333 0 0.7833333333333333 0 0.7263888888888889 0.003125 0.725 0.05703125 0.7194444444444444 0.1171875 0.7083333333333334 0.17734375 0.7111111111111111
3 0.5046875 0.7875 0.5078125 0.7930555555555555 0.50703125 0.8 0.5125 0.8263888888888888 0.515625 0.8333333333333334 0.5171875 0.8444444444444444 0.51640625 0.8555555555555555 0.51484375 0.8569444444444444 0.50859375 0.8430555555555556 0.5046875 0.8444444444444444 0.503125 0.8486111111111111 0.50390625 0.8583333333333333 0.48828125 0.8875 0.49453125 0.8944444444444445 0.50546875 0.8958333333333334 0.50703125 0.8930555555555556 0.50703125 0.8791666666666667 0.51171875 0.8763888888888889 0.51484375 0.8652777777777778 0.5171875 0.8763888888888889 0.51953125 0.8791666666666667 0.496875 0.9111111111111111 0.49453125 0.925 0.4859375 0.9388888888888889 0.48203125 0.9555555555555556 0.46171875 0.9847222222222223 0.4578125 0.9944444444444445 0.44921875 0.9944444444444445 0.4484375 0.9902777777777778 0.45390625 0.9819444444444444 0.4546875 0.975 0.475 0.9388888888888889 0.475 0.9347222222222222 0.47265625 0.9319444444444445 0.46796875 0.9333333333333333 0.46328125 0.9388888888888889 0.4578125 0.9541666666666667 0.453125 0.9569444444444445 0.4484375 0.9666666666666667 0.4484375 0.9736111111111111 0.4453125 0.9777777777777777 0.4421875 0.9930555555555556 0.43203125 0.9944444444444445 0.428125 0.9986111111111111 0.4234375 0.9986111111111111 0.42109375 0.9930555555555556 0.48671875 0.8680555555555556 0.49765625 0.8347222222222223 0.50546875 0.8208333333333333 0.503125 0.8083333333333333 0.50390625 0.7888888888888889
3 0.97265625 0.5430555555555555 0.99921875 0.5430555555555555 0.99921875 0.5583333333333333 0.9953125 0.5625 0.940625 0.5680555555555555 0.89765625 0.5847222222222223 0.86953125 0.5875 0.86796875 0.5916666666666667 0.8640625 0.5930555555555556 0.84765625 0.5944444444444444 0.83984375 0.6027777777777777 0.82421875 0.6083333333333333 0.81484375 0.6194444444444445 0.809375 0.6194444444444445 0.803125 0.6263888888888889 0.7953125 0.6277777777777778 0.7890625 0.6333333333333333 0.77890625 0.6486111111111111 0.7734375 0.6513888888888889 0.7734375 0.6555555555555556 0.7796875 0.6569444444444444 0.778125 0.6597222222222222 0.77265625 0.6611111111111111 0.771875 0.6541666666666667 0.76875 0.65 0.76171875 0.6513888888888889 0.7546875 0.6611111111111111 0.75234375 0.6708333333333333 0.728125 0.6902777777777778 0.71328125 0.7083333333333334 0.70625 0.7111111111111111 0.68203125 0.7347222222222223 0.6625 0.7416666666666667 0.6484375 0.7388888888888889 0.640625 0.7513888888888889 0.59609375 0.7611111111111111 0.5875 0.7611111111111111 0.58125 0.7458333333333333 0.571875 0.75 0.5609375 0.7472222222222222 0.5796875 0.7375 0.59296875 0.7375 0.6328125 0.7263888888888889 0.646875 0.7125 0.65390625 0.6986111111111111 0.69140625 0.6583333333333333 0.72109375 0.6416666666666667 0.7484375 0.6152777777777778 0.759375 0.6097222222222223 0.7859375 0.5875 0.796875 0.5861111111111111 0.7984375 0.5833333333333334 0.79609375 0.5763888888888888 0.796875 0.5736111111111111 0.80390625 0.5736111111111111 0.80703125 0.5805555555555556 0.81484375 0.5708333333333333 0.8296875 0.5680555555555555 0.85234375 0.5694444444444444 0.8578125 0.5652777777777778 0.87421875 0.5680555555555555 0.8796875 0.5638888888888889 0.89609375 0.5625 0.91640625 0.5541666666666667 0.9359375 0.5527777777777778 0.94296875 0.5555555555555556 0.953125 0.5472222222222223 0.971875 0.5430555555555555
3 0.7828125 0.5986111111111111 0.790625 0.6013888888888889 0.79921875 0.6125 0.8 0.6166666666666667 0.79609375 0.6222222222222222 0.77890625 0.6402777777777777 0.76640625 0.6402777777777777 0.75859375 0.6458333333333334 0.7515625 0.6416666666666667 0.74453125 0.6444444444444445 0.7421875 0.6486111111111111 0.7421875 0.6555555555555556 0.74453125 0.6611111111111111 0.75078125 0.6625 0.75078125 0.6680555555555555 0.7296875 0.6861111111111111 0.71015625 0.7097222222222223 0.68125 0.7361111111111112 0.66015625 0.7444444444444445 0.65 0.7430555555555556 0.64140625 0.7527777777777778 0.59296875 0.7625 0.58671875 0.7625 0.58203125 0.7527777777777778 0.57734375 0.7527777777777778 0.57421875 0.7486111111111111 0.57109375 0.7513888888888889 0.5734375 0.7541666666666667 0.56796875 0.7513888888888889 0.5609375 0.7527777777777778 0.56015625 0.7472222222222222 0.56171875 0.7458333333333333 0.57734375 0.7375 0.59765625 0.7361111111111112 0.63125 0.7263888888888889 0.64375 0.7152777777777778 0.653125 0.6986111111111111 0.67578125 0.675 0.68125 0.6666666666666666 0.68125 0.6625 0.6859375 0.6625 0.69140625 0.6569444444444444 0.72265625 0.6402777777777777 0.7390625 0.6263888888888889 0.74765625 0.6152777777777778 0.75625 0.6125 0.76796875 0.6013888888888889 0.78203125 0.5986111111111111
3 0.1703125 0.4638888888888889 0.175 0.4625 0.17890625 0.4666666666666667 0.19921875 0.46944444444444444 0.209375 0.4777777777777778 0.2203125 0.4777777777777778 0.2359375 0.48333333333333334 0.25546875 0.48333333333333334 0.2640625 0.4875 0.2828125 0.4847222222222222 0.28828125 0.49027777777777776 0.3234375 0.49722222222222223 0.33515625 0.49583333333333335 0.346875 0.5027777777777778 0.35546875 0.5013888888888889 0.359375 0.5041666666666667 0.3859375 0.5041666666666667 0.39453125 0.5069444444444444 0.409375 0.5041666666666667 0.4140625 0.5097222222222222 0.43515625 0.5083333333333333 0.4375 0.5055555555555555 0.44609375 0.5069444444444444 0.453125 0.5027777777777778 0.45546875 0.5111111111111111 0.46015625 0.5180555555555556 0.46953125 0.5208333333333334 0.4765625 0.5180555555555556 0.5140625 0.5208333333333334 0.5171875 0.5277777777777778 0.52890625 0.5319444444444444 0.5328125 0.5388888888888889 0.54453125 0.5486111111111112 0.54296875 0.5513888888888889 0.52265625 0.5569444444444445 0.525 0.5625 0.5359375 0.5708333333333333 0.5359375 0.5763888888888888 0.52890625 0.5833333333333334 0.47890625 0.5833333333333334 0.44296875 0.5736111111111111 0.42890625 0.5652777777777778 0.3953125 0.5541666666666667 0.38515625 0.5472222222222223 0.3390625 0.5361111111111111 0.296875 0.5208333333333334 0.28828125 0.5222222222222223 0.27578125 0.5097222222222222 0.265625 0.5041666666666667 0.26171875 0.5055555555555555 0.2578125 0.5 0.23671875 0.4986111111111111 0.2234375 0.4875 0.20859375 0.48055555555555557 0.2 0.48055555555555557 0.1890625 0.4722222222222222 0.17109375 0.4652777777777778
3 0.57578125 0.5597222222222222 0.58125 0.5597222222222222 0.59609375 0.5694444444444444 0.6078125 0.5833333333333334 0.63671875 0.6083333333333333 0.64296875 0.6125 0.6515625 0.6111111111111112 0.66796875 0.6222222222222222 0.67578125 0.6291666666666667 0.69140625 0.6569444444444444 0.68984375 0.6625 0.6828125 0.6694444444444444 0.6671875 0.6652777777777777 0.66796875 0.6736111111111112 0.66484375 0.6736111111111112 0.6609375 0.6791666666666667 0.6546875 0.6791666666666667 0.63671875 0.6541666666666667 0.6234375 0.6291666666666667 0.6125 0.6194444444444445 0.60546875 0.6055555555555555 0.58984375 0.5875 0.57578125 0.5611111111111111
3 0.5046875 0.7805555555555556 0.51015625 0.7888888888888889 0.51640625 0.8208333333333333 0.5203125 0.8319444444444445 0.52265625 0.8472222222222222 0.52265625 0.8680555555555556 0.525 0.8791666666666667 0.52421875 0.8888888888888888 0.51875 0.9 0.51171875 0.8944444444444445 0.50546875 0.9111111111111111 0.50859375 0.9180555555555555 0.50703125 0.925 0.50859375 0.9333333333333333 0.50625 0.9388888888888889 0.509375 0.9458333333333333 0.5109375 0.9625 0.509375 0.9666666666666667 0.50546875 0.9638888888888889 0.503125 0.9666666666666667 0.503125 0.9805555555555555 0.509375 0.9833333333333333 0.5046875 0.9833333333333333 0.5015625 0.9930555555555556 0.5 0.9930555555555556 0.4890625 0.9847222222222223 0.48203125 0.9722222222222222 0.48125 0.9666666666666667 0.47734375 0.9666666666666667 0.4671875 0.9805555555555555 0.4609375 0.9944444444444445 0.45625 0.9972222222222222 0.44921875 0.9930555555555556 0.4734375 0.9388888888888889 0.47421875 0.9305555555555556 0.471875 0.925 0.48359375 0.9194444444444444 0.4859375 0.9111111111111111 0.48359375 0.9027777777777778 0.48046875 0.9 0.475 0.9097222222222222 0.4703125 0.9125 0.4734375 0.9027777777777778 0.48125 0.8888888888888888 0.4828125 0.9 0.4875 0.8986111111111111 0.490625 0.8916666666666667 0.5015625 0.8902777777777777 0.5125 0.8694444444444445 0.5125 0.8569444444444444 0.51015625 0.8458333333333333 0.5078125 0.8416666666666667 0.5046875 0.8416666666666667 0.5015625 0.8472222222222222 0.50078125 0.8555555555555555 0.4953125 0.8625 0.4875 0.8833333333333333 0.4828125 0.8875 0.4828125 0.8833333333333333 0.48671875 0.8763888888888889 0.50390625 0.825 0.5046875 0.8180555555555555 0.5 0.7833333333333333 0.50078125 0.775 0.50390625 0.7805555555555556
3 0.50390625 0.7666666666666667 0.50859375 0.775 0.5140625 0.775 0.51875 0.7902777777777777 0.52578125 0.7888888888888889 0.53203125 0.7930555555555555 0.51875 0.7972222222222223 0.51796875 0.8027777777777778 0.52578125 0.8111111111111111 0.53046875 0.8055555555555556 0.53203125 0.7986111111111112 0.5359375 0.8027777777777778 0.5375 0.8138888888888889 0.54375 0.8319444444444445 0.54765625 0.8555555555555555 0.55390625 0.8666666666666667 0.55078125 0.8777777777777778 0.5515625 0.9 0.55390625 0.9180555555555555 0.5578125 0.9277777777777778 0.5546875 0.9388888888888889 0.5484375 0.95 0.54765625 0.9597222222222223 0.54921875 0.9625 0.56015625 0.9611111111111111 0.56328125 0.9541666666666667 0.56171875 0.9486111111111111 0.56171875 0.9430555555555555 0.5640625 0.9388888888888889 0.56328125 0.9277777777777778 0.5703125 0.9291666666666667 0.58671875 0.9597222222222223 0.5875 0.9680555555555556 0.5953125 0.9916666666666667 0.5953125 0.9958333333333333 0.5921875 0.9986111111111111 0.55078125 0.9944444444444445 0.52578125 0.9972222222222222 0.484375 0.9930555555555556 0.45859375 0.9958333333333333 0.42109375 0.9944444444444445 0.44140625 0.95 0.46328125 0.9180555555555555 0.4625 0.9111111111111111 0.46484375 0.9041666666666667 0.46875 0.9013888888888889 0.4765625 0.8833333333333333 0.48515625 0.8736111111111111 0.49765625 0.8333333333333334 0.50234375 0.8263888888888888 0.503125 0.8166666666666667 0.4984375 0.7680555555555556 0.503125 0.7666666666666667
3 0 0.3888888888888889 0.02421875 0.39444444444444443 0.02734375 0.39861111111111114 0.0296875 0.4125 0.02890625 0.42083333333333334 0.02421875 0.4236111111111111 0 0.42083333333333334 0 0.3902777777777778
3 0.65546875 0.7458333333333333 0.65546875 0.75 0.6515625 0.7569444444444444 0.625 0.7972222222222223 0.61328125 0.8430555555555556 0.590625 0.875 0.5796875 0.8944444444444445 0.57109375 0.9208333333333333 0.57109375 0.9319444444444445 0.58125 0.9486111111111111 0.5859375 0.9513888888888888 0.5859375 0.9694444444444444 0.5953125 0.9944444444444445 0.58671875 0.9930555555555556 0.5859375 0.9722222222222222 0.57421875 0.9736111111111111 0.5640625 0.9569444444444445 0.553125 0.9666666666666667 0.54609375 0.9777777777777777 0.54453125 0.9666666666666667 0.546875 0.9416666666666667 0.553125 0.9347222222222222 0.5546875 0.9236111111111112 0.5609375 0.9152777777777777 0.56875 0.8972222222222223 0.5703125 0.8875 0.57734375 0.8680555555555556 0.60078125 0.8333333333333334 0.603125 0.8277777777777777 0.60234375 0.8166666666666667 0.60859375 0.8138888888888889 0.61484375 0.8027777777777778 0.6171875 0.7930555555555555 0.6359375 0.7625 0.64765625 0.7472222222222222 0.6546875 0.7458333333333333
3 0.0953125 0.9416666666666667 0.13984375 0.9486111111111111 0.1578125 0.9430555555555555 0.18046875 0.95 0.1921875 0.9486111111111111 0.22578125 0.9680555555555556 0.24453125 0.9680555555555556 0.24765625 0.9722222222222222 0.26015625 0.9763888888888889 0.26875 0.9833333333333333 0.27890625 0.9833333333333333 0.28515625 0.9930555555555556 0.28203125 0.9986111111111111 0.21171875 0.9986111111111111 0.21015625 0.9958333333333333 0.19140625 0.9958333333333333 0.18046875 0.9875 0.16328125 0.9875 0.13671875 0.9930555555555556 0.128125 0.9819444444444444 0.12265625 0.9819444444444444 0.11796875 0.9861111111111112 0.1125 0.9791666666666666 0.10625 0.9763888888888889 0.1015625 0.9763888888888889 0.09453125 0.9847222222222223 0.09140625 0.9833333333333333 0.090625 0.9791666666666666 0.0796875 0.9777777777777777 0.078125 0.9805555555555555 0.07265625 0.975 0.06015625 0.9777777777777777 0.046875 0.9736111111111111 0.04140625 0.9652777777777778 0.0328125 0.9638888888888889 0.03046875 0.9527777777777777 0.03203125 0.9458333333333333 0.09453125 0.9416666666666667
3 0.1390625 0.4527777777777778 0.1546875 0.4583333333333333 0.17265625 0.4722222222222222 0.18828125 0.5097222222222222 0.20859375 0.5347222222222222 0.2328125 0.5569444444444445 0.24375 0.5736111111111111 0.24375 0.5847222222222223 0.25078125 0.6069444444444444 0.259375 0.5916666666666667 0.25234375 0.5847222222222223 0.25390625 0.5805555555555556 0.2515625 0.575 0.24765625 0.5777777777777777 0.24609375 0.5736111111111111 0.25234375 0.5736111111111111 0.2546875 0.5708333333333333 0.2546875 0.5666666666666667 0.2625 0.5652777777777778 0.275 0.5736111111111111 0.2828125 0.5861111111111111 0.28359375 0.5916666666666667 0.28203125 0.6013888888888889 0.27578125 0.6111111111111112 0.25234375 0.6305555555555555 0.24609375 0.6388888888888888 0.1953125 0.6666666666666666 0.178125 0.6694444444444444 0.16484375 0.6805555555555556 0.15078125 0.6875 0.1390625 0.6875 0.1328125 0.6930555555555555 0.12421875 0.6916666666666667 0.1203125 0.6944444444444444 0.10546875 0.6916666666666667 0.1109375 0.6902777777777778 0.121875 0.6777777777777778 0.12578125 0.6777777777777778 0.13359375 0.6708333333333333 0.14375 0.6694444444444444 0.17109375 0.6291666666666667 0.17421875 0.6277777777777778 0.175 0.6208333333333333 0.17578125 0.6277777777777778 0.18203125 0.6305555555555555 0.18515625 0.625 0.18515625 0.6180555555555556 0.18984375 0.6166666666666667 0.19296875 0.6194444444444445 0.20234375 0.6083333333333333 0.21015625 0.5930555555555556 0.21015625 0.5861111111111111 0.20625 0.5777777777777777 0.2 0.575 0.19609375 0.5791666666666667 0.19296875 0.5777777777777777 0.19765625 0.5708333333333333 0.19453125 0.5638888888888889 0.171875 0.5597222222222222 0.16015625 0.5527777777777778 0.16015625 0.5458333333333333 0.1875 0.5472222222222223 0.18984375 0.5430555555555555 0.17578125 0.5263888888888889 0.1515625 0.47638888888888886 0.12890625 0.4597222222222222 0.12734375 0.45694444444444443 0.128125 0.4527777777777778 0.13828125 0.4527777777777778