0 0.9288194444444444 0.396484375 0.9409722222222222 0.3974609375 0.9461805555555556 0.400390625 0.9479166666666666 0.408203125 0.9236111111111112 0.4072265625 0.9236111111111112 0.3974609375 0.9270833333333334 0.396484375
0 0.078125 0.486328125 0.0920138888888889 0.4873046875 0.08854166666666667 0.4912109375 0.08854166666666667 0.5 0.0798611111111111 0.5 0.07465277777777778 0.498046875 0.05381944444444445 0.498046875 0.05555555555555555 0.494140625 0.052083333333333336 0.4921875 0.052083333333333336 0.4873046875 0.05555555555555555 0.4853515625 0.0763888888888889 0.486328125
0 0.13368055555555555 0.4794921875 0.140625 0.4814453125 0.1684027777777778 0.48046875 0.16666666666666666 0.48828125 0.1701388888888889 0.4921875 0.16493055555555555 0.4931640625 0.1545138888888889 0.490234375 0.14583333333333334 0.4921875 0.1423611111111111 0.4951171875 0.1284722222222222 0.4970703125 0.13368055555555555 0.4912109375 0.13368055555555555 0.48828125 0.1284722222222222 0.484375 0.13194444444444445 0.48046875
0 0.5572916666666666 0.48828125 0.5659722222222222 0.490234375 0.5763888888888888 0.48828125 0.5885416666666666 0.494140625 0.5868055555555556 0.4970703125 0.5815972222222222 0.498046875 0.5815972222222222 0.501953125 0.5694444444444444 0.5048828125 0.5642361111111112 0.5029296875 0.5572916666666666 0.50390625 0.5555555555555556 0.4970703125 0.5486111111111112 0.4951171875 0.5503472222222222 0.490234375 0.5555555555555556 0.48828125
0 0.4947916666666667 0.4521484375 0.4947916666666667 0.4482421875 0.4982638888888889 0.4462890625 0.5277777777777778 0.4482421875 0.5260416666666666 0.4580078125 0.515625 0.4560546875 0.5104166666666666 0.4599609375 0.5017361111111112 0.4609375 0.4982638888888889 0.4599609375 0.5 0.4541015625 0.4965277777777778 0.4521484375
0 0.6076388888888888 0.4365234375 0.6145833333333334 0.439453125 0.609375 0.4453125 0.6024305555555556 0.4482421875 0.5902777777777778 0.447265625 0.5815972222222222 0.44140625 0.5815972222222222 0.4375 0.5850694444444444 0.435546875 0.59375 0.4375 0.6059027777777778 0.4365234375
0 0.6475694444444444 0.484375 0.6510416666666666 0.486328125 0.6475694444444444 0.4951171875 0.6371527777777778 0.5 0.6215277777777778 0.498046875 0.6180555555555556 0.4833984375 0.6232638888888888 0.4814453125 0.6267361111111112 0.4833984375 0.6458333333333334 0.484375
3 0.7204861111111112 0.7509765625 0.7482638888888888 0.7470703125 0.7743055555555556 0.7470703125 0.8072916666666666 0.744140625 0.8454861111111112 0.744140625 0.8871527777777778 0.7412109375 0.9131944444444444 0.7412109375 0.9236111111111112 0.7431640625 0.9253472222222222 0.74609375 0.9253472222222222 0.75 0.9201388888888888 0.75390625 0.8715277777777778 0.7529296875 0.8489583333333334 0.7568359375 0.8177083333333334 0.7568359375 0.8072916666666666 0.7548828125 0.7673611111111112 0.755859375 0.7204861111111112 0.751953125
3 0.9270833333333334 0.6181640625 0.9340277777777778 0.6162109375 0.9375 0.6171875 0.9392361111111112 0.6259765625 0.9305555555555556 0.62890625 0.9184027777777778 0.6474609375 0.9184027777777778 0.6552734375 0.9236111111111112 0.66015625 0.9201388888888888 0.6669921875 0.9236111111111112 0.6953125 0.9149305555555556 0.697265625 0.90625 0.669921875 0.9079861111111112 0.642578125 0.9270833333333334 0.619140625
3 0.3194444444444444 0.560546875 0.3229166666666667 0.560546875 0.3298611111111111 0.5654296875 0.328125 0.57421875 0.3142361111111111 0.5810546875 0.2881944444444444 0.587890625 0.2829861111111111 0.591796875 0.2638888888888889 0.59765625 0.2222222222222222 0.6005859375 0.2152777777777778 0.603515625 0.19791666666666666 0.6025390625 0.1875 0.60546875 0.18055555555555555 0.6044921875 0.16666666666666666 0.6103515625 0.15625 0.609375 0.13541666666666666 0.611328125 0.11979166666666667 0.6181640625 0.09375 0.6171875 0.078125 0.62109375 0.06944444444444445 0.62109375 0.05555555555555555 0.626953125 0.03819444444444445 0.62890625 0.006944444444444444 0.638671875 0 0.638671875 0 0.615234375 0.010416666666666666 0.6103515625 0.043402777777777776 0.60546875 0.05555555555555555 0.5986328125 0.0625 0.5966796875 0.06770833333333333 0.59765625 0.078125 0.591796875 0.08159722222222222 0.5927734375 0.08333333333333333 0.58984375 0.08680555555555555 0.5927734375 0.09375 0.5927734375 0.09375 0.5849609375 0.109375 0.587890625 0.11979166666666667 0.583984375 0.15104166666666666 0.5791015625 0.1579861111111111 0.580078125 0.1701388888888889 0.5751953125 0.19270833333333334 0.5732421875 0.2048611111111111 0.5693359375 0.24305555555555555 0.5654296875 0.2621527777777778 0.5595703125 0.2864583333333333 0.5576171875 0.2881944444444444 0.5595703125 0.3125 0.56640625 0.3194444444444444 0.5615234375
3 0.6979166666666666 0.5166015625 0.7065972222222222 0.51953125 0.7152777777777778 0.51953125 0.7482638888888888 0.525390625 0.7690972222222222 0.525390625 0.7934027777777778 0.53125 0.8107638888888888 0.53125 0.8194444444444444 0.5341796875 0.8402777777777778 0.5361328125 0.8489583333333334 0.53515625 0.8524305555555556 0.5400390625 0.8524305555555556 0.5478515625 0.8472222222222222 0.548828125 0.8211805555555556 0.54296875 0.8038194444444444 0.54296875 0.7864583333333334 0.5380859375 0.7673611111111112 0.5390625 0.7621527777777778 0.537109375 0.7534722222222222 0.537109375 0.7465277777777778 0.5341796875 0.7361111111111112 0.5341796875 0.71875 0.5283203125 0.6909722222222222 0.525390625 0.6892361111111112 0.5205078125 0.6961805555555556 0.517578125
3 0.17708333333333334 0.6083984375 0.1840277777777778 0.60546875 0.19270833333333334 0.6064453125 0.1996527777777778 0.6025390625 0.2170138888888889 0.599609375 0.2482638888888889 0.5966796875 0.2552083333333333 0.59765625 0.2552083333333333 0.603515625 0.23958333333333334 0.609375 0.1892361111111111 0.638671875 0.1753472222222222 0.6416015625 0.15104166666666666 0.650390625 0.11979166666666667 0.65234375 0.09375 0.6572265625 0.08159722222222222 0.6630859375 0.06770833333333333 0.666015625 0.0625 0.6689453125 0.057291666666666664 0.66796875 0.04861111111111111 0.669921875 0.03125 0.6787109375 0.013888888888888888 0.6826171875 0.006944444444444444 0.681640625 0 0.6767578125 0 0.6640625 0.001736111111111111 0.6669921875 0.008680555555555556 0.6689453125 0.015625 0.6650390625 0.020833333333333332 0.658203125 0.03125 0.658203125 0.043402777777777776 0.654296875 0.05381944444444445 0.654296875 0.0625 0.6513671875 0.07465277777777778 0.650390625 0.08159722222222222 0.646484375 0.0798611111111111 0.6435546875 0.0920138888888889 0.6396484375 0.10590277777777778 0.640625 0.125 0.6376953125 0.140625 0.626953125 0.16319444444444445 0.6181640625 0.17708333333333334 0.609375
3 0.9375 0.455078125 0.9375 0.4619140625 0.9270833333333334 0.46484375 0.9131944444444444 0.4677734375 0.8888888888888888 0.4677734375 0.8836805555555556 0.470703125 0.8836805555555556 0.4736328125 0.8732638888888888 0.4765625 0.8680555555555556 0.4755859375 0.8541666666666666 0.478515625 0.8472222222222222 0.474609375 0.8368055555555556 0.482421875 0.8090277777777778 0.4853515625 0.7951388888888888 0.4912109375 0.7847222222222222 0.4921875 0.7777777777777778 0.4951171875 0.7326388888888888 0.5 0.7100694444444444 0.509765625 0.7013888888888888 0.509765625 0.6961805555555556 0.5126953125 0.6788194444444444 0.5146484375 0.6701388888888888 0.5185546875 0.6302083333333334 0.5224609375 0.6197916666666666 0.5263671875 0.6006944444444444 0.5263671875 0.5885416666666666 0.53125 0.5555555555555556 0.5322265625 0.5104166666666666 0.54296875 0.5052083333333334 0.5458984375 0.5 0.5439453125 0.4913194444444444 0.5439453125 0.4496527777777778 0.5537109375 0.4131944444444444 0.556640625 0.3836805555555556 0.5673828125 0.3663194444444444 0.5693359375 0.3576388888888889 0.5732421875 0.3420138888888889 0.5732421875 0.3420138888888889 0.5625 0.3489583333333333 0.55859375 0.3732638888888889 0.556640625 0.3871527777777778 0.5517578125 0.390625 0.552734375 0.3993055555555556 0.546875 0.4340277777777778 0.5458984375 0.4739583333333333 0.5380859375 0.4809027777777778 0.53515625 0.5 0.53515625 0.5052083333333334 0.53125 0.5173611111111112 0.5302734375 0.5260416666666666 0.5263671875 0.5295138888888888 0.52734375 0.5486111111111112 0.5234375 0.5555555555555556 0.5244140625 0.5625 0.5205078125 0.5694444444444444 0.5224609375 0.5833333333333334 0.5146484375 0.5902777777777778 0.515625 0.5954861111111112 0.5126953125 0.6006944444444444 0.513671875 0.6041666666666666 0.5107421875 0.5989583333333334 0.5078125 0.6059027777777778 0.5078125 0.6076388888888888 0.5048828125 0.6041666666666666 0.51171875 0.609375 0.5166015625 0.6163194444444444 0.5146484375 0.6163194444444444 0.5068359375 0.625 0.5126953125 0.6336805555555556 0.5126953125 0.6388888888888888 0.5078125 0.6545138888888888 0.5068359375 0.6701388888888888 0.498046875 0.7100694444444444 0.4921875 0.7256944444444444 0.4873046875 0.75 0.486328125 0.7621527777777778 0.4833984375 0.7795138888888888 0.482421875 0.7899305555555556 0.4775390625 0.8142361111111112 0.4736328125 0.8368055555555556 0.470703125 0.8472222222222222 0.4716796875 0.8506944444444444 0.4697265625 0.8645833333333334 0.4697265625 0.8958333333333334 0.458984375 0.9149305555555556 0.458984375 0.9357638888888888 0.4560546875
3 0.8402777777777778 0.470703125 0.8454861111111112 0.4736328125 0.8402777777777778 0.48046875 0.828125 0.4833984375 0.8125 0.484375 0.7777777777777778 0.4951171875 0.7326388888888888 0.5 0.7083333333333334 0.5107421875 0.6996527777777778 0.5107421875 0.6458333333333334 0.5224609375 0.6284722222222222 0.5234375 0.6180555555555556 0.52734375 0.6024305555555556 0.5263671875 0.5902777777777778 0.53125 0.5659722222222222 0.53125 0.5625 0.533203125 0.5486111111111112 0.5341796875 0.5416666666666666 0.537109375 0.5121527777777778 0.54296875 0.5052083333333334 0.546875 0.5 0.544921875 0.4913194444444444 0.544921875 0.4479166666666667 0.5546875 0.4131944444444444 0.5576171875 0.3871527777777778 0.5673828125 0.3732638888888889 0.5693359375 0.359375 0.576171875 0.3506944444444444 0.576171875 0.34375 0.5791015625 0.3315972222222222 0.57421875 0.3211805555555556 0.580078125 0.3038194444444444 0.5849609375 0.2881944444444444 0.5869140625 0.2829861111111111 0.5908203125 0.2708333333333333 0.5927734375 0.2638888888888889 0.5966796875 0.25 0.595703125 0.21006944444444445 0.6015625 0.1996527777777778 0.599609375 0.1892361111111111 0.603515625 0.17881944444444445 0.6025390625 0.1753472222222222 0.60546875 0.16493055555555555 0.6083984375 0.13541666666666666 0.6103515625 0.11805555555555555 0.6162109375 0.10590277777777778 0.615234375 0.08854166666666667 0.6171875 0.0763888888888889 0.62109375 0.06944444444444445 0.62109375 0.057291666666666664 0.6259765625 0.046875 0.6259765625 0.026041666666666668 0.6298828125 0.010416666666666666 0.63671875 0 0.638671875 0 0.615234375 0.013888888888888888 0.609375 0.043402777777777776 0.6064453125 0.0625 0.59765625 0.06770833333333333 0.5986328125 0.078125 0.59375 0.09375 0.59375 0.125 0.583984375 0.1527777777777778 0.5791015625 0.16319444444444445 0.580078125 0.1701388888888889 0.576171875 0.17881944444444445 0.5771484375 0.1840277777777778 0.57421875 0.2013888888888889 0.5703125 0.2361111111111111 0.56640625 0.265625 0.55859375 0.2743055555555556 0.55859375 0.2847222222222222 0.5556640625 0.2899305555555556 0.5595703125 0.2951388888888889 0.5595703125 0.3107638888888889 0.5654296875 0.3142361111111111 0.5634765625 0.3125 0.5498046875 0.3194444444444444 0.5439453125 0.3211805555555556 0.55078125 0.3246527777777778 0.552734375 0.3402777777777778 0.5498046875 0.3454861111111111 0.556640625 0.3559027777777778 0.5556640625 0.3871527777777778 0.546875 0.4166666666666667 0.54296875 0.4288194444444444 0.544921875 0.4375 0.5439453125 0.4409722222222222 0.5419921875 0.4704861111111111 0.537109375 0.4774305555555556 0.533203125 0.4791666666666667 0.5341796875 0.4913194444444444 0.53125 0.4982638888888889 0.533203125 0.5034722222222222 0.5302734375 0.5052083333333334 0.5244140625 0.5173611111111112 0.5283203125 0.5416666666666666 0.5244140625 0.546875 0.521484375 0.5572916666666666 0.5205078125 0.5590277777777778 0.5185546875 0.5694444444444444 0.521484375 0.5746527777777778 0.5166015625 0.5833333333333334 0.513671875 0.5902777777777778 0.5146484375 0.59375 0.509765625 0.6059027777777778 0.5048828125 0.6163194444444444 0.5048828125 0.6319444444444444 0.51171875 0.6371527777777778 0.5078125 0.6527777777777778 0.5068359375 0.6753472222222222 0.4970703125 0.6857638888888888 0.4970703125 0.7065972222222222 0.4931640625 0.7256944444444444 0.4873046875 0.7534722222222222 0.486328125 0.7795138888888888 0.482421875 0.7916666666666666 0.4775390625 0.8385416666666666 0.4716796875
3 0.7204861111111112 0.548828125 0.7413194444444444 0.548828125 0.7482638888888888 0.5517578125 0.7534722222222222 0.5517578125 0.7760416666666666 0.5654296875 0.7881944444444444 0.5703125 0.7951388888888888 0.5771484375 0.7934027777777778 0.587890625 0.7743055555555556 0.5888671875 0.7743055555555556 0.580078125 0.7638888888888888 0.568359375 0.7274305555555556 0.55078125 0.7204861111111112 0.5498046875
3 0.7725694444444444 0.5478515625 0.7847222222222222 0.55078125 0.7916666666666666 0.5556640625 0.8055555555555556 0.5595703125 0.8333333333333334 0.57421875 0.8350694444444444 0.5849609375 0.8211805555555556 0.5927734375 0.8107638888888888 0.587890625 0.8125 0.5791015625 0.8090277777777778 0.5771484375 0.8055555555555556 0.578125 0.8038194444444444 0.5703125 0.7760416666666666 0.5556640625 0.7552083333333334 0.55078125 0.7569444444444444 0.546875 0.7708333333333334 0.5478515625