3 0.44296875 0.5888888888888889 0.4609375 0.5986111111111111 0.5046875 0.6402777777777777 0.525 0.6416666666666667 0.54765625 0.6597222222222222 0.56015625 0.6805555555555556 0.5609375 0.6861111111111111 0.559375 0.6916666666666667 0.5484375 0.7013888888888888 0.5390625 0.6986111111111111 0.5296875 0.7097222222222223 0.521875 0.7069444444444445 0.51484375 0.7 0.4984375 0.6694444444444444 0.48359375 0.6569444444444444 0.46953125 0.6361111111111111 0.45625 0.6222222222222222 0.440625 0.5944444444444444 0.43984375 0.5902777777777778 0.4421875 0.5888888888888889
3 0.53671875 0.7875 0.5390625 0.7888888888888889 0.5375 0.8 0.52734375 0.8166666666666667 0.51328125 0.8527777777777777 0.50234375 0.8736111111111111 0.5015625 0.8819444444444444 0.4953125 0.9 0.49453125 0.9194444444444444 0.49140625 0.9277777777777778 0.48984375 0.9472222222222222 0.47421875 0.9861111111111112 0.46640625 0.9958333333333333 0.43671875 0.9944444444444445 0.4296875 0.9986111111111111 0.4234375 0.9944444444444445 0.40234375 0.9986111111111111 0.39765625 0.9958333333333333 0.38671875 0.9986111111111111 0.38515625 0.9958333333333333 0.37109375 0.9944444444444445 0.3703125 0.9916666666666667 0.37265625 0.9861111111111112 0.37109375 0.9819444444444444 0.3625 0.9819444444444444 0.36484375 0.9902777777777778 0.3640625 0.9944444444444445 0.3546875 0.9944444444444445 0.35546875 0.9833333333333333 0.36171875 0.9791666666666666 0.36328125 0.9680555555555556 0.3625 0.9361111111111111 0.36171875 0.9277777777777778 0.35859375 0.9222222222222223 0.3578125 0.9 0.359375 0.8986111111111111 0.36484375 0.9041666666666667 0.37421875 0.9013888888888889 0.3875 0.9138888888888889 0.38671875 0.9180555555555555 0.38984375 0.925 0.39140625 0.9236111111111112 0.390625 0.9152777777777777 0.39375 0.9138888888888889 0.396875 0.9180555555555555 0.3984375 0.9305555555555556 0.4015625 0.9361111111111111 0.40859375 0.9736111111111111 0.41640625 0.9902777777777778 0.425 0.9888888888888889 0.43671875 0.9680555555555556 0.43671875 0.9569444444444445 0.44453125 0.9416666666666667 0.45 0.9222222222222223 0.45390625 0.9166666666666666 0.44921875 0.9041666666666667 0.44921875 0.8930555555555556 0.45625 0.8944444444444445 0.45703125 0.8902777777777777 0.46171875 0.8888888888888888 0.465625 0.8833333333333333 0.4765625 0.8791666666666667 0.48359375 0.8805555555555555 0.49453125 0.8708333333333333 0.50234375 0.8486111111111111 0.503125 0.8444444444444444 0.50078125 0.8416666666666667 0.5046875 0.8375 0.49453125 0.8333333333333334 0.47109375 0.8402777777777778 0.46328125 0.8472222222222222 0.45859375 0.8444444444444444 0.4515625 0.8472222222222222 0.4296875 0.8680555555555556 0.42578125 0.8819444444444444 0.4265625 0.8888888888888888 0.421875 0.8930555555555556 0.40859375 0.8888888888888888 0.40078125 0.8777777777777778 0.3921875 0.8763888888888889 0.3828125 0.8694444444444445 0.37421875 0.8611111111111112 0.37734375 0.8569444444444444 0.3765625 0.8527777777777777 0.37265625 0.8541666666666666 0.371875 0.8583333333333333 0.3625 0.8583333333333333 0.3609375 0.8555555555555555 0.36171875 0.8513888888888889 0.3734375 0.8305555555555556 0.37578125 0.8333333333333334 0.37890625 0.85 0.3859375 0.85 0.3875 0.8472222222222222 0.3859375 0.8458333333333333 0.3890625 0.8458333333333333 0.39375 0.8375 0.4015625 0.8319444444444445 0.40078125 0.8277777777777777 0.40859375 0.8194444444444444 0.409375 0.8027777777777778 0.41328125 0.7972222222222223 0.4296875 0.7944444444444444 0.4390625 0.7833333333333333 0.46640625 0.7805555555555556 0.47734375 0.775 0.48828125 0.7763888888888889 0.49140625 0.7805555555555556 0.4921875 0.775 0.496875 0.7694444444444445 0.521875 0.7666666666666667 0.52890625 0.7875 0.5359375 0.7875
3 0 0.5222222222222223 0.0390625 0.5277777777777778 0.0421875 0.5305555555555556 0.0484375 0.5305555555555556 0.053125 0.525 0.05625 0.525 0.059375 0.5319444444444444 0.06953125 0.5388888888888889 0.0734375 0.5458333333333333 0.07109375 0.5527777777777778 0 0.5638888888888889 0 0.5236111111111111
3 0.91875 0.37777777777777777 0.928125 0.38472222222222224 0.928125 0.39305555555555555 0.92109375 0.41388888888888886 0.921875 0.42916666666666664 0.89609375 0.4361111111111111 0.88515625 0.4361111111111111 0.88203125 0.43194444444444446 0.88828125 0.40555555555555556 0.8953125 0.39861111111111114 0.90703125 0.37916666666666665 0.91796875 0.37777777777777777
3 0.7953125 0.8902777777777777 0.803125 0.8902777777777777 0.809375 0.8972222222222223 0.82421875 0.9013888888888889 0.83125 0.9125 0.834375 0.9097222222222222 0.83828125 0.9138888888888889 0.84921875 0.9166666666666666 0.85 0.9236111111111112 0.84453125 0.9277777777777778 0.84296875 0.9388888888888889 0.840625 0.9416666666666667 0.8453125 0.9472222222222222 0.84921875 0.9472222222222222 0.85234375 0.9416666666666667 0.8625 0.9361111111111111 0.86484375 0.9402777777777778 0.87421875 0.9402777777777778 0.8796875 0.9444444444444444 0.8828125 0.9416666666666667 0.88671875 0.9430555555555555 0.8875 0.9458333333333333 0.884375 0.9430555555555555 0.88125 0.9444444444444444 0.8796875 0.9583333333333334 0.88203125 0.9625 0.8890625 0.9597222222222223 0.9078125 0.9625 0.91484375 0.9541666666666667 0.93671875 0.9555555555555556 0.95 0.9680555555555556 0.971875 0.9722222222222222 0.978125 0.9805555555555555 0.97421875 0.9944444444444445 0.94375 0.9958333333333333 0.9140625 0.9944444444444445 0.91171875 0.9930555555555556 0.9125 0.9888888888888889 0.90859375 0.9861111111111112 0.89609375 0.9875 0.89375 0.9833333333333333 0.88671875 0.9861111111111112 0.8796875 0.9736111111111111 0.88046875 0.9694444444444444 0.878125 0.9666666666666667 0.86484375 0.9680555555555556 0.86171875 0.9791666666666666 0.85859375 0.9805555555555555 0.8578125 0.9694444444444444 0.853125 0.9638888888888889 0.8453125 0.9611111111111111 0.8328125 0.9625 0.825 0.9527777777777777 0.80625 0.95 0.7984375 0.9444444444444444 0.796875 0.9388888888888889 0.790625 0.9333333333333333 0.78203125 0.9319444444444445 0.77890625 0.9277777777777778 0.775 0.9277777777777778 0.76484375 0.95 0.7609375 0.9472222222222222 0.75546875 0.9541666666666667 0.75390625 0.9625 0.74765625 0.9666666666666667 0.74609375 0.9736111111111111 0.7359375 0.9777777777777777 0.73046875 0.9722222222222222 0.7265625 0.9611111111111111 0.7296875 0.9472222222222222 0.71640625 0.9486111111111111 0.71328125 0.9444444444444444 0.7140625 0.9333333333333333 0.7171875 0.9277777777777778 0.71171875 0.9194444444444444 0.7125 0.9166666666666666 0.721875 0.9194444444444444 0.7265625 0.9111111111111111 0.734375 0.9111111111111111 0.7390625 0.9180555555555555 0.7484375 0.9236111111111112 0.7546875 0.9125 0.765625 0.9125 0.77890625 0.8986111111111111 0.778125 0.9027777777777778 0.78203125 0.9069444444444444 0.78203125 0.9111111111111111 0.7796875 0.9138888888888889 0.78125 0.9208333333333333 0.79296875 0.9263888888888889 0.79921875 0.9347222222222222 0.80625 0.9347222222222222 0.81015625 0.9305555555555556 0.81875 0.9347222222222222 0.82109375 0.9319444444444445 0.81953125 0.925 0.8234375 0.9208333333333333 0.8203125 0.9152777777777777 0.8140625 0.9152777777777777 0.80859375 0.9055555555555556 0.79765625 0.9013888888888889 0.79453125 0.8944444444444445 0.7953125 0.8916666666666667
3 0.8875 0.525 0.89296875 0.5291666666666667 0.9109375 0.5319444444444444 0.9078125 0.5347222222222222 0.88828125 0.5402777777777777 0.85078125 0.5430555555555555 0.80859375 0.5541666666666667 0.7875 0.5652777777777778 0.7546875 0.575 0.71875 0.5930555555555556 0.70703125 0.5930555555555556 0.70234375 0.5986111111111111 0.6890625 0.6041666666666666 0.68359375 0.6027777777777777 0.67734375 0.5847222222222223 0.68125 0.575 0.68046875 0.5694444444444444 0.68515625 0.5652777777777778 0.7 0.5625 0.70625 0.5652777777777778 0.72890625 0.5513888888888889 0.73671875 0.5513888888888889 0.7421875 0.5458333333333333 0.759375 0.5444444444444444 0.76796875 0.5388888888888889 0.77734375 0.5430555555555555 0.80703125 0.5375 0.81640625 0.5319444444444444 0.83828125 0.5263888888888889 0.8765625 0.5277777777777778 0.88671875 0.525
3 0.97578125 0.5680555555555555 0.9796875 0.5736111111111111 0.97265625 0.5888888888888889 0.95625 0.6013888888888889 0.94453125 0.6152777777777778 0.9390625 0.6236111111111111 0.9328125 0.6402777777777777 0.925 0.6513888888888889 0.9109375 0.6638888888888889 0.89921875 0.6680555555555555 0.8625 0.6958333333333333 0.85234375 0.7 0.84453125 0.7083333333333334 0.83203125 0.7138888888888889 0.8 0.7361111111111112 0.78828125 0.7388888888888889 0.77578125 0.7513888888888889 0.74765625 0.7680555555555556 0.715625 0.8027777777777778 0.7109375 0.8111111111111111 0.709375 0.8236111111111111 0.70234375 0.8208333333333333 0.70078125 0.8111111111111111 0.7140625 0.7861111111111111 0.71328125 0.7833333333333333 0.7046875 0.7819444444444444 0.68828125 0.8041666666666667 0.690625 0.7888888888888889 0.70703125 0.7680555555555556 0.721875 0.7611111111111111 0.728125 0.7541666666666667 0.73828125 0.7513888888888889 0.75625 0.7333333333333333 0.7671875 0.7333333333333333 0.7828125 0.7194444444444444 0.79921875 0.7111111111111111 0.8 0.7055555555555556 0.8140625 0.7041666666666667 0.83203125 0.6958333333333333 0.8421875 0.6861111111111111 0.8453125 0.6791666666666667 0.859375 0.6694444444444444 0.88671875 0.6375 0.9015625 0.625 0.9140625 0.6069444444444444 0.92421875 0.6013888888888889 0.94609375 0.5791666666666667 0.96640625 0.5680555555555555 0.975 0.5680555555555555
3 0.5296875 0.8041666666666667 0.53046875 0.8097222222222222 0.51953125 0.8402777777777778 0.503125 0.875 0.503125 0.8805555555555555 0.496875 0.9 0.4953125 0.9194444444444444 0.48828125 0.9541666666666667 0.47421875 0.9888888888888889 0.46640625 0.9986111111111111 0.45625 0.9986111111111111 0.45546875 0.9958333333333333 0.425 0.9986111111111111 0.4234375 0.9944444444444445 0.44921875 0.9416666666666667 0.44921875 0.9277777777777778 0.4578125 0.9125 0.4578125 0.9041666666666667 0.45546875 0.8986111111111111 0.4609375 0.8916666666666667 0.4640625 0.8916666666666667 0.46875 0.8833333333333333 0.48203125 0.8805555555555555 0.4875 0.875 0.490625 0.8694444444444445 0.490625 0.8652777777777778 0.49375 0.8694444444444445 0.49921875 0.8597222222222223 0.503125 0.8444444444444444 0.50234375 0.8416666666666667 0.50546875 0.8388888888888889 0.50859375 0.8305555555555556 0.50859375 0.825 0.51640625 0.8125 0.52890625 0.8041666666666667
3 0.6203125 0.7291666666666666 0.6265625 0.7319444444444444 0.6296875 0.7444444444444445 0.6375 0.7513888888888889 0.6421875 0.7625 0.65703125 0.7791666666666667 0.67421875 0.7888888888888889 0.6875 0.8097222222222222 0.70625 0.8263888888888888 0.71953125 0.8305555555555556 0.73515625 0.8416666666666667 0.75703125 0.8597222222222223 0.76171875 0.8680555555555556 0.76796875 0.8680555555555556 0.77421875 0.8777777777777778 0.78984375 0.8777777777777778 0.796875 0.8847222222222222 0.85 0.9138888888888889 0.85859375 0.9236111111111112 0.87265625 0.9263888888888889 0.89375 0.9416666666666667 0.90078125 0.9416666666666667 0.90078125 0.95 0.90234375 0.9472222222222222 0.9109375 0.9472222222222222 0.9265625 0.9541666666666667 0.934375 0.9541666666666667 0.95859375 0.9694444444444444 0.965625 0.9694444444444444 0.98046875 0.9777777777777777 0.9828125 0.9833333333333333 0.97890625 0.9944444444444445 0.9453125 0.9958333333333333 0.94375 0.9986111111111111 0.89921875 0.9930555555555556 0.90390625 0.9930555555555556 0.90390625 0.9888888888888889 0.8796875 0.9930555555555556 0.87890625 0.9875 0.87265625 0.9805555555555555 0.871875 0.9861111111111112 0.86875 0.9861111111111112 0.86640625 0.9819444444444444 0.8578125 0.9861111111111112 0.85546875 0.9819444444444444 0.85078125 0.9805555555555555 0.8359375 0.9916666666666667 0.82421875 0.9888888888888889 0.81796875 0.9944444444444445 0.79140625 0.9930555555555556 0.7859375 0.9888888888888889 0.76953125 0.9944444444444445 0.75390625 0.9819444444444444 0.75078125 0.9819444444444444 0.74609375 0.9875 0.73359375 0.9819444444444444 0.72734375 0.975 0.71953125 0.9597222222222223 0.709375 0.9527777777777777 0.709375 0.9416666666666667 0.69921875 0.9333333333333333 0.65859375 0.8805555555555555 0.65078125 0.8763888888888889 0.646875 0.8819444444444444 0.6453125 0.8805555555555555 0.6453125 0.875 0.63828125 0.8638888888888889 0.63046875 0.8611111111111112 0.6234375 0.8541666666666666 0.6234375 0.8486111111111111 0.62578125 0.8444444444444444 0.62109375 0.8388888888888889 0.62265625 0.825 0.61953125 0.8208333333333333 0.61640625 0.8041666666666667 0.609375 0.7930555555555555 0.6015625 0.7597222222222222 0.60234375 0.7472222222222222 0.60546875 0.7388888888888889 0.6109375 0.7388888888888889 0.6140625 0.7305555555555555 0.61953125 0.7291666666666666
3 0.06171875 0.5458333333333333 0.06484375 0.5486111111111112 0.065625 0.5527777777777778 0.0640625 0.5541666666666667 0.0140625 0.5638888888888889 0 0.5638888888888889 0 0.5527777777777778 0.040625 0.5444444444444444 0.0609375 0.5458333333333333
3 0.35546875 0.8847222222222222 0.3625 0.8986111111111111 0.3765625 0.9 0.38515625 0.9125 0.39375 0.9125 0.39765625 0.9180555555555555 0.4125 0.9833333333333333 0.41328125 0.9986111111111111 0.35546875 0.9986111111111111 0.35234375 0.9944444444444445 0.35546875 0.9791666666666666 0.36328125 0.9722222222222222 0.36015625 0.9375 0.3546875 0.9083333333333333 0.3546875 0.8861111111111111
3 0.9796875 0.5680555555555555 0.98125 0.5708333333333333 0.98046875 0.5805555555555556 0.97421875 0.5902777777777778 0.9609375 0.5986111111111111 0.9453125 0.6152777777777778 0.9390625 0.6305555555555555 0.925 0.6513888888888889 0.9109375 0.6625 0.90234375 0.6652777777777777 0.88203125 0.6819444444444445 0.86953125 0.6875 0.86328125 0.6944444444444444 0.828125 0.7138888888888889 0.825 0.7083333333333334 0.8265625 0.7027777777777777 0.84765625 0.6847222222222222 0.853125 0.675 0.8609375 0.6694444444444444 0.88671875 0.6375 0.89921875 0.6277777777777778 0.91328125 0.6083333333333333 0.92734375 0.5986111111111111 0.946875 0.5777777777777777 0.96796875 0.5666666666666667 0.97890625 0.5680555555555555
3 0 0.8777777777777778 0.02265625 0.8791666666666667 0.05546875 0.8930555555555556 0.125 0.9097222222222222 0.13671875 0.9138888888888889 0.1546875 0.9319444444444445 0.153125 0.9375 0.14375 0.95 0.13984375 0.9652777777777778 0.1359375 0.9694444444444444 0.1359375 0.9944444444444445 0.13359375 0.9958333333333333 0.12578125 0.9958333333333333 0.12421875 0.9986111111111111 0.10703125 0.9986111111111111 0.1 0.9944444444444445 0.00390625 0.9958333333333333 0 0.9944444444444445 0 0.8791666666666667
3 0.20859375 0.41944444444444445 0.21640625 0.43333333333333335 0.22265625 0.4388888888888889 0.23125 0.4597222222222222 0.24375 0.48055555555555557 0.26484375 0.49444444444444446 0.2640625 0.49722222222222223 0.26796875 0.5027777777777778 0.2765625 0.5041666666666667 0.2984375 0.5194444444444445 0.29921875 0.525 0.271875 0.5208333333333334 0.2546875 0.5125 0.2125 0.4777777777777778 0.1984375 0.4597222222222222 0.1953125 0.4513888888888889 0.1984375 0.43472222222222223 0.1984375 0.4222222222222222 0.2046875 0.41805555555555557 0.2078125 0.41944444444444445
3 0 0.6055555555555555 0.0046875 0.6069444444444444 0.02734375 0.6291666666666667 0.034375 0.6402777777777777 0.0359375 0.6486111111111111 0.0421875 0.6458333333333334 0.0484375 0.6486111111111111 0.0609375 0.6361111111111111 0.07109375 0.6361111111111111 0.07578125 0.6486111111111111 0.08671875 0.6555555555555556 0.08984375 0.6625 0.08984375 0.6805555555555556 0.0875 0.6888888888888889 0.07734375 0.7041666666666667 0.0703125 0.7027777777777777 0.0515625 0.7097222222222223 0.046875 0.7152777777777778 0.02890625 0.6986111111111111 0.025 0.7055555555555556 0.025 0.7097222222222223 0.0359375 0.7125 0.0390625 0.725 0.0453125 0.7263888888888889 0.04375 0.7333333333333333 0.046875 0.7375 0.01171875 0.7666666666666667 0 0.7708333333333334 0 0.6069444444444444
3 0.1640625 0.5388888888888889 0.171875 0.5444444444444444 0.19140625 0.5472222222222223 0.2515625 0.55 0.25859375 0.5541666666666667 0.278125 0.5527777777777778 0.28046875 0.5583333333333333 0.3 0.5569444444444445 0.30546875 0.5625 0.33125 0.5555555555555556 0.334375 0.5597222222222222 0.365625 0.5597222222222222 0.390625 0.5638888888888889 0.39921875 0.5708333333333333 0.4015625 0.5777777777777777 0.38828125 0.5875 0.3765625 0.5916666666666667 0.37890625 0.5958333333333333 0.39765625 0.6013888888888889 0.40078125 0.6083333333333333 0.39765625 0.6194444444444445 0.3828125 0.6236111111111111 0.365625 0.6222222222222222 0.33828125 0.6263888888888889 0.2890625 0.6194444444444445 0.2625 0.6055555555555555 0.2421875 0.6055555555555555 0.2109375 0.5930555555555556 0.18125 0.5888888888888889 0.16875 0.5833333333333334 0.13046875 0.575 0.1265625 0.5763888888888888 0.09765625 0.5666666666666667 0.08828125 0.5597222222222222 0.084375 0.5527777777777778 0.084375 0.5486111111111112 0.08984375 0.5430555555555555 0.115625 0.5444444444444444 0.1296875 0.5402777777777777 0.140625 0.5430555555555555 0.1453125 0.5388888888888889 0.16328125 0.5388888888888889
3 0.4421875 0.5430555555555555 0.496875 0.5513888888888889 0.53359375 0.5527777777777778 0.54921875 0.5583333333333333 0.54921875 0.5638888888888889 0.54453125 0.5652777777777778 0.51875 0.5611111111111111 0.5046875 0.5625 0.49921875 0.5583333333333333 0.4765625 0.5583333333333333 0.45546875 0.5527777777777778 0.425 0.55 0.42265625 0.5458333333333333 0.4265625 0.5430555555555555 0.44140625 0.5430555555555555
3 0.7625 0.7652777777777777 0.790625 0.7777777777777778 0.8015625 0.7791666666666667 0.83828125 0.7930555555555555 0.85625 0.7944444444444444 0.89765625 0.8069444444444445 0.996875 0.8263888888888888 0.99921875 0.8277777777777777 0.99921875 0.8486111111111111 0.99609375 0.8513888888888889 0.99609375 0.8555555555555555 0.975 0.8569444444444444 0.971875 0.8597222222222223 0.95625 0.8555555555555555 0.95234375 0.8597222222222223 0.94140625 0.8597222222222223 0.9328125 0.8638888888888889 0.91484375 0.8625 0.903125 0.8472222222222222 0.89375 0.8472222222222222 0.88984375 0.8416666666666667 0.88125 0.8458333333333333 0.85859375 0.8458333333333333 0.85234375 0.8416666666666667 0.85 0.8361111111111111 0.828125 0.8319444444444445 0.82421875 0.8291666666666667 0.82109375 0.8194444444444444 0.81015625 0.8125 0.80703125 0.8013888888888889 0.80078125 0.7986111111111112 0.796875 0.7916666666666666 0.78671875 0.7902777777777777 0.7796875 0.7930555555555555 0.77421875 0.7875 0.7609375 0.7861111111111111 0.74765625 0.7680555555555556 0.76171875 0.7652777777777777
3 0.16875 0.38472222222222224 0.1828125 0.40555555555555556 0.18828125 0.4083333333333333 0.1953125 0.4013888888888889 0.20234375 0.4125 0.2078125 0.41388888888888886 0.21640625 0.43333333333333335 0.22421875 0.44027777777777777 0.23046875 0.4583333333333333 0.23984375 0.47638888888888886 0.265625 0.49444444444444446 0.26875 0.5027777777777778 0.28125 0.5055555555555555 0.29765625 0.5180555555555556 0.3015625 0.525 0.296875 0.5263888888888889 0.27109375 0.5208333333333334 0.26484375 0.5152777777777777 0.25078125 0.5111111111111111 0.21015625 0.47638888888888886 0.1953125 0.4583333333333333 0.1890625 0.44583333333333336 0.18828125 0.4388888888888889 0.18359375 0.42777777777777776 0.18046875 0.425 0.1765625 0.4125 0.16796875 0.3972222222222222 0.16640625 0.39166666666666666 0.16640625 0.3861111111111111 0.16796875 0.38472222222222224
3 0.36328125 0.5138888888888888 0.38125 0.5180555555555556 0.4109375 0.5180555555555556 0.41484375 0.5138888888888888 0.4203125 0.5208333333333334 0.428125 0.5236111111111111 0.44609375 0.5222222222222223 0.46953125 0.5263888888888889 0.48828125 0.5236111111111111 0.49765625 0.5277777777777778 0.509375 0.5263888888888889 0.5140625 0.5305555555555556 0.53984375 0.5305555555555556 0.54609375 0.5402777777777777 0.5328125 0.5458333333333333 0.52421875 0.5430555555555555 0.5015625 0.5444444444444444 0.48828125 0.5375 0.48046875 0.5416666666666666 0.475 0.5361111111111111 0.46640625 0.5375 0.45 0.5333333333333333 0.43515625 0.5333333333333333 0.43203125 0.5361111111111111 0.4265625 0.5319444444444444 0.4203125 0.5333333333333333 0.4171875 0.5305555555555556 0.40703125 0.5333333333333333 0.3984375 0.5277777777777778 0.35859375 0.5319444444444444 0.3390625 0.5277777777777778 0.33828125 0.5208333333333334 0.35234375 0.5194444444444445 0.35546875 0.5152777777777777 0.3625 0.5138888888888888
3 0 0.6069444444444444 0.0046875 0.6083333333333333 0.02734375 0.6305555555555555 0.03359375 0.6416666666666667 0.03515625 0.6513888888888889 0.034375 0.6722222222222223 0.03046875 0.6833333333333333 0.021875 0.6902777777777778 0.00546875 0.6902777777777778 0 0.7055555555555556 0 0.6083333333333333
3 0.86796875 0.43194444444444446 0.8796875 0.43333333333333335 0.8859375 0.4388888888888889 0.92109375 0.44027777777777777 0.93828125 0.45 0.9390625 0.4597222222222222 0.91015625 0.4625 0.88671875 0.45694444444444443 0.88359375 0.4625 0.87890625 0.4625 0.871875 0.4583333333333333 0.859375 0.45694444444444443 0.85546875 0.4597222222222222 0.84375 0.4583333333333333 0.83515625 0.4625 0.82734375 0.46111111111111114 0.8203125 0.4666666666666667 0.8015625 0.4625 0.78984375 0.45555555555555555 0.796875 0.44305555555555554 0.81171875 0.44027777777777777 0.81953125 0.43333333333333335 0.834375 0.4388888888888889 0.83828125 0.43472222222222223 0.84921875 0.4361111111111111 0.8671875 0.43194444444444446
3 0.99921875 0.9111111111111111 0.99921875 0.9416666666666667 0.9953125 0.9444444444444444 0.95078125 0.9472222222222222 0.90390625 0.9430555555555555 0.88828125 0.9361111111111111 0.8765625 0.925 0.96171875 0.9208333333333333 0.9984375 0.9111111111111111
3 0.58984375 0.5805555555555556 0.61796875 0.5888888888888889 0.6234375 0.5972222222222222 0.61953125 0.6166666666666667 0.6125 0.6333333333333333 0.6046875 0.6333333333333333 0.603125 0.6402777777777777 0.59921875 0.6444444444444445 0.58125 0.6347222222222222 0.56640625 0.6347222222222222 0.55859375 0.625 0.55859375 0.6180555555555556 0.56171875 0.6125 0.5609375 0.5986111111111111 0.5625 0.5944444444444444 0.58046875 0.5805555555555556 0.5890625 0.5805555555555556
3 0.6125 0.7597222222222222 0.61875 0.7611111111111111 0.62109375 0.7652777777777777 0.61796875 0.7722222222222223 0.62421875 0.7791666666666667 0.6328125 0.775 0.63359375 0.7708333333333334 0.63046875 0.7652777777777777 0.63203125 0.7638888888888888 0.64375 0.7652777777777777 0.65 0.7722222222222223 0.64921875 0.775 0.6515625 0.7791666666666667 0.64765625 0.7847222222222222 0.63984375 0.7833333333333333 0.63671875 0.7791666666666667 0.63515625 0.7861111111111111 0.63046875 0.7861111111111111 0.62890625 0.7902777777777777 0.6359375 0.7930555555555555 0.63515625 0.7958333333333333 0.63984375 0.8013888888888889 0.65 0.8027777777777778 0.65078125 0.8055555555555556 0.64765625 0.8083333333333333 0.646875 0.8138888888888889 0.64296875 0.8166666666666667 0.65390625 0.8236111111111111 0.65546875 0.8305555555555556 0.66328125 0.8402777777777778 0.67265625 0.8375 0.671875 0.8416666666666667 0.67578125 0.8458333333333333 0.67734375 0.8555555555555555 0.68046875 0.8555555555555555 0.68203125 0.8486111111111111 0.68046875 0.8388888888888889 0.67421875 0.8305555555555556 0.6734375 0.8208333333333333 0.67578125 0.8138888888888889 0.6734375 0.8097222222222222 0.6734375 0.8027777777777778 0.6703125 0.7972222222222223 0.65703125 0.7930555555555555 0.66015625 0.7888888888888889 0.6578125 0.7847222222222222 0.6609375 0.7833333333333333 0.6640625 0.7916666666666666 0.66796875 0.7888888888888889 0.68046875 0.7930555555555555 0.6859375 0.8083333333333333 0.69375 0.8111111111111111 0.70546875 0.8236111111111111 0.74921875 0.8555555555555555 0.75390625 0.8611111111111112 0.75390625 0.8694444444444445 0.75625 0.8736111111111111 0.76640625 0.8722222222222222 0.77265625 0.8791666666666667 0.77578125 0.8875 0.79609375 0.8861111111111111 0.80390625 0.8888888888888888 0.83828125 0.9111111111111111 0.8484375 0.9138888888888889 0.8515625 0.9180555555555555 0.8515625 0.9305555555555556 0.85546875 0.9291666666666667 0.884375 0.9402777777777778 0.8859375 0.9458333333333333 0.88359375 0.9472222222222222 0.8828125 0.9541666666666667 0.8859375 0.9583333333333334 0.88984375 0.9555555555555556 0.89296875 0.9583333333333334 0.9125 0.9555555555555556 0.9140625 0.9527777777777777 0.934375 0.9555555555555556 0.94921875 0.9680555555555556 0.97265625 0.9736111111111111 0.97578125 0.9791666666666666 0.975 0.9833333333333333 0.9765625 0.9875 0.9734375 0.9944444444444445 0.9125 0.9944444444444445 0.909375 0.9930555555555556 0.909375 0.9888888888888889 0.88671875 0.9875 0.88046875 0.9805555555555555 0.87578125 0.9680555555555556 0.8734375 0.9680555555555556 0.87109375 0.9736111111111111 0.865625 0.9736111111111111 0.86015625 0.9819444444444444 0.85703125 0.9805555555555555 0.85234375 0.9694444444444444 0.83828125 0.9680555555555556 0.83828125 0.9722222222222222 0.834375 0.9763888888888889 0.83515625 0.9819444444444444 0.83359375 0.9861111111111112 0.815625 0.9875 0.80703125 0.9916666666666667 0.80390625 0.9888888888888889 0.7921875 0.9902777777777778 0.78828125 0.9875 0.76171875 0.9861111111111112 0.75546875 0.975 0.75078125 0.9763888888888889 0.74765625 0.9736111111111111 0.7390625 0.9791666666666666 0.73359375 0.9791666666666666 0.728125 0.9736111111111111 0.7234375 0.9527777777777777 0.7203125 0.9486111111111111 0.71875 0.9513888888888888 0.71328125 0.9486111111111111 0.71171875 0.9402777777777778 0.7078125 0.9333333333333333 0.6953125 0.925 0.690625 0.9125 0.665625 0.8888888888888888 0.6578125 0.8708333333333333 0.64609375 0.8652777777777778 0.63828125 0.8555555555555555 0.625 0.8513888888888889 0.628125 0.8444444444444444 0.6265625 0.8388888888888889 0.6234375 0.8375 0.634375 0.8361111111111111 0.63515625 0.8305555555555556 0.63359375 0.8263888888888888 0.63515625 0.8236111111111111 0.63359375 0.8208333333333333 0.63828125 0.8166666666666667 0.61953125 0.8097222222222222 0.61015625 0.7930555555555555 0.6078125 0.7763888888888889 0.61015625 0.7736111111111111 0.61015625 0.7666666666666667 0.6125 0.7611111111111111
3 0.65625 0.6013888888888889 0.66015625 0.6111111111111112 0.66796875 0.6166666666666667 0.66875 0.625 0.64921875 0.6472222222222223 0.64453125 0.6569444444444444 0.64453125 0.6611111111111111 0.63984375 0.6611111111111111 0.63359375 0.6680555555555555 0.63046875 0.6680555555555555 0.62109375 0.6833333333333333 0.60625 0.6958333333333333 0.6015625 0.6944444444444444 0.59921875 0.6972222222222222 0.5953125 0.6902777777777778 0.58828125 0.6888888888888889 0.5859375 0.6847222222222222 0.57734375 0.6847222222222222 0.57109375 0.6888888888888889 0.56484375 0.7 0.56171875 0.7152777777777778 0.55859375 0.7208333333333333 0.55390625 0.7222222222222222 0.54921875 0.7305555555555555 0.53125 0.7472222222222222 0.5296875 0.7611111111111111 0.52578125 0.7722222222222223 0.4984375 0.7736111111111111 0.4875 0.7805555555555556 0.46484375 0.7847222222222222 0.45234375 0.7916666666666666 0.44765625 0.7861111111111111 0.45546875 0.775 0.44453125 0.7694444444444445 0.4421875 0.7638888888888888 0.48515625 0.7416666666666667 0.50859375 0.7333333333333333 0.52890625 0.7305555555555555 0.54296875 0.7236111111111111 0.55390625 0.7097222222222223 0.54921875 0.7013888888888888 0.54921875 0.6916666666666667 0.54453125 0.6861111111111111 0.55078125 0.6819444444444445 0.553125 0.6694444444444444 0.56015625 0.6791666666666667 0.56875 0.6819444444444445 0.5875 0.6680555555555555 0.5921875 0.6597222222222222 0.6109375 0.6416666666666667 0.61953125 0.625 0.6296875 0.6152777777777778 0.64609375 0.6027777777777777 0.65546875 0.6013888888888889
3 0.4828125 0.5722222222222222 0.55078125 0.5763888888888888 0.575 0.5819444444444445 0.57890625 0.5875 0.578125 0.5916666666666667 0.56796875 0.5902777777777778 0.56015625 0.6013888888888889 0.540625 0.6138888888888889 0.5125 0.6097222222222223 0.47890625 0.5902777777777778 0.46875 0.5819444444444445 0.465625 0.575 0.46875 0.5722222222222222 0.48203125 0.5722222222222222
3 0.6140625 0.44166666666666665 0.62109375 0.44305555555555554 0.61875 0.45 0.60546875 0.4527777777777778 0.596875 0.4597222222222222 0.56015625 0.4597222222222222 0.525 0.4708333333333333 0.5078125 0.4847222222222222 0.48671875 0.4888888888888889 0.47265625 0.49583333333333335 0.46640625 0.5027777777777778 0.45 0.5097222222222222 0.4453125 0.5194444444444445 0.4328125 0.525 0.425 0.5222222222222223 0.42109375 0.5138888888888888 0.415625 0.5097222222222222 0.4109375 0.5125 0.40390625 0.5083333333333333 0.40078125 0.5111111111111111 0.4 0.4986111111111111 0.40625 0.49444444444444446 0.459375 0.47638888888888886 0.47734375 0.4736111111111111 0.484375 0.4666666666666667 0.5125 0.46111111111111114 0.540625 0.4486111111111111 0.61328125 0.44166666666666665
3 0.5171875 0.8152777777777778 0.52578125 0.8055555555555556 0.53046875 0.8041666666666667 0.53125 0.8069444444444445 0.515625 0.85 0.503125 0.875 0.503125 0.8805555555555555 0.5 0.8861111111111111 0.49609375 0.9041666666666667 0.49140625 0.9416666666666667 0.48203125 0.9722222222222222 0.4671875 0.9986111111111111 0.45703125 0.9986111111111111 0.45390625 0.9944444444444445 0.46171875 0.9694444444444444 0.471875 0.9597222222222223 0.471875 0.9555555555555556 0.4765625 0.9458333333333333 0.4765625 0.9347222222222222 0.48046875 0.9263888888888889 0.4796875 0.9208333333333333 0.48359375 0.9138888888888889 0.48359375 0.9055555555555556 0.48984375 0.8777777777777778 0.496875 0.8680555555555556 0.5109375 0.8263888888888888 0.5171875 0.8166666666666667
3 0.91875 0.37777777777777777 0.92578125 0.38055555555555554 0.9296875 0.3861111111111111 0.921875 0.4125 0.92578125 0.43333333333333335 0.94375 0.44722222222222224 0.9625 0.45416666666666666 0.98203125 0.45555555555555555 0.9765625 0.4625 0.96015625 0.46944444444444444 0.94375 0.46805555555555556 0.928125 0.45555555555555555 0.925 0.4486111111111111 0.91875 0.44583333333333336 0.91796875 0.44027777777777777 0.9171875 0.4444444444444444 0.909375 0.44722222222222224 0.91015625 0.45416666666666666 0.90546875 0.45694444444444443 0.89296875 0.45555555555555555 0.8828125 0.4444444444444444 0.8796875 0.43194444444444446 0.8859375 0.4152777777777778 0.88671875 0.40694444444444444 0.8984375 0.39444444444444443 0.90625 0.38055555555555554 0.91796875 0.37777777777777777