3 0.57578125 0.28055555555555556 0.58203125 0.28194444444444444 0.58046875 0.29305555555555557 0.56015625 0.3416666666666667 0.56171875 0.3486111111111111 0.56796875 0.3527777777777778 0.546875 0.3527777777777778 0.5140625 0.37777777777777777 0.509375 0.37777777777777777 0.50625 0.3736111111111111 0.5109375 0.36944444444444446 0.51953125 0.35138888888888886 0.5265625 0.3486111111111111 0.52265625 0.3416666666666667 0.5265625 0.3388888888888889 0.52734375 0.3347222222222222 0.521875 0.32083333333333336 0.521875 0.30277777777777776 0.52578125 0.29583333333333334 0.53671875 0.29444444444444445 0.5421875 0.28888888888888886 0.55859375 0.28194444444444444 0.575 0.28055555555555556
3 0.57421875 0.2791666666666667 0.57890625 0.28194444444444444 0.578125 0.2916666666666667 0.56875 0.31805555555555554 0.55625 0.34305555555555556 0.55703125 0.3486111111111111 0.55390625 0.3472222222222222 0.54375 0.3527777777777778 0.5296875 0.3680555555555556 0.5140625 0.37916666666666665 0.4875 0.37777777777777777 0.48671875 0.38055555555555554 0.4890625 0.3819444444444444 0.4890625 0.3861111111111111 0.48203125 0.39444444444444443 0.453125 0.4111111111111111 0.4375 0.4111111111111111 0.434375 0.40555555555555556 0.421875 0.40555555555555556 0.41875 0.4 0.42109375 0.39444444444444443 0.4359375 0.39166666666666666 0.44921875 0.38472222222222224 0.46796875 0.3902777777777778 0.47734375 0.3875 0.48125 0.38333333333333336 0.47421875 0.37916666666666665 0.4765625 0.37083333333333335 0.496875 0.3597222222222222 0.50859375 0.35 0.5109375 0.3416666666666667 0.515625 0.3416666666666667 0.5234375 0.3347222222222222 0.5203125 0.3138888888888889 0.5203125 0.30277777777777776 0.5234375 0.29444444444444445 0.53828125 0.2916666666666667 0.5546875 0.28194444444444444 0.5734375 0.2791666666666667
3 0.7765625 0.18055555555555555 0.7796875 0.18194444444444444 0.78203125 0.1875 0.77734375 0.19027777777777777 0.76796875 0.20555555555555555 0.76796875 0.2152777777777778 0.7734375 0.2388888888888889 0.78828125 0.25972222222222224 0.81328125 0.28194444444444444 0.82890625 0.2916666666666667 0.83046875 0.29444444444444445 0.8296875 0.2986111111111111 0.825 0.2986111111111111 0.8015625 0.2833333333333333 0.775 0.25833333333333336 0.76171875 0.2388888888888889 0.75625 0.22083333333333333 0.75390625 0.1986111111111111 0.76484375 0.18472222222222223 0.77578125 0.18055555555555555
3 0.04375 0.24027777777777778 0.134375 0.25555555555555554 0.16328125 0.2638888888888889 0.1734375 0.2625 0.20078125 0.26944444444444443 0.25078125 0.27361111111111114 0.26015625 0.2777777777777778 0.28671875 0.2791666666666667 0.3109375 0.2861111111111111 0.33046875 0.2861111111111111 0.35546875 0.275 0.35703125 0.2791666666666667 0.3375 0.28888888888888886 0.328125 0.3013888888888889 0.31953125 0.2986111111111111 0.2953125 0.30277777777777776 0.25859375 0.31666666666666665 0.24921875 0.31666666666666665 0.24765625 0.3111111111111111 0.24765625 0.32083333333333336 0.24140625 0.32222222222222224 0.2328125 0.31666666666666665 0.23125 0.3125 0.21796875 0.30972222222222223 0.2203125 0.3055555555555556 0.22890625 0.3055555555555556 0.23046875 0.29583333333333334 0.23203125 0.3013888888888889 0.2375 0.3055555555555556 0.24453125 0.30416666666666664 0.24921875 0.30972222222222223 0.2546875 0.30972222222222223 0.2703125 0.3013888888888889 0.2734375 0.29583333333333334 0.26953125 0.2902777777777778 0.2484375 0.2875 0.23125 0.28055555555555556 0.215625 0.28055555555555556 0.21484375 0.2875 0.2109375 0.29583333333333334 0.20625 0.2986111111111111 0.2 0.29305555555555557 0.2 0.2847222222222222 0.19765625 0.2916666666666667 0.1796875 0.28194444444444444 0.1734375 0.2861111111111111 0.17109375 0.28194444444444444 0.1671875 0.28194444444444444 0.15859375 0.275 0.153125 0.2763888888888889 0.14375 0.26944444444444443 0.109375 0.2625 0.07734375 0.2513888888888889 0.05546875 0.24861111111111112 0.04453125 0.24166666666666667
3 0.56015625 0.13194444444444445 0.5625 0.1361111111111111 0.55859375 0.14027777777777778 0.52890625 0.15416666666666667 0.51171875 0.16944444444444445 0.49296875 0.18055555555555555 0.484375 0.17777777777777778 0.4875 0.16805555555555557 0.49765625 0.1625 0.4984375 0.15694444444444444 0.5046875 0.15138888888888888 0.5125 0.15 0.5359375 0.1361111111111111 0.559375 0.13194444444444445
3 0.04609375 0.24027777777777778 0.08046875 0.24861111111111112 0.08828125 0.24722222222222223 0.0953125 0.2513888888888889 0.103125 0.2513888888888889 0.1046875 0.25416666666666665 0.13671875 0.2569444444444444 0.1625 0.2638888888888889 0.171875 0.2625 0.19765625 0.26944444444444443 0.21640625 0.26944444444444443 0.22109375 0.2722222222222222 0.25703125 0.275 0.26015625 0.2777777777777778 0.28671875 0.2791666666666667 0.3140625 0.2861111111111111 0.32890625 0.2861111111111111 0.34921875 0.275 0.35546875 0.275 0.35625 0.2791666666666667 0.34921875 0.2847222222222222 0.3375 0.28888888888888886 0.334375 0.29583333333333334 0.33515625 0.3 0.33046875 0.30277777777777776 0.340625 0.3125 0.34453125 0.30972222222222223 0.3421875 0.30694444444444446 0.3453125 0.30694444444444446 0.35 0.3138888888888889 0.3453125 0.31527777777777777 0.3453125 0.31805555555555554 0.34921875 0.32222222222222224 0.35546875 0.32222222222222224 0.359375 0.3277777777777778 0.3625 0.33611111111111114 0.3625 0.35833333333333334 0.3703125 0.3861111111111111 0.3703125 0.3888888888888889 0.365625 0.3875 0.36484375 0.3902777777777778 0.36875 0.39444444444444443 0.37421875 0.39166666666666666 0.38984375 0.3972222222222222 0.40703125 0.4083333333333333 0.43671875 0.4152777777777778 0.44375 0.41388888888888886 0.45390625 0.41944444444444445 0.49453125 0.425 0.50546875 0.42916666666666664 0.56015625 0.43333333333333335 0.6046875 0.44305555555555554 0.61640625 0.4388888888888889 0.63359375 0.44027777777777777 0.63671875 0.4361111111111111 0.640625 0.44027777777777777 0.66875 0.4388888888888889 0.675 0.4486111111111111 0.67421875 0.4527777777777778 0.67578125 0.45555555555555555 0.67265625 0.45694444444444443 0.66640625 0.4513888888888889 0.66171875 0.4597222222222222 0.6609375 0.4666666666666667 0.65390625 0.47638888888888886 0.65078125 0.4736111111111111 0.640625 0.47638888888888886 0.62734375 0.4666666666666667 0.6234375 0.46944444444444444 0.60859375 0.46805555555555556 0.6046875 0.4625 0.5984375 0.4597222222222222 0.5703125 0.4583333333333333 0.559375 0.4513888888888889 0.53984375 0.45 0.52890625 0.4527777777777778 0.51171875 0.4513888888888889 0.5046875 0.44722222222222224 0.49765625 0.45555555555555555 0.49609375 0.45 0.48359375 0.44722222222222224 0.48046875 0.4513888888888889 0.4703125 0.45 0.45546875 0.45416666666666666 0.45234375 0.45 0.4453125 0.45 0.44296875 0.44722222222222224 0.43125 0.4486111111111111 0.421875 0.44166666666666665 0.41484375 0.44305555555555554 0.40078125 0.43194444444444446 0.390625 0.43333333333333335 0.3828125 0.42777777777777776 0.3796875 0.4222222222222222 0.3765625 0.4222222222222222 0.3828125 0.42083333333333334 0.3875 0.425 0.39140625 0.4166666666666667 0.353125 0.4 0.3546875 0.39305555555555555 0.3609375 0.3902777777777778 0.35859375 0.3875 0.35703125 0.37916666666666665 0.3578125 0.3541666666666667 0.3609375 0.3486111111111111 0.359375 0.3458333333333333 0.35546875 0.3472222222222222 0.3453125 0.325 0.33828125 0.3236111111111111 0.33828125 0.31805555555555554 0.33125 0.31805555555555554 0.3328125 0.3138888888888889 0.328125 0.30833333333333335 0.3203125 0.30833333333333335 0.3109375 0.3013888888888889 0.29609375 0.30277777777777776 0.2859375 0.30833333333333335 0.275 0.30972222222222223 0.265625 0.31666666666666665 0.26171875 0.3138888888888889 0.25859375 0.32222222222222224 0.25234375 0.32222222222222224 0.2515625 0.32916666666666666 0.26640625 0.3263888888888889 0.26875 0.3375 0.271875 0.33194444444444443 0.27734375 0.3333333333333333 0.27890625 0.3277777777777778 0.28671875 0.33055555555555555 0.29765625 0.34305555555555556 0.31640625 0.3527777777777778 0.3171875 0.35833333333333334 0.321875 0.35694444444444445 0.33359375 0.36527777777777776 0.34375 0.39305555555555555 0.33671875 0.39444444444444443 0.33125 0.39166666666666666 0.3234375 0.3819444444444444 0.30390625 0.3736111111111111 0.30078125 0.3680555555555556 0.29140625 0.3625 0.28671875 0.3527777777777778 0.278125 0.35138888888888886 0.271875 0.34305555555555556 0.2546875 0.3347222222222222 0.25078125 0.3236111111111111 0.24140625 0.32222222222222224 0.23359375 0.31805555555555554 0.23046875 0.3125 0.2203125 0.30972222222222223 0.21640625 0.3013888888888889 0.2171875 0.29583333333333334 0.215625 0.29305555555555557 0.21796875 0.29583333333333334 0.22734375 0.29305555555555557 0.225 0.29444444444444445 0.2265625 0.3 0.23046875 0.29444444444444445 0.25 0.30833333333333335 0.26796875 0.30277777777777776 0.27109375 0.2986111111111111 0.26953125 0.29305555555555557 0.2234375 0.28055555555555556 0.21640625 0.28194444444444444 0.2109375 0.29583333333333334 0.2046875 0.29583333333333334 0.18046875 0.28055555555555556 0.17734375 0.28055555555555556 0.175 0.2847222222222222 0.1734375 0.28055555555555556 0.16484375 0.2791666666666667 0.15859375 0.2722222222222222 0.15390625 0.27361111111111114 0.1484375 0.26805555555555555 0.1078125 0.2611111111111111 0.10234375 0.25555555555555554 0.09765625 0.2569444444444444 0.08984375 0.25277777777777777 0.0546875 0.24722222222222223 0.04609375 0.24166666666666667
3 0.840625 0.2388888888888889 0.87578125 0.2652777777777778 0.89375 0.26805555555555555 0.91796875 0.28194444444444444 0.93203125 0.2847222222222222 0.940625 0.2916666666666667 0.98046875 0.3055555555555556 0.996875 0.30833333333333335 0.99921875 0.30972222222222223 0.99921875 0.3263888888888889 0.99140625 0.3263888888888889 0.92265625 0.30277777777777776 0.88984375 0.2847222222222222 0.86640625 0.2763888888888889 0.834375 0.2513888888888889 0.83203125 0.24444444444444444 0.83984375 0.2388888888888889
3 0.10390625 0.16666666666666666 0.11015625 0.17222222222222222 0.121875 0.16666666666666666 0.13046875 0.15833333333333333 0.1578125 0.15416666666666667 0.15859375 0.1597222222222222 0.1515625 0.16805555555555557 0.13671875 0.17083333333333334 0.11015625 0.1875 0.0984375 0.18472222222222223 0.0859375 0.19583333333333333 0.07421875 0.19583333333333333 0.04375 0.2111111111111111 0.0328125 0.20972222222222223 0.02421875 0.20416666666666666 0.02265625 0.2 0.028125 0.19305555555555556 0.03984375 0.1875 0.05390625 0.18611111111111112 0.07578125 0.175 0.103125 0.16666666666666666
3 0.31171875 0.9138888888888889 0.315625 0.9208333333333333 0.303125 0.9291666666666667 0.29296875 0.9402777777777778 0.27265625 0.9472222222222222 0.265625 0.9541666666666667 0.246875 0.9638888888888889 0.2296875 0.9833333333333333 0.1875 0.9986111111111111 0.18125 0.9958333333333333 0.1875 0.9875 0.2171875 0.9680555555555556 0.22109375 0.9680555555555556 0.240625 0.95 0.28515625 0.9236111111111112 0.2921875 0.9166666666666666 0.3015625 0.9125 0.3109375 0.9138888888888889
3 0.5359375 0.9138888888888889 0.55 0.9208333333333333 0.571875 0.9236111111111112 0.57578125 0.9277777777777778 0.575 0.9305555555555556 0.5609375 0.9513888888888888 0.54296875 0.9722222222222222 0.51640625 0.9944444444444445 0.50625 0.9986111111111111 0.4921875 0.9986111111111111 0.4890625 0.9958333333333333 0.471875 0.9958333333333333 0.47109375 0.9986111111111111 0.46640625 0.9958333333333333 0.46328125 0.9986111111111111 0.4609375 0.9944444444444445 0.47421875 0.9805555555555555 0.48359375 0.9777777777777777 0.4953125 0.9666666666666667 0.50546875 0.9527777777777777 0.50390625 0.9486111111111111 0.50703125 0.9430555555555555 0.515625 0.9402777777777778 0.5171875 0.9347222222222222 0.5234375 0.9333333333333333 0.5234375 0.9277777777777778 0.51953125 0.9222222222222223 0.521875 0.9152777777777777 0.53515625 0.9138888888888889
3 0.04609375 0.24027777777777778 0.1609375 0.25972222222222224 0.1640625 0.2625 0.17890625 0.2625 0.19453125 0.26805555555555555 0.23984375 0.2722222222222222 0.3171875 0.2861111111111111 0.33046875 0.2861111111111111 0.35859375 0.26944444444444443 0.3703125 0.26805555555555555 0.36796875 0.2722222222222222 0.34765625 0.2861111111111111 0.33828125 0.28888888888888886 0.3328125 0.29583333333333334 0.33671875 0.3013888888888889 0.34609375 0.30694444444444446 0.359375 0.3263888888888889 0.3625 0.3347222222222222 0.3640625 0.3611111111111111 0.37421875 0.3972222222222222 0.35859375 0.3958333333333333 0.35 0.39861111111111114 0.33515625 0.39305555555555555 0.31875 0.38055555555555554 0.30703125 0.3763888888888889 0.28125 0.3541666666666667 0.2625 0.34444444444444444 0.2234375 0.31527777777777777 0.20625 0.30972222222222223 0.20078125 0.30277777777777776 0.13984375 0.26944444444444443 0.1015625 0.2611111111111111 0.07890625 0.2513888888888889 0.06015625 0.25 0.04609375 0.24166666666666667