3 0.8765625 0.25972222222222224 0.8890625 0.26805555555555555 0.88828125 0.28888888888888886 0.9046875 0.32083333333333336 0.91640625 0.32222222222222224 0.91953125 0.33055555555555555 0.92890625 0.3333333333333333 0.95234375 0.35833333333333334 0.96328125 0.37916666666666665 0.96953125 0.4013888888888889 0.96796875 0.42083333333333334 0.96640625 0.4236111111111111 0.965625 0.4166666666666667 0.96015625 0.4083333333333333 0.94375 0.41805555555555557 0.94296875 0.4 0.93515625 0.37083333333333335 0.9265625 0.35555555555555557 0.90703125 0.33611111111111114 0.890625 0.32916666666666666 0.8796875 0.3111111111111111 0.871875 0.2972222222222222 0.86875 0.2861111111111111 0.86875 0.26805555555555555 0.87578125 0.2611111111111111
3 0.4640625 0.3819444444444444 0.47734375 0.39166666666666666 0.48828125 0.39305555555555555 0.49453125 0.3972222222222222 0.5078125 0.3972222222222222 0.5140625 0.39305555555555555 0.540625 0.3972222222222222 0.54765625 0.40694444444444444 0.56328125 0.41388888888888886 0.565625 0.425 0.57734375 0.42777777777777776 0.5859375 0.43472222222222223 0.584375 0.44027777777777777 0.5953125 0.44166666666666665 0.60625 0.44722222222222224 0.609375 0.4597222222222222 0.62890625 0.4875 0.62734375 0.4930555555555556 0.61796875 0.49166666666666664 0.6171875 0.48194444444444445 0.6140625 0.48055555555555557 0.61171875 0.48333333333333334 0.6140625 0.49444444444444446 0.60546875 0.49722222222222223 0.5984375 0.4930555555555556 0.5953125 0.49722222222222223 0.6015625 0.5013888888888889 0.6 0.5069444444444444 0.59765625 0.5069444444444444 0.59453125 0.5027777777777778 0.59453125 0.49166666666666664 0.58984375 0.48194444444444445 0.58046875 0.48055555555555557 0.578125 0.4847222222222222 0.57421875 0.48194444444444445 0.57265625 0.4875 0.57578125 0.49027777777777776 0.57734375 0.49722222222222223 0.58046875 0.49722222222222223 0.57421875 0.49583333333333335 0.57265625 0.4986111111111111 0.57421875 0.5041666666666667 0.57890625 0.5027777777777778 0.58203125 0.5055555555555555 0.584375 0.5027777777777778 0.59296875 0.5111111111111111 0.58359375 0.5097222222222222 0.559375 0.5152777777777777 0.53984375 0.5125 0.5125 0.5 0.49609375 0.5013888888888889 0.4890625 0.5055555555555555 0.48359375 0.5027777777777778 0.47421875 0.5055555555555555 0.47109375 0.4986111111111111 0.4609375 0.49166666666666664 0.453125 0.49444444444444446 0.44296875 0.4930555555555556 0.43828125 0.4847222222222222 0.4234375 0.4847222222222222 0.42421875 0.48194444444444445 0.428125 0.48194444444444445 0.4296875 0.47638888888888886 0.4234375 0.4777777777777778 0.41875 0.4736111111111111 0.41484375 0.4666666666666667 0.4171875 0.4597222222222222 0.41328125 0.45694444444444443 0.409375 0.45694444444444443 0.40078125 0.46805555555555556 0.3796875 0.48194444444444445 0.38359375 0.4666666666666667 0.38984375 0.4652777777777778 0.396875 0.45694444444444443 0.396875 0.4513888888888889 0.3921875 0.44583333333333336 0.39296875 0.4388888888888889 0.38671875 0.42777777777777776 0.38671875 0.4111111111111111 0.38828125 0.4083333333333333 0.403125 0.4 0.409375 0.39305555555555555 0.42421875 0.3875 0.43984375 0.3861111111111111 0.45 0.37916666666666665 0.46015625 0.37916666666666665 0.46328125 0.3819444444444444
3 0.7984375 0.24027777777777778 0.81875 0.20555555555555555 0.83671875 0.19444444444444445 0.8421875 0.19444444444444445 0.84453125 0.2 0.8328125 0.225 0.81796875 0.24027777777777778 0.79921875 0.24027777777777778
3 0.790625 0.7125 0.80390625 0.7138888888888889 0.81640625 0.7194444444444444 0.846875 0.7208333333333333 0.87578125 0.7263888888888889 0.88515625 0.7319444444444444 0.90546875 0.7361111111111112 0.953125 0.7638888888888888 0.9796875 0.7833333333333333 0.99921875 0.8027777777777778 0.9984375 0.8291666666666667 0.9609375 0.7861111111111111 0.93984375 0.7736111111111111 0.91484375 0.7527777777777778 0.90234375 0.7472222222222222 0.8828125 0.7444444444444445 0.85078125 0.7319444444444444 0.83046875 0.7305555555555555 0.80390625 0.7236111111111111 0.796875 0.7208333333333333 0.79140625 0.7138888888888889
3 0.8484375 0.30694444444444446 0.85546875 0.30972222222222223 0.85859375 0.31666666666666665 0.86171875 0.3277777777777778 0.8609375 0.3388888888888889 0.8546875 0.3458333333333333 0.84609375 0.3458333333333333 0.84140625 0.3416666666666667 0.8390625 0.33194444444444443 0.8328125 0.3263888888888889 0.82421875 0.325 0.82421875 0.32083333333333336 0.82734375 0.31666666666666665 0.84765625 0.30833333333333335
3 0.41640625 0.40555555555555556 0.4171875 0.4125 0.4203125 0.41805555555555557 0.4265625 0.41388888888888886 0.428125 0.40694444444444444 0.43203125 0.4083333333333333 0.4328125 0.41388888888888886 0.43046875 0.42777777777777776 0.42265625 0.44166666666666665 0.42578125 0.45555555555555555 0.42421875 0.4527777777777778 0.41640625 0.4527777777777778 0.4 0.4708333333333333 0.3765625 0.4888888888888889 0.34921875 0.4875 0.34140625 0.49027777777777776 0.33515625 0.49027777777777776 0.33359375 0.4875 0.35234375 0.475 0.36328125 0.4638888888888889 0.36640625 0.4638888888888889 0.37109375 0.44722222222222224 0.38515625 0.44722222222222224 0.390625 0.44166666666666665 0.38203125 0.4222222222222222 0.3828125 0.40694444444444444 0.3859375 0.4013888888888889 0.40703125 0.3902777777777778 0.43203125 0.3861111111111111 0.43125 0.39166666666666666 0.4140625 0.39861111111111114 0.41328125 0.4013888888888889 0.415625 0.40555555555555556
3 0.00859375 0.4083333333333333 0.01171875 0.41388888888888886 0.025 0.4111111111111111 0.0296875 0.4166666666666667 0.0375 0.4166666666666667 0.03984375 0.41944444444444445 0.0484375 0.41944444444444445 0.05546875 0.4111111111111111 0.065625 0.4111111111111111 0.0671875 0.4166666666666667 0.07265625 0.41805555555555557 0.05234375 0.4152777777777778 0.0515625 0.42083333333333334 0.05625 0.4263888888888889 0.07890625 0.43472222222222223 0.09296875 0.4444444444444444 0.1078125 0.44722222222222224 0.13671875 0.46805555555555556 0.15546875 0.47638888888888886 0.18359375 0.49583333333333335 0.18984375 0.49583333333333335 0.1921875 0.5013888888888889 0.1984375 0.5027777777777778 0.20625 0.5138888888888888 0.21640625 0.5125 0.221875 0.5013888888888889 0.22265625 0.49722222222222223 0.21953125 0.4930555555555556 0.21640625 0.48055555555555557 0.21953125 0.47638888888888886 0.22421875 0.5027777777777778 0.2296875 0.5152777777777777 0.2546875 0.5263888888888889 0.29453125 0.5333333333333333 0.31640625 0.5333333333333333 0.33203125 0.5388888888888889 0.37734375 0.5375 0.38359375 0.5402777777777777 0.40390625 0.5402777777777777 0.421875 0.5458333333333333 0.4234375 0.5472222222222223 0.421875 0.55 0.415625 0.5513888888888889 0.4 0.55 0.38671875 0.5541666666666667 0.3796875 0.5513888888888889 0.3765625 0.5555555555555556 0.35546875 0.55 0.34375 0.5527777777777778 0.31328125 0.55 0.3078125 0.5527777777777778 0.3109375 0.5638888888888889 0.30703125 0.5708333333333333 0.30390625 0.5694444444444444 0.3 0.5611111111111111 0.2890625 0.5638888888888889 0.2859375 0.5597222222222222 0.29140625 0.5555555555555556 0.3 0.5583333333333333 0.303125 0.5541666666666667 0.3 0.55 0.29296875 0.5513888888888889 0.2765625 0.5430555555555555 0.2640625 0.5430555555555555 0.190625 0.5263888888888889 0.06328125 0.4527777777777778 0.03828125 0.44583333333333336 0.01640625 0.4263888888888889 0 0.41944444444444445 0 0.4097222222222222 0.0078125 0.4083333333333333
3 0 0.40694444444444444 0.1203125 0.4097222222222222 0.18046875 0.42083333333333334 0.19921875 0.43194444444444446 0.21328125 0.44722222222222224 0.21953125 0.4652777777777778 0.225 0.5013888888888889 0.23359375 0.5208333333333334 0.209375 0.5263888888888889 0.20234375 0.525 0.19609375 0.5180555555555556 0.18828125 0.5013888888888889 0.18984375 0.49583333333333335 0.1890625 0.48055555555555557 0.18515625 0.4652777777777778 0.17734375 0.4527777777777778 0.15625 0.4361111111111111 0.14765625 0.43333333333333335 0.1234375 0.44722222222222224 0.1125 0.44722222222222224 0.11171875 0.45 0.13125 0.4652777777777778 0.171875 0.4875 0.178125 0.49444444444444446 0.17421875 0.49444444444444446 0.16875 0.4888888888888889 0.15859375 0.4875 0.1265625 0.46805555555555556 0.1125 0.4638888888888889 0.10234375 0.4527777777777778 0.08515625 0.4486111111111111 0.06796875 0.4361111111111111 0.04921875 0.43194444444444446 0.04375 0.42777777777777776 0.04296875 0.4236111111111111 0.03671875 0.4263888888888889 0.0328125 0.42083333333333334 0.0296875 0.4236111111111111 0.02578125 0.42083333333333334 0.01328125 0.4236111111111111 0.00546875 0.4166666666666667 0 0.4166666666666667 0 0.4083333333333333
3 0.72890625 0.6736111111111112 0.7484375 0.6722222222222223 0.7625 0.6763888888888889 0.76796875 0.6708333333333333 0.775 0.6708333333333333 0.7953125 0.6777777777777778 0.8140625 0.6777777777777778 0.88984375 0.6986111111111111 0.9265625 0.7152777777777778 0.9796875 0.7472222222222222 0.99921875 0.7652777777777777 0.99921875 0.7722222222222223 0.98984375 0.7736111111111111 0.97421875 0.7625 0.9671875 0.7625 0.94921875 0.7444444444444445 0.9390625 0.7430555555555556 0.9375 0.7388888888888889 0.91953125 0.7375 0.92578125 0.7458333333333333 0.93046875 0.7458333333333333 0.9453125 0.7597222222222222 0.953125 0.7625 0.98125 0.7833333333333333 0.99921875 0.8013888888888889 0.99921875 0.8277777777777777 0.99765625 0.8277777777777777 0.96328125 0.7875 0.95234375 0.7819444444444444 0.91484375 0.7513888888888889 0.8953125 0.7444444444444445 0.88515625 0.7444444444444445 0.8578125 0.7333333333333333 0.834375 0.7319444444444444 0.81640625 0.725 0.796875 0.7222222222222222 0.790625 0.7166666666666667 0.775 0.7194444444444444 0.76328125 0.7125 0.7515625 0.7125 0.74609375 0.7083333333333334 0.75078125 0.7027777777777777 0.75 0.6986111111111111 0.7515625 0.6944444444444444 0.7609375 0.7 0.765625 0.6958333333333333 0.76953125 0.7027777777777777 0.77890625 0.7097222222222223 0.79375 0.6986111111111111 0.79453125 0.6944444444444444 0.7734375 0.6861111111111111 0.76640625 0.6791666666666667 0.76015625 0.6805555555555556 0.759375 0.6847222222222222 0.7625 0.6888888888888889 0.76171875 0.6930555555555555 0.76015625 0.6902777777777778 0.74765625 0.6916666666666667 0.74609375 0.6833333333333333 0.7375 0.6819444444444445 0.72890625 0.675
3 0.85390625 0.19027777777777777 0.8640625 0.19583333333333333 0.85234375 0.20833333333333334 0.84140625 0.2111111111111111 0.83359375 0.2263888888888889 0.825 0.2361111111111111 0.81484375 0.24166666666666667 0.79609375 0.24027777777777778 0.81796875 0.20555555555555555 0.84765625 0.18611111111111112 0.8515625 0.18611111111111112 0.853125 0.19027777777777777
3 0.74609375 0.6972222222222222 0.74765625 0.7 0.75 0.6972222222222222 0.76484375 0.6972222222222222 0.77734375 0.7083333333333334 0.79296875 0.7027777777777777 0.8171875 0.7166666666666667 0.853125 0.7194444444444444 0.91484375 0.7375 0.97890625 0.7819444444444444 0.99921875 0.8013888888888889 0.99921875 0.8277777777777777 0.990625 0.8222222222222222 0.97734375 0.8041666666666667 0.959375 0.7861111111111111 0.9515625 0.7833333333333333 0.928125 0.7638888888888888 0.903125 0.7486111111111111 0.88046875 0.7444444444444445 0.853125 0.7333333333333333 0.83359375 0.7347222222222223 0.78984375 0.7208333333333333 0.77578125 0.7236111111111111 0.765625 0.7180555555555556 0.73828125 0.7138888888888889 0.72734375 0.7083333333333334 0.72265625 0.7027777777777777 0.7234375 0.6986111111111111 0.7375 0.7027777777777777 0.7421875 0.6958333333333333 0.7453125 0.6972222222222222
3 0.03828125 0.41944444444444445 0.053125 0.4236111111111111 0.08671875 0.44166666666666665 0.10703125 0.4486111111111111 0.1203125 0.4597222222222222 0.171875 0.4875 0.1890625 0.4986111111111111 0.1953125 0.5055555555555555 0.19921875 0.5152777777777777 0.203125 0.5166666666666667 0.209375 0.5263888888888889 0.1953125 0.5263888888888889 0.16796875 0.5138888888888888 0.078125 0.46111111111111114 0.04609375 0.4444444444444444 0.040625 0.4444444444444444 0.03046875 0.43472222222222223 0.0203125 0.43194444444444446 0.01328125 0.4236111111111111 0.0171875 0.41805555555555557 0.0375 0.41944444444444445
3 0.45625 0.38055555555555554 0.459375 0.3819444444444444 0.46328125 0.39166666666666666 0.4671875 0.39166666666666666 0.475 0.39861111111111114 0.48046875 0.3972222222222222 0.48671875 0.4041666666666667 0.47734375 0.4125 0.4734375 0.425 0.46953125 0.425 0.46953125 0.4305555555555556 0.47578125 0.44166666666666665 0.47421875 0.44583333333333336 0.48359375 0.4486111111111111 0.48671875 0.4597222222222222 0.484375 0.4652777777777778 0.48515625 0.48055555555555557 0.48046875 0.4875 0.46875 0.4847222222222222 0.45859375 0.4722222222222222 0.44765625 0.4666666666666667 0.44453125 0.45 0.4375 0.4361111111111111 0.4390625 0.43194444444444446 0.4375 0.42083333333333334 0.440625 0.4152777777777778 0.43515625 0.4083333333333333 0.43203125 0.3958333333333333 0.4453125 0.38333333333333336 0.45546875 0.38055555555555554
3 0.428125 0.3861111111111111 0.434375 0.3902777777777778 0.43671875 0.40555555555555556 0.4328125 0.4236111111111111 0.4265625 0.4388888888888889 0.42734375 0.44583333333333336 0.446875 0.45416666666666666 0.45 0.4583333333333333 0.440625 0.4625 0.41484375 0.45416666666666666 0.403125 0.46111111111111114 0.38046875 0.48333333333333334 0.378125 0.48055555555555557 0.38046875 0.47638888888888886 0.39609375 0.4652777777777778 0.40390625 0.4527777777777778 0.38671875 0.42916666666666664 0.38515625 0.4236111111111111 0.3859375 0.40694444444444444 0.39375 0.4 0.39921875 0.4013888888888889 0.4 0.41388888888888886 0.40390625 0.41944444444444445 0.40546875 0.41388888888888886 0.4015625 0.4083333333333333 0.4015625 0.4 0.40625 0.39305555555555555 0.42734375 0.3861111111111111
3 0.271875 0.24583333333333332 0.27734375 0.24722222222222223 0.27890625 0.25 0.2765625 0.25416666666666665 0.26484375 0.26805555555555555 0.2484375 0.27361111111111114 0.24453125 0.28194444444444444 0.2203125 0.2833333333333333 0.2078125 0.2875 0.196875 0.3277777777777778 0.1921875 0.3277777777777778 0.18984375 0.3236111111111111 0.19296875 0.3055555555555556 0.1921875 0.2916666666666667 0.19375 0.2861111111111111 0.2 0.275 0.20625 0.2708333333333333 0.2078125 0.2652777777777778 0.2203125 0.2569444444444444 0.23984375 0.25416666666666665 0.2484375 0.24583333333333332 0.27109375 0.24722222222222223
3 0.428125 0.3861111111111111 0.43125 0.3888888888888889 0.4296875 0.39444444444444443 0.43359375 0.40694444444444444 0.43359375 0.41805555555555557 0.43046875 0.4305555555555556 0.4265625 0.4375 0.42578125 0.44583333333333336 0.42890625 0.4513888888888889 0.4390625 0.45694444444444443 0.425 0.4583333333333333 0.421875 0.45416666666666666 0.41796875 0.45416666666666666 0.39765625 0.4736111111111111 0.378125 0.4875 0.3671875 0.4875 0.3640625 0.48333333333333334 0.36796875 0.48194444444444445 0.3671875 0.4777777777777778 0.35703125 0.48333333333333334 0.346875 0.48333333333333334 0.3921875 0.44305555555555554 0.38359375 0.42083333333333334 0.384375 0.4083333333333333 0.38671875 0.4027777777777778 0.39375 0.39861111111111114 0.40078125 0.39861111111111114 0.40703125 0.39166666666666666 0.42734375 0.3861111111111111
3 0.878125 0.25972222222222224 0.88671875 0.26805555555555555 0.88828125 0.2972222222222222 0.90078125 0.32222222222222224 0.9078125 0.325 0.9125 0.33611111111111114 0.91796875 0.33611111111111114 0.92578125 0.34444444444444444 0.9390625 0.3638888888888889 0.94609375 0.38333333333333336 0.95 0.40555555555555556 0.94921875 0.41388888888888886 0.9421875 0.42083333333333334 0.94296875 0.40694444444444444 0.9390625 0.39305555555555555 0.93515625 0.39444444444444443 0.9265625 0.41388888888888886 0.91796875 0.41944444444444445 0.91484375 0.4166666666666667 0.9171875 0.4083333333333333 0.9359375 0.37777777777777777 0.93515625 0.37222222222222223 0.9265625 0.35555555555555557 0.91171875 0.3402777777777778 0.903125 0.3402777777777778 0.8890625 0.33194444444444443 0.87265625 0.3013888888888889 0.86796875 0.2861111111111111 0.8671875 0.275 0.8703125 0.2638888888888889 0.87734375 0.25972222222222224
3 0.68515625 0.3194444444444444 0.7109375 0.3388888888888889 0.728125 0.3402777777777778 0.76796875 0.3611111111111111 0.815625 0.37222222222222223 0.82734375 0.37777777777777777 0.83046875 0.3861111111111111 0.8296875 0.3958333333333333 0.8265625 0.3972222222222222 0.821875 0.39166666666666666 0.7984375 0.38472222222222224 0.77578125 0.3819444444444444 0.77421875 0.39444444444444443 0.771875 0.39861111111111114 0.76875 0.3972222222222222 0.7625 0.39305555555555555 0.75703125 0.38333333333333336 0.74453125 0.38472222222222224 0.740625 0.38055555555555554 0.7390625 0.37083333333333335 0.73125 0.3638888888888889 0.71484375 0.3541666666666667 0.70625 0.3541666666666667 0.69921875 0.3458333333333333 0.684375 0.3375 0.67734375 0.3277777777777778 0.67890625 0.32222222222222224 0.684375 0.32083333333333336
3 0.1828125 0.41388888888888886 0.19296875 0.4083333333333333 0.2015625 0.39861111111111114 0.25546875 0.3638888888888889 0.29921875 0.3236111111111111 0.30625 0.32083333333333336 0.31015625 0.3138888888888889 0.31796875 0.3111111111111111 0.3359375 0.2875 0.3453125 0.28055555555555556 0.35234375 0.2652777777777778 0.3609375 0.25972222222222224 0.3703125 0.25833333333333336 0.4015625 0.24027777777777778 0.41796875 0.2388888888888889 0.421875 0.24305555555555555 0.39140625 0.25833333333333336 0.3703125 0.2791666666666667 0.3453125 0.29305555555555557 0.32734375 0.31805555555555554 0.3046875 0.3277777777777778 0.28515625 0.3541666666666667 0.26484375 0.375 0.253125 0.38333333333333336 0.23515625 0.3902777777777778 0.23046875 0.3958333333333333 0.2171875 0.4013888888888889 0.19765625 0.4152777777777778 0.18671875 0.41944444444444445 0.18203125 0.41805555555555557 0.1828125 0.4152777777777778
3 0.175 0.41944444444444445 0.18203125 0.42083333333333334 0.203125 0.43472222222222223 0.21484375 0.45 0.2203125 0.4666666666666667 0.22421875 0.49722222222222223 0.22890625 0.5125 0.23515625 0.5222222222222223 0.225 0.5236111111111111 0.21640625 0.5236111111111111 0.20625 0.5152777777777777 0.20625 0.5125 0.2125 0.5069444444444444 0.209375 0.4722222222222222 0.203125 0.4583333333333333 0.2 0.45555555555555555 0.19765625 0.4583333333333333 0.1984375 0.4736111111111111 0.20078125 0.4791666666666667 0.19921875 0.4875 0.203125 0.5097222222222222 0.19296875 0.5 0.1890625 0.4861111111111111 0.1875 0.4708333333333333 0.1796875 0.45555555555555555 0.15703125 0.4361111111111111 0.1359375 0.42916666666666664 0.1359375 0.425 0.14375 0.425 0.15234375 0.41805555555555557 0.17421875 0.41944444444444445
3 0.984375 0.4111111111111111 0.03125 0.022222222222222223
3 0.07265625 0.07361111111111111 0.08984375 0.07777777777777778 0.0921875 0.08194444444444444 0.09296875 0.09166666666666666 0.08828125 0.09722222222222222 0.0734375 0.09583333333333334 0.06796875 0.0875 0.05546875 0.08055555555555556 0.05625 0.0763888888888889 0.06015625 0.07361111111111111 0.071875 0.07361111111111111
3 0.678125 0.3236111111111111 0.68515625 0.3194444444444444 0.6984375 0.33194444444444443 0.7109375 0.3388888888888889 0.7203125 0.3416666666666667 0.73046875 0.3402777777777778 0.73828125 0.3472222222222222 0.76796875 0.3611111111111111 0.815625 0.37222222222222223 0.82734375 0.37777777777777777 0.82890625 0.38472222222222224 0.82734375 0.3888888888888889 0.80859375 0.3875 0.7671875 0.3763888888888889 0.75703125 0.37083333333333335 0.740625 0.36944444444444446 0.7375 0.3638888888888889 0.73046875 0.3597222222222222 0.7234375 0.3597222222222222 0.690625 0.3416666666666667 0.678125 0.32916666666666666 0.678125 0.325
3 0.53828125 0.39444444444444443 0.54921875 0.3972222222222222 0.55390625 0.40555555555555556 0.5625 0.40694444444444444 0.56875 0.4152777777777778 0.57109375 0.4236111111111111 0.57890625 0.4263888888888889 0.58203125 0.4305555555555556 0.57890625 0.4388888888888889 0.5796875 0.4486111111111111 0.578125 0.4513888888888889 0.57109375 0.4486111111111111 0.5671875 0.45555555555555555 0.5703125 0.4597222222222222 0.565625 0.4625 0.5640625 0.4861111111111111 0.56953125 0.49166666666666664 0.57265625 0.5083333333333333 0.5703125 0.5138888888888888 0.5640625 0.5180555555555556 0.54609375 0.5152777777777777 0.53125 0.5027777777777778 0.5171875 0.5 0.509375 0.4875 0.5046875 0.4736111111111111 0.50078125 0.4708333333333333 0.49765625 0.47638888888888886 0.49765625 0.4708333333333333 0.49453125 0.4652777777777778 0.49453125 0.46111111111111114 0.4984375 0.4583333333333333 0.50546875 0.44583333333333336 0.50390625 0.4388888888888889 0.5015625 0.43472222222222223 0.49375 0.4375 0.4828125 0.43194444444444446 0.48671875 0.4111111111111111 0.4984375 0.4083333333333333 0.50546875 0.4 0.51875 0.39444444444444443 0.52890625 0.3972222222222222 0.5375 0.39444444444444443
3 0.928125 0.3347222222222222 0.95 0.3527777777777778 0.9578125 0.36666666666666664 0.9671875 0.39166666666666666 0.9703125 0.4166666666666667 0.96640625 0.425 0.96484375 0.4236111111111111 0.96484375 0.41388888888888886 0.95625 0.40555555555555556 0.95625 0.4027777777777778 0.96171875 0.4 0.95546875 0.3888888888888889 0.95390625 0.3763888888888889 0.95 0.3680555555555556 0.93046875 0.34305555555555556 0.928125 0.33611111111111114
3 0.77421875 0.6708333333333333 0.7953125 0.6777777777777778 0.81328125 0.6777777777777778 0.86640625 0.6916666666666667 0.9125 0.7083333333333334 0.9828125 0.75 0.99921875 0.7652777777777777 0.99921875 0.7722222222222223 0.990625 0.7708333333333334 0.946875 0.7402777777777778 0.9171875 0.7291666666666666 0.903125 0.7194444444444444 0.8609375 0.7041666666666667 0.84296875 0.7027777777777777 0.821875 0.6958333333333333 0.7984375 0.6944444444444444 0.78046875 0.6888888888888889 0.7703125 0.6819444444444445 0.7671875 0.6763888888888889 0.76875 0.6722222222222223 0.7734375 0.6708333333333333
3 0.25859375 0.24444444444444444 0.2625 0.24861111111111112 0.27109375 0.24444444444444444 0.27890625 0.24861111111111112 0.26796875 0.26805555555555555 0.265625 0.2708333333333333 0.26015625 0.26944444444444443 0.2515625 0.2777777777777778 0.24765625 0.2763888888888889 0.24453125 0.2847222222222222 0.22578125 0.2847222222222222 0.2109375 0.2902777777777778 0.20546875 0.3 0.19921875 0.3263888888888889 0.19609375 0.32916666666666666 0.190625 0.3277777777777778 0.18984375 0.325 0.1921875 0.29444444444444445 0.19921875 0.27361111111111114 0.20234375 0.26944444444444443 0.20703125 0.2708333333333333 0.20703125 0.2638888888888889 0.203125 0.2638888888888889 0.2109375 0.2569444444444444 0.2390625 0.25416666666666665 0.24765625 0.24583333333333332 0.2578125 0.24444444444444444
3 0.54296875 0.39305555555555555 0.5671875 0.4111111111111111 0.57890625 0.4125 0.5875 0.41944444444444445 0.6015625 0.42083333333333334 0.60859375 0.43472222222222223 0.6125 0.4375 0.615625 0.4486111111111111 0.62109375 0.4527777777777778 0.61953125 0.4638888888888889 0.621875 0.4736111111111111 0.628125 0.47638888888888886 0.628125 0.48055555555555557 0.634375 0.49444444444444446 0.64140625 0.5041666666666667 0.63984375 0.5083333333333333 0.628125 0.5166666666666667 0.6 0.5180555555555556 0.58125 0.5138888888888888 0.5671875 0.5166666666666667 0.5640625 0.5208333333333334 0.53515625 0.5097222222222222 0.52734375 0.5027777777777778 0.51796875 0.5027777777777778 0.49140625 0.48055555555555557 0.4859375 0.46944444444444444 0.4890625 0.4597222222222222 0.48828125 0.45694444444444443 0.478125 0.45 0.47421875 0.4388888888888889 0.47578125 0.43472222222222223 0.47265625 0.42916666666666664 0.475 0.425 0.47421875 0.41388888888888886 0.47734375 0.40694444444444444 0.515625 0.39444444444444443 0.5421875 0.39305555555555555
3 0.625 0.32222222222222224 0.628125 0.33055555555555555 0.63984375 0.34444444444444444 0.67734375 0.37222222222222223 0.678125 0.3763888888888889 0.67578125 0.37777777777777777 0.65234375 0.36666666666666664 0.63984375 0.35694444444444445 0.6234375 0.3416666666666667 0.6125 0.3263888888888889 0.60625 0.30833333333333335 0.6046875 0.28888888888888886 0.60625 0.28194444444444444 0.6125 0.27361111111111114 0.621875 0.275 0.62421875 0.2833333333333333 0.62109375 0.2902777777777778 0.61953125 0.30833333333333335 0.62421875 0.32222222222222224
3 0.315625 0.9111111111111111 0.32109375 0.9152777777777777 0.32734375 0.9152777777777777 0.32890625 0.9277777777777778 0.33125 0.9319444444444445 0.334375 0.9319444444444445 0.3234375 0.9319444444444445 0.3140625 0.9444444444444444 0.31015625 0.9458333333333333 0.30703125 0.9541666666666667 0.29921875 0.9611111111111111 0.29609375 0.9694444444444444 0.28984375 0.975 0.2859375 0.9847222222222223 0.28046875 0.9861111111111112 0.28125 0.9944444444444445 0.26484375 0.9958333333333333 0.2625 0.9986111111111111 0.24765625 0.9986111111111111 0.246875 0.9944444444444445 0.253125 0.9847222222222223 0.25859375 0.9597222222222223 0.26875 0.9527777777777777 0.27734375 0.9402777777777778 0.28984375 0.9305555555555556 0.2921875 0.9236111111111112 0.30078125 0.9138888888888889 0.31484375 0.9111111111111111
3 0.921875 0.3333333333333333 0.92421875 0.3347222222222222 0.925 0.3402777777777778 0.9265625 0.3333333333333333 0.93515625 0.3388888888888889 0.94765625 0.35138888888888886 0.95703125 0.36666666666666664 0.96328125 0.37916666666666665 0.96875 0.4 0.96640625 0.4222222222222222 0.96640625 0.4152777777777778 0.96015625 0.40694444444444444 0.95078125 0.4111111111111111 0.95234375 0.4013888888888889 0.95703125 0.4 0.96015625 0.4027777777777778 0.9609375 0.3972222222222222 0.9546875 0.3902777777777778 0.95390625 0.37777777777777777 0.94765625 0.36666666666666664 0.93515625 0.35138888888888886 0.93203125 0.35 0.92890625 0.3527777777777778 0.921875 0.3472222222222222 0.9203125 0.34444444444444444 0.921875 0.3402777777777778 0.91484375 0.3402777777777778 0.91015625 0.3333333333333333 0.91015625 0.3277777777777778 0.9140625 0.3236111111111111 0.9171875 0.3347222222222222 0.92109375 0.3333333333333333
3 0 0.4083333333333333 0.1265625 0.4111111111111111 0.17578125 0.41805555555555557 0.19453125 0.40694444444444444 0.203125 0.3972222222222222 0.20703125 0.3972222222222222 0.2203125 0.3861111111111111 0.25703125 0.3638888888888889 0.2859375 0.3375 0.29609375 0.33194444444444443 0.28984375 0.3458333333333333 0.26953125 0.36944444444444446 0.25078125 0.38333333333333336 0.24140625 0.3861111111111111 0.2140625 0.4027777777777778 0.18984375 0.42083333333333334 0.19140625 0.4263888888888889 0.209375 0.44166666666666665 0.21640625 0.45416666666666666 0.2203125 0.4708333333333333 0.22109375 0.4847222222222222 0.228125 0.5125 0.2375 0.525 0.24140625 0.5236111111111111 0.24765625 0.5277777777777778 0.22734375 0.5236111111111111 0.22421875 0.5263888888888889 0.20546875 0.5263888888888889 0.1921875 0.5194444444444445 0.18203125 0.5180555555555556 0.18203125 0.5138888888888888 0.18515625 0.5152777777777777 0.18984375 0.5111111111111111 0.184375 0.5013888888888889 0.1890625 0.5013888888888889 0.19140625 0.49444444444444446 0.18828125 0.46805555555555556 0.1796875 0.4527777777777778 0.15546875 0.43333333333333335 0.14296875 0.43194444444444446 0.13359375 0.43472222222222223 0.13046875 0.42777777777777776 0.12265625 0.42777777777777776 0.1171875 0.4222222222222222 0.10703125 0.4236111111111111 0.0640625 0.4166666666666667 0.0515625 0.41805555555555557 0.05 0.42083333333333334 0.0359375 0.42083333333333334 0.03359375 0.41805555555555557 0.0140625 0.41944444444444445 0.0125 0.4166666666666667 0.00859375 0.41805555555555557 0 0.4097222222222222
3 0.940625 0.4638888888888889 0.95 0.4527777777777778 0.96015625 0.44583333333333336 0.9875 0.4375 0.99921875 0.4375 0.99921875 0.45 0.99296875 0.45416666666666666 0.98671875 0.45416666666666666 0.97734375 0.4597222222222222 0.95625 0.4597222222222222 0.95 0.4666666666666667 0.94140625 0.4652777777777778
3 0.91953125 0.4583333333333333 0.92265625 0.4625 0.921875 0.4652777777777778 0.90703125 0.4736111111111111 0.9046875 0.48055555555555557 0.89921875 0.4861111111111111 0.8859375 0.49027777777777776 0.87578125 0.4986111111111111 0.8421875 0.5083333333333333 0.81875 0.5027777777777778 0.81875 0.49722222222222223 0.82578125 0.49027777777777776 0.8828125 0.4625 0.9109375 0.45694444444444443 0.91875 0.4583333333333333