3 0.013958984375 0.15159201388888888 0.259951171875 0.893685763888889 0.2903955078125 0.8869184027777778 0.0290830078125 0.11559375 0.027814453125 0.15393402777777776
3 0.1269609375 0.10447048611111111 0.4413486328125 0.9072170138888889 0.473060546875 0.8914305555555556 0.1610078125 0.06597569444444445
3 0 0.5781805555555555 0.3398671875 0.8440677083333333 0.4261259765625 0.893685763888889 0.36396875 0.8981961805555555 0.10773046875 0.7515989583333333 0.0037119140625 0.6410868055555556
3 0.007517578125 0.3975104166666667 0.4768662109375 0.6816840277777777 0.82570703125 0.8440677083333333 0.8967431640625 0.8801527777777778 0.876447265625 0.9072170138888889 0.4261259765625 0.6997256944444444 0.00117578125 0.4493836805555556
3 0.238568359375 0.1590329861111111 0.5961064453125 0.14265798611111113 0.8726416015625 0.2802326388888889 0.9990234375 0.4110434027777778 0.9990234375 0.44261805555555556 0.8929375 0.3546597222222222 0.6633369140625 0.19227430555555555 0.549171875 0.17197743055555556 0.2802470703125 0.19453125
3 0.2472666015625 0.20129687500000001 0.5910322265625 0.29827604166666666 0.716615234375 0.31631944444444443 0.8916689453125 0.4381076388888889 0.844734375 0.4493836805555556 0.711541015625 0.36142534722222225 0.6125966796875 0.3343611111111111 0.522533203125 0.31857465277777774 0.3969501953125 0.28474305555555557 0.294201171875 0.25316840277777775 0.254876953125 0.23738194444444444
3 0.565662109375 0.5012569444444445 0.934798828125 0.4899791666666667 0.9990234375 0.4764479166666667 0.9990234375 0.5102777777777778 0.8409287109375 0.5373420138888889 0.68490234375 0.5215538194444445 0.6011806640625 0.5057673611111111
0 0.4775390625 0.4479166666666667 0.48828125 0.4670138888888889 0.494140625 0.46875 0.4990234375 0.4791666666666667 0.5078125 0.484375 0.5126953125 0.4930555555555556 0.4970703125 0.5017361111111112 0.4921875 0.5104166666666666 0.4912109375 0.5173611111111112 0.482421875 0.53125 0.482421875 0.5486111111111112 0.48046875 0.5520833333333334 0.4736328125 0.5520833333333334 0.4697265625 0.5486111111111112 0.4501953125 0.5121527777777778 0.404296875 0.5260416666666666 0.3974609375 0.5260416666666666 0.3896484375 0.5208333333333334 0.38671875 0.515625 0.388671875 0.5104166666666666 0.3984375 0.5086805555555556 0.4111328125 0.5 0.423828125 0.5 0.443359375 0.4930555555555556 0.451171875 0.46875 0.466796875 0.4427083333333333 0.4736328125 0.4375 0.4765625 0.4479166666666667
0 0.609375 0.359375 0.6123046875 0.3628472222222222 0.611328125 0.3663194444444444 0.6064453125 0.3663194444444444 0.599609375 0.3767361111111111 0.5947265625 0.3784722222222222 0.587890625 0.3871527777777778 0.578125 0.3888888888888889 0.5693359375 0.3993055555555556 0.568359375 0.4149305555555556 0.564453125 0.4253472222222222 0.568359375 0.4288194444444444 0.5791015625 0.421875 0.5810546875 0.4236111111111111 0.58203125 0.4322916666666667 0.5810546875 0.4375 0.5712890625 0.453125 0.5595703125 0.4600694444444444 0.5546875 0.4513888888888889 0.548828125 0.4479166666666667 0.5458984375 0.4375 0.5361328125 0.421875 0.537109375 0.4097222222222222 0.53125 0.3940972222222222 0.53125 0.3871527777777778 0.5673828125 0.3489583333333333 0.5947265625 0.3368055555555556 0.6015625 0.3229166666666667 0.603515625 0.3246527777777778 0.6025390625 0.3333333333333333 0.6064453125 0.3472222222222222 0.60546875 0.3524305555555556 0.6083984375 0.359375
0 0.6083984375 0.359375 0.6123046875 0.3645833333333333 0.60546875 0.3663194444444444 0.599609375 0.3767361111111111 0.59375 0.3784722222222222 0.5869140625 0.3871527777777778 0.580078125 0.3871527777777778 0.5693359375 0.3993055555555556 0.568359375 0.4131944444444444 0.564453125 0.4270833333333333 0.5673828125 0.4305555555555556 0.578125 0.421875 0.5810546875 0.4253472222222222 0.5810546875 0.4375 0.572265625 0.4513888888888889 0.5654296875 0.4565972222222222 0.5595703125 0.4565972222222222 0.5546875 0.4496527777777778 0.5478515625 0.4496527777777778 0.54296875 0.4618055555555556 0.54296875 0.46875 0.5498046875 0.4739583333333333 0.5517578125 0.4809027777777778 0.5498046875 0.4861111111111111 0.5458984375 0.4878472222222222 0.5361328125 0.4878472222222222 0.5302734375 0.4652777777777778 0.5283203125 0.4635416666666667 0.525390625 0.46875 0.5224609375 0.4635416666666667 0.5263671875 0.4618055555555556 0.5302734375 0.4548611111111111 0.529296875 0.4409722222222222 0.53515625 0.453125 0.533203125 0.4583333333333333 0.5380859375 0.4635416666666667 0.537109375 0.4739583333333333 0.5400390625 0.4774305555555556 0.54296875 0.4722222222222222 0.541015625 0.4652777777777778 0.5419921875 0.4496527777777778 0.5400390625 0.4427083333333333 0.54296875 0.4427083333333333 0.5439453125 0.4375 0.5341796875 0.4236111111111111 0.5322265625 0.40625 0.5283203125 0.3975694444444444 0.5302734375 0.3940972222222222 0.5302734375 0.3871527777777778 0.5703125 0.3472222222222222 0.5947265625 0.3368055555555556 0.6015625 0.3229166666666667 0.6025390625 0.3368055555555556 0.60546875 0.34375 0.60546875 0.3541666666666667 0.607421875 0.359375
1 0.5166015625 0.375 0.525390625 0.3802083333333333 0.529296875 0.3871527777777778 0.5302734375 0.3958333333333333 0.5361328125 0.4079861111111111 0.5361328125 0.421875 0.54296875 0.4305555555555556 0.5478515625 0.4479166666666667 0.5439453125 0.4670138888888889 0.5517578125 0.4774305555555556 0.5498046875 0.4861111111111111 0.5419921875 0.4895833333333333 0.5361328125 0.4895833333333333 0.5302734375 0.4826388888888889 0.5263671875 0.4947916666666667 0.521484375 0.5 0.515625 0.4982638888888889 0.4970703125 0.4791666666666667 0.4912109375 0.4774305555555556 0.48828125 0.4704861111111111 0.48046875 0.4618055555555556 0.4765625 0.4513888888888889 0.4736328125 0.4253472222222222 0.4736328125 0.4184027777777778 0.4921875 0.3923611111111111 0.5107421875 0.375 0.515625 0.375