0 0.8697916666666666 0.388671875 0.8854166666666666 0.3896484375 0.8888888888888888 0.3916015625 0.8888888888888888 0.400390625 0.8854166666666666 0.40234375 0.8715277777777778 0.40234375 0.8680555555555556 0.3974609375 0.8697916666666666 0.3896484375
0 0.4635416666666667 0.44921875 0.4878472222222222 0.4501953125 0.4895833333333333 0.4521484375 0.4826388888888889 0.455078125 0.4861111111111111 0.4599609375 0.484375 0.46484375 0.4739583333333333 0.46484375 0.46875 0.4619140625 0.4548611111111111 0.46484375 0.4565972222222222 0.4580078125 0.4513888888888889 0.455078125 0.4513888888888889 0.451171875 0.4548611111111111 0.4482421875 0.4618055555555556 0.44921875
0 0.5711805555555556 0.4365234375 0.578125 0.439453125 0.5711805555555556 0.447265625 0.5642361111111112 0.4501953125 0.5555555555555556 0.4501953125 0.5503472222222222 0.447265625 0.5503472222222222 0.4443359375 0.5451388888888888 0.44140625 0.5399305555555556 0.4423828125 0.5381944444444444 0.4404296875 0.5451388888888888 0.435546875 0.5538194444444444 0.4375 0.5659722222222222 0.435546875 0.5694444444444444 0.4365234375
0 0.057291666666666664 0.48828125 0.0642361111111111 0.490234375 0.0920138888888889 0.4892578125 0.09375 0.4912109375 0.08854166666666667 0.494140625 0.08854166666666667 0.4970703125 0.09375 0.501953125 0.08333333333333333 0.50390625 0.078125 0.5 0.07118055555555555 0.5 0.06597222222222222 0.5009765625 0.05555555555555555 0.5078125 0.05555555555555555 0.4970703125 0.04861111111111111 0.4951171875 0.052083333333333336 0.4892578125 0.05555555555555555 0.48828125
0 0.5381944444444444 0.4892578125 0.5434027777777778 0.4912109375 0.5694444444444444 0.4912109375 0.5677083333333334 0.49609375 0.5763888888888888 0.5048828125 0.5729166666666666 0.505859375 0.5555555555555556 0.5009765625 0.5520833333333334 0.5048828125 0.5538194444444444 0.5078125 0.5434027777777778 0.5078125 0.5381944444444444 0.509765625 0.5364583333333334 0.5068359375 0.5399305555555556 0.5009765625 0.5364583333333334 0.498046875 0.5277777777777778 0.498046875 0.5329861111111112 0.490234375 0.5364583333333334 0.4892578125
0 0.5885416666666666 0.482421875 0.6111111111111112 0.4833984375 0.6111111111111112 0.4912109375 0.6163194444444444 0.498046875 0.609375 0.498046875 0.6024305555555556 0.4951171875 0.5954861111111112 0.4970703125 0.5885416666666666 0.5029296875 0.5850694444444444 0.4931640625 0.5815972222222222 0.4912109375 0.5729166666666666 0.4912109375 0.5798611111111112 0.4833984375 0.5868055555555556 0.482421875
3 0.8802083333333334 0.4833984375 0.8836805555555556 0.4853515625 0.8819444444444444 0.49609375 0.8680555555555556 0.4970703125 0.8541666666666666 0.501953125 0.8420138888888888 0.4990234375 0.8315972222222222 0.5 0.8263888888888888 0.5068359375 0.8177083333333334 0.5048828125 0.8038194444444444 0.509765625 0.7864583333333334 0.5126953125 0.7743055555555556 0.5126953125 0.7690972222222222 0.5146484375 0.7621527777777778 0.5126953125 0.7569444444444444 0.5205078125 0.7482638888888888 0.515625 0.7413194444444444 0.515625 0.7378472222222222 0.5185546875 0.7326388888888888 0.517578125 0.7222222222222222 0.521484375 0.7135416666666666 0.521484375 0.6996527777777778 0.525390625 0.6822916666666666 0.525390625 0.671875 0.5234375 0.6701388888888888 0.517578125 0.6805555555555556 0.51171875 0.7152777777777778 0.5107421875 0.7274305555555556 0.5078125 0.734375 0.509765625 0.7395833333333334 0.5078125 0.7465277777777778 0.509765625 0.7517361111111112 0.5078125 0.7534722222222222 0.5 0.7777777777777778 0.49609375 0.7986111111111112 0.4970703125 0.8055555555555556 0.49609375 0.8125 0.4921875 0.8263888888888888 0.4921875 0.8333333333333334 0.494140625 0.8420138888888888 0.4873046875 0.8559027777777778 0.486328125 0.8663194444444444 0.4833984375 0.8784722222222222 0.4833984375
3 0.4965277777777778 0.5908203125 0.5121527777777778 0.5947265625 0.5190972222222222 0.5947265625 0.5260416666666666 0.5986328125 0.5451388888888888 0.603515625 0.5520833333333334 0.6083984375 0.5572916666666666 0.609375 0.5607638888888888 0.61328125 0.5642361111111112 0.61328125 0.5677083333333334 0.6162109375 0.5746527777777778 0.6162109375 0.5729166666666666 0.619140625 0.5763888888888888 0.62109375 0.578125 0.619140625 0.5833333333333334 0.619140625 0.5763888888888888 0.6220703125 0.5798611111111112 0.630859375 0.5868055555555556 0.6328125 0.5885416666666666 0.63671875 0.5798611111111112 0.6396484375 0.5798611111111112 0.646484375 0.5763888888888888 0.6484375 0.5746527777777778 0.646484375 0.5711805555555556 0.6474609375 0.5677083333333334 0.6435546875 0.5659722222222222 0.64453125 0.5590277777777778 0.66015625 0.5503472222222222 0.6630859375 0.5520833333333334 0.67578125 0.5486111111111112 0.6787109375 0.5416666666666666 0.6767578125 0.5225694444444444 0.6826171875 0.5104166666666666 0.68359375 0.5052083333333334 0.6875 0.484375 0.689453125 0.4756944444444444 0.689453125 0.4791666666666667 0.6845703125 0.4965277777777778 0.677734375 0.5086805555555556 0.67578125 0.5208333333333334 0.6689453125 0.5277777777777778 0.66796875 0.53125 0.6640625 0.53125 0.6533203125 0.5243055555555556 0.6513671875 0.5243055555555556 0.646484375 0.5434027777777778 0.6435546875 0.5381944444444444 0.640625 0.5364583333333334 0.6416015625 0.5347222222222222 0.638671875 0.5347222222222222 0.6357421875 0.5416666666666666 0.6337890625 0.5416666666666666 0.6298828125 0.5329861111111112 0.6259765625 0.5295138888888888 0.626953125 0.5052083333333334 0.6103515625 0.4861111111111111 0.60546875 0.4722222222222222 0.5986328125 0.4670138888888889 0.5986328125 0.4756944444444444 0.5966796875 0.4878472222222222 0.59765625 0.4895833333333333 0.591796875 0.4947916666666667 0.5908203125
3 0.09895833333333333 0.5009765625 0.10243055555555555 0.5048828125 0.09895833333333333 0.505859375 0.0954861111111111 0.51171875 0.10243055555555555 0.5166015625 0.12152777777777778 0.5185546875 0.13194444444444445 0.517578125 0.14583333333333334 0.5205078125 0.21006944444444445 0.5205078125 0.21875 0.5166015625 0.22916666666666666 0.5244140625 0.24131944444444445 0.5205078125 0.2534722222222222 0.5224609375 0.2604166666666667 0.5205078125 0.2708333333333333 0.521484375 0.2725694444444444 0.525390625 0.2690972222222222 0.5283203125 0.2621527777777778 0.5283203125 0.2569444444444444 0.5341796875 0.2465277777777778 0.53515625 0.24131944444444445 0.533203125 0.2326388888888889 0.533203125 0.2222222222222222 0.5263671875 0.2170138888888889 0.529296875 0.1840277777777778 0.5283203125 0.17708333333333334 0.5263671875 0.1527777777777778 0.53125 0.1440972222222222 0.5302734375 0.140625 0.5322265625 0.12152777777777778 0.5322265625 0.10416666666666667 0.52734375 0.08159722222222222 0.52734375 0.07118055555555555 0.5302734375 0.046875 0.5302734375 0.041666666666666664 0.5224609375 0.03125 0.5283203125 0.026041666666666668 0.5283203125 0.020833333333333332 0.525390625 0 0.525390625 0.003472222222222222 0.5107421875 0.010416666666666666 0.5107421875 0.019097222222222224 0.513671875 0.036458333333333336 0.513671875 0.036458333333333336 0.5185546875 0.03993055555555555 0.521484375 0.052083333333333336 0.5185546875 0.059027777777777776 0.51953125 0.06770833333333333 0.5166015625 0.08333333333333333 0.5205078125 0.08680555555555555 0.5185546875 0.08680555555555555 0.5068359375 0.0954861111111111 0.505859375 0.09722222222222222 0.501953125
3 0.6128472222222222 0.568359375 0.6197916666666666 0.57421875 0.6197916666666666 0.578125 0.6302083333333334 0.591796875 0.6475694444444444 0.6083984375 0.6475694444444444 0.6123046875 0.6440972222222222 0.61328125 0.625 0.6025390625 0.6163194444444444 0.591796875 0.6059027777777778 0.5712890625 0.6111111111111112 0.568359375
3 0.4635416666666667 0.552734375 0.46875 0.5537109375 0.4670138888888889 0.556640625 0.4722222222222222 0.5615234375 0.5069444444444444 0.5634765625 0.5260416666666666 0.5693359375 0.5347222222222222 0.568359375 0.5381944444444444 0.5703125 0.5486111111111112 0.56640625 0.5625 0.5732421875 0.5763888888888888 0.5771484375 0.5902777777777778 0.57421875 0.59375 0.578125 0.6006944444444444 0.578125 0.6041666666666666 0.5849609375 0.6041666666666666 0.58984375 0.5989583333333334 0.59375 0.5885416666666666 0.59375 0.5815972222222222 0.5888671875 0.5694444444444444 0.5849609375 0.5607638888888888 0.5849609375 0.546875 0.5888671875 0.5347222222222222 0.5888671875 0.5208333333333334 0.5849609375 0.5034722222222222 0.5869140625 0.4965277777777778 0.5849609375 0.4947916666666667 0.580078125 0.4861111111111111 0.578125 0.4791666666666667 0.578125 0.4739583333333333 0.5849609375 0.46875 0.5849609375 0.4704861111111111 0.578125 0.4635416666666667 0.5751953125 0.4513888888888889 0.57421875 0.4253472222222222 0.56640625 0.4166666666666667 0.5673828125 0.421875 0.560546875 0.4270833333333333 0.5595703125 0.4322916666666667 0.560546875 0.4409722222222222 0.55859375 0.4479166666666667 0.5615234375 0.4583333333333333 0.5615234375 0.4635416666666667 0.5537109375
3 0.7170138888888888 0.6767578125 0.7204861111111112 0.6767578125 0.71875 0.689453125 0.7100694444444444 0.6953125 0.6996527777777778 0.7177734375 0.6996527777777778 0.720703125 0.7065972222222222 0.72265625 0.71875 0.73046875 0.7152777777777778 0.7431640625 0.71875 0.748046875 0.7170138888888888 0.75 0.7100694444444444 0.748046875 0.7048611111111112 0.755859375 0.7048611111111112 0.76171875 0.7118055555555556 0.7685546875 0.7048611111111112 0.7734375 0.6944444444444444 0.7724609375 0.6909722222222222 0.7685546875 0.6805555555555556 0.716796875 0.6857638888888888 0.712890625 0.6892361111111112 0.703125 0.7013888888888888 0.689453125 0.7170138888888888 0.677734375
3 0.5225694444444444 0.5947265625 0.546875 0.6015625 0.5920138888888888 0.6220703125 0.5972222222222222 0.6279296875 0.5972222222222222 0.638671875 0.5885416666666666 0.6474609375 0.5833333333333334 0.6484375 0.5746527777777778 0.6435546875 0.5763888888888888 0.6318359375 0.5711805555555556 0.625 0.5434027777777778 0.6083984375 0.5173611111111112 0.5986328125 0.5173611111111112 0.595703125 0.5208333333333334 0.5947265625
3 0.4479166666666667 0.5322265625 0.453125 0.5322265625 0.4652777777777778 0.52734375 0.4756944444444444 0.5322265625 0.4739583333333333 0.537109375 0.4670138888888889 0.5400390625 0.4670138888888889 0.5478515625 0.4635416666666667 0.55078125 0.4461805555555556 0.5517578125 0.4166666666666667 0.55859375 0.4079861111111111 0.5576171875 0.3888888888888889 0.560546875 0.359375 0.568359375 0.3402777777777778 0.568359375 0.296875 0.5751953125 0.2934027777777778 0.5771484375 0.2760416666666667 0.578125 0.2708333333333333 0.5810546875 0.2586805555555556 0.580078125 0.2517361111111111 0.5830078125 0.22569444444444445 0.5869140625 0.2152777777777778 0.5908203125 0.2048611111111111 0.5908203125 0.1875 0.59765625 0.15104166666666666 0.599609375 0.13541666666666666 0.6025390625 0.13194444444444445 0.60546875 0.11631944444444445 0.607421875 0.1111111111111111 0.611328125 0.09375 0.611328125 0.08854166666666667 0.61328125 0.07291666666666667 0.6142578125 0.05381944444444445 0.6201171875 0.043402777777777776 0.626953125 0.022569444444444444 0.62890625 0 0.6416015625 0 0.619140625 0.003472222222222222 0.615234375 0.022569444444444444 0.6103515625 0.026041666666666668 0.60546875 0.03819444444444445 0.599609375 0.043402777777777776 0.6005859375 0.046875 0.5986328125 0.05555555555555555 0.599609375 0.0642361111111111 0.59765625 0.0798611111111111 0.5986328125 0.09027777777777778 0.5966796875 0.0954861111111111 0.5986328125 0.10243055555555555 0.59765625 0.10416666666666667 0.595703125 0.11284722222222222 0.5966796875 0.11631944444444445 0.5947265625 0.125 0.5966796875 0.13020833333333334 0.58984375 0.13541666666666666 0.587890625 0.1684027777777778 0.5859375 0.17881944444444445 0.5791015625 0.18229166666666666 0.5791015625 0.1857638888888889 0.57421875 0.19444444444444445 0.5712890625 0.2048611111111111 0.5712890625 0.20833333333333334 0.5693359375 0.21180555555555555 0.5712890625 0.22743055555555555 0.572265625 0.234375 0.5693359375 0.25 0.5693359375 0.2673611111111111 0.5625 0.2829861111111111 0.5634765625 0.3107638888888889 0.5576171875 0.3194444444444444 0.55859375 0.3402777777777778 0.5546875 0.3663194444444444 0.552734375 0.3784722222222222 0.548828125 0.4045138888888889 0.544921875 0.421875 0.544921875 0.4409722222222222 0.5380859375 0.4479166666666667 0.533203125
3 0.050347222222222224 0.5224609375 0.06076388888888889 0.5244140625 0.0798611111111111 0.5205078125 0.08680555555555555 0.5234375 0.10590277777777778 0.521484375 0.11284722222222222 0.5244140625 0.1736111111111111 0.5244140625 0.18229166666666666 0.5224609375 0.1857638888888889 0.5244140625 0.2152777777777778 0.525390625 0.22395833333333334 0.533203125 0.22569444444444445 0.53125 0.25 0.53125 0.2586805555555556 0.5361328125 0.2586805555555556 0.54296875 0.2552083333333333 0.5458984375 0.2170138888888889 0.5478515625 0.21354166666666666 0.5498046875 0.2048611111111111 0.5478515625 0.19791666666666666 0.548828125 0.19444444444444445 0.552734375 0.1892361111111111 0.546875 0.1840277777777778 0.544921875 0.1736111111111111 0.5458984375 0.16145833333333334 0.5439453125 0.1527777777777778 0.546875 0.1232638888888889 0.54296875 0.11805555555555555 0.5458984375 0.1111111111111111 0.5458984375 0.1076388888888889 0.54296875 0.09722222222222222 0.546875 0.09375 0.54296875 0.08506944444444445 0.5400390625 0.07465277777777778 0.5400390625 0.06944444444444445 0.54296875 0.059027777777777776 0.5439453125 0.036458333333333336 0.5361328125 0.034722222222222224 0.53125 0.029513888888888888 0.529296875 0.029513888888888888 0.525390625 0.034722222222222224 0.5224609375 0.03819444444444445 0.5244140625 0.04861111111111111 0.5234375
3 0.8559027777777778 0.8134765625 0.8680555555555556 0.8173828125 0.8680555555555556 0.8251953125 0.8732638888888888 0.828125 0.8663194444444444 0.826171875 0.8420138888888888 0.8291015625 0.8211805555555556 0.828125 0.8125 0.833984375 0.796875 0.8330078125 0.7847222222222222 0.8359375 0.7083333333333334 0.837890625 0.671875 0.83984375 0.6354166666666666 0.8447265625 0.6267361111111112 0.84375 0.6041666666666666 0.8466796875 0.5520833333333334 0.8466796875 0.5381944444444444 0.8486328125 0.5104166666666666 0.8466796875 0.4895833333333333 0.841796875 0.4913194444444444 0.8388671875 0.4965277777777778 0.83984375 0.5138888888888888 0.8359375 0.5347222222222222 0.8369140625 0.5677083333333334 0.83203125 0.5833333333333334 0.8330078125 0.6267361111111112 0.828125 0.6388888888888888 0.8291015625 0.671875 0.8271484375 0.6961805555555556 0.8232421875 0.7013888888888888 0.82421875 0.7413194444444444 0.8212890625 0.7552083333333334 0.818359375 0.7725694444444444 0.8203125 0.7899305555555556 0.8173828125 0.8541666666666666 0.8134765625
3 0.4166666666666667 0.5576171875 0.4444444444444444 0.55859375 0.4513888888888889 0.5615234375 0.4635416666666667 0.560546875 0.4670138888888889 0.564453125 0.4739583333333333 0.5634765625 0.4791666666666667 0.56640625 0.4895833333333333 0.5673828125 0.4913194444444444 0.5712890625 0.5017361111111112 0.57421875 0.5069444444444444 0.5810546875 0.5017361111111112 0.5859375 0.5347222222222222 0.6015625 0.5434027777777778 0.6025390625 0.5486111111111112 0.607421875 0.578125 0.623046875 0.578125 0.6435546875 0.5659722222222222 0.646484375 0.5590277777777778 0.6552734375 0.5538194444444444 0.6552734375 0.5503472222222222 0.6474609375 0.5451388888888888 0.6455078125 0.5364583333333334 0.6572265625 0.5208333333333334 0.6474609375 0.5243055555555556 0.6298828125 0.5104166666666666 0.6181640625 0.4774305555555556 0.6044921875 0.4513888888888889 0.599609375 0.4322916666666667 0.5927734375 0.4166666666666667 0.5908203125 0.4097222222222222 0.591796875 0.3958333333333333 0.5859375 0.40625 0.560546875 0.4149305555555556 0.5576171875
3 0.4461805555555556 0.591796875 0.4583333333333333 0.5947265625 0.4774305555555556 0.5947265625 0.4913194444444444 0.599609375 0.4982638888888889 0.599609375 0.5086805555555556 0.6064453125 0.5347222222222222 0.6162109375 0.5503472222222222 0.6298828125 0.5503472222222222 0.63671875 0.5434027777777778 0.6435546875 0.5277777777777778 0.646484375 0.5225694444444444 0.64453125 0.5260416666666666 0.630859375 0.5138888888888888 0.619140625 0.4861111111111111 0.6064453125 0.453125 0.5986328125 0.4479166666666667 0.5927734375
3 0.010416666666666666 0.515625 0.036458333333333336 0.515625 0.041666666666666664 0.51953125 0.05381944444444445 0.5166015625 0.0625 0.517578125 0.06944444444444445 0.5146484375 0.06597222222222222 0.51171875 0.07291666666666667 0.5107421875 0.07465277777777778 0.51171875 0.06944444444444445 0.5146484375 0.08333333333333333 0.517578125 0.08854166666666667 0.5146484375 0.08680555555555555 0.5087890625 0.09027777777777778 0.5078125 0.08854166666666667 0.5146484375 0.09375 0.517578125 0.1076388888888889 0.517578125 0.11979166666666667 0.5205078125 0.2204861111111111 0.5205078125 0.22916666666666666 0.5244140625 0.23958333333333334 0.5234375 0.2621527777777778 0.52734375 0.2708333333333333 0.525390625 0.2760416666666667 0.5302734375 0.2795138888888889 0.525390625 0.2795138888888889 0.529296875 0.2899305555555556 0.53515625 0.2986111111111111 0.537109375 0.296875 0.5400390625 0.2899305555555556 0.5400390625 0.2743055555555556 0.544921875 0.2621527777777778 0.541015625 0.2586805555555556 0.5458984375 0.2534722222222222 0.5478515625 0.21875 0.5498046875 0.2152777777777778 0.5517578125 0.2065972222222222 0.5517578125 0.19444444444444445 0.556640625 0.1892361111111111 0.556640625 0.1909722222222222 0.5498046875 0.18229166666666666 0.5458984375 0.1579861111111111 0.544921875 0.1527777777777778 0.546875 0.1388888888888889 0.5458984375 0.13368055555555555 0.54296875 0.1232638888888889 0.5419921875 0.11805555555555555 0.5458984375 0.1111111111111111 0.5458984375 0.1076388888888889 0.54296875 0.10416666666666667 0.54296875 0.09895833333333333 0.546875 0.0954861111111111 0.54296875 0.08506944444444445 0.5390625 0.078125 0.5390625 0.06076388888888889 0.5439453125 0.04513888888888889 0.5390625 0.03993055555555555 0.5322265625 0.034722222222222224 0.5322265625 0.026041666666666668 0.5283203125 0.012152777777777778 0.53125 0 0.5302734375 0 0.517578125 0.008680555555555556 0.515625
3 0.4288194444444444 0.546875 0.4305555555555556 0.5478515625 0.4427083333333333 0.54296875 0.4583333333333333 0.54296875 0.4600694444444444 0.544921875 0.4583333333333333 0.5478515625 0.4409722222222222 0.5498046875 0.4305555555555556 0.5537109375 0.4149305555555556 0.556640625 0.4097222222222222 0.5556640625 0.3628472222222222 0.56640625 0.3333333333333333 0.568359375 0.2899305555555556 0.5771484375 0.2760416666666667 0.5771484375 0.2708333333333333 0.580078125 0.2569444444444444 0.580078125 0.25 0.5830078125 0.2222222222222222 0.5869140625 0.2152777777777778 0.58984375 0.2048611111111111 0.58984375 0.2013888888888889 0.5927734375 0.19444444444444445 0.5927734375 0.1857638888888889 0.59765625 0.18229166666666666 0.5966796875 0.1684027777777778 0.599609375 0.15104166666666666 0.599609375 0.13541666666666666 0.6025390625 0.13194444444444445 0.60546875 0.11631944444444445 0.607421875 0.1076388888888889 0.611328125 0.0954861111111111 0.6103515625 0.0920138888888889 0.6123046875 0.07465277777777778 0.61328125 0.052083333333333336 0.6201171875 0.043402777777777776 0.6259765625 0.022569444444444444 0.6279296875 0.001736111111111111 0.638671875 0 0.6220703125 0.005208333333333333 0.6162109375 0.034722222222222224 0.6103515625 0.034722222222222224 0.6142578125 0.03993055555555555 0.6162109375 0.0642361111111111 0.6005859375 0.0954861111111111 0.6005859375 0.11458333333333333 0.5966796875 0.1232638888888889 0.59765625 0.1371527777777778 0.5888671875 0.1701388888888889 0.5869140625 0.18055555555555555 0.583984375 0.19444444444444445 0.576171875 0.2517361111111111 0.5703125 0.2690972222222222 0.5654296875 0.2829861111111111 0.5654296875 0.3090277777777778 0.5595703125 0.3628472222222222 0.5546875 0.3993055555555556 0.5478515625 0.4270833333333333 0.546875
3 0.8559027777777778 0.8125 0.8697916666666666 0.8173828125 0.8697916666666666 0.8232421875 0.8767361111111112 0.8271484375 0.8715277777777778 0.830078125 0.8645833333333334 0.828125 0.8489583333333334 0.828125 0.84375 0.830078125 0.8229166666666666 0.828125 0.8159722222222222 0.8310546875 0.8125 0.8369140625 0.796875 0.833984375 0.7847222222222222 0.8369140625 0.671875 0.8408203125 0.6493055555555556 0.8447265625 0.6284722222222222 0.8447265625 0.5972222222222222 0.8486328125 0.5538194444444444 0.84765625 0.5416666666666666 0.849609375 0.5104166666666666 0.8486328125 0.4913194444444444 0.845703125 0.453125 0.8466796875 0.4427083333333333 0.8447265625 0.4409722222222222 0.8427734375 0.4461805555555556 0.8369140625 0.4965277777777778 0.8359375 0.5104166666666666 0.833984375 0.5295138888888888 0.8349609375 0.5381944444444444 0.8330078125 0.5434027777777778 0.833984375 0.5625 0.83203125 0.5659722222222222 0.830078125 0.5885416666666666 0.8310546875 0.6180555555555556 0.8271484375 0.6510416666666666 0.8271484375 0.6631944444444444 0.8251953125 0.6736111111111112 0.826171875 0.6944444444444444 0.822265625 0.7013888888888888 0.8232421875 0.7430555555555556 0.8203125 0.7534722222222222 0.8173828125 0.7725694444444444 0.8193359375 0.7881944444444444 0.81640625 0.8541666666666666 0.8125
3 0.859375 0.484375 0.8819444444444444 0.484375 0.8854166666666666 0.4912109375 0.8836805555555556 0.49609375 0.8663194444444444 0.498046875 0.8524305555555556 0.5029296875 0.8368055555555556 0.501953125 0.8298611111111112 0.5048828125 0.8263888888888888 0.5107421875 0.8211805555555556 0.5068359375 0.8159722222222222 0.5068359375 0.8020833333333334 0.51171875 0.7743055555555556 0.513671875 0.7621527777777778 0.5185546875 0.7621527777777778 0.525390625 0.7569444444444444 0.5322265625 0.7534722222222222 0.521484375 0.7482638888888888 0.517578125 0.7378472222222222 0.521484375 0.7256944444444444 0.521484375 0.7239583333333334 0.5244140625 0.7118055555555556 0.5234375 0.703125 0.525390625 0.6961805555555556 0.5302734375 0.6909722222222222 0.52734375 0.6805555555555556 0.5283203125 0.6684027777777778 0.52734375 0.6649305555555556 0.525390625 0.6597222222222222 0.52734375 0.6440972222222222 0.51953125 0.6388888888888888 0.5234375 0.6388888888888888 0.5283203125 0.6336805555555556 0.5244140625 0.6354166666666666 0.5166015625 0.6440972222222222 0.5166015625 0.6579861111111112 0.51171875 0.6614583333333334 0.51171875 0.6666666666666666 0.515625 0.6770833333333334 0.51171875 0.6927083333333334 0.509765625 0.7222222222222222 0.509765625 0.7274305555555556 0.5068359375 0.7361111111111112 0.5078125 0.7413194444444444 0.5048828125 0.7430555555555556 0.505859375 0.7552083333333334 0.4990234375 0.7795138888888888 0.49609375 0.8003472222222222 0.4970703125 0.8107638888888888 0.4931640625 0.8333333333333334 0.4931640625 0.8420138888888888 0.4873046875 0.8576388888888888 0.4853515625
3 0.6614583333333334 0.59765625 0.6510416666666666 0.5732421875 0.6510416666666666 0.5673828125 0.65625 0.5625 0.6614583333333334 0.5654296875 0.6631944444444444 0.578125 0.6753472222222222 0.5947265625 0.6788194444444444 0.5966796875 0.6892361111111112 0.5966796875 0.7152777777777778 0.6025390625 0.7100694444444444 0.6044921875 0.6979166666666666 0.6044921875 0.6944444444444444 0.6123046875 0.6892361111111112 0.6142578125 0.6631944444444444 0.59765625
3 0.21354166666666666 0.5263671875 0.2309027777777778 0.5380859375 0.234375 0.54296875 0.2326388888888889 0.5458984375 0.22395833333333334 0.5478515625 0.2065972222222222 0.544921875 0.1840277777777778 0.5439453125 0.17708333333333334 0.541015625 0.1701388888888889 0.5341796875 0.16666666666666666 0.5322265625 0.16493055555555555 0.533203125 0.16493055555555555 0.529296875 0.17708333333333334 0.525390625 0.21180555555555555 0.5263671875
3 0.8819444444444444 0.4833984375 0.8854166666666666 0.490234375 0.8819444444444444 0.49609375 0.8663194444444444 0.498046875 0.8524305555555556 0.5029296875 0.8315972222222222 0.5029296875 0.8263888888888888 0.5068359375 0.8159722222222222 0.505859375 0.8020833333333334 0.51171875 0.7743055555555556 0.513671875 0.7690972222222222 0.515625 0.7621527777777778 0.5146484375 0.7569444444444444 0.5263671875 0.7482638888888888 0.517578125 0.7378472222222222 0.521484375 0.7361111111111112 0.525390625 0.734375 0.521484375 0.7274305555555556 0.521484375 0.7239583333333334 0.5244140625 0.7048611111111112 0.5244140625 0.6961805555555556 0.529296875 0.6927083333333334 0.52734375 0.6788194444444444 0.5283203125 0.6649305555555556 0.525390625 0.6597222222222222 0.5283203125 0.6440972222222222 0.5234375 0.640625 0.533203125 0.6354166666666666 0.53515625 0.6232638888888888 0.5302734375 0.6180555555555556 0.521484375 0.6111111111111112 0.5185546875 0.6111111111111112 0.515625 0.6197916666666666 0.5107421875 0.625 0.5126953125 0.6354166666666666 0.51171875 0.640625 0.513671875 0.6527777777777778 0.5126953125 0.6597222222222222 0.509765625 0.6666666666666666 0.513671875 0.6892361111111112 0.5087890625 0.6996527777777778 0.5087890625 0.7065972222222222 0.5107421875 0.7204861111111112 0.5087890625 0.7256944444444444 0.5048828125 0.7361111111111112 0.5068359375 0.75 0.501953125 0.7552083333333334 0.498046875 0.7725694444444444 0.4970703125 0.7829861111111112 0.4921875 0.7899305555555556 0.4970703125 0.8038194444444444 0.49609375 0.8125 0.4912109375 0.8333333333333334 0.4921875 0.84375 0.4853515625 0.8541666666666666 0.4853515625 0.8663194444444444 0.482421875 0.8802083333333334 0.4833984375
3 0.6857638888888888 0.55859375 0.6927083333333334 0.5654296875 0.6979166666666666 0.5634765625 0.6996527777777778 0.564453125 0.6996527777777778 0.568359375 0.703125 0.5703125 0.7083333333333334 0.568359375 0.7118055555555556 0.5634765625 0.7170138888888888 0.56640625 0.7152777777777778 0.572265625 0.7204861111111112 0.5751953125 0.7256944444444444 0.5751953125 0.7291666666666666 0.572265625 0.734375 0.580078125 0.7430555555555556 0.5771484375 0.7552083333333334 0.580078125 0.7638888888888888 0.5791015625 0.7725694444444444 0.587890625 0.7743055555555556 0.595703125 0.7708333333333334 0.6015625 0.7621527777777778 0.599609375 0.7552083333333334 0.6015625 0.734375 0.6015625 0.7309027777777778 0.60546875 0.7100694444444444 0.6083984375 0.6979166666666666 0.615234375 0.6996527777777778 0.619140625 0.6944444444444444 0.6240234375 0.6909722222222222 0.623046875 0.6909722222222222 0.6181640625 0.6684027777777778 0.6015625 0.6631944444444444 0.6025390625 0.65625 0.6083984375 0.6423611111111112 0.5966796875 0.6423611111111112 0.5908203125 0.6510416666666666 0.5849609375 0.6475694444444444 0.5673828125 0.6579861111111112 0.5615234375 0.6684027777777778 0.5625 0.671875 0.5673828125 0.6649305555555556 0.5771484375 0.6684027777777778 0.580078125 0.6736111111111112 0.580078125 0.6788194444444444 0.5751953125 0.6788194444444444 0.56640625 0.6840277777777778 0.5595703125
3 0.1857638888888889 0.5234375 0.2152777777777778 0.5263671875 0.2204861111111111 0.5322265625 0.2326388888888889 0.537109375 0.2378472222222222 0.5419921875 0.24305555555555555 0.5400390625 0.24479166666666666 0.5322265625 0.25 0.533203125 0.2517361111111111 0.537109375 0.2569444444444444 0.5390625 0.2569444444444444 0.54296875 0.2482638888888889 0.546875 0.23958333333333334 0.5458984375 0.2152777777777778 0.5498046875 0.1857638888888889 0.548828125 0.18229166666666666 0.5458984375 0.1736111111111111 0.5458984375 0.16493055555555555 0.54296875 0.1388888888888889 0.5439453125 0.1284722222222222 0.53515625 0.11458333333333333 0.5341796875 0.11631944444444445 0.5263671875 0.12152777777777778 0.5283203125 0.1267361111111111 0.525390625 0.140625 0.5263671875 0.1840277777777778 0.5234375
3 0.9305555555555556 0.466796875 0.9253472222222222 0.4775390625 0.9045138888888888 0.4873046875 0.9027777777777778 0.494140625 0.8958333333333334 0.494140625 0.8940972222222222 0.484375 0.90625 0.478515625 0.9184027777777778 0.46875 0.9288194444444444 0.466796875
3 0.5243055555555556 0.5166015625 0.5277777777777778 0.51953125 0.5260416666666666 0.525390625 0.515625 0.529296875 0.5121527777777778 0.5283203125 0.4930555555555556 0.533203125 0.4809027777777778 0.5390625 0.4722222222222222 0.5390625 0.4670138888888889 0.5419921875 0.4652777777777778 0.548828125 0.4618055555555556 0.5498046875 0.4496527777777778 0.55078125 0.4305555555555556 0.5556640625 0.4097222222222222 0.556640625 0.4010416666666667 0.5595703125 0.3836805555555556 0.560546875 0.3489583333333333 0.568359375 0.3368055555555556 0.568359375 0.2864583333333333 0.5771484375 0.2760416666666667 0.576171875 0.2621527777777778 0.580078125 0.2586805555555556 0.5791015625 0.2482638888888889 0.5830078125 0.22395833333333334 0.5859375 0.2170138888888889 0.5888671875 0.2048611111111111 0.587890625 0.19270833333333334 0.5908203125 0.1857638888888889 0.595703125 0.1753472222222222 0.59765625 0.1371527777777778 0.6005859375 0.13194444444444445 0.6044921875 0.11631944444444445 0.6064453125 0.1076388888888889 0.6103515625 0.09375 0.6103515625 0.06770833333333333 0.6142578125 0.05555555555555555 0.6181640625 0.041666666666666664 0.6259765625 0.020833333333333332 0.6279296875 0.001736111111111111 0.638671875 0 0.62109375 0.003472222222222222 0.6162109375 0.006944444444444444 0.61328125 0.022569444444444444 0.611328125 0.027777777777777776 0.60546875 0.03819444444444445 0.6015625 0.03993055555555555 0.6103515625 0.036458333333333336 0.6123046875 0.03993055555555555 0.6142578125 0.043402777777777776 0.6123046875 0.043402777777777776 0.607421875 0.04861111111111111 0.6064453125 0.059027777777777776 0.599609375 0.078125 0.599609375 0.08506944444444445 0.59765625 0.0954861111111111 0.599609375 0.11284722222222222 0.59765625 0.11631944444444445 0.595703125 0.125 0.59765625 0.13541666666666666 0.5888671875 0.1701388888888889 0.5859375 0.17708333333333334 0.58203125 0.18229166666666666 0.58203125 0.1840277777777778 0.5791015625 0.19618055555555555 0.5732421875 0.2309027777777778 0.572265625 0.234375 0.5703125 0.2569444444444444 0.568359375 0.2673611111111111 0.564453125 0.28125 0.5654296875 0.3072916666666667 0.55859375 0.3229166666666667 0.55859375 0.3645833333333333 0.5537109375 0.4010416666666667 0.5458984375 0.4201388888888889 0.5458984375 0.4427083333333333 0.5390625 0.4496527777777778 0.533203125 0.4635416666666667 0.52734375 0.4704861111111111 0.529296875 0.4809027777777778 0.529296875 0.4930555555555556 0.5244140625 0.5017361111111112 0.5244140625 0.5173611111111112 0.5166015625 0.5225694444444444 0.5166015625
3 0.7829861111111112 0.4931640625 0.7899305555555556 0.4970703125 0.8038194444444444 0.49609375 0.8125 0.4912109375 0.8333333333333334 0.4921875 0.8454861111111112 0.4853515625 0.8559027777777778 0.4853515625 0.859375 0.4833984375 0.8819444444444444 0.4833984375 0.8836805555555556 0.4951171875 0.875 0.498046875 0.8663194444444444 0.498046875 0.8524305555555556 0.5029296875 0.8315972222222222 0.5029296875 0.8263888888888888 0.5068359375 0.8177083333333334 0.505859375 0.8020833333333334 0.51171875 0.7847222222222222 0.5146484375 0.7725694444444444 0.5146484375 0.7604166666666666 0.5185546875 0.7586805555555556 0.52734375 0.7552083333333334 0.5263671875 0.7482638888888888 0.517578125 0.7378472222222222 0.5224609375 0.7361111111111112 0.5263671875 0.7326388888888888 0.525390625 0.734375 0.5224609375 0.7274305555555556 0.521484375 0.7256944444444444 0.5244140625 0.7204861111111112 0.525390625 0.7170138888888888 0.5234375 0.703125 0.525390625 0.6961805555555556 0.5302734375 0.6909722222222222 0.5283203125 0.6875 0.5322265625 0.6840277777777778 0.529296875 0.6684027777777778 0.52734375 0.6649305555555556 0.525390625 0.6579861111111112 0.5283203125 0.6493055555555556 0.5263671875 0.6440972222222222 0.5224609375 0.640625 0.525390625 0.640625 0.533203125 0.6319444444444444 0.5341796875 0.6284722222222222 0.53125 0.6284722222222222 0.525390625 0.625 0.5244140625 0.6215277777777778 0.5185546875 0.6145833333333334 0.5166015625 0.6145833333333334 0.5146484375 0.6215277777777778 0.51171875 0.6267361111111112 0.513671875 0.6371527777777778 0.5126953125 0.6440972222222222 0.5146484375 0.6614583333333334 0.5107421875 0.6666666666666666 0.5146484375 0.6788194444444444 0.5107421875 0.6944444444444444 0.5087890625 0.7083333333333334 0.5107421875 0.7222222222222222 0.5087890625 0.7274305555555556 0.5048828125 0.7326388888888888 0.5068359375 0.7447916666666666 0.5048828125 0.7552083333333334 0.498046875 0.7725694444444444 0.4970703125 0.78125 0.494140625
3 0.4461805555555556 0.560546875 0.4600694444444444 0.56640625 0.4756944444444444 0.56640625 0.4791666666666667 0.5791015625 0.484375 0.5791015625 0.484375 0.5732421875 0.4878472222222222 0.572265625 0.4895833333333333 0.578125 0.4982638888888889 0.5859375 0.5329861111111112 0.599609375 0.5451388888888888 0.6015625 0.5642361111111112 0.6123046875 0.5850694444444444 0.619140625 0.5954861111111112 0.6279296875 0.5954861111111112 0.638671875 0.5729166666666666 0.654296875 0.5763888888888888 0.666015625 0.5694444444444444 0.6611328125 0.5659722222222222 0.6611328125 0.5607638888888888 0.6669921875 0.5642361111111112 0.6787109375 0.5572916666666666 0.677734375 0.546875 0.681640625 0.5347222222222222 0.68359375 0.5260416666666666 0.6826171875 0.5225694444444444 0.685546875 0.515625 0.6845703125 0.5052083333333334 0.69140625 0.4722222222222222 0.6904296875 0.4756944444444444 0.68359375 0.4930555555555556 0.6748046875 0.4895833333333333 0.669921875 0.5 0.66796875 0.5069444444444444 0.662109375 0.4982638888888889 0.654296875 0.4826388888888889 0.662109375 0.4809027777777778 0.6591796875 0.4809027777777778 0.6572265625 0.4861111111111111 0.65625 0.4913194444444444 0.6513671875 0.4861111111111111 0.6396484375 0.4791666666666667 0.63671875 0.4930555555555556 0.62109375 0.4930555555555556 0.6123046875 0.4774305555555556 0.60546875 0.4479166666666667 0.599609375 0.4322916666666667 0.59375 0.4166666666666667 0.591796875 0.4131944444444444 0.5849609375 0.4079861111111111 0.5849609375 0.4027777777777778 0.587890625 0.3940972222222222 0.5849609375 0.4010416666666667 0.5791015625 0.40625 0.5634765625 0.4131944444444444 0.55859375 0.4253472222222222 0.560546875 0.4444444444444444 0.560546875
3 0.7534722222222222 0.732421875 0.020833333333333332 0.08203125
3 0.7118055555555556 0.685546875 0.7118055555555556 0.6904296875 0.6979166666666666 0.712890625 0.6979166666666666 0.7353515625 0.703125 0.7548828125 0.7013888888888888 0.7724609375 0.6961805555555556 0.7724609375 0.6909722222222222 0.7666015625 0.6840277777777778 0.7216796875 0.6927083333333334 0.7001953125 0.7013888888888888 0.6904296875 0.7100694444444444 0.685546875
3 0.421875 0.560546875 0.4565972222222222 0.564453125 0.4600694444444444 0.564453125 0.4635416666666667 0.5615234375 0.484375 0.56640625 0.5052083333333334 0.5673828125 0.5208333333333334 0.572265625 0.5434027777777778 0.57421875 0.546875 0.5771484375 0.5555555555555556 0.576171875 0.5642361111111112 0.5810546875 0.5347222222222222 0.5888671875 0.53125 0.5859375 0.5260416666666666 0.5869140625 0.5208333333333334 0.58203125 0.5121527777777778 0.5810546875 0.5069444444444444 0.583984375 0.5 0.5791015625 0.4809027777777778 0.576171875 0.4756944444444444 0.5810546875 0.4774305555555556 0.5849609375 0.4704861111111111 0.5859375 0.4704861111111111 0.576171875 0.4583333333333333 0.5732421875 0.4513888888888889 0.57421875 0.4375 0.5673828125 0.421875 0.5654296875 0.421875 0.5615234375
3 0.5069444444444444 0.5947265625 0.515625 0.5986328125 0.515625 0.607421875 0.5260416666666666 0.61328125 0.5347222222222222 0.615234375 0.5486111111111112 0.6259765625 0.5538194444444444 0.6435546875 0.5451388888888888 0.6455078125 0.5364583333333334 0.65234375 0.5364583333333334 0.6640625 0.5434027777777778 0.6650390625 0.5434027777777778 0.669921875 0.5364583333333334 0.67578125 0.5208333333333334 0.6826171875 0.5104166666666666 0.68359375 0.5034722222222222 0.6884765625 0.4809027777777778 0.69140625 0.4756944444444444 0.69140625 0.4739583333333333 0.689453125 0.4774305555555556 0.68359375 0.4913194444444444 0.6796875 0.4965277777777778 0.67578125 0.5121527777777778 0.673828125 0.5173611111111112 0.669921875 0.5277777777777778 0.6689453125 0.5329861111111112 0.6640625 0.53125 0.654296875 0.5208333333333334 0.6494140625 0.5277777777777778 0.640625 0.5277777777777778 0.62890625 0.5052083333333334 0.61328125 0.4635416666666667 0.5986328125 0.4756944444444444 0.595703125 0.4895833333333333 0.59765625 0.4947916666666667 0.59375 0.5052083333333334 0.5947265625
3 0.9114583333333334 0.865234375 0.9149305555555556 0.8671875 0.9322916666666666 0.8671875 0.9392361111111112 0.865234375 0.9548611111111112 0.8681640625 0.9600694444444444 0.8681640625 0.9652777777777778 0.865234375 0.9791666666666666 0.865234375 0.9809027777777778 0.8701171875 0.9913194444444444 0.875 0.9982638888888888 0.8759765625 0.9982638888888888 0.8876953125 0.9930555555555556 0.8916015625 0.9704861111111112 0.8916015625 0.9392361111111112 0.89453125 0.8871527777777778 0.89453125 0.8298611111111112 0.8984375 0.7847222222222222 0.8984375 0.7708333333333334 0.896484375 0.7569444444444444 0.8994140625 0.7222222222222222 0.8984375 0.7152777777777778 0.900390625 0.703125 0.900390625 0.6840277777777778 0.9052734375 0.6458333333333334 0.9052734375 0.6302083333333334 0.908203125 0.6232638888888888 0.90625 0.6059027777777778 0.9072265625 0.5989583333333334 0.904296875 0.5885416666666666 0.904296875 0.5868055555555556 0.900390625 0.5815972222222222 0.8984375 0.5763888888888888 0.9033203125 0.5607638888888888 0.908203125 0.5434027777777778 0.908203125 0.5329861111111112 0.912109375 0.5225694444444444 0.9091796875 0.5034722222222222 0.908203125 0.5034722222222222 0.900390625 0.4982638888888889 0.896484375 0.4930555555555556 0.908203125 0.4861111111111111 0.90625 0.4826388888888889 0.9091796875 0.4704861111111111 0.91015625 0.4652777777777778 0.9130859375 0.4479166666666667 0.9150390625 0.4305555555555556 0.9130859375 0.4201388888888889 0.9150390625 0.4027777777777778 0.9150390625 0.3958333333333333 0.9189453125 0.3888888888888889 0.9150390625 0.3697916666666667 0.916015625 0.3489583333333333 0.919921875 0.3368055555555556 0.9189453125 0.3350694444444444 0.9169921875 0.3263888888888889 0.919921875 0.3159722222222222 0.91796875 0.3142361111111111 0.919921875 0.2986111111111111 0.919921875 0.2795138888888889 0.923828125 0.2690972222222222 0.923828125 0.265625 0.92578125 0.2552083333333333 0.92578125 0.2482638888888889 0.9296875 0.24305555555555555 0.92578125 0.234375 0.927734375 0.22743055555555555 0.92578125 0.19791666666666666 0.92578125 0.19270833333333334 0.927734375 0.1840277777777778 0.92578125 0.15625 0.92578125 0.14583333333333334 0.927734375 0.1267361111111111 0.92578125 0.10069444444444445 0.9267578125 0.08333333333333333 0.92578125 0.078125 0.921875 0.09722222222222222 0.916015625 0.10590277777777778 0.916015625 0.11805555555555555 0.919921875 0.1267361111111111 0.9189453125 0.13020833333333334 0.9150390625 0.14583333333333334 0.9130859375 0.14930555555555555 0.9150390625 0.16145833333333334 0.9150390625 0.16319444444444445 0.9130859375 0.1840277777777778 0.9130859375 0.1875 0.9111328125 0.19444444444444445 0.9130859375 0.1996527777777778 0.9111328125 0.1996527777777778 0.90625 0.203125 0.9033203125 0.21875 0.9013671875 0.22916666666666666 0.90234375 0.2465277777777778 0.8984375 0.2482638888888889 0.896484375 0.265625 0.8994140625 0.2708333333333333 0.8955078125 0.2760416666666667 0.8974609375 0.2881944444444444 0.89453125 0.2916666666666667 0.8955078125 0.296875 0.892578125 0.3072916666666667 0.892578125 0.3107638888888889 0.8955078125 0.3177083333333333 0.8916015625 0.3246527777777778 0.890625 0.3454861111111111 0.892578125 0.3541666666666667 0.890625 0.3628472222222222 0.8935546875 0.375 0.888671875 0.3854166666666667 0.888671875 0.390625 0.890625 0.3958333333333333 0.8837890625 0.4305555555555556 0.8837890625 0.4375 0.8798828125 0.4427083333333333 0.884765625 0.4583333333333333 0.880859375 0.4635416666666667 0.8837890625 0.4722222222222222 0.8837890625 0.4791666666666667 0.87890625 0.484375 0.880859375 0.5 0.8818359375 0.5069444444444444 0.8740234375 0.5121527777777778 0.8779296875 0.5190972222222222 0.8779296875 0.5243055555555556 0.8740234375 0.5329861111111112 0.873046875 0.5399305555555556 0.8779296875 0.5572916666666666 0.880859375 0.5711805555555556 0.8798828125 0.5798611111111112 0.876953125 0.5972222222222222 0.87890625 0.6163194444444444 0.8671875 0.6267361111111112 0.869140625 0.6284722222222222 0.87109375 0.6545138888888888 0.87109375 0.6649305555555556 0.873046875 0.6684027777777778 0.876953125 0.6840277777777778 0.876953125 0.6909722222222222 0.8720703125 0.6979166666666666 0.875 0.7256944444444444 0.875 0.7309027777777778 0.873046875 0.7430555555555556 0.875 0.7482638888888888 0.8720703125 0.7517361111111112 0.8740234375 0.7569444444444444 0.87109375 0.7604166666666666 0.873046875 0.7864583333333334 0.8720703125 0.8090277777777778 0.8671875 0.8159722222222222 0.87109375 0.859375 0.8720703125 0.8975694444444444 0.8662109375 0.9045138888888888 0.8671875 0.9097222222222222 0.865234375
3 0.625 0.576171875 0.6284722222222222 0.5791015625 0.6388888888888888 0.5810546875 0.6423611111111112 0.5869140625 0.6493055555555556 0.58203125 0.6493055555555556 0.578125 0.6423611111111112 0.57421875 0.6440972222222222 0.568359375 0.6545138888888888 0.5625 0.6597222222222222 0.564453125 0.6631944444444444 0.578125 0.6753472222222222 0.5947265625 0.6805555555555556 0.59765625 0.6892361111111112 0.5966796875 0.6961805555555556 0.599609375 0.7100694444444444 0.6015625 0.7100694444444444 0.603515625 0.6996527777777778 0.603515625 0.6961805555555556 0.60546875 0.6979166666666666 0.609375 0.6909722222222222 0.615234375 0.6770833333333334 0.6083984375 0.6684027777777778 0.6005859375 0.6614583333333334 0.6005859375 0.6579861111111112 0.6025390625 0.6545138888888888 0.60546875 0.6579861111111112 0.609375 0.6510416666666666 0.61328125 0.6440972222222222 0.61328125 0.6336805555555556 0.6083984375 0.6232638888888888 0.6005859375 0.6059027777777778 0.572265625 0.6059027777777778 0.5703125 0.6128472222222222 0.5673828125 0.6232638888888888 0.576171875