0 0.4791666666666667 0.38623046875 0.020833333333333332 0.0146484375
0 0.7604166666666666 0.3623046875 0.7725694444444444 0.36328125 0.78125 0.37109375 0.78125 0.376953125 0.7760416666666666 0.37890625 0.7673611111111112 0.37890625 0.7604166666666666 0.37109375 0.7604166666666666 0.36328125
0 0.4236111111111111 0.3447265625 0.4322916666666667 0.3447265625 0.4375 0.34765625 0.4375 0.35546875 0.4340277777777778 0.3583984375 0.4305555555555556 0.3583984375 0.4236111111111111 0.353515625 0.4236111111111111 0.345703125
0 0.4270833333333333 0.38671875 0.4409722222222222 0.3916015625 0.4409722222222222 0.3984375 0.4375 0.40234375 0.4288194444444444 0.40234375 0.4253472222222222 0.400390625 0.4201388888888889 0.392578125 0.4201388888888889 0.3896484375 0.4253472222222222 0.38671875
0 0.5902777777777778 0.357421875 0.5920138888888888 0.3662109375 0.5868055555555556 0.3681640625 0.5798611111111112 0.3662109375 0.578125 0.361328125 0.5798611111111112 0.3583984375 0.5885416666666666 0.357421875
0 0.8177083333333334 0.3603515625 0.8229166666666666 0.361328125 0.828125 0.3662109375 0.8298611111111112 0.373046875 0.8263888888888888 0.3759765625 0.8159722222222222 0.3759765625 0.8125 0.3720703125 0.8090277777777778 0.361328125 0.8159722222222222 0.3603515625
0 0.6319444444444444 0.3115234375 0.6423611111111112 0.3115234375 0.6475694444444444 0.31640625 0.6423611111111112 0.322265625 0.6319444444444444 0.322265625 0.6319444444444444 0.3125
3 0.4652777777777778 0.6376953125 0.4652777777777778 0.650390625 0.4565972222222222 0.650390625 0.4131944444444444 0.6630859375 0.3888888888888889 0.6728515625 0.3732638888888889 0.6748046875 0.359375 0.6796875 0.3385416666666667 0.68359375 0.3211805555555556 0.6904296875 0.2864583333333333 0.6962890625 0.2777777777777778 0.7001953125 0.2378472222222222 0.7080078125 0.2222222222222222 0.7138671875 0.21354166666666666 0.71484375 0.20833333333333334 0.71875 0.19270833333333334 0.71875 0.18229166666666666 0.7236328125 0.1579861111111111 0.7275390625 0.1440972222222222 0.7333984375 0.1388888888888889 0.740234375 0.12152777777777778 0.7451171875 0.0798611111111111 0.7412109375 0.0920138888888889 0.740234375 0.10069444444444445 0.7373046875 0.11979166666666667 0.736328125 0.13194444444444445 0.73046875 0.13541666666666666 0.7314453125 0.14583333333333334 0.728515625 0.15104166666666666 0.7216796875 0.15625 0.7197265625 0.16666666666666666 0.71875 0.18055555555555555 0.712890625 0.2170138888888889 0.703125 0.2621527777777778 0.6943359375 0.28125 0.6865234375 0.3020833333333333 0.6845703125 0.3246527777777778 0.677734375 0.3315972222222222 0.677734375 0.3402777777777778 0.6728515625 0.3611111111111111 0.666015625 0.3767361111111111 0.6640625 0.3940972222222222 0.6572265625 0.4166666666666667 0.6533203125 0.4635416666666667 0.638671875
3 0.9982638888888888 0.9521484375 0.9982638888888888 0.9814453125 0.9913194444444444 0.984375 0.9409722222222222 0.984375 0.9253472222222222 0.9873046875 0.9184027777777778 0.9853515625 0.9079861111111112 0.986328125 0.9027777777777778 0.984375 0.8628472222222222 0.984375 0.8402777777777778 0.98828125 0.8333333333333334 0.9873046875 0.8263888888888888 0.990234375 0.8194444444444444 0.9892578125 0.8177083333333334 0.9921875 0.8211805555555556 0.994140625 0.8159722222222222 0.99609375 0.8020833333333334 0.9970703125 0.796875 0.9951171875 0.7708333333333334 0.9951171875 0.7569444444444444 0.9970703125 0.7552083333333334 0.9990234375 0.7517361111111112 0.9951171875 0.7135416666666666 0.9951171875 0.6805555555555556 0.9970703125 0.6788194444444444 0.9990234375 0.6614583333333334 0.99609375 0.6527777777777778 0.9970703125 0.6510416666666666 0.9990234375 0.6475694444444444 0.9970703125 0.6440972222222222 0.9990234375 0.640625 0.9970703125 0.6354166666666666 0.9990234375 0.6284722222222222 0.9990234375 0.6267361111111112 0.9970703125 0.625 0.9990234375 0.6059027777777778 0.9990234375 0.6006944444444444 0.99609375 0.5885416666666666 0.99609375 0.5815972222222222 0.9990234375 0.5451388888888888 0.9990234375 0.5434027777777778 0.9970703125 0.53125 0.9970703125 0.5295138888888888 0.9990234375 0.3628472222222222 0.9990234375 0.3697916666666667 0.9951171875 0.375 0.99609375 0.3819444444444444 0.994140625 0.4878472222222222 0.9873046875 0.5069444444444444 0.98828125 0.5225694444444444 0.9853515625 0.5607638888888888 0.984375 0.578125 0.9814453125 0.5989583333333334 0.982421875 0.6753472222222222 0.97265625 0.7291666666666666 0.97265625 0.8142361111111112 0.962890625 0.8975694444444444 0.958984375 0.9184027777777778 0.955078125 0.9774305555555556 0.955078125 0.984375 0.9521484375 0.9965277777777778 0.9521484375
3 0.4652777777777778 0.46484375 0.4479166666666667 0.4638671875 0.4149305555555556 0.470703125 0.3888888888888889 0.470703125 0.3680555555555556 0.47265625 0.3576388888888889 0.4755859375 0.34375 0.4755859375 0.3263888888888889 0.4794921875 0.3090277777777778 0.4794921875 0.2760416666666667 0.4853515625 0.2673611111111111 0.4853515625 0.2586805555555556 0.490234375 0.24305555555555555 0.48828125 0.24131944444444445 0.4853515625 0.2482638888888889 0.48046875 0.2604166666666667 0.4775390625 0.2951388888888889 0.474609375 0.3211805555555556 0.470703125 0.3298611111111111 0.4677734375 0.3645833333333333 0.4658203125 0.4010416666666667 0.458984375 0.4583333333333333 0.4541015625 0.4618055555555556 0.4521484375 0.4774305555555556 0.451171875 0.5034722222222222 0.4462890625 0.5347222222222222 0.4443359375 0.5381944444444444 0.4423828125 0.5763888888888888 0.4375 0.5850694444444444 0.4345703125 0.6388888888888888 0.4296875 0.6614583333333334 0.423828125 0.6857638888888888 0.423828125 0.7222222222222222 0.41796875 0.7395833333333334 0.4169921875 0.7430555555555556 0.4150390625 0.7552083333333334 0.416015625 0.7690972222222222 0.4111328125 0.7777777777777778 0.4111328125 0.7881944444444444 0.408203125 0.8298611111111112 0.4052734375 0.8559027777777778 0.400390625 0.8645833333333334 0.400390625 0.8958333333333334 0.3935546875 0.9236111111111112 0.3916015625 0.9895833333333334 0.380859375 0.9982638888888888 0.380859375 0.9982638888888888 0.3876953125 0.9704861111111112 0.3935546875 0.9565972222222222 0.39453125 0.9479166666666666 0.3974609375 0.9392361111111112 0.3974609375 0.9322916666666666 0.400390625 0.9097222222222222 0.4013671875 0.8958333333333334 0.4052734375 0.8767361111111112 0.40625 0.8628472222222222 0.41015625 0.8524305555555556 0.41015625 0.8263888888888888 0.4150390625 0.8003472222222222 0.416015625 0.7482638888888888 0.4267578125 0.7361111111111112 0.42578125 0.6684027777777778 0.4375 0.6458333333333334 0.439453125 0.6302083333333334 0.443359375 0.6076388888888888 0.443359375 0.5694444444444444 0.44921875 0.5590277777777778 0.453125 0.5364583333333334 0.4541015625 0.5086805555555556 0.4580078125 0.484375 0.4580078125 0.4739583333333333 0.4619140625 0.46875 0.4619140625 0.4670138888888889 0.4638671875
3 0.4652777777777778 0.638671875 0.4652777777777778 0.65234375 0.4565972222222222 0.650390625 0.4409722222222222 0.65625 0.4149305555555556 0.662109375 0.3836805555555556 0.6748046875 0.3767361111111111 0.673828125 0.3628472222222222 0.6787109375 0.3385416666666667 0.68359375 0.3211805555555556 0.6904296875 0.2881944444444444 0.6953125 0.2638888888888889 0.703125 0.234375 0.7080078125 0.2204861111111111 0.71484375 0.21354166666666666 0.71484375 0.21006944444444445 0.71875 0.19270833333333334 0.71875 0.1857638888888889 0.72265625 0.15625 0.728515625 0.14930555555555555 0.728515625 0.15104166666666666 0.72265625 0.2065972222222222 0.7060546875 0.2638888888888889 0.6943359375 0.28125 0.6875 0.3038194444444444 0.6845703125 0.3142361111111111 0.6806640625 0.3333333333333333 0.677734375 0.3576388888888889 0.66796875 0.3715277777777778 0.666015625 0.3958333333333333 0.6572265625 0.4149305555555556 0.654296875 0.4635416666666667 0.6396484375
3 0.4496527777777778 0.83203125 0.4513888888888889 0.8330078125 0.4635416666666667 0.828125 0.4670138888888889 0.8291015625 0.4670138888888889 0.83984375 0.4739583333333333 0.8427734375 0.4739583333333333 0.84765625 0.4652777777777778 0.8505859375 0.4548611111111111 0.8486328125 0.4479166666666667 0.8525390625 0.4427083333333333 0.8603515625 0.4392361111111111 0.8583984375 0.4270833333333333 0.8583984375 0.3940972222222222 0.8642578125 0.390625 0.869140625 0.3975694444444444 0.8720703125 0.3975694444444444 0.8759765625 0.390625 0.8798828125 0.3819444444444444 0.8779296875 0.3732638888888889 0.8828125 0.3784722222222222 0.88671875 0.375 0.892578125 0.3645833333333333 0.890625 0.3680555555555556 0.87890625 0.3611111111111111 0.8740234375 0.3524305555555556 0.8740234375 0.3489583333333333 0.8759765625 0.3420138888888889 0.8896484375 0.3350694444444444 0.876953125 0.3229166666666667 0.87890625 0.3194444444444444 0.8828125 0.3107638888888889 0.8828125 0.3055555555555556 0.8876953125 0.2951388888888889 0.8837890625 0.2829861111111111 0.8916015625 0.2690972222222222 0.8876953125 0.265625 0.892578125 0.2673611111111111 0.896484375 0.2690972222222222 0.8974609375 0.2725694444444444 0.8955078125 0.2760416666666667 0.8974609375 0.2847222222222222 0.8955078125 0.2899305555555556 0.900390625 0.2916666666666667 0.904296875 0.2829861111111111 0.908203125 0.265625 0.912109375 0.2586805555555556 0.916015625 0.2534722222222222 0.912109375 0.2517361111111111 0.90625 0.24305555555555555 0.904296875 0.2361111111111111 0.912109375 0.234375 0.9189453125 0.2152777777777778 0.9189453125 0.2152777777777778 0.912109375 0.22395833333333334 0.912109375 0.22743055555555555 0.9140625 0.234375 0.9091796875 0.2361111111111111 0.9033203125 0.2326388888888889 0.9013671875 0.22569444444444445 0.9013671875 0.2152777777777778 0.90625 0.21006944444444445 0.904296875 0.19270833333333334 0.90625 0.1753472222222222 0.912109375 0.1753472222222222 0.923828125 0.1545138888888889 0.94140625 0.15104166666666666 0.943359375 0.1440972222222222 0.9404296875 0.13541666666666666 0.9443359375 0.13020833333333334 0.9443359375 0.1267361111111111 0.939453125 0.13020833333333334 0.9169921875 0.13194444444444445 0.9150390625 0.1440972222222222 0.9140625 0.1527777777777778 0.908203125 0.16493055555555555 0.91015625 0.1701388888888889 0.9072265625 0.1684027777777778 0.900390625 0.1736111111111111 0.896484375 0.203125 0.8916015625 0.2065972222222222 0.8896484375 0.2222222222222222 0.888671875 0.22916666666666666 0.8857421875 0.2552083333333333 0.880859375 0.2760416666666667 0.8828125 0.2864583333333333 0.873046875 0.296875 0.873046875 0.3090277777777778 0.8671875 0.3333333333333333 0.8642578125 0.3385416666666667 0.861328125 0.3524305555555556 0.8603515625 0.3958333333333333 0.8505859375 0.4045138888888889 0.8505859375 0.421875 0.84375 0.4305555555555556 0.8447265625 0.4357638888888889 0.8369140625 0.4479166666666667 0.83203125
3 0.4652777777777778 0.65234375 0.4583333333333333 0.6513671875 0.4496527777777778 0.6533203125 0.4149305555555556 0.6630859375 0.3819444444444444 0.67578125 0.3767361111111111 0.6748046875 0.3628472222222222 0.6796875 0.3454861111111111 0.6826171875 0.3211805555555556 0.69140625 0.2847222222222222 0.697265625 0.2760416666666667 0.701171875 0.24131944444444445 0.7080078125 0.21006944444444445 0.7197265625 0.19444444444444445 0.7197265625 0.1840277777777778 0.724609375 0.1579861111111111 0.7294921875 0.14756944444444445 0.7333984375 0.1388888888888889 0.744140625 0.13541666666666666 0.7431640625 0.12152777777777778 0.7490234375 0.11284722222222222 0.7470703125 0.1076388888888889 0.748046875 0.09895833333333333 0.744140625 0.08333333333333333 0.744140625 0.078125 0.74609375 0.06944444444444445 0.74609375 0.057291666666666664 0.7568359375 0.043402777777777776 0.7568359375 0.036458333333333336 0.7607421875 0.029513888888888888 0.759765625 0.022569444444444444 0.7646484375 0.019097222222222224 0.7646484375 0.019097222222222224 0.7578125 0.034722222222222224 0.7548828125 0.041666666666666664 0.7509765625 0.057291666666666664 0.7509765625 0.0642361111111111 0.744140625 0.07118055555555555 0.744140625 0.08506944444444445 0.7373046875 0.0954861111111111 0.7373046875 0.10069444444444445 0.7353515625 0.109375 0.736328125 0.125 0.7333984375 0.13194444444444445 0.728515625 0.14583333333333334 0.7255859375 0.15104166666666666 0.7197265625 0.16493055555555555 0.7177734375 0.1909722222222222 0.708984375 0.2309027777777778 0.69921875 0.2621527777777778 0.6943359375 0.2829861111111111 0.685546875 0.2986111111111111 0.6845703125 0.3107638888888889 0.6806640625 0.3298611111111111 0.677734375 0.34375 0.6708984375 0.3767361111111111 0.6630859375 0.3802083333333333 0.66015625 0.390625 0.6572265625 0.4288194444444444 0.6494140625 0.4652777777777778 0.6357421875 0.46875 0.638671875 0.4670138888888889 0.6513671875