0 0.7083333333333334 0.6888888888888889 0.03333333333333333 0.044444444444444446
0 0.6333333333333333 0.6555555555555556 0.65 0.6555555555555556 0.6583333333333333 0.6666666666666666 0.65 0.6777777777777778 0.65 0.6888888888888889 0.625 0.6888888888888889 0.625 0.6777777777777778 0.6333333333333333 0.6666666666666666
0 0.775 0.8666666666666667 0.775 0.9 0.7833333333333333 0.9111111111111111 0.7833333333333333 0.9222222222222223 0.775 0.9222222222222223 0.7666666666666667 0.9333333333333333 0.7416666666666667 0.9333333333333333 0.7416666666666667 0.9222222222222223 0.7166666666666667 0.8888888888888888 0.7166666666666667 0.8666666666666667 0.7083333333333334 0.8555555555555555 0.7083333333333334 0.7888888888888889 0.7 0.7777777777777778 0.7 0.7666666666666667 0.7083333333333334 0.7555555555555555 0.725 0.7555555555555555 0.7333333333333333 0.7444444444444445 0.7416666666666667 0.7444444444444445 0.7416666666666667 0.7666666666666667 0.75 0.7777777777777778 0.75 0.7888888888888889 0.7583333333333333 0.8 0.7583333333333333 0.8111111111111111 0.7666666666666667 0.8222222222222222 0.7583333333333333 0.8333333333333334 0.7666666666666667 0.8444444444444444 0.7583333333333333 0.8555555555555555 0.7666666666666667 0.8666666666666667
0 0.6458333333333334 0.6722222222222223 0.025 0.03333333333333333
0 0.7 0.6666666666666666 0.7166666666666667 0.6888888888888889 0.725 0.6888888888888889 0.725 0.7 0.7333333333333333 0.7111111111111111 0.7333333333333333 0.7222222222222222 0.75 0.7444444444444445 0.75 0.7888888888888889 0.7583333333333333 0.8 0.7583333333333333 0.8111111111111111 0.7666666666666667 0.8222222222222222 0.7666666666666667 0.8444444444444444 0.7583333333333333 0.8555555555555555 0.775 0.8777777777777778 0.775 0.9 0.7833333333333333 0.9111111111111111 0.7833333333333333 0.9222222222222223 0.775 0.9333333333333333 0.775 0.9666666666666667 0.7833333333333333 0.9777777777777777 0.7833333333333333 0.9888888888888889 0.775 0.9777777777777777 0.7583333333333333 0.9777777777777777 0.75 0.9888888888888889 0.6916666666666667 0.9888888888888889 0.6833333333333333 0.9777777777777777 0.6833333333333333 0.9666666666666667 0.6916666666666667 0.9666666666666667 0.7 0.9777777777777777 0.7083333333333334 0.9777777777777777 0.7166666666666667 0.9666666666666667 0.725 0.9666666666666667 0.7333333333333333 0.9555555555555556 0.7333333333333333 0.9333333333333333 0.725 0.9222222222222223 0.7083333333333334 0.9222222222222223 0.6916666666666667 0.9444444444444444 0.6833333333333333 0.9333333333333333 0.675 0.9333333333333333 0.6666666666666666 0.9222222222222223 0.675 0.9111111111111111 0.6666666666666666 0.9 0.6666666666666666 0.8777777777777778 0.675 0.8666666666666667 0.6833333333333333 0.8666666666666667 0.6916666666666667 0.8555555555555555 0.6916666666666667 0.8444444444444444 0.6833333333333333 0.8333333333333334 0.6833333333333333 0.8222222222222222 0.675 0.8111111111111111 0.6916666666666667 0.8111111111111111 0.7 0.8 0.6916666666666667 0.7888888888888889 0.6583333333333333 0.7888888888888889 0.65 0.7777777777777778 0.6583333333333333 0.7888888888888889 0.6916666666666667 0.7444444444444445 0.6833333333333333 0.7333333333333333 0.6833333333333333 0.7111111111111111 0.6916666666666667 0.7 0.6916666666666667 0.6888888888888889 0.7 0.6777777777777778
0 0.6375 0.7444444444444445 0.025 0.022222222222222223
0 0.7333333333333333 0.9777777777777777 0.7416666666666667 0.9666666666666667 0.7666666666666667 0.9666666666666667 0.7833333333333333 0.9888888888888889 0.7416666666666667 0.9888888888888889
0 0.725 0.7444444444444445 0.03333333333333333 0.022222222222222223
0 0.5833333333333334 0.8 0.03333333333333333 0.022222222222222223
0 0.5666666666666667 0.6111111111111112 0.575 0.6222222222222222 0.5583333333333333 0.6444444444444445 0.5583333333333333 0.6555555555555556 0.5416666666666666 0.6777777777777778 0.5416666666666666 0.6888888888888889 0.5333333333333333 0.7 0.5333333333333333 0.7111111111111111 0.5166666666666667 0.7111111111111111 0.5166666666666667 0.6666666666666666 0.5416666666666666 0.6333333333333333 0.55 0.6333333333333333 0.5583333333333333 0.6222222222222222
0 0.5916666666666667 0.9 0.625 0.9 0.6333333333333333 0.9111111111111111 0.6416666666666667 0.9111111111111111 0.65 0.9222222222222223 0.65 0.9333333333333333 0.6583333333333333 0.9444444444444444 0.6583333333333333 0.9555555555555556 0.6666666666666666 0.9666666666666667 0.6583333333333333 0.9777777777777777 0.6666666666666666 0.9888888888888889 0.5583333333333333 0.9888888888888889 0.5583333333333333 0.9777777777777777 0.5666666666666667 0.9666666666666667 0.575 0.9666666666666667 0.5833333333333334 0.9555555555555556 0.5833333333333334 0.9444444444444444 0.5916666666666667 0.9333333333333333 0.5833333333333334 0.9222222222222223 0.5916666666666667 0.9111111111111111
0 0.7125 0.7055555555555556 0.025 0.03333333333333333
0 0.7 0.7222222222222222 0.725 0.7222222222222222 0.7333333333333333 0.7333333333333333 0.7333333333333333 0.7777777777777778 0.7 0.7777777777777778 0.6916666666666667 0.7666666666666667 0.7 0.7555555555555555 0.7 0.7333333333333333
0 0.7333333333333333 0.7555555555555555 0.7333333333333333 0.7777777777777778 0.75 0.8 0.75 0.8666666666666667 0.7166666666666667 0.8666666666666667 0.7083333333333334 0.8555555555555555 0.7083333333333334 0.8444444444444444 0.7 0.8333333333333334 0.7083333333333334 0.8222222222222222 0.7083333333333334 0.8 0.7 0.7888888888888889 0.7 0.7777777777777778 0.6916666666666667 0.7666666666666667 0.7 0.7555555555555555 0.725 0.7555555555555555
0 0.7333333333333333 0.9777777777777777 0.75 0.9777777777777777 0.7583333333333333 0.9666666666666667 0.7583333333333333 0.9444444444444444 0.75 0.9333333333333333 0.7416666666666667 0.9333333333333333 0.7333333333333333 0.9222222222222223 0.7333333333333333 0.9111111111111111 0.7166666666666667 0.8888888888888888 0.7166666666666667 0.8666666666666667 0.7083333333333334 0.8555555555555555 0.7083333333333334 0.8444444444444444 0.7166666666666667 0.8333333333333334 0.7166666666666667 0.8111111111111111 0.725 0.8 0.75 0.8 0.7583333333333333 0.8111111111111111 0.7583333333333333 0.8333333333333334 0.7666666666666667 0.8444444444444444 0.7666666666666667 0.8555555555555555 0.775 0.8666666666666667 0.775 0.8888888888888888 0.7833333333333333 0.9 0.7833333333333333 0.9222222222222223 0.7666666666666667 0.9444444444444444 0.7833333333333333 0.9666666666666667 0.7833333333333333 0.9888888888888889 0.7416666666666667 0.9888888888888889
0 0.6375 0.6888888888888889 0.025 0.022222222222222223
0 0.5166666666666667 0.7111111111111111 0.5166666666666667 0.6777777777777778 0.525 0.6666666666666666 0.5333333333333333 0.6666666666666666 0.5333333333333333 0.7 0.525 0.7111111111111111
0 0.7166666666666667 0.8666666666666667 0.725 0.8777777777777778 0.7416666666666667 0.8777777777777778 0.75 0.8666666666666667 0.7583333333333333 0.8777777777777778 0.7583333333333333 0.8888888888888888 0.7666666666666667 0.9 0.775 0.9 0.7833333333333333 0.9111111111111111 0.7833333333333333 0.9222222222222223 0.775 0.9333333333333333 0.775 0.9555555555555556 0.7833333333333333 0.9666666666666667 0.7833333333333333 0.9888888888888889 0.775 0.9777777777777777 0.7666666666666667 0.9777777777777777 0.7583333333333333 0.9888888888888889 0.6833333333333333 0.9888888888888889 0.6833333333333333 0.9555555555555556 0.675 0.9444444444444444 0.6666666666666666 0.9444444444444444 0.6666666666666666 0.8888888888888888 0.675 0.8777777777777778 0.6833333333333333 0.8777777777777778 0.6916666666666667 0.8666666666666667 0.7 0.8666666666666667 0.7083333333333334 0.8777777777777778
0 0.5583333333333333 0.8444444444444444 0.5916666666666667 0.8444444444444444 0.5916666666666667 0.8555555555555555 0.5583333333333333 0.8555555555555555
0 0.7166666666666667 0.8222222222222222 0.75 0.8222222222222222 0.75 0.8333333333333334 0.775 0.8666666666666667 0.775 0.8888888888888888 0.7833333333333333 0.9 0.7833333333333333 0.9222222222222223 0.7666666666666667 0.9444444444444444 0.7833333333333333 0.9666666666666667 0.7833333333333333 0.9888888888888889 0.7416666666666667 0.9888888888888889 0.7416666666666667 0.9777777777777777 0.75 0.9777777777777777 0.7666666666666667 0.9555555555555556 0.75 0.9333333333333333 0.7416666666666667 0.9333333333333333 0.7333333333333333 0.9222222222222223 0.7333333333333333 0.9111111111111111 0.725 0.9 0.725 0.8888888888888888 0.7166666666666667 0.8777777777777778 0.7166666666666667 0.8555555555555555 0.7083333333333334 0.8444444444444444 0.7166666666666667 0.8333333333333334
0 0.65 0.8277777777777777 0.03333333333333333 0.03333333333333333
0 0.5583333333333333 0.7222222222222222 0.5833333333333334 0.7222222222222222 0.5833333333333334 0.7444444444444445 0.5916666666666667 0.7555555555555555 0.5916666666666667 0.8111111111111111 0.5833333333333334 0.8222222222222222 0.5916666666666667 0.8333333333333334 0.5916666666666667 0.8555555555555555 0.5583333333333333 0.8555555555555555 0.5583333333333333 0.8333333333333334 0.5666666666666667 0.8333333333333334 0.575 0.8222222222222222 0.5666666666666667 0.8111111111111111 0.5666666666666667 0.7777777777777778 0.5583333333333333 0.7666666666666667 0.5583333333333333 0.7333333333333333
0 0.5833333333333334 0.9 0.5916666666666667 0.9 0.6 0.8888888888888888 0.625 0.8888888888888888 0.6333333333333333 0.9 0.6416666666666667 0.9 0.6416666666666667 0.9222222222222223 0.5916666666666667 0.9222222222222223 0.5833333333333334 0.9111111111111111
0 0.19166666666666668 0.9 0.2 0.9111111111111111 0.2 0.9333333333333333 0.175 0.9333333333333333 0.175 0.9111111111111111 0.18333333333333332 0.9111111111111111
0 0.575 0.7333333333333333 0.03333333333333333 0.022222222222222223
0 0.6375 0.6944444444444444 0.025 0.011111111111111112
0 0.5583333333333333 0.7222222222222222 0.5833333333333334 0.7222222222222222 0.5833333333333334 0.7333333333333333 0.5916666666666667 0.7444444444444445 0.5916666666666667 0.8 0.575 0.8 0.575 0.7888888888888889 0.5583333333333333 0.7666666666666667 0.5583333333333333 0.7333333333333333
0 0.6583333333333333 0.9 0.675 0.8777777777777778 0.6833333333333333 0.8777777777777778 0.6916666666666667 0.8666666666666667 0.7166666666666667 0.8666666666666667 0.725 0.8777777777777778 0.7416666666666667 0.8777777777777778 0.75 0.8666666666666667 0.7583333333333333 0.8666666666666667 0.7583333333333333 0.8888888888888888 0.7666666666666667 0.9 0.775 0.9 0.7833333333333333 0.9111111111111111 0.7833333333333333 0.9222222222222223 0.775 0.9333333333333333 0.775 0.9555555555555556 0.7833333333333333 0.9666666666666667 0.7833333333333333 0.9777777777777777 0.775 0.9666666666666667 0.7666666666666667 0.9666666666666667 0.75 0.9888888888888889 0.675 0.9888888888888889 0.675 0.9666666666666667 0.6833333333333333 0.9555555555555556 0.675 0.9444444444444444 0.6666666666666666 0.9444444444444444 0.6666666666666666 0.9333333333333333 0.6583333333333333 0.9222222222222223 0.6666666666666666 0.9111111111111111
0 0.7166666666666667 0.7 0.7333333333333333 0.7222222222222222 0.7333333333333333 0.7666666666666667 0.725 0.7666666666666667 0.7166666666666667 0.7777777777777778 0.7083333333333334 0.7777777777777778 0.7 0.7666666666666667 0.7 0.7333333333333333 0.6916666666666667 0.7222222222222222 0.6916666666666667 0.7111111111111111 0.7083333333333334 0.7111111111111111
0 0.675 0.6388888888888888 0.016666666666666666 0.03333333333333333
0 0.6708333333333333 0.7111111111111111 0.025 0.022222222222222223
0 0.6916666666666667 0.7666666666666667 0.725 0.7666666666666667 0.7333333333333333 0.7777777777777778 0.7 0.7777777777777778
0 0.5583333333333333 0.7222222222222222 0.5833333333333334 0.7222222222222222 0.5833333333333334 0.7444444444444445 0.5916666666666667 0.7555555555555555 0.5833333333333334 0.7666666666666667 0.5583333333333333 0.7666666666666667 0.5583333333333333 0.7333333333333333
0 0.575 0.9888888888888889 0.03333333333333333 0.022222222222222223
0 0.7666666666666667 0.9 0.775 0.9111111111111111 0.7833333333333333 0.9111111111111111 0.775 0.9222222222222223 0.75 0.9222222222222223 0.7416666666666667 0.9111111111111111 0.75 0.9 0.7583333333333333 0.9
0 0.6166666666666667 0.8444444444444444 0.625 0.8444444444444444 0.6166666666666667 0.8555555555555555 0.6166666666666667 0.8666666666666667 0.6083333333333333 0.8777777777777778 0.6166666666666667 0.8888888888888888 0.625 0.8888888888888888 0.6333333333333333 0.8777777777777778 0.6416666666666667 0.8777777777777778 0.65 0.8888888888888888 0.65 0.9444444444444444 0.6583333333333333 0.9555555555555556 0.6583333333333333 0.9888888888888889 0.5583333333333333 0.9888888888888889 0.5666666666666667 0.9888888888888889 0.6 0.9444444444444444 0.5916666666666667 0.9333333333333333 0.5833333333333334 0.9333333333333333 0.5833333333333334 0.8888888888888888 0.575 0.8777777777777778 0.5833333333333334 0.8777777777777778 0.5916666666666667 0.8666666666666667 0.6 0.8666666666666667 0.6083333333333333 0.8555555555555555
0 0.275 0.7666666666666667 0.016666666666666666 0.044444444444444446
0 0.19166666666666668 0.9222222222222223 0.03333333333333333 0.044444444444444446
0 0.7375 0.8111111111111111 0.041666666666666664 0.022222222222222223
0 0.6833333333333333 0.6333333333333333 0.6833333333333333 0.6444444444444445 0.6916666666666667 0.6555555555555556 0.7 0.6555555555555556 0.7166666666666667 0.6777777777777778 0.725 0.6777777777777778 0.7333333333333333 0.6888888888888889 0.7333333333333333 0.7222222222222222 0.7416666666666667 0.7333333333333333 0.75 0.7333333333333333 0.75 0.7888888888888889 0.7583333333333333 0.8 0.7583333333333333 0.8111111111111111 0.7666666666666667 0.8222222222222222 0.7666666666666667 0.8777777777777778 0.7833333333333333 0.9 0.7833333333333333 0.9111111111111111 0.775 0.9222222222222223 0.775 0.9555555555555556 0.7833333333333333 0.9666666666666667 0.7666666666666667 0.9666666666666667 0.75 0.9888888888888889 0.55 0.9888888888888889 0.55 0.9777777777777777 0.5583333333333333 0.9777777777777777 0.575 0.9555555555555556 0.575 0.9 0.5583333333333333 0.8777777777777778 0.5666666666666667 0.8666666666666667 0.5583333333333333 0.8555555555555555 0.5583333333333333 0.7333333333333333 0.55 0.7222222222222222 0.5666666666666667 0.7 0.5666666666666667 0.6888888888888889 0.575 0.6777777777777778 0.5916666666666667 0.6777777777777778 0.6 0.6666666666666666 0.5916666666666667 0.6555555555555556 0.5833333333333334 0.6555555555555556 0.5916666666666667 0.6555555555555556 0.6 0.6444444444444445 0.6083333333333333 0.6444444444444445 0.6166666666666667 0.6555555555555556 0.6333333333333333 0.6333333333333333 0.6583333333333333 0.6333333333333333 0.6583333333333333 0.6444444444444445 0.675 0.6666666666666666 0.6833333333333333 0.6555555555555556 0.6833333333333333 0.6444444444444445
0 0.17916666666666667 0.9888888888888889 0.025 0.022222222222222223
0 0.6708333333333333 0.7833333333333333 0.025 0.03333333333333333
0 0.6583333333333333 0.6 0.6666666666666666 0.6 0.6833333333333333 0.6222222222222222 0.6916666666666667 0.6222222222222222 0.6916666666666667 0.6333333333333333 0.7 0.6444444444444445 0.7083333333333334 0.6444444444444445 0.7083333333333334 0.6555555555555556 0.7166666666666667 0.6666666666666666 0.725 0.6666666666666666 0.7416666666666667 0.6888888888888889 0.7416666666666667 0.7 0.75 0.7111111111111111 0.75 0.7222222222222222 0.7583333333333333 0.7333333333333333 0.7583333333333333 0.7666666666666667 0.7666666666666667 0.7777777777777778 0.7666666666666667 0.8 0.775 0.8111111111111111 0.775 0.8777777777777778 0.7833333333333333 0.8888888888888888 0.7833333333333333 0.9777777777777777 0.7916666666666666 0.9888888888888889 0.65 0.9888888888888889 0.6583333333333333 0.9888888888888889 0.6666666666666666 0.9777777777777777 0.6666666666666666 0.9555555555555556 0.6583333333333333 0.9444444444444444 0.65 0.9444444444444444 0.6416666666666667 0.9333333333333333 0.6333333333333333 0.9444444444444444 0.6333333333333333 0.9333333333333333 0.65 0.9333333333333333 0.6583333333333333 0.9222222222222223 0.6583333333333333 0.9 0.6416666666666667 0.8777777777777778 0.6333333333333333 0.8777777777777778 0.625 0.8666666666666667 0.6 0.8666666666666667 0.6166666666666667 0.8444444444444444 0.625 0.8555555555555555 0.6333333333333333 0.8444444444444444 0.6333333333333333 0.8333333333333334 0.625 0.8222222222222222 0.6083333333333333 0.8222222222222222 0.6166666666666667 0.8222222222222222 0.625 0.8111111111111111 0.625 0.8 0.6166666666666667 0.7888888888888889 0.6083333333333333 0.8 0.625 0.7777777777777778 0.6166666666666667 0.7666666666666667 0.6083333333333333 0.7666666666666667 0.6083333333333333 0.7555555555555555 0.6416666666666667 0.7555555555555555 0.65 0.7444444444444445 0.65 0.7333333333333333 0.6416666666666667 0.7222222222222222 0.6333333333333333 0.7222222222222222 0.625 0.7333333333333333 0.6333333333333333 0.7222222222222222 0.625 0.7111111111111111 0.625 0.7 0.6416666666666667 0.7 0.65 0.6888888888888889 0.65 0.6777777777777778 0.6583333333333333 0.6666666666666666 0.6583333333333333 0.6222222222222222 0.6666666666666666 0.6111111111111112
0 0.7083333333333334 0.8777777777777778 0.7083333333333334 0.8888888888888888 0.6916666666666667 0.8888888888888888 0.6833333333333333 0.9 0.675 0.9 0.6666666666666666 0.8888888888888888 0.675 0.8777777777777778 0.7 0.8777777777777778
0 0.6333333333333333 0.6444444444444445 0.65 0.6666666666666666 0.6583333333333333 0.6666666666666666 0.6583333333333333 0.6888888888888889 0.65 0.7 0.65 0.7333333333333333 0.6583333333333333 0.7444444444444445 0.6583333333333333 0.7555555555555555 0.6416666666666667 0.7777777777777778 0.65 0.7888888888888889 0.65 0.8111111111111111 0.6583333333333333 0.8222222222222222 0.6583333333333333 0.8333333333333334 0.65 0.8444444444444444 0.65 0.9444444444444444 0.6583333333333333 0.9555555555555556 0.6583333333333333 0.9888888888888889 0.5583333333333333 0.9888888888888889 0.5583333333333333 0.9777777777777777 0.5666666666666667 0.9666666666666667 0.575 0.9666666666666667 0.5833333333333334 0.9555555555555556 0.5833333333333334 0.9111111111111111 0.575 0.9 0.575 0.8888888888888888 0.5666666666666667 0.8777777777777778 0.575 0.8666666666666667 0.5666666666666667 0.8555555555555555 0.5583333333333333 0.8555555555555555 0.5583333333333333 0.8444444444444444 0.5666666666666667 0.8333333333333334 0.5666666666666667 0.7777777777777778 0.5583333333333333 0.7666666666666667 0.5583333333333333 0.7222222222222222 0.575 0.7 0.575 0.6888888888888889 0.5833333333333334 0.7 0.6166666666666667 0.7 0.625 0.6888888888888889 0.6166666666666667 0.6777777777777778 0.625 0.6666666666666666 0.6166666666666667 0.6555555555555556 0.625 0.6555555555555556
0 0.6333333333333333 0.6666666666666666 0.6416666666666667 0.6555555555555556 0.65 0.6555555555555556 0.6583333333333333 0.6666666666666666 0.65 0.6777777777777778 0.6583333333333333 0.6888888888888889 0.65 0.7 0.65 0.7111111111111111 0.6666666666666666 0.7333333333333333 0.675 0.7333333333333333 0.675 0.7444444444444445 0.6666666666666666 0.7555555555555555 0.6666666666666666 0.7666666666666667 0.675 0.7777777777777778 0.6666666666666666 0.7777777777777778 0.6583333333333333 0.7888888888888889 0.6583333333333333 0.8333333333333334 0.6333333333333333 0.8333333333333334 0.625 0.8222222222222222 0.6166666666666667 0.8222222222222222 0.625 0.8111111111111111 0.625 0.7777777777777778 0.6166666666666667 0.7666666666666667 0.6166666666666667 0.7555555555555555 0.625 0.7444444444444445 0.625 0.7111111111111111 0.6416666666666667 0.7111111111111111 0.65 0.7 0.65 0.6888888888888889 0.6416666666666667 0.6777777777777778
0 0.7083333333333334 0.8444444444444444 0.7416666666666667 0.8444444444444444 0.75 0.8555555555555555 0.7416666666666667 0.8666666666666667 0.7166666666666667 0.8666666666666667 0.7083333333333334 0.8555555555555555
0 0.6416666666666667 0.9444444444444444 0.65 0.9555555555555556 0.6583333333333333 0.9555555555555556 0.6583333333333333 0.9777777777777777 0.65 0.9888888888888889 0.6416666666666667 0.9888888888888889 0.6333333333333333 0.9777777777777777 0.6333333333333333 0.9555555555555556
0 0.675 0.6222222222222222 0.7166666666666667 0.6777777777777778 0.725 0.6777777777777778 0.725 0.6888888888888889 0.7333333333333333 0.7 0.7333333333333333 0.7333333333333333 0.7416666666666667 0.7444444444444445 0.7416666666666667 0.7555555555555555 0.7333333333333333 0.7666666666666667 0.7416666666666667 0.7777777777777778 0.7416666666666667 0.7888888888888889 0.7583333333333333 0.8111111111111111 0.75 0.8222222222222222 0.75 0.8555555555555555 0.7583333333333333 0.8666666666666667 0.75 0.8777777777777778 0.7333333333333333 0.8777777777777778 0.725 0.8888888888888888 0.725 0.9 0.7333333333333333 0.9111111111111111 0.725 0.9 0.7166666666666667 0.9 0.7083333333333334 0.8888888888888888 0.6916666666666667 0.8888888888888888 0.6833333333333333 0.9 0.675 0.9 0.6666666666666666 0.8888888888888888 0.6666666666666666 0.8777777777777778 0.6833333333333333 0.8777777777777778 0.6916666666666667 0.8666666666666667 0.6916666666666667 0.8555555555555555 0.7 0.8555555555555555 0.7083333333333334 0.8444444444444444 0.7 0.8333333333333334 0.6916666666666667 0.8333333333333334 0.6916666666666667 0.8111111111111111 0.7 0.8 0.6916666666666667 0.7888888888888889 0.6583333333333333 0.7888888888888889 0.65 0.7777777777777778 0.6583333333333333 0.7777777777777778 0.6666666666666666 0.7666666666666667 0.675 0.7666666666666667 0.6916666666666667 0.7444444444444445 0.6833333333333333 0.7333333333333333 0.675 0.7333333333333333 0.6666666666666666 0.7222222222222222 0.6666666666666666 0.7 0.675 0.6888888888888889 0.675 0.6555555555555556 0.6666666666666666 0.6444444444444445 0.6666666666666666 0.6333333333333333
0 0.6875 0.6722222222222223 0.025 0.03333333333333333
0 0.5583333333333333 0.7444444444444445 0.5833333333333334 0.7444444444444445 0.5916666666666667 0.7555555555555555 0.5916666666666667 0.7666666666666667 0.5583333333333333 0.7666666666666667 0.5583333333333333 0.7555555555555555
0 0.5666666666666667 0.6888888888888889 0.575 0.6888888888888889 0.5833333333333334 0.7 0.6 0.7 0.6083333333333333 0.7111111111111111 0.6083333333333333 0.7444444444444445 0.6166666666666667 0.7555555555555555 0.6083333333333333 0.7666666666666667 0.6083333333333333 0.7777777777777778 0.6166666666666667 0.7888888888888889 0.6166666666666667 0.8 0.6083333333333333 0.8111111111111111 0.6083333333333333 0.8333333333333334 0.6166666666666667 0.8444444444444444 0.6083333333333333 0.8555555555555555 0.6166666666666667 0.8666666666666667 0.6083333333333333 0.8777777777777778 0.6166666666666667 0.8888888888888888 0.6333333333333333 0.8888888888888888 0.6416666666666667 0.9 0.6416666666666667 0.9111111111111111 0.6333333333333333 0.9222222222222223 0.6333333333333333 0.9333333333333333 0.625 0.9333333333333333 0.6166666666666667 0.9444444444444444 0.6166666666666667 0.9888888888888889 0.6083333333333333 0.9777777777777777 0.6 0.9888888888888889 0.55 0.9888888888888889 0.55 0.9777777777777777 0.5583333333333333 0.9777777777777777 0.575 0.9555555555555556 0.575 0.9 0.5666666666666667 0.8888888888888888 0.5666666666666667 0.8666666666666667 0.5583333333333333 0.8555555555555555 0.5583333333333333 0.7333333333333333 0.55 0.7222222222222222 0.5583333333333333 0.7222222222222222 0.575 0.7