0 0.7102510460251046 0.7152777777777778 0.3786610878661088 0.26666666666666666
0 0.7165271966527197 0.33819444444444446 0.2594142259414226 0.16527777777777777
0 0.6129707112970711 0.12430555555555556 0.2384937238493724 0.1597222222222222
0 0.4895397489539749 0.9298611111111111 0.14644351464435146 0.07222222222222222
0 0.2698744769874477 0.7763888888888889 0.13807531380753138 0.08194444444444444
0 0.1997907949790795 0.6409722222222223 0.10460251046025104 0.07083333333333333
0 0.14435146443514643 0.5381944444444444 0.1108786610878661 0.043055555555555555
0 0.1997907949790795 0.42291666666666666 0.10460251046025104 0.08472222222222223
0 0.25313807531380755 0.3 0.09832635983263599 0.04861111111111111
0 0.3577405857740586 0.19305555555555556 0.08577405857740586 0.05555555555555555
0 0.39435146443514646 0.10694444444444444 0.06694560669456066 0.03194444444444444