0 0.7416666666666667 0.784037558685446 0.75 0.7887323943661971 0.7583333333333333 0.7887323943661971 0.7666666666666667 0.7934272300469484 0.775 0.7934272300469484 0.7916666666666666 0.8028169014084507 0.8083333333333333 0.8028169014084507 0.8166666666666667 0.7981220657276995 0.825 0.7981220657276995 0.8333333333333334 0.8028169014084507 0.8666666666666667 0.8028169014084507 0.875 0.8075117370892019 0.875 0.812206572769953 0.8666666666666667 0.8169014084507042 0.85 0.8169014084507042 0.8416666666666667 0.8215962441314554 0.8083333333333333 0.8215962441314554 0.8 0.8262910798122066 0.7916666666666666 0.8215962441314554 0.7666666666666667 0.8215962441314554 0.75 0.812206572769953 0.7416666666666667 0.812206572769953 0.7416666666666667 0.8075117370892019 0.7333333333333333 0.8028169014084507 0.7 0.8028169014084507 0.7 0.7981220657276995 0.6916666666666667 0.7934272300469484 0.6916666666666667 0.784037558685446 0.7 0.7793427230046949 0.725 0.7793427230046949 0.7333333333333333 0.784037558685446
0 0.475 0.7276995305164319 0.5166666666666667 0.7276995305164319 0.5416666666666666 0.7417840375586855 0.5416666666666666 0.7464788732394366 0.5333333333333333 0.7464788732394366 0.525 0.7511737089201878 0.5166666666666667 0.7464788732394366 0.5083333333333333 0.7464788732394366 0.5 0.7417840375586855 0.49166666666666664 0.7417840375586855 0.48333333333333334 0.7370892018779343 0.475 0.7370892018779343 0.475 0.7323943661971831
0 0.5 0.6901408450704225 0.5083333333333333 0.6854460093896714 0.5333333333333333 0.6854460093896714 0.5333333333333333 0.6948356807511737 0.5083333333333333 0.6948356807511737
0 0.7583333333333333 0.7934272300469484 0.7666666666666667 0.7981220657276995 0.775 0.7981220657276995 0.775 0.8028169014084507 0.7916666666666666 0.812206572769953 0.7916666666666666 0.8169014084507042 0.8 0.8215962441314554 0.8083333333333333 0.8169014084507042 0.8083333333333333 0.8075117370892019 0.8166666666666667 0.8075117370892019 0.825 0.8028169014084507 0.8416666666666667 0.8028169014084507 0.85 0.8075117370892019 0.8583333333333333 0.8075117370892019 0.8666666666666667 0.812206572769953 0.8583333333333333 0.8169014084507042 0.8416666666666667 0.8169014084507042 0.8333333333333334 0.8215962441314554 0.8333333333333334 0.8356807511737089 0.825 0.8309859154929577 0.8166666666666667 0.8356807511737089 0.8166666666666667 0.8591549295774648 0.7833333333333333 0.8779342723004695 0.7833333333333333 0.9061032863849765 0.775 0.9107981220657277 0.7666666666666667 0.9061032863849765 0.7583333333333333 0.9061032863849765 0.7583333333333333 0.9014084507042254 0.75 0.8967136150234741 0.7416666666666667 0.8967136150234741 0.7333333333333333 0.892018779342723 0.725 0.892018779342723 0.7166666666666667 0.8873239436619719 0.7083333333333334 0.8873239436619719 0.7 0.8826291079812206 0.6916666666666667 0.8826291079812206 0.6833333333333333 0.8779342723004695 0.675 0.8779342723004695 0.6666666666666666 0.8732394366197183 0.6583333333333333 0.8732394366197183 0.6583333333333333 0.8685446009389671 0.65 0.863849765258216 0.675 0.8497652582159625 0.6666666666666666 0.8450704225352113 0.6666666666666666 0.8356807511737089 0.65 0.8262910798122066 0.65 0.8169014084507042 0.6416666666666667 0.812206572769953 0.6333333333333333 0.812206572769953 0.6166666666666667 0.8028169014084507 0.625 0.7981220657276995 0.6666666666666666 0.7981220657276995 0.675 0.7934272300469484 0.675 0.7887323943661971 0.6833333333333333 0.784037558685446 0.6916666666666667 0.784037558685446 0.7 0.7793427230046949 0.725 0.7793427230046949 0.75 0.7934272300469484
0 0.825 0.9107981220657277 0.8333333333333334 0.9107981220657277 0.85 0.92018779342723 0.8583333333333333 0.92018779342723 0.8666666666666667 0.9248826291079812 0.8833333333333333 0.9248826291079812 0.8916666666666667 0.9295774647887324 0.9 0.9295774647887324 0.9083333333333333 0.9342723004694836 0.9083333333333333 0.9389671361502347 0.9166666666666666 0.9436619718309859 0.9166666666666666 0.9483568075117371 0.925 0.9530516431924883 0.925 0.9577464788732394 0.95 0.971830985915493 0.95 0.9765258215962441 0.9583333333333334 0.9812206572769953 0.9583333333333334 0.9859154929577465 0.9666666666666667 0.9906103286384976 0.9583333333333334 0.9906103286384976 0.9583333333333334 0.9859154929577465 0.9416666666666667 0.9765258215962441 0.9333333333333333 0.9765258215962441 0.9 0.9577464788732394 0.8916666666666667 0.9577464788732394 0.8333333333333334 0.9248826291079812 0.825 0.9248826291079812 0.825 0.9154929577464789
0 0.35833333333333334 0.6854460093896714 0.36666666666666664 0.6901408450704225 0.36666666666666664 0.6948356807511737 0.375 0.6995305164319249 0.36666666666666664 0.704225352112676 0.35833333333333334 0.704225352112676 0.35 0.6995305164319249 0.3416666666666667 0.6995305164319249 0.3416666666666667 0.6948356807511737 0.3333333333333333 0.6901408450704225 0.3416666666666667 0.6854460093896714 0.35 0.6854460093896714
0 0.18333333333333332 0.7370892018779343 0.18333333333333332 0.7323943661971831 0.19166666666666668 0.7276995305164319 0.21666666666666667 0.7276995305164319 0.225 0.7230046948356808 0.25 0.7230046948356808 0.25833333333333336 0.7276995305164319 0.25833333333333336 0.7323943661971831 0.25 0.7323943661971831 0.24166666666666667 0.7370892018779343 0.19166666666666668 0.7370892018779343
0 0.3 0.6854460093896714 0.325 0.6854460093896714 0.325 0.6948356807511737 0.3333333333333333 0.6995305164319249 0.325 0.704225352112676 0.31666666666666665 0.6995305164319249 0.30833333333333335 0.6995305164319249 0.3 0.6948356807511737 0.3 0.6901408450704225
0 0.6916666666666667 0.784037558685446 0.7 0.784037558685446 0.7083333333333334 0.7887323943661971 0.7166666666666667 0.784037558685446 0.7333333333333333 0.784037558685446 0.75 0.7934272300469484 0.7666666666666667 0.7934272300469484 0.775 0.7981220657276995 0.7833333333333333 0.7981220657276995 0.7916666666666666 0.8028169014084507 0.8083333333333333 0.8028169014084507 0.8166666666666667 0.7981220657276995 0.825 0.7981220657276995 0.8333333333333334 0.8028169014084507 0.8666666666666667 0.8028169014084507 0.875 0.8075117370892019 0.875 0.812206572769953 0.8583333333333333 0.8215962441314554 0.85 0.8215962441314554 0.8333333333333334 0.8309859154929577 0.825 0.8309859154929577 0.8 0.8450704225352113 0.8 0.8591549295774648 0.7916666666666666 0.863849765258216 0.8 0.8685446009389671 0.7916666666666666 0.8732394366197183 0.7833333333333333 0.8732394366197183 0.775 0.8779342723004695 0.7833333333333333 0.8826291079812206 0.775 0.8873239436619719 0.775 0.892018779342723 0.7833333333333333 0.8967136150234741 0.7833333333333333 0.9014084507042254 0.8083333333333333 0.9154929577464789 0.8166666666666667 0.9154929577464789 0.825 0.9107981220657277 0.8333333333333334 0.9107981220657277 0.85 0.92018779342723 0.8583333333333333 0.92018779342723 0.8666666666666667 0.9248826291079812 0.8916666666666667 0.9248826291079812 0.9083333333333333 0.9342723004694836 0.9083333333333333 0.9389671361502347 0.9166666666666666 0.9436619718309859 0.9166666666666666 0.9483568075117371 0.925 0.9530516431924883 0.925 0.9577464788732394 0.95 0.971830985915493 0.95 0.9765258215962441 0.9583333333333334 0.9812206572769953 0.9583333333333334 0.9859154929577465 0.9666666666666667 0.9906103286384976 0.9583333333333334 0.9906103286384976 0.9583333333333334 0.9859154929577465 0.95 0.9812206572769953 0.9416666666666667 0.9812206572769953 0.9166666666666666 0.9671361502347418 0.9083333333333333 0.9671361502347418 0.9083333333333333 0.9624413145539906 0.9 0.9577464788732394 0.8916666666666667 0.9577464788732394 0.85 0.9342723004694836 0.8416666666666667 0.9342723004694836 0.8166666666666667 0.92018779342723 0.8083333333333333 0.92018779342723 0.8 0.9248826291079812 0.7916666666666666 0.92018779342723 0.7833333333333333 0.92018779342723 0.775 0.9154929577464789 0.7666666666666667 0.9154929577464789 0.7333333333333333 0.8967136150234741 0.7166666666666667 0.8967136150234741 0.7 0.8873239436619719 0.6916666666666667 0.8873239436619719 0.6833333333333333 0.8826291079812206 0.675 0.8826291079812206 0.6583333333333333 0.8732394366197183 0.6583333333333333 0.8591549295774648 0.675 0.8497652582159625 0.6833333333333333 0.8544600938967136 0.6916666666666667 0.8497652582159625 0.6916666666666667 0.8356807511737089 0.6833333333333333 0.8309859154929577 0.675 0.8309859154929577 0.675 0.8262910798122066 0.6666666666666666 0.8215962441314554 0.6666666666666666 0.8169014084507042 0.6583333333333333 0.812206572769953 0.6416666666666667 0.812206572769953 0.625 0.8028169014084507 0.6333333333333333 0.8028169014084507 0.6416666666666667 0.7981220657276995 0.65 0.7981220657276995 0.65 0.8028169014084507 0.6583333333333333 0.8075117370892019 0.6666666666666666 0.8075117370892019 0.6666666666666666 0.8169014084507042 0.675 0.8215962441314554 0.675 0.8262910798122066 0.6833333333333333 0.8309859154929577 0.7 0.8215962441314554 0.7 0.812206572769953 0.7083333333333334 0.812206572769953 0.7166666666666667 0.8075117370892019 0.7166666666666667 0.8028169014084507 0.7083333333333334 0.7981220657276995 0.7 0.7981220657276995 0.6916666666666667 0.7934272300469484 0.6916666666666667 0.7887323943661971
0 0.5083333333333333 0.7276995305164319 0.5166666666666667 0.7323943661971831 0.525 0.7323943661971831 0.5333333333333333 0.7370892018779343 0.5416666666666666 0.7370892018779343 0.5416666666666666 0.7417840375586855 0.55 0.7464788732394366 0.5583333333333333 0.7464788732394366 0.5666666666666667 0.7511737089201878 0.5666666666666667 0.755868544600939 0.5083333333333333 0.755868544600939 0.5 0.7605633802816901 0.49166666666666664 0.7605633802816901 0.48333333333333334 0.7652582159624414 0.4583333333333333 0.7652582159624414 0.45 0.7699530516431925 0.44166666666666665 0.7652582159624414 0.425 0.7652582159624414 0.425 0.755868544600939 0.4166666666666667 0.7511737089201878 0.4166666666666667 0.7417840375586855 0.425 0.7370892018779343 0.4583333333333333 0.7370892018779343 0.475 0.7276995305164319 0.5 0.7276995305164319
0 0.5333333333333333 0.7511737089201878 0.5416666666666666 0.7511737089201878 0.55 0.7464788732394366 0.5583333333333333 0.7464788732394366 0.5666666666666667 0.7511737089201878 0.575 0.7511737089201878 0.5583333333333333 0.7605633802816901 0.5416666666666666 0.7605633802816901 0.5333333333333333 0.755868544600939
0 0.7833333333333333 0.8262910798122066 0.8 0.8356807511737089 0.8 0.8403755868544601 0.7916666666666666 0.8450704225352113 0.7666666666666667 0.8450704225352113 0.7583333333333333 0.8403755868544601 0.7583333333333333 0.8309859154929577 0.7666666666666667 0.8262910798122066 0.775 0.8262910798122066
0 0.10833333333333334 0.9154929577464789 0.06666666666666667 0.028169014084507043
0 0.3125 0.6384976525821596 0.041666666666666664 0.018779342723004695
0 0.18333333333333332 0.9342723004694836 0.18333333333333332 0.9248826291079812 0.19166666666666668 0.92018779342723 0.2 0.92018779342723 0.20833333333333334 0.9248826291079812 0.24166666666666667 0.9248826291079812 0.25 0.9295774647887324 0.25 0.9389671361502347 0.24166666666666667 0.9436619718309859 0.225 0.9436619718309859 0.21666666666666667 0.9389671361502347 0.2 0.9389671361502347 0.19166666666666668 0.9342723004694836
0 0.4583333333333333 0.8215962441314554 0.475 0.8309859154929577 0.475 0.8497652582159625 0.5 0.863849765258216 0.5 0.8732394366197183 0.49166666666666664 0.8779342723004695 0.475 0.8779342723004695 0.4666666666666667 0.8826291079812206 0.45 0.8826291079812206 0.44166666666666665 0.8779342723004695 0.43333333333333335 0.8779342723004695 0.425 0.8732394366197183 0.425 0.8685446009389671 0.4166666666666667 0.863849765258216 0.4166666666666667 0.8591549295774648 0.4083333333333333 0.8544600938967136 0.4083333333333333 0.8497652582159625 0.39166666666666666 0.8403755868544601 0.39166666666666666 0.8215962441314554 0.4 0.8169014084507042 0.44166666666666665 0.8169014084507042 0.45 0.8215962441314554
0 0.15 0.9107981220657277 0.15833333333333333 0.9154929577464789 0.16666666666666666 0.9154929577464789 0.175 0.92018779342723 0.225 0.92018779342723 0.23333333333333334 0.9248826291079812 0.24166666666666667 0.9248826291079812 0.25 0.9295774647887324 0.25 0.9389671361502347 0.24166666666666667 0.9436619718309859 0.225 0.9436619718309859 0.21666666666666667 0.9389671361502347 0.2 0.9389671361502347 0.19166666666666668 0.9342723004694836 0.18333333333333332 0.9342723004694836 0.175 0.9295774647887324 0.13333333333333333 0.9295774647887324 0.125 0.9248826291079812 0.09166666666666666 0.9248826291079812 0.075 0.9154929577464789 0.075 0.9061032863849765 0.08333333333333333 0.9014084507042254 0.09166666666666666 0.9014084507042254 0.1 0.9061032863849765 0.13333333333333333 0.9061032863849765 0.14166666666666666 0.9107981220657277
0 0.30833333333333335 0.6103286384976526 0.31666666666666665 0.6150234741784038 0.3416666666666667 0.6150234741784038 0.3416666666666667 0.6244131455399061 0.3333333333333333 0.6291079812206573 0.3333333333333333 0.6384976525821596 0.325 0.6384976525821596 0.31666666666666665 0.6431924882629108 0.30833333333333335 0.6431924882629108 0.3 0.6384976525821596 0.2916666666666667 0.6384976525821596 0.2916666666666667 0.6291079812206573 0.3 0.6244131455399061 0.3 0.6150234741784038
0 0.4083333333333333 0.7746478873239436 0.4166666666666667 0.7793427230046949 0.43333333333333335 0.7793427230046949 0.44166666666666665 0.784037558685446 0.44166666666666665 0.7934272300469484 0.43333333333333335 0.7981220657276995 0.4 0.7981220657276995 0.39166666666666666 0.7934272300469484 0.375 0.7934272300469484 0.35833333333333334 0.784037558685446 0.35833333333333334 0.7793427230046949 0.36666666666666664 0.7793427230046949 0.375 0.7746478873239436 0.4 0.7746478873239436
0 0.35 0.6572769953051644 0.375 0.6572769953051644 0.38333333333333336 0.6525821596244131 0.39166666666666666 0.6525821596244131 0.39166666666666666 0.6572769953051644 0.4 0.6619718309859155 0.38333333333333336 0.6713615023474179 0.375 0.6713615023474179 0.36666666666666664 0.6666666666666666 0.35833333333333334 0.6666666666666666 0.35 0.6619718309859155
0 0.675 0.784037558685446 0.6833333333333333 0.784037558685446 0.6916666666666667 0.7793427230046949 0.7333333333333333 0.7793427230046949 0.75 0.7887323943661971 0.7583333333333333 0.7887323943661971 0.7666666666666667 0.7934272300469484 0.775 0.7934272300469484 0.7916666666666666 0.8028169014084507 0.8083333333333333 0.8028169014084507 0.8166666666666667 0.7981220657276995 0.825 0.7981220657276995 0.8333333333333334 0.8028169014084507 0.8666666666666667 0.8028169014084507 0.875 0.8075117370892019 0.875 0.812206572769953 0.8583333333333333 0.8215962441314554 0.85 0.8215962441314554 0.8416666666666667 0.8262910798122066 0.8166666666666667 0.8262910798122066 0.8083333333333333 0.8309859154929577 0.8083333333333333 0.8356807511737089 0.8 0.8403755868544601 0.7583333333333333 0.8403755868544601 0.75 0.8356807511737089 0.7416666666666667 0.8356807511737089 0.7416666666666667 0.8262910798122066 0.7333333333333333 0.8215962441314554 0.725 0.8215962441314554 0.7166666666666667 0.8169014084507042 0.7083333333333334 0.8215962441314554 0.6916666666666667 0.8215962441314554 0.6833333333333333 0.8169014084507042 0.6666666666666666 0.8169014084507042 0.6583333333333333 0.812206572769953 0.65 0.812206572769953 0.6416666666666667 0.8075117370892019 0.625 0.8075117370892019 0.625 0.7981220657276995 0.6416666666666667 0.7981220657276995 0.65 0.7934272300469484 0.6583333333333333 0.7981220657276995 0.675 0.7887323943661971
0 0.25 0.6549295774647887 0.03333333333333333 0.014084507042253521
0 0.2916666666666667 0.7981220657276995 0.325 0.7981220657276995 0.3333333333333333 0.8028169014084507 0.3333333333333333 0.812206572769953 0.3 0.812206572769953 0.2916666666666667 0.8075117370892019 0.2916666666666667 0.8028169014084507
0 0.625 0.7981220657276995 0.65 0.7981220657276995 0.6583333333333333 0.8028169014084507 0.6666666666666666 0.8028169014084507 0.6833333333333333 0.812206572769953 0.6916666666666667 0.812206572769953 0.6916666666666667 0.8215962441314554 0.6666666666666666 0.8215962441314554 0.6583333333333333 0.8169014084507042 0.65 0.8169014084507042 0.6416666666666667 0.812206572769953 0.6333333333333333 0.812206572769953 0.625 0.8075117370892019 0.625 0.8028169014084507
0 0.825 0.9107981220657277 0.8333333333333334 0.9107981220657277 0.8583333333333333 0.9248826291079812 0.875 0.9248826291079812 0.8833333333333333 0.9295774647887324 0.8916666666666667 0.9295774647887324 0.9 0.9342723004694836 0.9 0.9389671361502347 0.9083333333333333 0.9436619718309859 0.9083333333333333 0.9483568075117371 0.8833333333333333 0.9483568075117371 0.8583333333333333 0.9342723004694836 0.85 0.9342723004694836 0.825 0.92018779342723 0.825 0.9154929577464789
0 0.2916666666666667 0.596244131455399 0.3 0.6009389671361502 0.30833333333333335 0.6009389671361502 0.325 0.6103286384976526 0.3333333333333333 0.6103286384976526 0.3416666666666667 0.6150234741784038 0.3416666666666667 0.6244131455399061 0.325 0.6338028169014085 0.325 0.6384976525821596 0.31666666666666665 0.6431924882629108 0.30833333333333335 0.6384976525821596 0.2916666666666667 0.6384976525821596 0.2833333333333333 0.6338028169014085 0.2833333333333333 0.6197183098591549 0.26666666666666666 0.6103286384976526 0.26666666666666666 0.6009389671361502 0.275 0.596244131455399 0.2833333333333333 0.596244131455399
0 0.7 0.8544600938967136 0.7166666666666667 0.863849765258216 0.725 0.863849765258216 0.725 0.8779342723004695 0.7333333333333333 0.8826291079812206 0.7333333333333333 0.8873239436619719 0.7416666666666667 0.892018779342723 0.7166666666666667 0.892018779342723 0.7083333333333334 0.8873239436619719 0.7 0.8873239436619719 0.6916666666666667 0.8826291079812206 0.6833333333333333 0.8826291079812206 0.675 0.8779342723004695 0.6666666666666666 0.8779342723004695 0.6583333333333333 0.8732394366197183 0.6583333333333333 0.8591549295774648 0.6666666666666666 0.8544600938967136 0.6916666666666667 0.8544600938967136
0 0.475 0.7370892018779343 0.475 0.7417840375586855 0.48333333333333334 0.7464788732394366 0.48333333333333334 0.755868544600939 0.475 0.7605633802816901 0.475 0.7652582159624414 0.4583333333333333 0.7652582159624414 0.45 0.7699530516431925 0.44166666666666665 0.7699530516431925 0.43333333333333335 0.7652582159624414 0.425 0.7652582159624414 0.425 0.7605633802816901 0.4166666666666667 0.755868544600939 0.4166666666666667 0.7417840375586855 0.425 0.7370892018779343 0.4666666666666667 0.7370892018779343
0 0.31666666666666665 0.5985915492957746 0.03333333333333333 0.014084507042253521
0 0.475 0.7370892018779343 0.48333333333333334 0.7417840375586855 0.48333333333333334 0.7605633802816901 0.475 0.7652582159624414 0.4666666666666667 0.7652582159624414 0.45 0.7746478873239436 0.45 0.7934272300469484 0.425 0.8075117370892019 0.44166666666666665 0.8169014084507042 0.45 0.8169014084507042 0.4583333333333333 0.8215962441314554 0.4666666666666667 0.8215962441314554 0.4666666666666667 0.8262910798122066 0.475 0.8309859154929577 0.475 0.8497652582159625 0.5 0.863849765258216 0.5 0.8732394366197183 0.49166666666666664 0.8779342723004695 0.43333333333333335 0.8779342723004695 0.425 0.8732394366197183 0.425 0.8685446009389671 0.4166666666666667 0.863849765258216 0.4166666666666667 0.8591549295774648 0.4083333333333333 0.8544600938967136 0.4083333333333333 0.8497652582159625 0.39166666666666666 0.8403755868544601 0.39166666666666666 0.8215962441314554 0.4 0.8169014084507042 0.4 0.8028169014084507 0.38333333333333336 0.7934272300469484 0.375 0.7934272300469484 0.35833333333333334 0.784037558685446 0.35833333333333334 0.7793427230046949 0.36666666666666664 0.7793427230046949 0.375 0.7746478873239436 0.4166666666666667 0.7746478873239436 0.425 0.7699530516431925 0.425 0.7652582159624414 0.4166666666666667 0.7605633802816901 0.4166666666666667 0.7417840375586855 0.425 0.7370892018779343 0.4666666666666667 0.7370892018779343
0 0.2833333333333333 0.6103286384976526 0.03333333333333333 0.018779342723004695
0 0.4583333333333333 0.6056338028169014 0.49166666666666664 0.6056338028169014 0.5 0.6103286384976526 0.49166666666666664 0.6150234741784038 0.4666666666666667 0.6150234741784038 0.4583333333333333 0.6103286384976526
0 0.7166666666666667 0.7910798122065728 0.05 0.023474178403755867
0 0.8083333333333333 0.8028169014084507 0.8166666666666667 0.8075117370892019 0.8416666666666667 0.8075117370892019 0.85 0.8028169014084507 0.8583333333333333 0.8028169014084507 0.8666666666666667 0.8075117370892019 0.8666666666666667 0.812206572769953 0.8583333333333333 0.8169014084507042 0.8333333333333334 0.8169014084507042 0.825 0.8215962441314554 0.8083333333333333 0.8215962441314554 0.8 0.8169014084507042 0.7916666666666666 0.8169014084507042 0.7833333333333333 0.812206572769953 0.7833333333333333 0.8075117370892019 0.7916666666666666 0.8028169014084507 0.8 0.8028169014084507
0 0.3 0.6854460093896714 0.35833333333333334 0.6854460093896714 0.36666666666666664 0.6901408450704225 0.36666666666666664 0.6948356807511737 0.375 0.6995305164319249 0.36666666666666664 0.704225352112676 0.35833333333333334 0.704225352112676 0.35 0.6995305164319249 0.3416666666666667 0.6995305164319249 0.3333333333333333 0.704225352112676 0.325 0.704225352112676 0.31666666666666665 0.6995305164319249 0.30833333333333335 0.6995305164319249 0.3 0.6948356807511737 0.3 0.6901408450704225
0 0.31666666666666665 0.6150234741784038 0.3416666666666667 0.6150234741784038 0.3416666666666667 0.6244131455399061 0.31666666666666665 0.6244131455399061 0.31666666666666665 0.6197183098591549
0 0.75 0.7887323943661971 0.7583333333333333 0.7934272300469484 0.775 0.7934272300469484 0.7916666666666666 0.8028169014084507 0.8083333333333333 0.8028169014084507 0.8166666666666667 0.7981220657276995 0.825 0.7981220657276995 0.8333333333333334 0.8028169014084507 0.8666666666666667 0.8028169014084507 0.875 0.8075117370892019 0.875 0.812206572769953 0.8583333333333333 0.8215962441314554 0.85 0.8215962441314554 0.8416666666666667 0.8262910798122066 0.8333333333333334 0.8262910798122066 0.8083333333333333 0.8403755868544601 0.7916666666666666 0.8403755868544601 0.7833333333333333 0.8450704225352113 0.7583333333333333 0.8450704225352113 0.75 0.8403755868544601 0.7416666666666667 0.8403755868544601 0.7416666666666667 0.8356807511737089 0.7333333333333333 0.8309859154929577 0.7333333333333333 0.8262910798122066 0.7166666666666667 0.8169014084507042 0.7083333333333334 0.8215962441314554 0.7083333333333334 0.8169014084507042 0.7 0.812206572769953 0.7 0.8028169014084507 0.6916666666666667 0.7981220657276995 0.6916666666666667 0.784037558685446 0.7 0.7793427230046949 0.725 0.7793427230046949 0.7416666666666667 0.7887323943661971