0 0.2833333333333333 0.9625 0.2916666666666667 0.96875 0.2916666666666667 0.975 0.3 0.98125 0.30833333333333335 0.98125 0.31666666666666665 0.9875 0.31666666666666665 0.99375 0.275 0.99375 0.26666666666666666 0.9875 0.26666666666666666 0.98125 0.25 0.96875 0.25 0.9625 0.25833333333333336 0.95625 0.26666666666666666 0.95625 0.275 0.9625
0 0.9583333333333334 0.425 0.975 0.425 0.9833333333333333 0.41875 0.9916666666666667 0.41875 0.9916666666666667 0.45 0.9666666666666667 0.45 0.9583333333333334 0.44375 0.9583333333333334 0.43125
0 0.38333333333333336 0.90625 0.4 0.91875 0.4166666666666667 0.91875 0.43333333333333335 0.93125 0.44166666666666665 0.93125 0.45 0.9375 0.4583333333333333 0.9375 0.4666666666666667 0.94375 0.475 0.94375 0.48333333333333334 0.95 0.5 0.95 0.5416666666666666 0.98125 0.5416666666666666 0.99375 0.48333333333333334 0.99375 0.475 0.9875 0.4 0.9875 0.39166666666666666 0.99375 0.275 0.99375 0.275 0.9875 0.25 0.96875 0.25 0.95 0.25833333333333336 0.94375 0.26666666666666666 0.94375 0.275 0.9375 0.2833333333333333 0.9375 0.3 0.925 0.3 0.9125 0.31666666666666665 0.9 0.325 0.9 0.3333333333333333 0.90625 0.35 0.90625 0.35833333333333334 0.9125 0.375 0.9125
0 0.2 0.88125 0.20833333333333334 0.8875 0.21666666666666667 0.8875 0.225 0.89375 0.24166666666666667 0.89375 0.25 0.9 0.25833333333333336 0.9 0.26666666666666666 0.90625 0.275 0.90625 0.2833333333333333 0.9 0.3333333333333333 0.9 0.3416666666666667 0.90625 0.35 0.90625 0.35833333333333334 0.9125 0.39166666666666666 0.9125 0.4 0.91875 0.4083333333333333 0.91875 0.4166666666666667 0.925 0.425 0.925 0.44166666666666665 0.9375 0.4583333333333333 0.9375 0.4666666666666667 0.94375 0.475 0.94375 0.48333333333333334 0.95 0.5 0.95 0.5083333333333333 0.95625 0.5166666666666667 0.95625 0.5416666666666666 0.975 0.55 0.975 0.5583333333333333 0.98125 0.5416666666666666 0.99375 0.5083333333333333 0.99375 0.5 0.9875 0.44166666666666665 0.9875 0.43333333333333335 0.98125 0.425 0.9875 0.4166666666666667 0.9875 0.4083333333333333 0.98125 0.39166666666666666 0.99375 0.275 0.99375 0.24166666666666667 0.96875 0.23333333333333334 0.96875 0.21666666666666667 0.95625 0.20833333333333334 0.95625 0.2 0.95 0.175 0.95 0.16666666666666666 0.94375 0.16666666666666666 0.9375 0.13333333333333333 0.9125 0.125 0.9125 0.11666666666666667 0.90625 0.11666666666666667 0.88125 0.13333333333333333 0.86875 0.14166666666666666 0.86875 0.15 0.875 0.16666666666666666 0.875 0.175 0.88125 0.19166666666666668 0.88125
0 0.9416666666666667 0.425 0.9583333333333334 0.425 0.9666666666666667 0.41875 0.975 0.41875 0.9833333333333333 0.4125 0.9916666666666667 0.4125 0.9916666666666667 0.4375 0.9833333333333333 0.44375 0.975 0.4375 0.9583333333333334 0.4375 0.9583333333333334 0.43125 0.95 0.425
0 0.575 0.76875 0.6083333333333333 0.76875 0.6166666666666667 0.775 0.625 0.775 0.6333333333333333 0.78125 0.6416666666666667 0.78125 0.65 0.7875 0.6583333333333333 0.7875 0.6666666666666666 0.79375 0.675 0.79375 0.6916666666666667 0.80625 0.7 0.80625 0.7 0.8125 0.7083333333333334 0.81875 0.7083333333333334 0.825 0.7166666666666667 0.83125 0.7166666666666667 0.85625 0.725 0.8625 0.725 0.875 0.7333333333333333 0.88125 0.7333333333333333 0.89375 0.7416666666666667 0.9 0.75 0.9 0.7583333333333333 0.90625 0.7583333333333333 0.95 0.7666666666666667 0.95625 0.7666666666666667 0.98125 0.775 0.9875 0.7666666666666667 0.99375 0.7583333333333333 0.99375 0.7416666666666667 0.98125 0.7416666666666667 0.975 0.725 0.9625 0.725 0.95625 0.7166666666666667 0.95 0.7166666666666667 0.94375 0.7083333333333334 0.9375 0.7083333333333334 0.925 0.7 0.91875 0.7 0.9125 0.6833333333333333 0.9 0.6833333333333333 0.8875 0.675 0.88125 0.6666666666666666 0.88125 0.675 0.875 0.65 0.85625 0.6416666666666667 0.85625 0.6416666666666667 0.83125 0.6 0.8 0.5916666666666667 0.8 0.575 0.7875 0.575 0.775
0 0.5416666666666666 0.9 0.5833333333333334 0.9 0.5833333333333334 0.925 0.575 0.93125 0.5666666666666667 0.93125 0.5416666666666666 0.9125 0.5416666666666666 0.90625
0 0.9583333333333334 0.5125 0.9666666666666667 0.51875 0.975 0.5125 0.9916666666666667 0.5125 0.9916666666666667 0.5375 0.9833333333333333 0.5375 0.975 0.54375 0.9666666666666667 0.5375 0.9583333333333334 0.5375 0.95 0.54375 0.925 0.54375 0.9166666666666666 0.5375 0.8333333333333334 0.5375 0.825 0.53125 0.7833333333333333 0.53125 0.775 0.525 0.7666666666666667 0.525 0.7666666666666667 0.51875 0.7916666666666666 0.51875 0.8 0.5125 0.8083333333333333 0.5125 0.8166666666666667 0.51875 0.825 0.5125 0.8333333333333334 0.5125 0.8416666666666667 0.51875 0.9333333333333333 0.51875 0.9416666666666667 0.5125 0.95 0.5125
0 0.39166666666666666 0.69375 0.4083333333333333 0.69375 0.425 0.70625 0.4166666666666667 0.7125 0.4 0.7125 0.39166666666666666 0.70625 0.39166666666666666 0.7
0 0.11666666666666667 0.85625 0.11666666666666667 0.8625 0.10833333333333334 0.86875 0.10833333333333334 0.875 0.1 0.875 0.09166666666666666 0.88125 0.075 0.88125 0.06666666666666667 0.8875 0.03333333333333333 0.8875 0.025 0.89375 0 0.89375 0 0.88125 0.008333333333333333 0.875 0.016666666666666666 0.875 0.025 0.86875 0.041666666666666664 0.86875 0.05 0.8625 0.09166666666666666 0.8625 0.1 0.85625 0.10833333333333334 0.85625
0 0.5333333333333333 0.51875 0.5666666666666667 0.51875 0.575 0.525 0.5916666666666667 0.525 0.6 0.53125 0.6083333333333333 0.53125 0.6083333333333333 0.55 0.6 0.55625 0.5916666666666667 0.55 0.5833333333333334 0.55 0.575 0.54375 0.5666666666666667 0.54375 0.55 0.53125 0.5416666666666666 0.53125 0.5333333333333333 0.525
0 0.45 0.46875 0.4583333333333333 0.46875 0.4666666666666667 0.4625 0.49166666666666664 0.4625 0.5 0.45625 0.5083333333333333 0.45625 0.5166666666666667 0.4625 0.5166666666666667 0.46875 0.5 0.46875 0.49166666666666664 0.475 0.475 0.475 0.4666666666666667 0.48125 0.4583333333333333 0.48125 0.45 0.475
0 0.48333333333333334 0.6125 0.48333333333333334 0.65625 0.475 0.6625 0.475 0.675 0.4666666666666667 0.68125 0.43333333333333335 0.68125 0.425 0.675 0.425 0.64375 0.45 0.625 0.45 0.61875 0.4583333333333333 0.61875 0.4666666666666667 0.6125 0.475 0.6125
0 0.31666666666666665 0.9375 0.325 0.9375 0.3333333333333333 0.93125 0.3416666666666667 0.93125 0.38333333333333336 0.9625 0.38333333333333336 0.975 0.375 0.98125 0.375 0.99375 0.2833333333333333 0.99375 0.25 0.96875 0.25 0.9625 0.25833333333333336 0.95625 0.3 0.95625 0.31666666666666665 0.94375
0 0.5333333333333333 0.51875 0.5666666666666667 0.51875 0.575 0.525 0.6 0.525 0.6083333333333333 0.53125 0.6083333333333333 0.5375 0.6166666666666667 0.54375 0.6 0.55625 0.5916666666666667 0.55 0.5833333333333334 0.55 0.575 0.54375 0.5666666666666667 0.54375 0.55 0.53125 0.5416666666666666 0.53125 0.5333333333333333 0.525
0 0.125 0.85625 0.14166666666666666 0.86875 0.15833333333333333 0.86875 0.16666666666666666 0.875 0.19166666666666668 0.875 0.2 0.88125 0.20833333333333334 0.88125 0.21666666666666667 0.8875 0.23333333333333334 0.8875 0.24166666666666667 0.89375 0.25 0.89375 0.25833333333333336 0.9 0.26666666666666666 0.9 0.275 0.90625 0.2916666666666667 0.89375 0.3 0.9 0.30833333333333335 0.89375 0.325 0.89375 0.3333333333333333 0.9 0.3416666666666667 0.9 0.35 0.90625 0.375 0.90625 0.38333333333333336 0.9 0.38333333333333336 0.90625 0.39166666666666666 0.9125 0.4083333333333333 0.9125 0.43333333333333335 0.93125 0.44166666666666665 0.93125 0.45 0.9375 0.4583333333333333 0.9375 0.4666666666666667 0.94375 0.49166666666666664 0.94375 0.5083333333333333 0.95625 0.5166666666666667 0.95625 0.55 0.98125 0.55 0.9875 0.5416666666666666 0.99375 0.5083333333333333 0.99375 0.5 0.9875 0.44166666666666665 0.9875 0.43333333333333335 0.98125 0.425 0.9875 0.4166666666666667 0.9875 0.4083333333333333 0.98125 0.39166666666666666 0.99375 0.275 0.99375 0.24166666666666667 0.96875 0.23333333333333334 0.975 0.20833333333333334 0.95625 0.2 0.95625 0.19166666666666668 0.9625 0.18333333333333332 0.95625 0.175 0.95625 0.125 0.91875 0.125 0.9125 0.1 0.89375 0.10833333333333334 0.8875 0.1 0.88125 0.058333333333333334 0.88125 0.05 0.8875 0.016666666666666666 0.8875 0.025 0.8875 0.03333333333333333 0.88125 0.03333333333333333 0.875 0.041666666666666664 0.88125 0.06666666666666667 0.88125 0.075 0.875 0.075 0.86875 0.08333333333333333 0.86875 0.09166666666666666 0.8625 0.1 0.8625 0.10833333333333334 0.85625 0.11666666666666667 0.85625
0 0.2 0.88125 0.20833333333333334 0.8875 0.21666666666666667 0.8875 0.225 0.89375 0.24166666666666667 0.89375 0.25 0.9 0.25833333333333336 0.9 0.26666666666666666 0.90625 0.2916666666666667 0.90625 0.30833333333333335 0.91875 0.30833333333333335 0.93125 0.31666666666666665 0.9375 0.325 0.93125 0.3333333333333333 0.93125 0.3416666666666667 0.925 0.3416666666666667 0.93125 0.35833333333333334 0.94375 0.36666666666666664 0.94375 0.375 0.95 0.375 0.99375 0.275 0.99375 0.275 0.9875 0.24166666666666667 0.9625 0.23333333333333334 0.9625 0.23333333333333334 0.95625 0.225 0.95 0.20833333333333334 0.95 0.2 0.94375 0.175 0.94375 0.16666666666666666 0.9375 0.16666666666666666 0.93125 0.15833333333333333 0.925 0.15 0.925 0.125 0.90625 0.11666666666666667 0.90625 0.11666666666666667 0.88125 0.125 0.875 0.16666666666666666 0.875 0.175 0.88125 0.19166666666666668 0.88125
0 0.25833333333333336 0.9 0.26666666666666666 0.90625 0.275 0.90625 0.2833333333333333 0.9125 0.275 0.91875 0.275 0.925 0.26666666666666666 0.93125 0.25 0.93125 0.24166666666666667 0.9375 0.23333333333333334 0.9375 0.225 0.94375 0.18333333333333332 0.94375 0.15 0.91875 0.14166666666666666 0.91875 0.125 0.90625 0.11666666666666667 0.90625 0.11666666666666667 0.88125 0.125 0.875 0.16666666666666666 0.875 0.175 0.88125 0.19166666666666668 0.88125 0.2 0.8875 0.21666666666666667 0.8875 0.225 0.89375 0.24166666666666667 0.89375 0.25 0.9
0 0.10833333333333334 0.86875 0.11666666666666667 0.86875 0.125 0.8625 0.13333333333333333 0.8625 0.14166666666666666 0.86875 0.15 0.86875 0.15833333333333333 0.875 0.19166666666666668 0.875 0.2 0.88125 0.20833333333333334 0.88125 0.21666666666666667 0.8875 0.225 0.8875 0.23333333333333334 0.89375 0.25 0.89375 0.26666666666666666 0.90625 0.26666666666666666 0.9125 0.275 0.91875 0.2833333333333333 0.9125 0.2833333333333333 0.9 0.2916666666666667 0.89375 0.3 0.9 0.30833333333333335 0.9 0.31666666666666665 0.89375 0.325 0.9 0.3416666666666667 0.9 0.35 0.90625 0.35833333333333334 0.90625 0.36666666666666664 0.9125 0.375 0.9125 0.38333333333333336 0.90625 0.38333333333333336 0.9 0.38333333333333336 0.90625 0.39166666666666666 0.9125 0.4083333333333333 0.9125 0.425 0.925 0.43333333333333335 0.925 0.45 0.9375 0.4583333333333333 0.93125 0.4666666666666667 0.9375 0.5 0.9375 0.5083333333333333 0.94375 0.5166666666666667 0.94375 0.5333333333333333 0.95625 0.5416666666666666 0.95625 0.55 0.95 0.5583333333333333 0.95625 0.5833333333333334 0.9375 0.575 0.93125 0.575 0.91875 0.5666666666666667 0.9125 0.575 0.9125 0.5833333333333334 0.90625 0.5833333333333334 0.9 0.5833333333333334 0.90625 0.575 0.9125 0.575 0.93125 0.5833333333333334 0.9375 0.5916666666666667 0.9375 0.575 0.95 0.575 0.95625 0.5833333333333334 0.9625 0.5916666666666667 0.9625 0.6 0.96875 0.6083333333333333 0.9625 0.6333333333333333 0.98125 0.6416666666666667 0.975 0.6333333333333333 0.98125 0.6416666666666667 0.9875 0.6416666666666667 0.99375 0.6333333333333333 0.99375 0.6333333333333333 0.98125 0.625 0.975 0.6166666666666667 0.975 0.6083333333333333 0.98125 0.6083333333333333 0.9875 0.6 0.99375 0.5583333333333333 0.99375 0.55 0.9875 0.5416666666666666 0.99375 0.49166666666666664 0.99375 0.48333333333333334 0.9875 0.44166666666666665 0.9875 0.43333333333333335 0.98125 0.425 0.9875 0.4166666666666667 0.9875 0.4083333333333333 0.98125 0.39166666666666666 0.99375 0.275 0.99375 0.26666666666666666 0.9875 0.25 0.9875 0.23333333333333334 0.975 0.225 0.975 0.21666666666666667 0.96875 0.20833333333333334 0.96875 0.2 0.9625 0.19166666666666668 0.96875 0.19166666666666668 0.9625 0.18333333333333332 0.95625 0.175 0.95625 0.16666666666666666 0.95 0.15833333333333333 0.95 0.15 0.94375 0.15 0.9375 0.125 0.91875 0.125 0.90625 0.10833333333333334 0.89375 0.10833333333333334 0.875
0 0.6333333333333333 0.60625 0.016666666666666666 0.0125
0 0.625 0.41875 0.625 0.425 0.6166666666666667 0.43125 0.6083333333333333 0.43125 0.6 0.4375 0.5583333333333333 0.4375 0.5583333333333333 0.425 0.5666666666666667 0.425 0.575 0.41875 0.6166666666666667 0.41875
0 0.5583333333333333 0.4375 0.5583333333333333 0.425 0.5666666666666667 0.41875 0.625 0.41875 0.625 0.425 0.6083333333333333 0.4375 0.5666666666666667 0.4375
0 0.7333333333333333 0.94375 0.75 0.94375 0.75 0.95 0.7666666666666667 0.9625 0.7666666666666667 0.99375 0.7583333333333333 0.99375 0.75 0.9875 0.75 0.98125 0.7333333333333333 0.96875 0.7333333333333333 0.95
0 0.125 0.85625 0.13333333333333333 0.8625 0.14166666666666666 0.8625 0.15 0.86875 0.15833333333333333 0.86875 0.16666666666666666 0.875 0.19166666666666668 0.875 0.2 0.88125 0.20833333333333334 0.88125 0.21666666666666667 0.8875 0.23333333333333334 0.8875 0.24166666666666667 0.89375 0.25 0.89375 0.25833333333333336 0.9 0.26666666666666666 0.9 0.275 0.90625 0.2833333333333333 0.9 0.2916666666666667 0.9 0.2916666666666667 0.9125 0.2833333333333333 0.91875 0.2833333333333333 0.93125 0.275 0.9375 0.275 0.94375 0.25833333333333336 0.94375 0.24166666666666667 0.95625 0.24166666666666667 0.98125 0.25833333333333336 0.99375 0.25 0.99375 0.24166666666666667 0.9875 0.20833333333333334 0.9875 0.2 0.98125 0.19166666666666668 0.9875 0.13333333333333333 0.9875 0.13333333333333333 0.98125 0.125 0.975 0.11666666666666667 0.98125 0.11666666666666667 0.9875 0.10833333333333334 0.9875 0.11666666666666667 0.98125 0.10833333333333334 0.975 0.1 0.975 0.08333333333333333 0.9875 0.075 0.98125 0.06666666666666667 0.9875 0.06666666666666667 0.98125 0.058333333333333334 0.975 0.058333333333333334 0.96875 0.05 0.9625 0.041666666666666664 0.9625 0.041666666666666664 0.95 0.075 0.95 0.075 0.9625 0.08333333333333333 0.96875 0.09166666666666666 0.9625 0.09166666666666666 0.94375 0.08333333333333333 0.9375 0.08333333333333333 0.93125 0.09166666666666666 0.925 0.09166666666666666 0.91875 0.08333333333333333 0.9125 0.05 0.9125 0.041666666666666664 0.91875 0.03333333333333333 0.9125 0.025 0.91875 0.025 0.90625 0.016666666666666666 0.9 0.008333333333333333 0.9 0.008333333333333333 0.88125 0.016666666666666666 0.88125 0.03333333333333333 0.86875 0.041666666666666664 0.86875 0.05 0.8625 0.08333333333333333 0.8625 0.09166666666666666 0.85625 0.11666666666666667 0.85625
0 0.9916666666666667 0.434375 0.016666666666666666 0.01875
0 0.575 0.76875 0.6166666666666667 0.76875 0.625 0.775 0.6333333333333333 0.775 0.6416666666666667 0.78125 0.65 0.78125 0.6583333333333333 0.7875 0.6666666666666666 0.7875 0.675 0.79375 0.6833333333333333 0.79375 0.7083333333333334 0.8125 0.7083333333333334 0.81875 0.7166666666666667 0.825 0.7166666666666667 0.8625 0.725 0.86875 0.725 0.89375 0.7416666666666667 0.90625 0.75 0.90625 0.75 0.9125 0.7583333333333333 0.91875 0.7583333333333333 0.95625 0.7666666666666667 0.9625 0.7666666666666667 0.99375 0.7583333333333333 0.99375 0.75 0.9875 0.75 0.98125 0.725 0.9625 0.725 0.95625 0.7166666666666667 0.95 0.7166666666666667 0.94375 0.7083333333333334 0.9375 0.7083333333333334 0.93125 0.7 0.925 0.7 0.89375 0.7083333333333334 0.8875 0.7 0.88125 0.7083333333333334 0.875 0.7083333333333334 0.86875 0.7 0.8625 0.6833333333333333 0.8625 0.6833333333333333 0.85625 0.675 0.85 0.6666666666666666 0.85 0.6333333333333333 0.825 0.625 0.825 0.625 0.81875 0.6 0.8 0.5916666666666667 0.8 0.575 0.7875 0.575 0.775
0 0.9875 0.440625 0.025 0.03125
0 0.75 0.9 0.7583333333333333 0.90625 0.7583333333333333 0.95 0.7666666666666667 0.95625 0.7666666666666667 0.96875 0.775 0.975 0.775 0.9875 0.7666666666666667 0.99375 0.7583333333333333 0.99375 0.7416666666666667 0.98125 0.7416666666666667 0.975 0.725 0.9625 0.725 0.95 0.7166666666666667 0.94375 0.7166666666666667 0.89375 0.725 0.8875 0.7333333333333333 0.8875 0.7333333333333333 0.89375 0.7416666666666667 0.9
0 0.5916666666666667 0.875 0.6 0.88125 0.6333333333333333 0.88125 0.6416666666666667 0.8875 0.6583333333333333 0.8875 0.6583333333333333 0.89375 0.6666666666666666 0.9 0.675 0.9 0.6833333333333333 0.89375 0.6916666666666667 0.9 0.7 0.89375 0.7166666666666667 0.90625 0.75 0.90625 0.7583333333333333 0.9125 0.7583333333333333 0.95 0.7666666666666667 0.95625 0.7666666666666667 0.975 0.775 0.98125 0.775 0.9875 0.7666666666666667 0.99375 0.75 0.99375 0.7416666666666667 0.9875 0.725 0.9875 0.7166666666666667 0.98125 0.7083333333333334 0.9875 0.675 0.9875 0.6833333333333333 0.98125 0.675 0.975 0.6666666666666666 0.975 0.65 0.9875 0.65 0.99375 0.6333333333333333 0.99375 0.625 0.9875 0.6083333333333333 0.9875 0.6 0.99375 0.5833333333333334 0.99375 0.5833333333333334 0.975 0.6 0.9625 0.6 0.95625 0.5916666666666667 0.95 0.575 0.95 0.5666666666666667 0.95625 0.5666666666666667 0.96875 0.5666666666666667 0.95625 0.5583333333333333 0.95 0.5583333333333333 0.94375 0.55 0.9375 0.55 0.925 0.5333333333333333 0.9125 0.5333333333333333 0.90625 0.5416666666666666 0.9 0.55 0.9 0.5583333333333333 0.89375 0.5666666666666667 0.89375 0.5833333333333334 0.88125
0 0.48333333333333334 0.6125 0.48333333333333334 0.65625 0.475 0.6625 0.475 0.66875 0.4666666666666667 0.675 0.43333333333333335 0.675 0.43333333333333335 0.6625 0.425 0.65625 0.425 0.65 0.43333333333333335 0.64375 0.43333333333333335 0.6375 0.4666666666666667 0.6125 0.475 0.6125
0 0.4 0.93125 0.4083333333333333 0.9375 0.4166666666666667 0.9375 0.425 0.94375 0.45 0.94375 0.4583333333333333 0.95 0.4666666666666667 0.95 0.475 0.95625 0.5 0.95625 0.5333333333333333 0.98125 0.5416666666666666 0.98125 0.5416666666666666 0.9875 0.5333333333333333 0.99375 0.525 0.9875 0.5166666666666667 0.9875 0.5 0.975 0.48333333333333334 0.975 0.475 0.98125 0.4583333333333333 0.98125 0.45 0.975 0.44166666666666665 0.98125 0.44166666666666665 0.9875 0.44166666666666665 0.98125 0.425 0.96875 0.4166666666666667 0.975 0.4083333333333333 0.975 0.38333333333333336 0.99375 0.31666666666666665 0.99375 0.31666666666666665 0.9875 0.30833333333333335 0.98125 0.3 0.98125 0.3 0.975 0.30833333333333335 0.96875 0.30833333333333335 0.9625 0.31666666666666665 0.95625 0.31666666666666665 0.94375 0.3333333333333333 0.93125 0.3416666666666667 0.93125 0.35 0.9375 0.35833333333333334 0.9375 0.36666666666666664 0.93125 0.39166666666666666 0.93125
0 0.14166666666666666 0.86875 0.15 0.875 0.175 0.875 0.18333333333333332 0.88125 0.2 0.88125 0.20833333333333334 0.8875 0.225 0.8875 0.23333333333333334 0.89375 0.25 0.89375 0.26666666666666666 0.90625 0.2833333333333333 0.90625 0.2916666666666667 0.9 0.2916666666666667 0.90625 0.3 0.9125 0.30833333333333335 0.9125 0.31666666666666665 0.91875 0.3333333333333333 0.90625 0.325 0.9125 0.325 0.925 0.3333333333333333 0.93125 0.3416666666666667 0.925 0.3416666666666667 0.91875 0.35 0.91875 0.35833333333333334 0.9125 0.36666666666666664 0.91875 0.38333333333333336 0.91875 0.39166666666666666 0.925 0.4 0.925 0.4083333333333333 0.93125 0.4166666666666667 0.93125 0.44166666666666665 0.95 0.45 0.95 0.4583333333333333 0.94375 0.475 0.95625 0.48333333333333334 0.95 0.49166666666666664 0.95 0.5 0.95625 0.5083333333333333 0.95625 0.525 0.96875 0.55 0.96875 0.5583333333333333 0.975 0.5666666666666667 0.975 0.575 0.98125 0.5833333333333334 0.98125 0.5833333333333334 0.99375 0.575 0.99375 0.575 0.9875 0.5666666666666667 0.98125 0.5583333333333333 0.98125 0.55 0.9875 0.5166666666666667 0.9875 0.49166666666666664 0.96875 0.475 0.96875 0.4666666666666667 0.975 0.4583333333333333 0.975 0.45 0.96875 0.44166666666666665 0.975 0.43333333333333335 0.96875 0.425 0.96875 0.4166666666666667 0.975 0.425 0.96875 0.43333333333333335 0.96875 0.44166666666666665 0.9625 0.43333333333333335 0.95625 0.4083333333333333 0.95625 0.4 0.9625 0.4 0.98125 0.38333333333333336 0.99375 0.275 0.99375 0.275 0.9875 0.26666666666666666 0.98125 0.25833333333333336 0.98125 0.25833333333333336 0.975 0.24166666666666667 0.9625 0.23333333333333334 0.9625 0.225 0.95625 0.225 0.95 0.21666666666666667 0.94375 0.18333333333333332 0.94375 0.175 0.9375 0.16666666666666666 0.9375 0.16666666666666666 0.93125 0.15833333333333333 0.925 0.15 0.925 0.11666666666666667 0.9 0.11666666666666667 0.875 0.125 0.86875 0.13333333333333333 0.86875
0 0.6 0.76875 0.6083333333333333 0.775 0.6166666666666667 0.775 0.625 0.78125 0.6333333333333333 0.78125 0.6416666666666667 0.7875 0.65 0.7875 0.6583333333333333 0.79375 0.6666666666666666 0.79375 0.675 0.8 0.6833333333333333 0.8 0.7083333333333334 0.81875 0.7083333333333334 0.825 0.7166666666666667 0.83125 0.7166666666666667 0.86875 0.6916666666666667 0.86875 0.6583333333333333 0.84375 0.65 0.85 0.6416666666666667 0.84375 0.6416666666666667 0.825 0.6083333333333333 0.8 0.6 0.8 0.5833333333333334 0.7875 0.575 0.7875 0.575 0.775 0.5833333333333334 0.76875 0.5916666666666667 0.76875
0 0.575 0.76875 0.6083333333333333 0.76875 0.6166666666666667 0.775 0.625 0.775 0.6333333333333333 0.78125 0.65 0.78125 0.6666666666666666 0.79375 0.675 0.79375 0.6916666666666667 0.80625 0.7 0.80625 0.7 0.8125 0.7083333333333334 0.81875 0.7083333333333334 0.825 0.7166666666666667 0.83125 0.7166666666666667 0.85625 0.725 0.8625 0.725 0.88125 0.7333333333333333 0.8875 0.7333333333333333 0.89375 0.7583333333333333 0.9125 0.7583333333333333 0.95 0.7666666666666667 0.95625 0.7666666666666667 0.99375 0.7583333333333333 0.99375 0.7333333333333333 0.975 0.7333333333333333 0.96875 0.725 0.9625 0.725 0.95625 0.7166666666666667 0.95 0.7166666666666667 0.94375 0.7083333333333334 0.9375 0.7083333333333334 0.93125 0.6833333333333333 0.9125 0.675 0.9125 0.675 0.90625 0.7 0.8875 0.7 0.88125 0.6916666666666667 0.875 0.6916666666666667 0.86875 0.6833333333333333 0.8625 0.675 0.8625 0.6583333333333333 0.85 0.6583333333333333 0.84375 0.65 0.8375 0.6416666666666667 0.8375 0.6416666666666667 0.83125 0.6 0.8 0.5916666666666667 0.8 0.575 0.7875 0.575 0.775
0 0.9833333333333333 0.425 0.9916666666666667 0.425 0.9916666666666667 0.45625 0.9833333333333333 0.45625 0.975 0.45 0.975 0.4375 0.9833333333333333 0.43125