0 0.5098958333333333 0.5187793427230047 0.5276041666666667 0.5320813771517997 0.5463541666666667 0.5297339593114241 0.5765625 0.5211267605633803 0.5942708333333333 0.5211267605633803 0.5958333333333333 0.5219092331768388 0.5942708333333333 0.5258215962441315 0.5125 0.5539906103286385 0.47239583333333335 0.5625978090766823 0.4583333333333333 0.5610328638497653 0.4625 0.55320813771518 0.4791666666666667 0.5414710485133021 0.5010416666666667 0.5179968701095462 0.509375 0.5187793427230047
0 0.5677083333333334 0.5508607198748043 0.5901041666666667 0.564945226917058 0.60625 0.5641627543035994 0.6427083333333333 0.5524256651017214 0.6614583333333334 0.5524256651017214 0.6666666666666666 0.5539906103286385 0.6677083333333333 0.5571205007824727 0.6494791666666667 0.564945226917058 0.6083333333333333 0.5735524256651017 0.5828125 0.5884194053208138 0.5260416666666666 0.6032863849765259 0.5041666666666667 0.6017214397496088 0.5052083333333334 0.5978090766823161 0.515625 0.5876369327073553 0.5151041666666667 0.5845070422535211 0.471875 0.5923317683881064 0.44114583333333335 0.6032863849765259 0.43333333333333335 0.6025039123630673 0.43333333333333335 0.5985915492957746 0.45625 0.5782472613458529 0.4822916666666667 0.5602503912363067 0.5 0.5563380281690141 0.5369791666666667 0.5563380281690141 0.5494791666666666 0.5516431924882629 0.5671875 0.5508607198748043
0 0.8145833333333333 0.7910798122065728 0.9052083333333333 0.7949921752738655 0.9098958333333333 0.8004694835680751 0.903125 0.8067292644757433 0.8614583333333333 0.8184663536776213 0.8 0.8192488262910798 0.7411458333333333 0.8294209702660407 0.7286458333333333 0.8450704225352113 0.7286458333333333 0.8552425665101722 0.7265625 0.8591549295774648 0.7276041666666667 0.8661971830985915 0.7234375 0.8763693270735524 0.709375 0.8873239436619719 0.6921875 0.8951486697965572 0.6796875 0.905320813771518 0.6598958333333333 0.9123630672926447 0.6411458333333333 0.9248826291079812 0.6291666666666667 0.9272300469483568 0.5958333333333333 0.9420970266040689 0.578125 0.9436619718309859 0.5703125 0.9389671361502347 0.5640625 0.9413145539906104 0.5640625 0.9460093896713615 0.5572916666666666 0.9530516431924883 0.5270833333333333 0.9561815336463224 0.4979166666666667 0.956964006259781 0.48020833333333335 0.9546165884194053 0.47291666666666665 0.9507042253521126 0.459375 0.956964006259781 0.45625 0.9483568075117371 0.45364583333333336 0.9593114241001565 0.44895833333333335 0.9577464788732394 0.446875 0.960093896713615 0.43854166666666666 0.9593114241001565 0.42864583333333334 0.9483568075117371 0.428125 0.9420970266040689 0.4322916666666667 0.935054773082942 0.4666666666666667 0.9045383411580594 0.4739583333333333 0.8912363067292645 0.48489583333333336 0.8849765258215962 0.4875 0.8779342723004695 0.4942708333333333 0.8779342723004695 0.4979166666666667 0.8724569640062598 0.5166666666666667 0.8615023474178404 0.5635416666666667 0.8458528951486698 0.584375 0.8341158059467919 0.5979166666666667 0.8364632237871674 0.6197916666666666 0.8466353677621283 0.6380208333333334 0.8513302034428795 0.6609375 0.8427230046948356 0.665625 0.8348982785602503 0.6833333333333333 0.823943661971831 0.7489583333333333 0.7981220657276995 0.8140625 0.7910798122065728
0 0.6947916666666667 0.9381846635367762 0.7109375 0.9499217527386542 0.7338541666666667 0.960093896713615 0.7442708333333333 0.960093896713615 0.7557291666666667 0.9640062597809077 0.7645833333333333 0.9694835680751174 0.7901041666666667 0.9687010954616588 0.8 0.9640062597809077 0.8098958333333334 0.9632237871674492 0.8375 0.9647887323943662 0.8484375 0.956964006259781 0.8614583333333333 0.9530516431924883 0.8885416666666667 0.9553990610328639 0.903125 0.9616588419405321 0.9229166666666667 0.986697965571205 0.9265625 0.9937402190923318 0.925 0.9992175273865415 0.8369791666666667 0.9992175273865415 0.8359375 0.9968701095461658 0.821875 0.9968701095461658 0.8197916666666667 0.9992175273865415 0.7666666666666667 0.9992175273865415 0.765625 0.9968701095461658 0.7640625 0.9992175273865415 0.7291666666666666 0.9992175273865415 0.7255208333333333 0.9960876369327074 0.7166666666666667 0.9992175273865415 0.6208333333333333 0.9992175273865415 0.6223958333333334 0.9945226917057903 0.6385416666666667 0.9796557120500783 0.6463541666666667 0.9687010954616588 0.6625 0.9577464788732394 0.6770833333333334 0.9420970266040689 0.6880208333333333 0.9374021909233177 0.6942708333333333 0.9381846635367762
0 0.6166666666666667 0.6009389671361502 0.6328125 0.6142410015649452 0.6515625 0.6205007824726134 0.6635416666666667 0.6205007824726134 0.6854166666666667 0.6142410015649452 0.7114583333333333 0.6111111111111112 0.7270833333333333 0.6126760563380281 0.7317708333333334 0.6150234741784038 0.7333333333333333 0.6197183098591549 0.709375 0.6306729264475743 0.6572916666666667 0.6416275430359938 0.6197916666666666 0.6580594679186228 0.571875 0.6690140845070423 0.5442708333333334 0.6682316118935837 0.5416666666666666 0.6651017214397497 0.5427083333333333 0.6572769953051644 0.5760416666666667 0.63302034428795 0.6010416666666667 0.607981220657277 0.6161458333333333 0.6009389671361502
0 0.39817708333333335 0.7699530516431925 0.14739583333333334 0.036776212832550864
0 0.25078125 0.9166666666666666 0.16458333333333333 0.07981220657276995
0 0.39296875 0.8841940532081377 0.09479166666666666 0.0782472613458529
0 0.44817708333333334 0.4964788732394366 0.03177083333333333 0.04225352112676056
0 0.2953125 0.6928794992175273 0.06302083333333333 0.024256651017214397
0 0.35260416666666666 0.7198748043818466 0.08385416666666666 0.041471048513302036
0 0.45338541666666665 0.6776212832550861 0.0875 0.0406885758998435