0 0.4926829268292683 0.3888888888888889 0.4951219512195122 0.39052287581699346 0.4951219512195122 0.39705882352941174 0.47560975609756095 0.4019607843137255 0.44634146341463415 0.39705882352941174 0.43902439024390244 0.39052287581699346 0.44146341463414634 0.3872549019607843 0.44390243902439025 0.38562091503267976 0.4853658536585366 0.38562091503267976 0.4902439024390244 0.3888888888888889
0 0.3804878048780488 0.8937908496732027 0.3902439024390244 0.8970588235294118 0.3975609756097561 0.9052287581699346 0.3804878048780488 0.9248366013071896 0.37317073170731707 0.9281045751633987 0.36829268292682926 0.9428104575163399 0.348780487804878 0.9493464052287581 0.32195121951219513 0.9477124183006536 0.3073170731707317 0.9444444444444444 0.2975609756097561 0.9362745098039216 0.2975609756097561 0.9297385620915033 0.3146341463414634 0.9166666666666666 0.3146341463414634 0.9035947712418301 0.32195121951219513 0.8970588235294118 0.3463414634146341 0.8905228758169934 0.36829268292682926 0.8905228758169934 0.3780487804878049 0.8937908496732027
0 0.32682926829268294 0.5882352941176471 0.32439024390243903 0.5800653594771242 0.33170731707317075 0.5735294117647058 0.34146341463414637 0.5702614379084967 0.37073170731707317 0.5702614379084967 0.37317073170731707 0.5686274509803921 0.3902439024390244 0.5718954248366013 0.3975609756097561 0.5784313725490197 0.3975609756097561 0.5882352941176471 0.3902439024390244 0.5947712418300654 0.36097560975609755 0.5980392156862745 0.35853658536585364 0.5964052287581699 0.3463414634146341 0.5964052287581699 0.32926829268292684 0.5882352941176471
0 0.4292682926829268 0.5359477124183006 0.44878048780487806 0.5408496732026143 0.45365853658536587 0.545751633986928 0.45121951219512196 0.553921568627451 0.44634146341463415 0.5588235294117647 0.43414634146341463 0.5637254901960784 0.4317073170731707 0.5620915032679739 0.4219512195121951 0.5637254901960784 0.4024390243902439 0.5620915032679739 0.3926829268292683 0.5588235294117647 0.3853658536585366 0.5522875816993464 0.3853658536585366 0.5441176470588235 0.3926829268292683 0.5392156862745098 0.4097560975609756 0.5359477124183006 0.4268292682926829 0.5359477124183006
0 0.4268292682926829 0.3815359477124183 0.04390243902439024 0.017973856209150325
0 0.44878048780487806 0.7124183006535948 0.4658536585365854 0.7205882352941176 0.4682926829268293 0.7238562091503268 0.4682926829268293 0.7336601307189542 0.45121951219512196 0.7483660130718954 0.424390243902439 0.7581699346405228 0.3829268292682927 0.7581699346405228 0.3780487804878049 0.7549019607843137 0.3878048780487805 0.7418300653594772 0.3804878048780488 0.7271241830065359 0.3853658536585366 0.7205882352941176 0.3951219512195122 0.7156862745098039 0.4097560975609756 0.7124183006535948 0.44634146341463415 0.7124183006535948
0 0.3829268292682927 0.7924836601307189 0.3829268292682927 0.8022875816993464 0.375609756097561 0.8120915032679739 0.3780487804878049 0.8202614379084967 0.37073170731707317 0.8333333333333334 0.348780487804878 0.8480392156862745 0.33902439024390246 0.8496732026143791 0.32195121951219513 0.8496732026143791 0.3195121951219512 0.8480392156862745 0.3097560975609756 0.8496732026143791 0.3 0.8480392156862745 0.2951219512195122 0.8496732026143791 0.2731707317073171 0.8415032679738562 0.2707317073170732 0.8284313725490197 0.2780487804878049 0.8202614379084967 0.2804878048780488 0.8006535947712419 0.29024390243902437 0.7924836601307189 0.3048780487804878 0.7859477124183006 0.3195121951219512 0.7826797385620915 0.35609756097560974 0.7826797385620915 0.36829268292682926 0.7875816993464052 0.37317073170731707 0.7875816993464052 0.3804878048780488 0.7924836601307189
0 0.3902439024390244 0.5065359477124183 0.4097560975609756 0.5098039215686274 0.4170731707317073 0.5147058823529411 0.4121951219512195 0.5212418300653595 0.4024390243902439 0.5277777777777778 0.3780487804878049 0.5326797385620915 0.36341463414634145 0.5310457516339869 0.3463414634146341 0.5261437908496732 0.33902439024390246 0.5212418300653595 0.33902439024390246 0.5163398692810458 0.34146341463414637 0.5130718954248366 0.35853658536585364 0.5081699346405228 0.3878048780487805 0.5065359477124183
0 0.43902439024390244 0.41094771241830064 0.05365853658536585 0.017973856209150325
0 0.48048780487804876 0.4199346405228758 0.4878048780487805 0.4215686274509804 0.4975609756097561 0.42810457516339867 0.4975609756097561 0.43300653594771243 0.4878048780487805 0.4362745098039216 0.4658536585365854 0.4362745098039216 0.45121951219512196 0.43137254901960786 0.45121951219512196 0.42320261437908496 0.4560975609756098 0.4199346405228758 0.47804878048780486 0.4199346405228758
0 0.4073170731707317 0.6584967320261438 0.4146341463414634 0.6617647058823529 0.4219512195121951 0.6715686274509803 0.4170731707317073 0.6764705882352942 0.4146341463414634 0.6862745098039216 0.4024390243902439 0.6928104575163399 0.3780487804878049 0.6928104575163399 0.35365853658536583 0.684640522875817 0.3463414634146341 0.6797385620915033 0.3463414634146341 0.6699346405228758 0.35609756097560974 0.6617647058823529 0.375609756097561 0.6568627450980392 0.3975609756097561 0.6568627450980392 0.40487804878048783 0.6584967320261438
0 0.4585365853658537 0.4803921568627451 0.4682926829268293 0.4820261437908497 0.47317073170731705 0.4869281045751634 0.4682926829268293 0.4918300653594771 0.4682926829268293 0.49836601307189543 0.4634146341463415 0.5016339869281046 0.45121951219512196 0.5016339869281046 0.44878048780487806 0.5032679738562091 0.4317073170731707 0.5032679738562091 0.4146341463414634 0.4950980392156863 0.4 0.4918300653594771 0.3975609756097561 0.48856209150326796 0.40487804878048783 0.4852941176470588 0.4195121951219512 0.48366013071895425 0.4292682926829268 0.4803921568627451 0.4560975609756098 0.4803921568627451
0 0.45121951219512196 0.6094771241830066 0.4609756097560976 0.6111111111111112 0.47560975609756095 0.6176470588235294 0.47560975609756095 0.6339869281045751 0.4634146341463415 0.6421568627450981 0.44390243902439025 0.6486928104575164 0.4121951219512195 0.6486928104575164 0.3926829268292683 0.6323529411764706 0.3926829268292683 0.6225490196078431 0.40487804878048783 0.6143790849673203 0.4268292682926829 0.6094771241830066 0.44878048780487806 0.6094771241830066
0 0.36585365853658536 0.7859477124183006 0.375609756097561 0.7892156862745098 0.3829268292682927 0.7973856209150327 0.36829268292682926 0.8104575163398693 0.34146341463414637 0.815359477124183 0.3097560975609756 0.8137254901960784 0.2926829268292683 0.8104575163398693 0.28292682926829266 0.8071895424836601 0.2804878048780488 0.803921568627451 0.28292682926829266 0.7990196078431373 0.3024390243902439 0.7875816993464052 0.32195121951219513 0.7826797385620915 0.35365853658536583 0.7826797385620915 0.36341463414634145 0.7859477124183006