0 0.20967741935483872 0.9869281045751634 0.2119815668202765 0.988562091503268 0.23732718894009217 0.9901960784313726 0.23963133640552994 0.9950980392156863 0.23732718894009217 0.9983660130718954 0.19815668202764977 0.9983660130718954 0.20276497695852536 0.988562091503268 0.2073732718894009 0.988562091503268
0 0.22811059907834103 0.8839869281045751 0.2557603686635945 0.8905228758169934 0.2557603686635945 0.8954248366013072 0.2465437788018433 0.8986928104575164 0.20506912442396313 0.8970588235294118 0.20506912442396313 0.8921568627450981 0.2119815668202765 0.8856209150326797 0.22580645161290322 0.8839869281045751
0 0.7073732718894009 0.6928104575163399 0.716589861751152 0.6944444444444444 0.7188940092165899 0.6993464052287581 0.695852534562212 0.6977124183006536 0.6981566820276498 0.6928104575163399 0.7050691244239631 0.6928104575163399
0 0.3433179723502304 0.9526143790849673 0.3640552995391705 0.9591503267973857 0.37327188940092165 0.9591503267973857 0.3847926267281106 0.9656862745098039 0.3824884792626728 0.9722222222222222 0.3709677419354839 0.9771241830065359 0.35023041474654376 0.9771241830065359 0.347926267281106 0.9754901960784313 0.3294930875576037 0.9754901960784313 0.3271889400921659 0.9738562091503268 0.3248847926267281 0.9754901960784313 0.315668202764977 0.9738562091503268 0.29723502304147464 0.9754901960784313 0.29493087557603687 0.9738562091503268 0.29493087557603687 0.9673202614379085 0.2995391705069124 0.9640522875816994 0.3064516129032258 0.9640522875816994 0.315668202764977 0.9575163398692811 0.3294930875576037 0.9526143790849673 0.34101382488479265 0.9526143790849673
0 0.8525345622119815 0.8088235294117647 0.8594470046082949 0.8120915032679739 0.8663594470046083 0.8251633986928104 0.8617511520737328 0.8284313725490197 0.8525345622119815 0.8284313725490197 0.8456221198156681 0.8235294117647058 0.8433179723502304 0.8202614379084967 0.8502304147465438 0.8104575163398693
0 0.5368663594470046 0.7173202614379085 0.5460829493087558 0.7271241830065359 0.5460829493087558 0.7336601307189542 0.5414746543778802 0.7352941176470589 0.511520737327189 0.7336601307189542 0.5 0.7271241830065359 0.5138248847926268 0.7173202614379085 0.5345622119815668 0.7173202614379085
0 0.6658986175115207 0.9150326797385621 0.6774193548387096 0.9199346405228758 0.684331797235023 0.9199346405228758 0.6935483870967742 0.923202614379085 0.7119815668202765 0.934640522875817 0.7188940092165899 0.9428104575163399 0.7396313364055299 0.9428104575163399 0.7442396313364056 0.946078431372549 0.7442396313364056 0.9493464052287581 0.7511520737327189 0.9575163398692811 0.7695852534562212 0.9673202614379085 0.7695852534562212 0.9738562091503268 0.7626728110599078 0.9836601307189542 0.7442396313364056 0.9869281045751634 0.7258064516129032 0.9836601307189542 0.7142857142857143 0.9787581699346405 0.7027649769585254 0.9705882352941176 0.7027649769585254 0.9591503267973857 0.695852534562212 0.9526143790849673 0.6797235023041475 0.9509803921568627 0.663594470046083 0.946078431372549 0.6497695852534562 0.9526143790849673 0.6382488479262672 0.9526143790849673 0.6221198156682027 0.9444444444444444 0.6221198156682027 0.934640522875817 0.6336405529953917 0.923202614379085 0.652073732718894 0.9150326797385621 0.6589861751152074 0.9133986928104575 0.663594470046083 0.9150326797385621
0 0.6428571428571429 0.7483660130718954 0.6497695852534562 0.7516339869281046 0.6474654377880185 0.7565359477124183 0.6244239631336406 0.7549019607843137 0.6221198156682027 0.7516339869281046 0.6267281105990783 0.7483660130718954 0.631336405529954 0.7467320261437909 0.6405529953917051 0.7483660130718954
0 0.7442396313364056 0.7026143790849673 0.7603686635944701 0.6993464052287581 0.7741935483870968 0.7009803921568627 0.7764976958525346 0.7026143790849673 0.7741935483870968 0.7058823529411765 0.7626728110599078 0.7058823529411765 0.7465437788018433 0.7026143790849673
0 0.5230414746543779 0.9869281045751634 0.5276497695852534 0.9934640522875817 0.5276497695852534 0.9983660130718954 0.4631336405529954 0.9983660130718954 0.46543778801843316 0.988562091503268 0.4769585253456221 0.9836601307189542 0.5069124423963134 0.9836601307189542 0.5207373271889401 0.9869281045751634
0 0.029953917050691243 0.9101307189542484 0.03686635944700461 0.9133986928104575 0.03686635944700461 0.9215686274509803 0.02534562211981567 0.9264705882352942 0.0069124423963133645 0.9264705882352942 0.002304147465437788 0.9248366013071896 0 0.9199346405228758 0.0069124423963133645 0.9117647058823529 0.01152073732718894 0.9101307189542484 0.027649769585253458 0.9101307189542484
0 0.10368663594470046 0.9297385620915033 0.11059907834101383 0.9313725490196079 0.11059907834101383 0.9379084967320261 0.0944700460829493 0.946078431372549 0.07834101382488479 0.946078431372549 0.06912442396313365 0.9395424836601307 0.06221198156682028 0.9395424836601307 0.059907834101382486 0.934640522875817 0.07142857142857142 0.9264705882352942 0.08755760368663594 0.9264705882352942 0.10138248847926268 0.9297385620915033
0 0.4055299539170507 0.8415032679738562 0.4078341013824885 0.8431372549019608 0.41705069124423966 0.8415032679738562 0.41935483870967744 0.8431372549019608 0.47465437788018433 0.8447712418300654 0.49078341013824883 0.8496732026143791 0.5046082949308756 0.8611111111111112 0.5046082949308756 0.8709150326797386 0.5069124423963134 0.8725490196078431 0.5046082949308756 0.8790849673202614 0.5092165898617511 0.8823529411764706 0.5023041474654378 0.8888888888888888 0.47235023041474655 0.8888888888888888 0.46543778801843316 0.8856209150326797 0.46543778801843316 0.8774509803921569 0.45852534562211983 0.8758169934640523 0.44930875576036866 0.8676470588235294 0.4423963133640553 0.8676470588235294 0.423963133640553 0.8627450980392157 0.41013824884792627 0.8529411764705882 0.39400921658986177 0.8529411764705882 0.38940092165898615 0.8513071895424836 0.3824884792626728 0.8431372549019608 0.38018433179723504 0.8447712418300654 0.3686635944700461 0.8447712418300654 0.3778801843317972 0.8415032679738562 0.4032258064516129 0.8415032679738562
0 0.47465437788018433 0.8480392156862745 0.4815668202764977 0.8513071895424836 0.4930875576036866 0.8529411764705882 0.5023041474654378 0.8611111111111112 0.5046082949308756 0.8660130718954249 0.49539170506912444 0.8725490196078431 0.4861751152073733 0.8725490196078431 0.47465437788018433 0.869281045751634 0.46543778801843316 0.8611111111111112 0.4631336405529954 0.8496732026143791 0.47235023041474655 0.8480392156862745
0 0.5622119815668203 0.8415032679738562 0.5668202764976958 0.8431372549019608 0.576036866359447 0.8415032679738562 0.5875576036866359 0.8464052287581699 0.5944700460829493 0.8578431372549019 0.5944700460829493 0.8627450980392157 0.5875576036866359 0.8660130718954249 0.5714285714285714 0.8660130718954249 0.5691244239631337 0.8676470588235294 0.5576036866359447 0.8643790849673203 0.5552995391705069 0.8562091503267973 0.5576036866359447 0.8545751633986928 0.5576036866359447 0.8464052287581699 0.5622119815668203 0.8431372549019608
0 0.5161290322580645 0.7271241830065359 0.5207373271889401 0.7254901960784313 0.5414746543778802 0.7254901960784313 0.5460829493087558 0.7271241830065359 0.5460829493087558 0.7336601307189542 0.5414746543778802 0.7352941176470589 0.5207373271889401 0.7352941176470589 0.5161290322580645 0.7320261437908496 0.5161290322580645 0.7287581699346405
0 0.7442396313364056 0.9444444444444444 0.7465437788018433 0.9526143790849673 0.7511520737327189 0.9575163398692811 0.7672811059907834 0.9640522875816994 0.771889400921659 0.9689542483660131 0.7649769585253456 0.9820261437908496 0.7603686635944701 0.9852941176470589 0.7465437788018433 0.9852941176470589 0.7442396313364056 0.9869281045751634 0.7258064516129032 0.9836601307189542 0.7050691244239631 0.9738562091503268 0.7027649769585254 0.9705882352941176 0.7027649769585254 0.9526143790849673 0.7073732718894009 0.9493464052287581 0.7188940092165899 0.9428104575163399 0.7396313364055299 0.9428104575163399 0.7419354838709677 0.9444444444444444
0 0.7949308755760369 0.9133986928104575 0.804147465437788 0.9183006535947712 0.804147465437788 0.9215686274509803 0.8133640552995391 0.9281045751633987 0.8202764976958525 0.9281045751633987 0.836405529953917 0.934640522875817 0.8387096774193549 0.9379084967320261 0.836405529953917 0.946078431372549 0.8202764976958525 0.9493464052287581 0.7788018433179723 0.9411764705882353 0.7580645161290323 0.9248366013071896 0.7580645161290323 0.9183006535947712 0.7672811059907834 0.9150326797385621 0.7926267281105991 0.9133986928104575
0 0.6059907834101382 0.8970588235294118 0.6129032258064516 0.8954248366013072 0.6382488479262672 0.8954248366013072 0.6405529953917051 0.8970588235294118 0.6543778801843319 0.8970588235294118 0.6612903225806451 0.9003267973856209 0.6612903225806451 0.9068627450980392 0.6566820276497696 0.9117647058823529 0.6428571428571429 0.9150326797385621 0.6290322580645161 0.9150326797385621 0.6082949308755761 0.9101307189542484 0.6036866359447005 0.9035947712418301 0.6059907834101382 0.8986928104575164
0 0.0967741935483871 0.9820261437908496 0.07373271889400922 0.032679738562091505
0 0.48847926267281105 0.7467320261437909 0.49078341013824883 0.7483660130718954 0.48847926267281105 0.7549019607843137 0.4608294930875576 0.7565359477124183 0.45852534562211983 0.7581699346405228 0.4470046082949309 0.7581699346405228 0.46774193548387094 0.7467320261437909 0.4769585253456221 0.7450980392156863 0.4861751152073733 0.7467320261437909
0 0.49078341013824883 0.7892156862745098 0.03225806451612903 0.016339869281045753
0 0.195852534562212 0.8905228758169934 0.20276497695852536 0.8937908496732027 0.18663594470046083 0.9068627450980392 0.17050691244239632 0.9084967320261438 0.14516129032258066 0.9150326797385621 0.1336405529953917 0.9133986928104575 0.12903225806451613 0.9101307189542484 0.1359447004608295 0.9035947712418301 0.1336405529953917 0.9003267973856209 0.14055299539170507 0.8954248366013072 0.14285714285714285 0.8970588235294118 0.15207373271889402 0.8970588235294118 0.17972350230414746 0.8888888888888888 0.1935483870967742 0.8905228758169934
0 0.47235023041474655 0.8480392156862745 0.4792626728110599 0.8513071895424836 0.4930875576036866 0.8529411764705882 0.5046082949308756 0.8643790849673203 0.5 0.8725490196078431 0.5 0.880718954248366 0.5069124423963134 0.8823529411764706 0.5069124423963134 0.8839869281045751 0.5 0.8872549019607843 0.49078341013824883 0.8872549019607843 0.48847926267281105 0.8888888888888888 0.4838709677419355 0.8872549019607843 0.46774193548387094 0.8872549019607843 0.46543778801843316 0.8839869281045751 0.4700460829493088 0.8758169934640523 0.4700460829493088 0.8660130718954249 0.46543778801843316 0.8627450980392157 0.46543778801843316 0.8529411764705882 0.4631336405529954 0.8513071895424836 0.4700460829493088 0.8480392156862745
0 0.16129032258064516 0.8415032679738562 0.16820276497695852 0.8464052287581699 0.16589861751152074 0.8496732026143791 0.14055299539170507 0.8545751633986928 0.12211981566820276 0.8513071895424836 0.11981566820276497 0.8480392156862745 0.14285714285714285 0.8382352941176471 0.15898617511520738 0.8415032679738562
0 0.23963133640552994 0.8856209150326797 0.2557603686635945 0.8905228758169934 0.2534562211981567 0.8970588235294118 0.23963133640552994 0.9003267973856209 0.20506912442396313 0.8970588235294118 0.19815668202764977 0.8986928104575164 0.17972350230414746 0.9101307189542484 0.16129032258064516 0.9101307189542484 0.15207373271889402 0.9133986928104575 0.1336405529953917 0.9133986928104575 0.1313364055299539 0.9117647058823529 0.1382488479262673 0.8970588235294118 0.16129032258064516 0.8954248366013072 0.1774193548387097 0.8888888888888888 0.18433179723502305 0.8888888888888888 0.20046082949308755 0.8839869281045751 0.20506912442396313 0.8856209150326797 0.21658986175115208 0.8856209150326797 0.21889400921658986 0.8839869281045751 0.23732718894009217 0.8856209150326797
0 0.6797235023041475 0.6895424836601307 0.6820276497695853 0.6879084967320261 0.6981566820276498 0.6879084967320261 0.6981566820276498 0.6911764705882353 0.6912442396313364 0.6928104575163399 0.6820276497695853 0.6911764705882353
0 0.31336405529953915 0.9003267973856209 0.3248847926267281 0.9035947712418301 0.3271889400921659 0.9084967320261438 0.3271889400921659 0.9183006535947712 0.31797235023041476 0.923202614379085 0.30184331797235026 0.923202614379085 0.29723502304147464 0.9215686274509803 0.2903225806451613 0.9117647058823529 0.2926267281105991 0.9052287581699346 0.30414746543778803 0.9003267973856209 0.31105990783410137 0.9003267973856209
0 0.8317972350230415 0.9950980392156863 0.836405529953917 0.9983660130718954 0.7764976958525346 0.9983660130718954 0.7857142857142857 0.9934640522875817 0.7949308755760369 0.9918300653594772 0.815668202764977 0.9918300653594772 0.8294930875576036 0.9950980392156863
0 0.7235023041474654 0.673202614379085 0.7304147465437788 0.6781045751633987 0.7142857142857143 0.6764705882352942 0.7119815668202765 0.6748366013071896 0.7142857142857143 0.673202614379085 0.7211981566820277 0.673202614379085
0 0.22119815668202766 0.8529411764705882 0.22350230414746544 0.8545751633986928 0.22119815668202766 0.8643790849673203 0.2119815668202765 0.869281045751634 0.20046082949308755 0.869281045751634 0.1935483870967742 0.8660130718954249 0.1935483870967742 0.8594771241830066 0.20046082949308755 0.8545751633986928 0.21889400921658986 0.8529411764705882
0 0.9400921658986175 0.7205882352941176 0.9423963133640553 0.7254901960784313 0.9308755760368663 0.7254901960784313 0.9285714285714286 0.7238562091503268 0.9147465437788018 0.7254901960784313 0.9101382488479263 0.7238562091503268 0.9124423963133641 0.7205882352941176 0.9377880184331797 0.7205882352941176
0 0 0.9771241830065359 0 0.9575163398692811 0.0069124423963133645 0.954248366013072 0.027649769585253458 0.954248366013072 0.03225806451612903 0.9575163398692811 0.03225806451612903 0.9640522875816994 0.01152073732718894 0.9754901960784313 0.002304147465437788 0.9771241830065359
0 0.8225806451612904 0.6813725490196079 0.8341013824884793 0.6813725490196079 0.847926267281106 0.684640522875817 0.847926267281106 0.6879084967320261 0.8410138248847926 0.6879084967320261 0.8387096774193549 0.6862745098039216 0.8248847926267281 0.6862745098039216 0.8225806451612904 0.6830065359477124
0 0.5806451612903226 0.8235294117647058 0.5829493087557603 0.8284313725490197 0.5783410138248848 0.8316993464052288 0.5622119815668203 0.8349673202614379 0.5460829493087558 0.8333333333333334 0.543778801843318 0.826797385620915 0.5552995391705069 0.8218954248366013 0.576036866359447 0.8218954248366013 0.5783410138248848 0.8235294117647058
0 0.5253456221198156 0.7091503267973857 0.5276497695852534 0.7091503267973857 0.5230414746543779 0.7124183006535948 0.5253456221198156 0.7140522875816994 0.5368663594470046 0.7156862745098039 0.5414746543778802 0.7189542483660131 0.5460829493087558 0.7254901960784313 0.5460829493087558 0.7336601307189542 0.5069124423963134 0.7336601307189542 0.4930875576036866 0.7287581699346405 0.4930875576036866 0.7238562091503268 0.5 0.7189542483660131 0.5 0.7140522875816994 0.5161290322580645 0.7058823529411765 0.5230414746543779 0.7058823529411765 0.5230414746543779 0.7075163398692811
0 0.663594470046083 0.9150326797385621 0.695852534562212 0.9248366013071896 0.7142857142857143 0.9379084967320261 0.7142857142857143 0.9428104575163399 0.7096774193548387 0.9477124183006536 0.6912442396313364 0.9509803921568627 0.6728110599078341 0.9493464052287581 0.6658986175115207 0.946078431372549 0.6589861751152074 0.946078431372549 0.6451612903225806 0.9509803921568627 0.6359447004608295 0.9509803921568627 0.6244239631336406 0.946078431372549 0.6221198156682027 0.934640522875817 0.6336405529953917 0.923202614379085 0.6497695852534562 0.9150326797385621 0.6612903225806451 0.9150326797385621
0 0.5391705069124424 0.8937908496732027 0.5483870967741935 0.8970588235294118 0.5552995391705069 0.8970588235294118 0.5668202764976958 0.9019607843137255 0.5668202764976958 0.9068627450980392 0.5529953917050692 0.9133986928104575 0.5368663594470046 0.9117647058823529 0.5023041474654378 0.9019607843137255 0.5023041474654378 0.8970588235294118 0.5092165898617511 0.8921568627450981 0.5368663594470046 0.8937908496732027
0 0.5852534562211982 0.8464052287581699 0.5944700460829493 0.8578431372549019 0.5944700460829493 0.8627450980392157 0.5875576036866359 0.8660130718954249 0.5645161290322581 0.8660130718954249 0.5552995391705069 0.8594771241830066 0.5576036866359447 0.8529411764705882 0.5668202764976958 0.8464052287581699 0.5829493087557603 0.8464052287581699
0 0.6797235023041475 0.6895424836601307 0.6820276497695853 0.6879084967320261 0.6981566820276498 0.6879084967320261 0.7004608294930875 0.6895424836601307 0.6981566820276498 0.696078431372549 0.6820276497695853 0.6911764705882353
0 0.7096774193548387 0.8758169934640523 0.7188940092165899 0.8823529411764706 0.716589861751152 0.8872549019607843 0.7096774193548387 0.8921568627450981 0.7027649769585254 0.8937908496732027 0.684331797235023 0.8921568627450981 0.6728110599078341 0.8856209150326797 0.6705069124423964 0.880718954248366 0.6797235023041475 0.8741830065359477 0.7073732718894009 0.8758169934640523
0 0.6152073732718893 0.7336601307189542 0.6175115207373272 0.738562091503268 0.6105990783410138 0.7418300653594772 0.6059907834101382 0.7401960784313726 0.5714285714285714 0.7401960784313726 0.5714285714285714 0.7369281045751634 0.5852534562211982 0.7336601307189542 0.6013824884792627 0.7336601307189542 0.6036866359447005 0.7320261437908496 0.6129032258064516 0.7336601307189542
0 0.7995391705069125 0.7075163398692811 0.8087557603686636 0.7091503267973857 0.8064516129032258 0.7140522875816994 0.7880184331797235 0.7124183006535948 0.7857142857142857 0.7091503267973857 0.7972350230414746 0.7075163398692811
0 0.8548387096774194 0.7140522875816994 0.868663594470046 0.7124183006535948 0.8709677419354839 0.7140522875816994 0.880184331797235 0.7140522875816994 0.8847926267281107 0.7173202614379085 0.8755760368663594 0.7189542483660131 0.8732718894009217 0.7173202614379085 0.8548387096774194 0.7173202614379085 0.8548387096774194 0.7156862745098039
0 0.3640552995391705 0.8137254901960784 0.3709677419354839 0.8186274509803921 0.3709677419354839 0.8235294117647058 0.3617511520737327 0.8284313725490197 0.35023041474654376 0.8284313725490197 0.3387096774193548 0.8202614379084967 0.3387096774193548 0.8169934640522876 0.3456221198156682 0.8137254901960784 0.3617511520737327 0.8137254901960784
0 0.9976958525345622 0.9689542483660131 0.9861751152073732 0.9656862745098039 0.9815668202764977 0.9607843137254902 0.9815668202764977 0.9575163398692811 0.9861751152073732 0.954248366013072 0.9976958525345622 0.9509803921568627 0.9976958525345622 0.9673202614379085