0 0.38480392156862747 0.7107843137254902 0.04738562091503268 0.03676470588235294
0 0.272875816993464 0.7561274509803921 0.04411764705882353 0.014705882352941176
0 0.3472222222222222 0.7365196078431373 0.03431372549019608 0.0392156862745098
0 0.19526143790849673 0.8002450980392157 0.05392156862745098 0.031862745098039214
0 0.11356209150326797 0.803921568627451 0.049019607843137254 0.0392156862745098
0 0.10294117647058823 0.9240196078431373 0.09313725490196079 0.0392156862745098
0 0.44199346405228757 0.6568627450980392 0.049019607843137254 0.0392156862745098
0 0.4959150326797386 0.6213235294117647 0.03758169934640523 0.02696078431372549
0 0.5588235294117647 0.6029411764705882 0.05392156862745098 0.049019607843137254
0 0.5776143790849673 0.5526960784313726 0.026143790849673203 0.022058823529411766
0 0.5996732026143791 0.5318627450980392 0.014705882352941176 0.02696078431372549
0 0.636437908496732 0.5208333333333334 0.0196078431372549 0.02696078431372549
0 0.548202614379085 0.5171568627450981 0.017973856209150325 0.031862745098039214
0 0.8316993464052288 0.7879901960784313 0.2434640522875817 0.11519607843137254
0 0.8104575163398693 0.6973039215686274 0.1503267973856209 0.0392156862745098
0 0.8014705882352942 0.633578431372549 0.06699346405228758 0.07352941176470588
0 0.8611111111111112 0.6066176470588235 0.05555555555555555 0.03676470588235294
0 0.9869281045751634 0.7671568627450981 0.026143790849673203 0.10294117647058823
0 0.738562091503268 0.9044117647058824 0.20915032679738563 0.11029411764705882