0 0.8218954248366013 0.8431372549019608 0.8611111111111112 0.9068627450980392 0.8741830065359477 0.9191176470588235 0.8725490196078431 0.9240196078431373 0.8741830065359477 0.9264705882352942 0.8872549019607843 0.9362745098039216 0.8970588235294118 0.9509803921568627 0.9035947712418301 0.9681372549019608 0.9035947712418301 0.9754901960784313 0.8954248366013072 0.9828431372549019 0.8790849673202614 0.9828431372549019 0.869281045751634 0.9779411764705882 0.8611111111111112 0.9681372549019608 0.8562091503267973 0.9656862745098039 0.8496732026143791 0.9558823529411765 0.8284313725490197 0.9387254901960784 0.8202614379084967 0.9240196078431373 0.815359477124183 0.9215686274509803 0.8022875816993464 0.9019607843137255 0.7941176470588235 0.8774509803921569 0.7924836601307189 0.8480392156862745 0.7908496732026143 0.8455882352941176 0.7973856209150327 0.8357843137254902 0.8088235294117647 0.8357843137254902 0.8202614379084967 0.8431372549019608
0 0.5294117647058824 0.4730392156862745 0.5359477124183006 0.47794117647058826 0.5441176470588235 0.49019607843137253 0.5506535947712419 0.5098039215686274 0.5588235294117647 0.5245098039215687 0.5620915032679739 0.5343137254901961 0.5620915032679739 0.5416666666666666 0.5555555555555556 0.5441176470588235 0.5424836601307189 0.5441176470588235 0.5375816993464052 0.5392156862745098 0.5326797385620915 0.5392156862745098 0.5261437908496732 0.5343137254901961 0.5147058823529411 0.5220588235294118 0.5049019607843137 0.5049019607843137 0.5032679738562091 0.5 0.5032679738562091 0.48284313725490197 0.5081699346405228 0.47549019607843135 0.5130718954248366 0.4730392156862745 0.5277777777777778 0.4730392156862745
0 0.4591503267973856 0.3627450980392157 0.46078431372549017 0.36519607843137253 0.47058823529411764 0.36519607843137253 0.4820261437908497 0.37254901960784315 0.4918300653594771 0.3872549019607843 0.5 0.39215686274509803 0.5032679738562091 0.39705882352941174 0.5032679738562091 0.4019607843137255 0.5 0.4068627450980392 0.49019607843137253 0.41421568627450983 0.47058823529411764 0.4166666666666667 0.46895424836601307 0.41911764705882354 0.4395424836601307 0.4117647058823529 0.434640522875817 0.4068627450980392 0.43137254901960786 0.4068627450980392 0.42810457516339867 0.4019607843137255 0.42810457516339867 0.3897058823529412 0.4411764705882353 0.3700980392156863 0.44607843137254904 0.36519607843137253 0.45751633986928103 0.3627450980392157
0 0.6633986928104575 0.6176470588235294 0.6748366013071896 0.6225490196078431 0.6862745098039216 0.6323529411764706 0.7058823529411765 0.6617647058823529 0.7205882352941176 0.6740196078431373 0.7287581699346405 0.6887254901960784 0.7320261437908496 0.6985294117647058 0.7303921568627451 0.7107843137254902 0.7156862745098039 0.7352941176470589 0.7058823529411765 0.7450980392156863 0.6911764705882353 0.7401960784313726 0.6813725490196079 0.7303921568627451 0.6748366013071896 0.7083333333333334 0.6584967320261438 0.6838235294117647 0.6552287581699346 0.6691176470588235 0.6454248366013072 0.6544117647058824 0.6421568627450981 0.6421568627450981 0.6437908496732027 0.625 0.6503267973856209 0.6176470588235294 0.6617647058823529 0.6176470588235294
0 0.0661764705882353 0.6899509803921569 0.06372549019607843 0.11029411764705882
0 0.38562091503267976 0.8504901960784313 0.07679738562091504 0.17892156862745098
0 0.5171568627450981 0.9325980392156863 0.06862745098039216 0.1323529411764706
0 0.43790849673202614 0.6580882352941176 0.058823529411764705 0.14215686274509803
0 0.3602941176470588 0.5073529411764706 0.04411764705882353 0.09803921568627451
0 0.2238562091503268 0.4987745098039216 0.0915032679738562 0.09313725490196079
0 0.35866013071895425 0.3713235294117647 0.04084967320261438 0.08823529411764706
0 0.22549019607843138 0.3480392156862745 0.06535947712418301 0.09068627450980392
0 0.34967320261437906 0.22794117647058823 0.05228758169934641 0.03676470588235294
0 0.352124183006536 0.12009803921568628 0.03758169934640523 0.05392156862745098
0 0.16176470588235295 0.2034313725490196 0.08496732026143791 0.10049019607843138
0 0.14460784313725492 0.9227941176470589 0.06372549019607843 0.15441176470588236