0 0.13316993464052287 0.8737745098039216 0.0457516339869281 0.041666666666666664
0 0.11683006535947713 0.7475490196078431 0.03594771241830065 0.061274509803921566
0 0.11437908496732026 0.6544117647058824 0.05718954248366013 0.061274509803921566
0 0.12745098039215685 0.5870098039215687 0.05065359477124183 0.031862745098039214
0 0.12990196078431374 0.5257352941176471 0.03104575163398693 0.05392156862745098
0 0.16339869281045752 0.5232843137254902 0.026143790849673203 0.04411764705882353
0 0.18382352941176472 0.4877450980392157 0.03104575163398693 0.03676470588235294
0 0.20669934640522875 0.45098039215686275 0.021241830065359478 0.03676470588235294
0 0.14624183006535948 0.9705882352941176 0.049019607843137254 0.056372549019607844
0 0.22140522875816993 0.9240196078431373 0.04738562091503268 0.0661764705882353
0 0.2826797385620915 0.9436274509803921 0.027777777777777776 0.07107843137254902
0 0.39133986928104575 0.9803921568627451 0.06045751633986928 0.0392156862745098
0 0.45669934640522875 0.9325980392156863 0.05555555555555555 0.024509803921568627
0 0.48284313725490197 0.8860294117647058 0.024509803921568627 0.022058823529411766
0 0.5138888888888888 0.8774509803921569 0.021241830065359478 0.02696078431372549
0 0.5261437908496732 0.8382352941176471 0.029411764705882353 0.004901960784313725
0 0.5318627450980392 0.8174019607843137 0.017973856209150325 0.041666666666666664
0 0.5531045751633987 0.7904411764705882 0.024509803921568627 0.022058823529411766
0 0.5915032679738562 0.7549019607843137 0.03104575163398693 0.022058823529411766
0 0.3946078431372549 0.6213235294117647 0.02287581699346405 0.02696078431372549
0 0.41013071895424835 0.5784313725490197 0.021241830065359478 0.04411764705882353
0 0.4264705882352941 0.5367647058823529 0.03104575163398693 0.031862745098039214
0 0.4305555555555556 0.508578431372549 0.029411764705882353 0.041666666666666664
0 0.6282679738562091 0.7181372549019608 0.03594771241830065 0.031862745098039214
0 0.6397058823529411 0.7573529411764706 0.05555555555555555 0.01715686274509804
0 0.6642156862745098 0.6727941176470589 0.03104575163398693 0.022058823529411766
0 0.6797385620915033 0.5931372549019608 0.02287581699346405 0.024509803921568627
0 0.5718954248366013 0.9154411764705882 0.04084967320261438 0.01715686274509804
0 0.5964052287581699 0.9056372549019608 0.03104575163398693 0.024509803921568627
0 0.6331699346405228 0.8921568627450981 0.027777777777777776 0.03431372549019608