0 0.41871895424836597 0.5236666666666667 0.3295751633986928 0.726735294117647 0.3015114379084967 0.7886470588235294 0.2982107843137255 0.8976102941176471 0.385702614379085 0.9941936274509803 0.5227205882352941 0.9842867647058824 0.7076111111111111 0.9975490196078431 0.8248186274509803 0.9099926470588235 0.5045620915032679 0.5657671568627451 0.5227205882352941 0.5162377450980392 0.5227205882352941 0.474139705882353 0.4385294117647059 0.48651960784313725 0.41541830065359475 0.5187156862745098
0 0.021241830065359478 0.8909313725490197 0.042483660130718956 0.0392156862745098
0 0.08823529411764706 0.8075980392156863 0.05718954248366013 0.04656862745098039
0 0.14950980392156862 0.7634803921568627 0.029411764705882353 0.03431372549019608
0 0.184640522875817 0.7279411764705882 0.027777777777777776 0.02696078431372549
0 0.1707516339869281 0.6887254901960784 0.04084967320261438 0.02696078431372549
0 0.20588235294117646 0.6544117647058824 0.02287581699346405 0.022058823529411766
0 0.2312091503267974 0.7120098039215687 0.02287581699346405 0.029411764705882353
0 0.25 0.6531862745098039 0.024509803921568627 0.041666666666666664
0 0.30392156862745096 0.6286764705882353 0.014705882352941176 0.031862745098039214
0 0.24836601307189543 0.5919117647058824 0.027777777777777776 0.01715686274509804
0 0.2883986928104575 0.5919117647058824 0.032679738562091505 0.007352941176470588