0 0.25 0.5049019607843137 0.2696078431372549 0.5179738562091504 0.3088235294117647 0.5228758169934641 0.3137254901960784 0.5277777777777778 0.3137254901960784 0.5359477124183006 0.2916666666666667 0.5490196078431373 0.2549019607843137 0.5506535947712419 0.2426470588235294 0.553921568627451 0.21568627450980393 0.5522875816993464 0.2034313725490196 0.5473856209150327 0.19852941176470587 0.5441176470588235 0.19852941176470587 0.5261437908496732 0.20588235294117646 0.5179738562091504 0.2181372549019608 0.5098039215686274 0.23774509803921567 0.5032679738562091 0.24754901960784315 0.5049019607843137
0 0.6102941176470589 0.7777777777777778 0.6225490196078431 0.7810457516339869 0.6323529411764706 0.7810457516339869 0.6446078431372549 0.7924836601307189 0.6740196078431373 0.8088235294117647 0.6887254901960784 0.8235294117647058 0.6911764705882353 0.8382352941176471 0.6936274509803921 0.8398692810457516 0.6936274509803921 0.8562091503267973 0.6911764705882353 0.8578431372549019 0.6911764705882353 0.8709150326797386 0.6887254901960784 0.8725490196078431 0.6887254901960784 0.8872549019607843 0.6838235294117647 0.8954248366013072 0.6838235294117647 0.9084967320261438 0.6813725490196079 0.9101307189542484 0.6838235294117647 0.9117647058823529 0.6838235294117647 0.9248366013071896 0.7009803921568627 0.9379084967320261 0.7156862745098039 0.9428104575163399 0.7230392156862745 0.9493464052287581 0.7279411764705882 0.9591503267973857 0.7401960784313726 0.9689542483660131 0.7426470588235294 0.9820261437908496 0.7401960784313726 0.9836601307189542 0.7401960784313726 0.9918300653594772 0.7328431372549019 0.9983660130718954 0.7181372549019608 0.9983660130718954 0.7156862745098039 0.9950980392156863 0.7058823529411765 0.9983660130718954 0.6813725490196079 0.9983660130718954 0.6764705882352942 0.9950980392156863 0.6715686274509803 0.9983660130718954 0.6397058823529411 0.9983660130718954 0.6372549019607843 0.9967320261437909 0.6151960784313726 0.9983660130718954 0.6102941176470589 0.9950980392156863 0.5980392156862745 0.9934640522875817 0.5833333333333334 0.9836601307189542 0.5759803921568627 0.9722222222222222 0.553921568627451 0.9591503267973857 0.5490196078431373 0.9526143790849673 0.5441176470588235 0.9395424836601307 0.5441176470588235 0.9248366013071896 0.5514705882352942 0.9150326797385621 0.5784313725490197 0.9052287581699346 0.5833333333333334 0.9052287581699346 0.5931372549019608 0.8954248366013072 0.6029411764705882 0.8954248366013072 0.6176470588235294 0.9052287581699346 0.6225490196078431 0.9019607843137255 0.6274509803921569 0.8921568627450981 0.6372549019607843 0.8839869281045751 0.6421568627450981 0.8741830065359477 0.6421568627450981 0.8643790849673203 0.625 0.8562091503267973 0.6102941176470589 0.8529411764705882 0.5955882352941176 0.8431372549019608 0.5931372549019608 0.8382352941176471 0.5955882352941176 0.8120915032679739 0.5906862745098039 0.8055555555555556 0.5906862745098039 0.7941176470588235 0.5980392156862745 0.7826797385620915 0.6078431372549019 0.7777777777777778
0 0.36519607843137253 0.5490196078431373 0.36764705882352944 0.5506535947712419 0.3872549019607843 0.5490196078431373 0.41421568627450983 0.5604575163398693 0.4215686274509804 0.5702614379084967 0.4215686274509804 0.5866013071895425 0.43137254901960786 0.5947712418300654 0.43137254901960786 0.6045751633986928 0.42892156862745096 0.6078431372549019 0.4338235294117647 0.6160130718954249 0.42401960784313725 0.6094771241830066 0.4117647058823529 0.6127450980392157 0.4068627450980392 0.6160130718954249 0.39705882352941174 0.6176470588235294 0.37745098039215685 0.6176470588235294 0.36764705882352944 0.6160130718954249 0.35784313725490197 0.6111111111111112 0.35784313725490197 0.6029411764705882 0.36519607843137253 0.5882352941176471 0.375 0.5866013071895425 0.3799019607843137 0.5833333333333334 0.375 0.5784313725490197 0.3700980392156863 0.5784313725490197 0.36519607843137253 0.5751633986928104 0.35784313725490197 0.565359477124183 0.3553921568627451 0.5571895424836601 0.35784313725490197 0.5522875816993464 0.3627450980392157 0.5506535947712419
0 0.29411764705882354 0.4493464052287582 0.3088235294117647 0.4526143790849673 0.3161764705882353 0.4591503267973856 0.3137254901960784 0.4738562091503268 0.3014705882352941 0.48366013071895425 0.2647058823529412 0.48366013071895425 0.2647058823529412 0.477124183006536 0.27941176470588236 0.46895424836601307 0.27941176470588236 0.46405228758169936 0.2696078431372549 0.45751633986928103 0.27205882352941174 0.4526143790849673 0.2916666666666667 0.4493464052287582
0 0.2549019607843137 0.5065359477124183 0.27450980392156865 0.5179738562091504 0.29411764705882354 0.5212418300653595 0.30637254901960786 0.5212418300653595 0.3137254901960784 0.5245098039215687 0.32598039215686275 0.5506535947712419 0.3382352941176471 0.5669934640522876 0.33578431372549017 0.5702614379084967 0.3235294117647059 0.5686274509803921 0.28921568627450983 0.5506535947712419 0.26715686274509803 0.5506535947712419 0.25 0.553921568627451 0.22303921568627452 0.553921568627451 0.21323529411764705 0.5522875816993464 0.19852941176470587 0.545751633986928 0.19607843137254902 0.5424836601307189 0.19607843137254902 0.5294117647058824 0.20098039215686275 0.5212418300653595 0.2181372549019608 0.5098039215686274 0.23039215686274508 0.5065359477124183 0.23529411764705882 0.5032679738562091 0.24754901960784315 0.5032679738562091 0.25245098039215685 0.5065359477124183
0 0.2622549019607843 0.3300653594771242 0.26715686274509803 0.3333333333333333 0.26715686274509803 0.3431372549019608 0.25245098039215685 0.3480392156862745 0.2426470588235294 0.34477124183006536 0.24019607843137256 0.3333333333333333 0.2549019607843137 0.3284313725490196 0.25980392156862747 0.3300653594771242
0 0.2818627450980392 0.3611111111111111 0.28431372549019607 0.3627450980392157 0.28431372549019607 0.37254901960784315 0.27205882352941174 0.380718954248366 0.25980392156862747 0.380718954248366 0.24509803921568626 0.37254901960784315 0.23774509803921567 0.37254901960784315 0.23529411764705882 0.369281045751634 0.24509803921568626 0.3627450980392157 0.27941176470588236 0.3611111111111111
0 0.30392156862745096 0.3758169934640523 0.3088235294117647 0.3790849673202614 0.3088235294117647 0.38562091503267976 0.30392156862745096 0.39052287581699346 0.2916666666666667 0.3937908496732026 0.27205882352941174 0.39215686274509803 0.2696078431372549 0.380718954248366 0.27941176470588236 0.3758169934640523 0.3014705882352941 0.3758169934640523
0 0.2769607843137255 0.4166666666666667 0.2916666666666667 0.42320261437908496 0.2965686274509804 0.42810457516339867 0.2818627450980392 0.43790849673202614 0.2647058823529412 0.4444444444444444 0.25980392156862747 0.4444444444444444 0.24509803921568626 0.434640522875817 0.23284313725490197 0.4362745098039216 0.22794117647058823 0.4297385620915033 0.22794117647058823 0.42483660130718953 0.24019607843137256 0.4166666666666667 0.2549019607843137 0.4117647058823529 0.26715686274509803 0.4117647058823529 0.27450980392156865 0.4166666666666667
0 0.6519607843137255 0.795751633986928 0.6838235294117647 0.8186274509803921 0.6887254901960784 0.8251633986928104 0.6887254901960784 0.8366013071895425 0.6911764705882353 0.8382352941176471 0.6887254901960784 0.8758169934640523 0.6740196078431373 0.9101307189542484 0.6740196078431373 0.923202614379085 0.6911764705882353 0.9313725490196079 0.6911764705882353 0.9395424836601307 0.678921568627451 0.9509803921568627 0.678921568627451 0.9558823529411765 0.6740196078431373 0.9591503267973857 0.6642156862745098 0.9591503267973857 0.6593137254901961 0.9624183006535948 0.6446078431372549 0.9624183006535948 0.6372549019607843 0.9591503267973857 0.6323529411764706 0.9591503267973857 0.6127450980392157 0.9493464052287581 0.6151960784313726 0.9313725490196079 0.6200980392156863 0.934640522875817 0.625 0.9330065359477124 0.625 0.9281045751633987 0.6200980392156863 0.9248366013071896 0.6200980392156863 0.9166666666666666 0.6299019607843137 0.9101307189542484 0.6323529411764706 0.8954248366013072 0.6397058823529411 0.8888888888888888 0.6446078431372549 0.8758169934640523 0.6446078431372549 0.8627450980392157 0.625 0.8545751633986928 0.6078431372549019 0.8513071895424836 0.5955882352941176 0.8415032679738562 0.5931372549019608 0.8366013071895425 0.5955882352941176 0.8120915032679739 0.5906862745098039 0.803921568627451 0.5931372549019608 0.7892156862745098 0.6029411764705882 0.7794117647058824 0.6323529411764706 0.7810457516339869 0.6495098039215687 0.795751633986928
0 0.45588235294117646 0.6421568627450981 0.4730392156862745 0.6470588235294118 0.49019607843137253 0.6601307189542484 0.4950980392156863 0.673202614379085 0.5049019607843137 0.684640522875817 0.5122549019607843 0.7009803921568627 0.5171568627450981 0.704248366013072 0.5294117647058824 0.7058823529411765 0.5343137254901961 0.7091503267973857 0.5343137254901961 0.7352941176470589 0.5367647058823529 0.7369281045751634 0.5416666666666666 0.761437908496732 0.5441176470588235 0.7630718954248366 0.5490196078431373 0.795751633986928 0.5416666666666666 0.795751633986928 0.5343137254901961 0.7875816993464052 0.5245098039215687 0.7598039215686274 0.5171568627450981 0.75 0.48284313725490197 0.7271241830065359 0.46568627450980393 0.7238562091503268 0.4411764705882353 0.7156862745098039 0.43137254901960786 0.7075163398692811 0.42892156862745096 0.6911764705882353 0.42401960784313725 0.684640522875817 0.42401960784313725 0.6683006535947712 0.42892156862745096 0.6633986928104575 0.42892156862745096 0.6535947712418301 0.4411764705882353 0.6437908496732027 0.4534313725490196 0.6421568627450981
0 0.2965686274509804 0.3741830065359477 0.3088235294117647 0.3790849673202614 0.3088235294117647 0.38562091503267976 0.30392156862745096 0.39052287581699346 0.29411764705882354 0.3937908496732026 0.27450980392156865 0.3937908496732026 0.2622549019607843 0.380718954248366 0.24509803921568626 0.37254901960784315 0.23529411764705882 0.3709150326797386 0.23774509803921567 0.3660130718954248 0.24509803921568626 0.3627450980392157 0.2818627450980392 0.3611111111111111 0.2867647058823529 0.37254901960784315 0.29411764705882354 0.3741830065359477