0 0.7777777777777778 0.8651960784313726 0.8071895424836601 0.8799019607843137 0.8120915032679739 0.8921568627450981 0.803921568627451 0.8995098039215687 0.7663398692810458 0.8995098039215687 0.7532679738562091 0.8946078431372549 0.7303921568627451 0.8946078431372549 0.7287581699346405 0.8970588235294118 0.7058823529411765 0.8970588235294118 0.7009803921568627 0.8946078431372549 0.696078431372549 0.8848039215686274 0.6993464052287581 0.8799019607843137 0.7124183006535948 0.8725490196078431 0.7173202614379085 0.8725490196078431 0.7254901960784313 0.8651960784313726 0.7761437908496732 0.8651960784313726
0 0.9117647058823529 0.9509803921568627 0.9133986928104575 0.9534313725490197 0.9330065359477124 0.9558823529411765 0.9395424836601307 0.9607843137254902 0.9591503267973857 0.9632352941176471 0.9705882352941176 0.9681372549019608 0.9918300653594772 0.9681372549019608 0.9983660130718954 0.9607843137254902 0.9983660130718954 0.9926470588235294 0.9934640522875817 0.9975490196078431 0.9673202614379085 0.9975490196078431 0.9656862745098039 0.9950980392156863 0.9183006535947712 0.9975490196078431 0.9166666666666666 0.9950980392156863 0.9068627450980392 0.9950980392156863 0.8872549019607843 0.9852941176470589 0.880718954248366 0.9803921568627451 0.8725490196078431 0.9681372549019608 0.869281045751634 0.9534313725490197 0.8758169934640523 0.946078431372549 0.8970588235294118 0.946078431372549 0.9035947712418301 0.9509803921568627 0.9101307189542484 0.9509803921568627
0 0.4869281045751634 0.8946078431372549 0.4918300653594771 0.8995098039215687 0.5032679738562091 0.9044117647058824 0.5098039215686274 0.9142156862745098 0.5098039215686274 0.9191176470588235 0.5016339869281046 0.928921568627451 0.47875816993464054 0.9387254901960784 0.4624183006535948 0.9387254901960784 0.46078431372549017 0.9362745098039216 0.4526143790849673 0.9362745098039216 0.4297385620915033 0.9240196078431373 0.4133986928104575 0.9240196078431373 0.4035947712418301 0.9191176470588235 0.40032679738562094 0.9142156862745098 0.40032679738562094 0.9093137254901961 0.4035947712418301 0.9019607843137255 0.4199346405228758 0.8921568627450981 0.48366013071895425 0.8921568627450981 0.4852941176470588 0.8946078431372549
0 0.26633986928104575 0.8480392156862745 0.2679738562091503 0.8578431372549019 0.2647058823529412 0.8627450980392157 0.2565359477124183 0.8627450980392157 0.2549019607843137 0.8651960784313726 0.22712418300653595 0.8651960784313726 0.20588235294117646 0.8553921568627451 0.1781045751633987 0.8602941176470589 0.17483660130718953 0.8553921568627451 0.17973856209150327 0.8480392156862745 0.19607843137254902 0.8455882352941176 0.1977124183006536 0.8431372549019608 0.24509803921568626 0.8431372549019608 0.24673202614379086 0.8455882352941176 0.2647058823529412 0.8480392156862745
0 0.5522875816993464 0.8284313725490197 0.576797385620915 0.8186274509803921 0.6013071895424836 0.8186274509803921 0.6029411764705882 0.821078431372549 0.6356209150326797 0.8259803921568627 0.6519607843137255 0.8333333333333334 0.6650326797385621 0.8333333333333334 0.6830065359477124 0.8406862745098039 0.6911764705882353 0.8480392156862745 0.6879084967320261 0.8529411764705882 0.6781045751633987 0.8578431372549019 0.6633986928104575 0.8578431372549019 0.6535947712418301 0.8529411764705882 0.619281045751634 0.8553921568627451 0.6176470588235294 0.8529411764705882 0.5931372549019608 0.8529411764705882 0.5800653594771242 0.8480392156862745 0.5784313725490197 0.8504901960784313 0.5702614379084967 0.8504901960784313 0.5686274509803921 0.8480392156862745 0.5571895424836601 0.8480392156862745 0.5522875816993464 0.8357843137254902 0.5522875816993464 0.8308823529411765
0 0.12254901960784313 0.8259803921568627 0.12745098039215685 0.8308823529411765 0.12581699346405228 0.8382352941176471 0.12091503267973856 0.8382352941176471 0.09803921568627451 0.8529411764705882 0.05718954248366013 0.8529411764705882 0.04411764705882353 0.8480392156862745 0.042483660130718956 0.8406862745098039 0.05718954248366013 0.8333333333333334 0.06535947712418301 0.8333333333333334 0.08333333333333333 0.8259803921568627 0.12091503267973856 0.8259803921568627
0 0.5996732026143791 0.8848039215686274 0.6225490196078431 0.9019607843137255 0.6601307189542484 0.9093137254901961 0.6813725490196079 0.9215686274509803 0.684640522875817 0.9264705882352942 0.684640522875817 0.9313725490196079 0.6797385620915033 0.9387254901960784 0.6601307189542484 0.946078431372549 0.6552287581699346 0.9436274509803921 0.6437908496732027 0.946078431372549 0.6421568627450981 0.9436274509803921 0.6176470588235294 0.9411764705882353 0.6062091503267973 0.9338235294117647 0.5882352941176471 0.928921568627451 0.565359477124183 0.9166666666666666 0.5620915032679739 0.9117647058823529 0.5588235294117647 0.8995098039215687 0.565359477124183 0.8995098039215687 0.5686274509803921 0.8946078431372549 0.5784313725490197 0.8921568627450981 0.5898692810457516 0.8848039215686274 0.5980392156862745 0.8848039215686274
0 0.12745098039215685 0.8553921568627451 0.12908496732026145 0.8578431372549019 0.14215686274509803 0.8602941176470589 0.15196078431372548 0.8700980392156863 0.1454248366013072 0.8799019607843137 0.12908496732026145 0.8823529411764706 0.12745098039215685 0.8848039215686274 0.10294117647058823 0.8848039215686274 0.08660130718954248 0.875 0.08006535947712418 0.8676470588235294 0.08333333333333333 0.8602941176470589 0.09313725490196079 0.8553921568627451 0.10130718954248366 0.8553921568627451 0.10294117647058823 0.8529411764705882 0.12091503267973856 0.8529411764705882 0.12581699346405228 0.8553921568627451
0 0.2630718954248366 0.821078431372549 0.2647058823529412 0.8259803921568627 0.25980392156862747 0.8308823529411765 0.25326797385620914 0.8308823529411765 0.25163398692810457 0.8333333333333334 0.2238562091503268 0.8333333333333334 0.2222222222222222 0.8357843137254902 0.22058823529411764 0.8333333333333334 0.2173202614379085 0.8357843137254902 0.2042483660130719 0.8357843137254902 0.20261437908496732 0.8333333333333334 0.184640522875817 0.8308823529411765 0.1830065359477124 0.8284313725490197 0.184640522875817 0.8259803921568627 0.19607843137254902 0.8186274509803921 0.20098039215686275 0.8186274509803921 0.2042483660130719 0.8137254901960784 0.23202614379084968 0.8112745098039216 0.23366013071895425 0.8137254901960784 0.2581699346405229 0.8161764705882353 0.26143790849673204 0.821078431372549
0 0.3006535947712418 0.8921568627450981 0.315359477124183 0.9117647058823529 0.32516339869281047 0.9191176470588235 0.33169934640522875 0.9313725490196079 0.33169934640522875 0.9387254901960784 0.3284313725490196 0.9436274509803921 0.32189542483660133 0.9509803921568627 0.3055555555555556 0.9607843137254902 0.2679738562091503 0.9607843137254902 0.26143790849673204 0.9583333333333334 0.2369281045751634 0.9411764705882353 0.23202614379084968 0.9240196078431373 0.23366013071895425 0.9166666666666666 0.238562091503268 0.9093137254901961 0.24673202614379086 0.9019607843137255 0.2647058823529412 0.8921568627450981 0.27124183006535946 0.8921568627450981 0.272875816993464 0.8897058823529411 0.29411764705882354 0.8897058823529411 0.29901960784313725 0.8921568627450981
0 0.7712418300653595 0.8504901960784313 0.7761437908496732 0.8480392156862745 0.8137254901960784 0.8480392156862745 0.815359477124183 0.8504901960784313 0.8447712418300654 0.8529411764705882 0.8611111111111112 0.8602941176470589 0.8725490196078431 0.875 0.8823529411764706 0.8799019607843137 0.8954248366013072 0.8921568627450981 0.8954248366013072 0.8995098039215687 0.8921568627450981 0.9019607843137255 0.8676470588235294 0.9044117647058824 0.8611111111111112 0.8995098039215687 0.8562091503267973 0.8995098039215687 0.8431372549019608 0.8872549019607843 0.8382352941176471 0.8872549019607843 0.8251633986928104 0.8799019607843137 0.8137254901960784 0.8799019607843137 0.8022875816993464 0.8725490196078431 0.795751633986928 0.8725490196078431 0.7892156862745098 0.8676470588235294 0.7794117647058824 0.8651960784313726 0.7728758169934641 0.8602941176470589 0.7712418300653595 0.8529411764705882