0 0.5743464052287581 0.9313725490196079 0.04084967320261438 0.041666666666666664
0 0.6429738562091504 0.8897058823529411 0.026143790849673203 0.029411764705882353
0 0.6503267973856209 0.9436274509803921 0.049019607843137254 0.01715686274509804
0 0.7491830065359477 0.8615196078431373 0.027777777777777776 0.031862745098039214
0 0.6740196078431373 0.8529411764705882 0.02287581699346405 0.03431372549019608
0 0.6821895424836601 0.8125 0.03758169934640523 0.031862745098039214
0 0.7393790849673203 0.7855392156862745 0.02287581699346405 0.03431372549019608
0 0.7475490196078431 0.758578431372549 0.024509803921568627 0.024509803921568627
0 0.7990196078431373 0.741421568627451 0.04084967320261438 0.04411764705882353
0 0.7900326797385621 0.8075980392156863 0.029411764705882353 0.029411764705882353
0 0.826797385620915 0.7941176470588235 0.03758169934640523 0.024509803921568627
0 0.8774509803921569 0.7830882352941176 0.029411764705882353 0.029411764705882353
0 0.9150326797385621 0.7573529411764706 0.024509803921568627 0.01715686274509804
0 0.3114166666666667 0.6648259803921569 0.19090686274509802 0.7118774509803922 0.12322385620915031 0.7415955882352941 0 0.8158897058823529 0.0472859477124183 0.8852303921568627 0.09020751633986929 0.937235294117647 0.19090686274509802 0.9941936274509803 0.37909967320261434 0.9669509803921569 0.5243709150326797 0.8802769607843137 0.5441813725490195 0.8134117647058824 0.4170686274509804 0.7217843137254902