0 0.466796875 0.6328125 0.4814453125 0.6549479166666666 0.484375 0.66796875 0.484375 0.6848958333333334 0.470703125 0.7096354166666666 0.4677734375 0.7135416666666666 0.462890625 0.71484375 0.4462890625 0.7018229166666666 0.4345703125 0.68359375 0.431640625 0.6744791666666666 0.4267578125 0.6393229166666666 0.431640625 0.6328125 0.4453125 0.6354166666666666 0.4541015625 0.6354166666666666 0.4609375 0.6302083333333334 0.4658203125 0.6328125
0 0.4921875 0.16536458333333334 0.5087890625 0.1875 0.5068359375 0.19791666666666666 0.5029296875 0.203125 0.4951171875 0.20703125 0.486328125 0.20703125 0.484375 0.20442708333333334 0.48046875 0.18619791666666666 0.48046875 0.16796875 0.4833984375 0.1640625 0.4912109375 0.16536458333333334
0 0.39453125 0.703125 0.41015625 0.70703125 0.4140625 0.7096354166666666 0.41796875 0.7174479166666666 0.41796875 0.7473958333333334 0.4140625 0.77734375 0.419921875 0.8294270833333334 0.4150390625 0.8502604166666666 0.3994140625 0.8802083333333334 0.3935546875 0.8984375 0.3935546875 0.9140625 0.3984375 0.93359375 0.3984375 0.9557291666666666 0.39453125 0.9739583333333334 0.3876953125 0.9921875 0.380859375 0.9986979166666666 0.3486328125 0.9986979166666666 0.3427734375 0.9908854166666666 0.3359375 0.9700520833333334 0.3359375 0.9453125 0.341796875 0.9192708333333334 0.357421875 0.89453125 0.365234375 0.8776041666666666 0.369140625 0.8515625 0.3671875 0.8411458333333334 0.3671875 0.8203125 0.37109375 0.78125 0.3623046875 0.7552083333333334 0.359375 0.7252604166666666 0.3603515625 0.7213541666666666 0.37109375 0.7083333333333334 0.3935546875 0.703125
0 0.4697265625 0.16927083333333334 0.4765625 0.17578125 0.484375 0.20442708333333334 0.482421875 0.21614583333333334 0.4697265625 0.22786458333333334 0.462890625 0.2265625 0.455078125 0.21875 0.453125 0.20833333333333334 0.45703125 0.20182291666666666 0.4580078125 0.1953125 0.453125 0.1875 0.451171875 0.17838541666666666 0.45703125 0.17057291666666666 0.46875 0.16927083333333334
0 0.771484375 0.24479166666666666 0.7880859375 0.2604166666666667 0.806640625 0.2890625 0.8095703125 0.296875 0.8095703125 0.3033854166666667 0.8046875 0.3072916666666667 0.794921875 0.3072916666666667 0.783203125 0.30078125 0.7685546875 0.2825520833333333 0.7607421875 0.2643229166666667 0.7568359375 0.24739583333333334 0.759765625 0.2421875 0.7705078125 0.24479166666666666
0 0.3359375 0.09244791666666667 0.341796875 0.09765625 0.34375 0.11067708333333333 0.3466796875 0.11588541666666667 0.3359375 0.12239583333333333 0.3330078125 0.12630208333333334 0.3291015625 0.14453125 0.3212890625 0.14973958333333334 0.3134765625 0.14713541666666666 0.306640625 0.13932291666666666 0.3037109375 0.125 0.314453125 0.09895833333333333 0.328125 0.09244791666666667 0.3349609375 0.09244791666666667
0 0.0986328125 0.5403645833333334 0.10546875 0.54296875 0.1064453125 0.546875 0.1064453125 0.5846354166666666 0.1083984375 0.6015625 0.1103515625 0.6106770833333334 0.119140625 0.6223958333333334 0.12109375 0.6393229166666666 0.1181640625 0.66015625 0.10546875 0.6875 0.0986328125 0.6927083333333334 0.0859375 0.69140625 0.076171875 0.6796875 0.0732421875 0.671875 0.0732421875 0.6497395833333334 0.0771484375 0.6380208333333334 0.0771484375 0.62890625 0.072265625 0.6106770833333334 0.0732421875 0.5885416666666666 0.080078125 0.5768229166666666 0.087890625 0.5703125 0.087890625 0.55859375 0.09375 0.5455729166666666 0.09765625 0.5416666666666666
0 0.4775390625 0.30078125 0.4814453125 0.3020833333333333 0.486328125 0.3111979166666667 0.4853515625 0.3177083333333333 0.478515625 0.33203125 0.478515625 0.33984375 0.4833984375 0.3515625 0.482421875 0.36328125 0.498046875 0.3723958333333333 0.5078125 0.39453125 0.5068359375 0.40625 0.50390625 0.4140625 0.4970703125 0.421875 0.490234375 0.421875 0.47265625 0.4114583333333333 0.4658203125 0.4010416666666667 0.4638671875 0.3932291666666667 0.46484375 0.3723958333333333 0.44921875 0.3658854166666667 0.44140625 0.35546875 0.4423828125 0.3450520833333333 0.455078125 0.33203125 0.4716796875 0.3020833333333333 0.4765625 0.30078125
0 0.4658203125 0.07942708333333333 0.46875 0.08072916666666667 0.4716796875 0.08723958333333333 0.46484375 0.09765625 0.4638671875 0.10807291666666667 0.458984375 0.11328125 0.4453125 0.11197916666666667 0.4423828125 0.10807291666666667 0.44140625 0.1015625 0.455078125 0.08333333333333333 0.46484375 0.07942708333333333
0 0.337890625 0.3020833333333333 0.345703125 0.3059895833333333 0.3505859375 0.3125 0.3515625 0.3216145833333333 0.3427734375 0.34765625 0.3388671875 0.3684895833333333 0.3310546875 0.3763020833333333 0.3212890625 0.375 0.3173828125 0.3723958333333333 0.3154296875 0.3671875 0.3154296875 0.3229166666666667 0.3203125 0.3098958333333333 0.3251953125 0.3046875 0.3369140625 0.3020833333333333
0 0.2548828125 0.6940104166666666 0.2607421875 0.703125 0.2607421875 0.7317708333333334 0.2587890625 0.7395833333333334 0.259765625 0.7552083333333334 0.267578125 0.7669270833333334 0.2763671875 0.7747395833333334 0.2880859375 0.8046875 0.2939453125 0.8138020833333334 0.296875 0.83203125 0.2919921875 0.8450520833333334 0.306640625 0.8619791666666666 0.3125 0.8802083333333334 0.3134765625 0.8984375 0.3076171875 0.9166666666666666 0.3037109375 0.921875 0.2919921875 0.9283854166666666 0.2822265625 0.9283854166666666 0.2744140625 0.9244791666666666 0.2685546875 0.91796875 0.26171875 0.9049479166666666 0.255859375 0.87890625 0.240234375 0.8671875 0.232421875 0.8658854166666666 0.232421875 0.859375 0.23046875 0.8567708333333334 0.2177734375 0.8515625 0.212890625 0.84375 0.2099609375 0.83203125 0.2099609375 0.80078125 0.2119140625 0.796875 0.2099609375 0.7682291666666666 0.2119140625 0.7643229166666666 0.2119140625 0.74609375 0.21484375 0.7408854166666666 0.212890625 0.734375 0.21484375 0.7265625 0.22265625 0.7096354166666666 0.232421875 0.69921875 0.2451171875 0.69140625 0.25390625 0.6940104166666666
0 0.36328125 0.11328125 0.373046875 0.11848958333333333 0.37890625 0.12630208333333334 0.3896484375 0.12890625 0.3974609375 0.13411458333333334 0.3994140625 0.14713541666666666 0.392578125 0.15364583333333334 0.3759765625 0.15234375 0.369140625 0.14713541666666666 0.3662109375 0.13541666666666666 0.36328125 0.13151041666666666 0.3525390625 0.12630208333333334 0.3515625 0.1171875 0.3583984375 0.11197916666666667 0.3623046875 0.11328125
0 0.3798828125 0.12630208333333334 0.3974609375 0.13411458333333334 0.3994140625 0.14583333333333334 0.396484375 0.15104166666666666 0.3916015625 0.15364583333333334 0.376953125 0.15234375 0.3681640625 0.14453125 0.3671875 0.1328125 0.3701171875 0.12890625 0.37890625 0.12630208333333334
0 0.4833984375 0.3033854166666667 0.486328125 0.30859375 0.486328125 0.3151041666666667 0.4775390625 0.3333333333333333 0.4775390625 0.3385416666666667 0.482421875 0.34765625 0.4814453125 0.3619791666666667 0.4677734375 0.37109375 0.4541015625 0.3697916666666667 0.447265625 0.3645833333333333 0.44140625 0.35546875 0.44140625 0.3463541666666667 0.455078125 0.3307291666666667 0.4697265625 0.3033854166666667 0.4736328125 0.30078125 0.482421875 0.3033854166666667
0 0.279296875 0.22526041666666666 0.291015625 0.23828125 0.2919921875 0.24609375 0.2998046875 0.2591145833333333 0.2998046875 0.26953125 0.2978515625 0.2747395833333333 0.291015625 0.2786458333333333 0.279296875 0.2786458333333333 0.2744140625 0.2760416666666667 0.2626953125 0.24739583333333334 0.2646484375 0.2265625 0.2685546875 0.22135416666666666 0.2734375 0.22135416666666666 0.2783203125 0.22526041666666666
0 0.39453125 0.7044270833333334 0.4091796875 0.70703125 0.416015625 0.7122395833333334 0.41796875 0.7200520833333334 0.41796875 0.7473958333333334 0.4140625 0.7682291666666666 0.4140625 0.7799479166666666 0.416015625 0.78515625 0.416015625 0.8046875 0.4189453125 0.8138020833333334 0.4189453125 0.8359375 0.4130859375 0.8528645833333334 0.408203125 0.8580729166666666 0.400390625 0.8606770833333334 0.373046875 0.85546875 0.369140625 0.8515625 0.3681640625 0.8190104166666666 0.37109375 0.78125 0.3603515625 0.7421875 0.3603515625 0.7239583333333334 0.3681640625 0.7122395833333334 0.373046875 0.7083333333333334 0.3935546875 0.7044270833333334
0 0.53125 0.9986979166666666 0.53125 0.9739583333333334 0.55078125 0.9583333333333334 0.560546875 0.9557291666666666 0.5673828125 0.9609375 0.5791015625 0.9986979166666666 0.5322265625 0.9986979166666666
0 0.4345703125 0.3151041666666667 0.4375 0.3203125 0.4375 0.328125 0.4267578125 0.3411458333333333 0.421875 0.3528645833333333 0.423828125 0.3723958333333333 0.4208984375 0.3815104166666667 0.412109375 0.390625 0.400390625 0.3958333333333333 0.396484375 0.39453125 0.38671875 0.3776041666666667 0.38671875 0.3580729166666667 0.400390625 0.3411458333333333 0.408203125 0.3190104166666667 0.419921875 0.3138020833333333 0.43359375 0.3151041666666667
0 0.541015625 0.48828125 0.548828125 0.4973958333333333 0.5537109375 0.51171875 0.5693359375 0.53515625 0.5751953125 0.5494791666666666 0.57421875 0.5690104166666666 0.56640625 0.5846354166666666 0.5537109375 0.5950520833333334 0.5439453125 0.5885416666666666 0.5390625 0.5794270833333334 0.5361328125 0.5677083333333334 0.5380859375 0.5325520833333334 0.5283203125 0.5208333333333334 0.5234375 0.5065104166666666 0.5234375 0.4973958333333333 0.525390625 0.4934895833333333 0.5322265625 0.4869791666666667 0.5400390625 0.48828125
0 0.3701171875 0.87890625 0.369140625 0.8854166666666666 0.37109375 0.8919270833333334 0.38671875 0.9049479166666666 0.3896484375 0.9010416666666666 0.3994140625 0.9388020833333334 0.3955078125 0.9713541666666666 0.388671875 0.9908854166666666 0.3818359375 0.9986979166666666 0.3466796875 0.9986979166666666 0.341796875 0.9908854166666666 0.3359375 0.9700520833333334 0.3369140625 0.9401041666666666 0.3408203125 0.921875 0.3486328125 0.9075520833333334 0.3662109375 0.88671875 0.365234375 0.8802083333333334 0.369140625 0.87890625
0 0.3623046875 0.20963541666666666 0.3662109375 0.21223958333333334 0.3740234375 0.24088541666666666 0.373046875 0.25390625 0.3671875 0.2630208333333333 0.3623046875 0.265625 0.3486328125 0.26171875 0.33984375 0.2513020833333333 0.33984375 0.24088541666666666 0.3447265625 0.23046875 0.3427734375 0.21614583333333334 0.3466796875 0.21223958333333334 0.361328125 0.20963541666666666
0 0.251953125 0.6927083333333334 0.2587890625 0.69921875 0.2607421875 0.7057291666666666 0.2578125 0.75390625 0.2607421875 0.7604166666666666 0.2763671875 0.77734375 0.2802734375 0.7942708333333334 0.2939453125 0.8177083333333334 0.2939453125 0.8307291666666666 0.2900390625 0.8450520833333334 0.255859375 0.8736979166666666 0.248046875 0.87109375 0.2333984375 0.8528645833333334 0.2177734375 0.8515625 0.2099609375 0.8307291666666666 0.2099609375 0.8098958333333334 0.2138671875 0.79296875 0.2119140625 0.7825520833333334 0.2119140625 0.74609375 0.2158203125 0.73828125 0.2158203125 0.7239583333333334 0.2255859375 0.7057291666666666 0.244140625 0.6927083333333334 0.2509765625 0.6927083333333334
0 0.4521484375 0.5091145833333334 0.4560546875 0.51171875 0.4638671875 0.53515625 0.4755859375 0.5520833333333334 0.4755859375 0.5559895833333334 0.4697265625 0.5677083333333334 0.4697265625 0.5768229166666666 0.4736328125 0.5911458333333334 0.47265625 0.6028645833333334 0.4638671875 0.6276041666666666 0.48046875 0.6536458333333334 0.484375 0.6692708333333334 0.4833984375 0.6875 0.466796875 0.7135416666666666 0.458984375 0.7135416666666666 0.4521484375 0.7083333333333334 0.4384765625 0.69140625 0.4326171875 0.6770833333333334 0.4296875 0.66015625 0.4228515625 0.64453125 0.423828125 0.6380208333333334 0.4296875 0.6328125 0.4326171875 0.6263020833333334 0.4326171875 0.5885416666666666 0.4375 0.5716145833333334 0.435546875 0.55859375 0.431640625 0.5533854166666666 0.427734375 0.5416666666666666 0.4248046875 0.5260416666666666 0.42578125 0.51953125 0.4287109375 0.51171875 0.4326171875 0.5078125 0.4453125 0.5065104166666666 0.451171875 0.5091145833333334
0 0.4912109375 0.1640625 0.5078125 0.18489583333333334 0.5087890625 0.19401041666666666 0.5048828125 0.20182291666666666 0.498046875 0.20703125 0.4912109375 0.20963541666666666 0.486328125 0.20833333333333334 0.478515625 0.22135416666666666 0.4697265625 0.22786458333333334 0.462890625 0.2265625 0.453125 0.21484375 0.453125 0.20833333333333334 0.458984375 0.1953125 0.4521484375 0.18489583333333334 0.4521484375 0.17447916666666666 0.462890625 0.16796875 0.4775390625 0.17057291666666666 0.4833984375 0.1640625 0.490234375 0.1640625
0 0.52734375 0.8059895833333334 0.5341796875 0.8138020833333334 0.53515625 0.83203125 0.5322265625 0.8515625 0.5244140625 0.8671875 0.53125 0.9322916666666666 0.529296875 0.9401041666666666 0.529296875 0.9661458333333334 0.5263671875 0.9739583333333334 0.525390625 0.9934895833333334 0.521484375 0.9986979166666666 0.4814453125 0.9986979166666666 0.46484375 0.9934895833333334 0.462890625 0.96875 0.466796875 0.9583333333333334 0.466796875 0.9518229166666666 0.4716796875 0.9453125 0.4736328125 0.9309895833333334 0.466796875 0.9205729166666666 0.4599609375 0.8802083333333334 0.4599609375 0.8606770833333334 0.4638671875 0.8333333333333334 0.4736328125 0.81640625 0.4853515625 0.8151041666666666 0.4873046875 0.8177083333333334 0.49609375 0.8177083333333334 0.5009765625 0.8268229166666666 0.5048828125 0.8177083333333334 0.51171875 0.8098958333333334 0.517578125 0.8059895833333334 0.5263671875 0.8059895833333334
0 0.2998046875 0.8541666666666666 0.310546875 0.8697916666666666 0.3134765625 0.8841145833333334 0.3134765625 0.8997395833333334 0.3076171875 0.91796875 0.3037109375 0.9231770833333334 0.29296875 0.9283854166666666 0.28125 0.9283854166666666 0.267578125 0.9166666666666666 0.26171875 0.9036458333333334 0.2568359375 0.8763020833333334 0.2890625 0.84765625 0.2939453125 0.84765625 0.298828125 0.8541666666666666
0 0.48828125 0.3671875 0.498046875 0.3723958333333333 0.5078125 0.39453125 0.5048828125 0.4127604166666667 0.4951171875 0.4231770833333333 0.47265625 0.4114583333333333 0.4658203125 0.4010416666666667 0.4638671875 0.3932291666666667 0.4658203125 0.3763020833333333 0.4697265625 0.37109375 0.4794921875 0.3658854166666667 0.4873046875 0.3671875
0 0.349609375 0.4036458333333333 0.35546875 0.4114583333333333 0.361328125 0.4283854166666667 0.3623046875 0.44140625 0.359375 0.4466145833333333 0.3603515625 0.4557291666666667 0.345703125 0.4674479166666667 0.3388671875 0.4765625 0.3291015625 0.4986979166666667 0.3203125 0.5078125 0.3076171875 0.5078125 0.3017578125 0.50390625 0.2978515625 0.49609375 0.2978515625 0.4856770833333333 0.3056640625 0.46484375 0.306640625 0.4466145833333333 0.3125 0.4401041666666667 0.3134765625 0.4231770833333333 0.32421875 0.4075520833333333 0.3330078125 0.40234375 0.3486328125 0.4036458333333333
0 0.322265625 0.6276041666666666 0.3271484375 0.6302083333333334 0.3291015625 0.63671875 0.3310546875 0.6627604166666666 0.328125 0.6783854166666666 0.3154296875 0.6953125 0.318359375 0.7434895833333334 0.3154296875 0.7513020833333334 0.302734375 0.7604166666666666 0.294921875 0.76953125 0.29296875 0.7734375 0.29296875 0.7825520833333334 0.2890625 0.7877604166666666 0.2978515625 0.796875 0.2998046875 0.8059895833333334 0.3037109375 0.8125 0.3037109375 0.8216145833333334 0.2958984375 0.8463541666666666 0.30859375 0.8645833333333334 0.3134765625 0.88671875 0.3134765625 0.8984375 0.3076171875 0.91796875 0.29296875 0.9283854166666666 0.28125 0.9283854166666666 0.2724609375 0.9231770833333334 0.2646484375 0.9127604166666666 0.259765625 0.8997395833333334 0.255859375 0.8802083333333334 0.251953125 0.875 0.2412109375 0.87109375 0.2294921875 0.87109375 0.2216796875 0.8671875 0.2197265625 0.85546875 0.2119140625 0.8450520833333334 0.208984375 0.8346354166666666 0.208984375 0.8020833333333334 0.2080078125 0.7916666666666666 0.2060546875 0.7890625 0.2080078125 0.78515625 0.20703125 0.7682291666666666 0.208984375 0.7630208333333334 0.2060546875 0.75390625 0.201171875 0.7682291666666666 0.2041015625 0.7721354166666666 0.197265625 0.7708333333333334 0.1953125 0.7747395833333334 0.203125 0.7877604166666666 0.1982421875 0.7864583333333334 0.1953125 0.796875 0.1875 0.7981770833333334 0.18359375 0.8020833333333334 0.18359375 0.8072916666666666 0.185546875 0.8098958333333334 0.19140625 0.8098958333333334 0.1904296875 0.8125 0.1787109375 0.8138020833333334 0.1787109375 0.8072916666666666 0.1708984375 0.8072916666666666 0.169921875 0.7955729166666666 0.173828125 0.7838541666666666 0.1669921875 0.7708333333333334 0.1689453125 0.7473958333333334 0.16796875 0.7369791666666666 0.173828125 0.7265625 0.169921875 0.7174479166666666 0.1669921875 0.6953125 0.1650390625 0.6927083333333334 0.1650390625 0.6822916666666666 0.166015625 0.6783854166666666 0.1884765625 0.6692708333333334 0.1943359375 0.671875 0.1982421875 0.6796875 0.20703125 0.6796875 0.22265625 0.6705729166666666 0.234375 0.6705729166666666 0.236328125 0.671875 0.2373046875 0.6809895833333334 0.2431640625 0.6861979166666666 0.2626953125 0.6888020833333334 0.2705078125 0.6809895833333334 0.271484375 0.6640625 0.28515625 0.6432291666666666 0.29296875 0.6380208333333334 0.306640625 0.6341145833333334 0.310546875 0.6302083333333334 0.314453125 0.6315104166666666 0.3212890625 0.6276041666666666
0 0.43359375 0.078125 0.4375 0.08072916666666667 0.4375 0.08463541666666667 0.4345703125 0.08984375 0.431640625 0.08984375 0.4296875 0.09505208333333333 0.4384765625 0.10546875 0.435546875 0.10677083333333333 0.43359375 0.11197916666666667 0.427734375 0.11197916666666667 0.41796875 0.1171875 0.412109375 0.1171875 0.40625 0.11328125 0.4033203125 0.10807291666666667 0.404296875 0.10026041666666667 0.41015625 0.09244791666666667 0.4150390625 0.078125 0.423828125 0.07552083333333333 0.4326171875 0.078125
0 0.0760546875 0.43092447916666665 0.038798828125 0.10080729166666667
0 0.154091796875 0.2489713541666667 0.042548828125 0.08583333333333333
0 0.032373046875 0.14265625 0.037373046875 0.0711328125
0 0.01869140625 0.07635416666666667 0.02564453125 0.0426953125
0 0.925654296875 0.5119010416666666 0.101298828125 0.08567708333333333