0 0.1568627450980392 0.7107843137254902 0.15849673202614378 0.7156862745098039 0.15196078431372548 0.7205882352941176 0.14052287581699346 0.7205882352941176 0.1388888888888889 0.7156862745098039 0.14705882352941177 0.7107843137254902 0.15522875816993464 0.7107843137254902
0 0.1830065359477124 0.8431372549019608 0.18790849673202614 0.8504901960784313 0.18790849673202614 0.8553921568627451 0.1781045751633987 0.8676470588235294 0.17320261437908496 0.8700980392156863 0.15522875816993464 0.8676470588235294 0.1454248366013072 0.8725490196078431 0.1388888888888889 0.8725490196078431 0.1323529411764706 0.8676470588235294 0.13071895424836602 0.8651960784313726 0.1323529411764706 0.8602941176470589 0.1454248366013072 0.8529411764705882 0.1568627450980392 0.8529411764705882 0.17320261437908496 0.8431372549019608 0.18137254901960784 0.8431372549019608
0 0.4297385620915033 0.7328431372549019 0.4362745098039216 0.7254901960784313 0.45098039215686275 0.7254901960784313 0.45588235294117646 0.7279411764705882 0.45751633986928103 0.7328431372549019 0.4493464052287582 0.7377450980392157 0.434640522875817 0.7377450980392157 0.43137254901960786 0.7352941176470589
0 0.4820261437908497 0.7205882352941176 0.4852941176470588 0.7230392156862745 0.48366013071895425 0.7279411764705882 0.46895424836601307 0.7303921568627451 0.4591503267973856 0.7352941176470589 0.43137254901960786 0.7352941176470589 0.43137254901960786 0.7303921568627451 0.4362745098039216 0.7254901960784313 0.4542483660130719 0.7254901960784313 0.4591503267973856 0.7205882352941176 0.4803921568627451 0.7205882352941176
0 0.21241830065359477 0.7892156862745098 0.21568627450980393 0.7916666666666666 0.21568627450980393 0.7990196078431373 0.2042483660130719 0.8112745098039216 0.19281045751633988 0.8112745098039216 0.1895424836601307 0.803921568627451 0.19117647058823528 0.7990196078431373 0.19934640522875818 0.7916666666666666 0.2107843137254902 0.7892156862745098
0 0.3366013071895425 0.7230392156862745 0.3366013071895425 0.7279411764705882 0.32516339869281047 0.7401960784313726 0.3137254901960784 0.7401960784313726 0.31209150326797386 0.7352941176470589 0.315359477124183 0.7303921568627451 0.32516339869281047 0.7279411764705882 0.33169934640522875 0.7205882352941176 0.3349673202614379 0.7230392156862745
0 0.18790849673202614 0.8235294117647058 0.18627450980392157 0.8333333333333334 0.16830065359477125 0.8333333333333334 0.1650326797385621 0.8284313725490197 0.1568627450980392 0.8284313725490197 0.1437908496732026 0.821078431372549 0.14869281045751634 0.8137254901960784 0.17647058823529413 0.8137254901960784 0.18137254901960784 0.8161764705882353 0.18627450980392157 0.8235294117647058
0 0 0.7745098039215687 0.014705882352941176 0.7647058823529411 0.024509803921568627 0.7622549019607843 0.02287581699346405 0.7720588235294118 0.017973856209150325 0.7794117647058824 0 0.7818627450980392 0 0.7769607843137255
0 0.11274509803921569 0.9411764705882353 0.1111111111111111 0.9509803921568627 0.10620915032679738 0.9583333333333334 0.08986928104575163 0.9656862745098039 0.08006535947712418 0.9632352941176471 0.08006535947712418 0.9583333333333334 0.08333333333333333 0.9534313725490197 0.09967320261437909 0.9411764705882353 0.1111111111111111 0.9411764705882353
0 0.2769607843137255 0.7303921568627451 0.024509803921568627 0.014705882352941176
0 0.6421568627450981 0.9240196078431373 0.6470588235294118 0.9264705882352942 0.6535947712418301 0.9362745098039216 0.6535947712418301 0.9411764705882353 0.6568627450980392 0.9485294117647058 0.6503267973856209 0.9583333333333334 0.6176470588235294 0.9558823529411765 0.6111111111111112 0.9485294117647058 0.6127450980392157 0.9411764705882353 0.6209150326797386 0.9264705882352942 0.6274509803921569 0.9215686274509803 0.6405228758169934 0.9240196078431373
0 0.238562091503268 0.7218137254901961 0.026143790849673203 0.012254901960784314
0 0.704248366013072 0.9068627450980392 0.7091503267973857 0.9093137254901961 0.7205882352941176 0.9264705882352942 0.7205882352941176 0.9338235294117647 0.7156862745098039 0.9387254901960784 0.6993464052287581 0.9387254901960784 0.6748366013071896 0.9240196078431373 0.6748366013071896 0.9142156862745098 0.6813725490196079 0.9019607843137255 0.7026143790849673 0.9068627450980392
0 0.1830065359477124 0.8455882352941176 0.18790849673202614 0.8529411764705882 0.18627450980392157 0.8578431372549019 0.1715686274509804 0.8700980392156863 0.16013071895424835 0.8651960784313726 0.1568627450980392 0.8578431372549019 0.1650326797385621 0.8480392156862745 0.18137254901960784 0.8455882352941176
0 0.25980392156862747 0.7720588235294118 0.26143790849673204 0.7745098039215687 0.25980392156862747 0.7818627450980392 0.24673202614379086 0.7892156862745098 0.238562091503268 0.7892156862745098 0.23529411764705882 0.7843137254901961 0.24509803921568626 0.7745098039215687 0.2581699346405229 0.7720588235294118
0 0.12581699346405228 0.9093137254901961 0.13071895424836602 0.9117647058823529 0.13071895424836602 0.9191176470588235 0.11601307189542484 0.9387254901960784 0.11274509803921569 0.9534313725490197 0.10620915032679738 0.9632352941176471 0.1111111111111111 0.9705882352941176 0.10947712418300654 0.9730392156862745 0.11437908496732026 0.9926470588235294 0.11274509803921569 0.9950980392156863 0.08660130718954248 0.9950980392156863 0.08333333333333333 0.9926470588235294 0.0915032679738562 0.9803921568627451 0.09803921568627451 0.9779411764705882 0.10294117647058823 0.9705882352941176 0.10130718954248366 0.9681372549019608 0.09477124183006536 0.9681372549019608 0.08823529411764706 0.9730392156862745 0.08006535947712418 0.9852941176470589 0.07516339869281045 0.9852941176470589 0.0718954248366013 0.9901960784313726 0.06209150326797386 0.9901960784313726 0.06209150326797386 0.9877450980392157 0.06372549019607843 0.9828431372549019 0.06862745098039216 0.9803921568627451 0.07679738562091504 0.9681372549019608 0.08006535947712418 0.9558823529411765 0.08823529411764706 0.946078431372549 0.09640522875816994 0.9411764705882353 0.09313725490196079 0.9338235294117647 0.09313725490196079 0.928921568627451 0.09803921568627451 0.9215686274509803 0.11274509803921569 0.9117647058823529 0.12418300653594772 0.9117647058823529
0 0.3431372549019608 0.7034313725490197 0.34967320261437906 0.7083333333333334 0.3545751633986928 0.7083333333333334 0.3562091503267974 0.7156862745098039 0.35294117647058826 0.7205882352941176 0.3349673202614379 0.7279411764705882 0.3284313725490196 0.7230392156862745 0.33169934640522875 0.7156862745098039 0.3284313725490196 0.7107843137254902 0.32516339869281047 0.7107843137254902 0.3235294117647059 0.7058823529411765 0.33169934640522875 0.7009803921568627 0.33986928104575165 0.7009803921568627 0.3415032679738562 0.7034313725490197
0 0.4820261437908497 0.7205882352941176 0.4852941176470588 0.7230392156862745 0.48366013071895425 0.7279411764705882 0.46895424836601307 0.7303921568627451 0.4673202614379085 0.7328431372549019 0.45751633986928103 0.7328431372549019 0.4542483660130719 0.7254901960784313 0.45588235294117646 0.7230392156862745 0.4591503267973856 0.7205882352941176 0.4803921568627451 0.7205882352941176
0 0.14297385620915032 0.8627450980392157 0.024509803921568627 0.0196078431372549
0 0.2107843137254902 0.7181372549019608 0.20261437908496732 0.7352941176470589 0.19444444444444445 0.7450980392156863 0.184640522875817 0.7426470588235294 0.1830065359477124 0.7401960784313726 0.184640522875817 0.7328431372549019 0.2042483660130719 0.7181372549019608 0.20915032679738563 0.7181372549019608
0 0.09803921568627451 0.7328431372549019 0.09967320261437909 0.7377450980392157 0.0915032679738562 0.7426470588235294 0.0784313725490196 0.7426470588235294 0.07679738562091504 0.7401960784313726 0.08496732026143791 0.7328431372549019 0.09640522875816994 0.7328431372549019
0 0.1895424836601307 0.7647058823529411 0.17973856209150327 0.7794117647058824 0.1715686274509804 0.7769607843137255 0.16993464052287582 0.7745098039215687 0.1715686274509804 0.7671568627450981 0.17320261437908496 0.7647058823529411 0.18790849673202614 0.7647058823529411
0 0.553921568627451 0.7573529411764706 0.5637254901960784 0.7647058823529411 0.5620915032679739 0.7720588235294118 0.5555555555555556 0.7745098039215687 0.5424836601307189 0.7745098039215687 0.5343137254901961 0.7671568627450981 0.5343137254901961 0.7598039215686274 0.5375816993464052 0.7573529411764706 0.5522875816993464 0.7573529411764706
0 0.31781045751633985 0.7598039215686274 0.021241830065359478 0.0196078431372549
0 0.15359477124183007 0.7647058823529411 0.15522875816993464 0.7720588235294118 0.15196078431372548 0.7745098039215687 0.1323529411764706 0.7745098039215687 0.12745098039215685 0.7794117647058824 0.12581699346405228 0.7769607843137255 0.12908496732026145 0.7769607843137255 0.1323529411764706 0.7671568627450981 0.13725490196078433 0.7647058823529411 0.15196078431372548 0.7647058823529411
0 0.14215686274509803 0.7965686274509803 0.14705882352941177 0.7990196078431373 0.14869281045751634 0.803921568627451 0.14705882352941177 0.8088235294117647 0.12908496732026145 0.8112745098039216 0.119281045751634 0.8161764705882353 0.11764705882352941 0.8137254901960784 0.119281045751634 0.803921568627451 0.1323529411764706 0.7965686274509803 0.14052287581699346 0.7965686274509803
0 0.1111111111111111 0.9632352941176471 0.11274509803921569 0.9632352941176471 0.1111111111111111 0.9656862745098039 0.11274509803921569 0.9681372549019608 0.11274509803921569 0.9803921568627451 0.119281045751634 0.9926470588235294 0.11437908496732026 0.9975490196078431 0.08333333333333333 0.9975490196078431 0.0784313725490196 0.9926470588235294 0.08169934640522876 0.9926470588235294 0.08823529411764706 0.9852941176470589 0.09640522875816994 0.9730392156862745 0.09477124183006536 0.9705882352941176 0.08496732026143791 0.9730392156862745 0.07352941176470588 0.9901960784313726 0.06862745098039216 0.9926470588235294 0.06209150326797386 0.9926470588235294 0.06045751633986928 0.9901960784313726 0.06372549019607843 0.9828431372549019 0.07352941176470588 0.9754901960784313 0.08333333333333333 0.9558823529411765 0.0915032679738562 0.9485294117647058 0.10294117647058823 0.9436274509803921 0.10620915032679738 0.946078431372549 0.09477124183006536 0.9558823529411765 0.09313725490196079 0.9583333333333334 0.09477124183006536 0.9607843137254902 0.09803921568627451 0.9607843137254902 0.11274509803921569 0.9485294117647058 0.10620915032679738 0.9583333333333334 0.10947712418300654 0.9632352941176471
0 0.5081699346405228 0.7328431372549019 0.5130718954248366 0.7401960784313726 0.5081699346405228 0.7475490196078431 0.48856209150326796 0.7475490196078431 0.48366013071895425 0.7426470588235294 0.48366013071895425 0.7377450980392157 0.48856209150326796 0.7328431372549019 0.5065359477124183 0.7328431372549019
0 0.5441176470588235 0.7156862745098039 0.5490196078431373 0.7205882352941176 0.545751633986928 0.7279411764705882 0.5261437908496732 0.7279411764705882 0.5228758169934641 0.7254901960784313 0.5245098039215687 0.7181372549019608 0.5277777777777778 0.7156862745098039 0.5424836601307189 0.7156862745098039
0 0.1568627450980392 0.8161764705882353 0.17647058823529413 0.8137254901960784 0.1830065359477124 0.8161764705882353 0.19117647058823528 0.8259803921568627 0.19117647058823528 0.8308823529411765 0.18627450980392157 0.8357843137254902 0.16993464052287582 0.8357843137254902 0.16339869281045752 0.8284313725490197 0.15849673202614378 0.8284313725490197 0.15359477124183007 0.8235294117647058 0.14705882352941177 0.8235294117647058 0.14705882352941177 0.8186274509803921 0.1503267973856209 0.8235294117647058 0.15359477124183007 0.8235294117647058 0.1568627450980392 0.8186274509803921
0 0.576797385620915 0.8553921568627451 0.5784313725490197 0.8578431372549019 0.6062091503267973 0.8602941176470589 0.6078431372549019 0.8627450980392157 0.6225490196078431 0.8651960784313726 0.630718954248366 0.8823529411764706 0.6241830065359477 0.8921568627450981 0.6127450980392157 0.8921568627450981 0.6062091503267973 0.8848039215686274 0.5996732026143791 0.8823529411764706 0.5800653594771242 0.8823529411764706 0.5784313725490197 0.8799019607843137 0.565359477124183 0.8774509803921569 0.5604575163398693 0.8725490196078431 0.5604575163398693 0.8651960784313726 0.5669934640522876 0.8578431372549019 0.5751633986928104 0.8553921568627451
0 0.39215686274509803 0.7107843137254902 0.39869281045751637 0.7205882352941176 0.39705882352941174 0.7230392156862745 0.39052287581699346 0.7230392156862745 0.3758169934640523 0.7377450980392157 0.3627450980392157 0.7352941176470589 0.3611111111111111 0.7254901960784313 0.37254901960784315 0.7156862745098039 0.38235294117647056 0.7107843137254902 0.39052287581699346 0.7107843137254902
0 0.5147058823529411 0.7769607843137255 0.5163398692810458 0.7794117647058824 0.5228758169934641 0.7794117647058824 0.5294117647058824 0.7867647058823529 0.5277777777777778 0.7941176470588235 0.5179738562091504 0.7990196078431373 0.5065359477124183 0.7990196078431373 0.49836601307189543 0.7941176470588235 0.49836601307189543 0.7892156862745098 0.5032679738562091 0.7818627450980392 0.5130718954248366 0.7769607843137255
0 0.4493464052287582 0.7034313725490197 0.4493464052287582 0.7083333333333334 0.4444444444444444 0.7107843137254902 0.43300653594771243 0.7107843137254902 0.4199346405228758 0.7156862745098039 0.41013071895424835 0.7156862745098039 0.4068627450980392 0.7132352941176471 0.4117647058823529 0.7058823529411765 0.4215686274509804 0.7058823529411765 0.43137254901960786 0.7009803921568627 0.44607843137254904 0.7009803921568627 0.4477124183006536 0.7034313725490197
0 0.3349673202614379 0.6985294117647058 0.3415032679738562 0.7009803921568627 0.3431372549019608 0.7058823529411765 0.3382352941176471 0.7107843137254902 0.32516339869281047 0.7107843137254902 0.3235294117647059 0.7034313725490197 0.3333333333333333 0.7009803921568627
0 0.18790849673202614 0.9142156862745098 0.0392156862745098 0.0392156862745098
0 0.6029411764705882 0.7941176470588235 0.6094771241830066 0.8014705882352942 0.6078431372549019 0.8063725490196079 0.5996732026143791 0.8112745098039216 0.5947712418300654 0.8186274509803921 0.5751633986928104 0.821078431372549 0.5735294117647058 0.8235294117647058 0.5620915032679739 0.8186274509803921 0.5669934640522876 0.8088235294117647 0.576797385620915 0.803921568627451 0.5866013071895425 0.7941176470588235 0.6013071895424836 0.7941176470588235
0 0.13071895424836602 0.9117647058823529 0.13071895424836602 0.9166666666666666 0.12745098039215685 0.9240196078431373 0.11764705882352941 0.9338235294117647 0.09640522875816994 0.9338235294117647 0.09477124183006536 0.928921568627451 0.10457516339869281 0.9166666666666666 0.11437908496732026 0.9117647058823529 0.12908496732026145 0.9117647058823529
0 0.14705882352941177 0.8995098039215687 0.14215686274509803 0.8946078431372549 0.14215686274509803 0.8823529411764706 0.14705882352941177 0.875 0.15196078431372548 0.8725490196078431 0.16013071895424835 0.8725490196078431 0.16666666666666666 0.8823529411764706 0.1650326797385621 0.8897058823529411 0.15359477124183007 0.8970588235294118 0.14869281045751634 0.8970588235294118