0 0.4387254901960784 0.7173202614379085 0.44362745098039214 0.7189542483660131 0.45098039215686275 0.7271241830065359 0.45098039215686275 0.7352941176470589 0.4387254901960784 0.7450980392156863 0.4264705882352941 0.75 0.40441176470588236 0.7516339869281046 0.39215686274509803 0.7565359477124183 0.3627450980392157 0.7630718954248366 0.3602941176470588 0.7581699346405228 0.36764705882352944 0.7516339869281046 0.375 0.7352941176470589 0.3872549019607843 0.7222222222222222 0.39705882352941174 0.7173202614379085 0.4068627450980392 0.7156862745098039 0.42892156862745096 0.7156862745098039 0.4362745098039216 0.7173202614379085
0 0.5392156862745098 0.5408496732026143 0.5441176470588235 0.5441176470588235 0.5441176470588235 0.553921568627451 0.5392156862745098 0.5604575163398693 0.5220588235294118 0.5686274509803921 0.5122549019607843 0.5686274509803921 0.5073529411764706 0.5735294117647058 0.5073529411764706 0.576797385620915 0.4877450980392157 0.5784313725490197 0.4852941176470588 0.5800653594771242 0.4803921568627451 0.5784313725490197 0.4583333333333333 0.5784313725490197 0.45098039215686275 0.5751633986928104 0.4485294117647059 0.5702614379084967 0.45098039215686275 0.5620915032679739 0.4632352941176471 0.5571895424836601 0.4730392156862745 0.5571895424836601 0.49754901960784315 0.5473856209150327 0.5073529411764706 0.5490196078431373 0.5245098039215687 0.5408496732026143 0.5367647058823529 0.5408496732026143
0 0.48284313725490197 0.6029411764705882 0.4852941176470588 0.6045751633986928 0.4852941176470588 0.6127450980392157 0.47058823529411764 0.6225490196078431 0.46568627450980393 0.6323529411764706 0.4583333333333333 0.6372549019607843 0.4485294117647059 0.6372549019607843 0.44607843137254904 0.6356209150326797 0.44362745098039214 0.6274509803921569 0.4485294117647059 0.6176470588235294 0.46568627450980393 0.6062091503267973 0.4803921568627451 0.6029411764705882
0 0.5686274509803921 0.48366013071895425 0.5808823529411765 0.48856209150326796 0.5833333333333334 0.49836601307189543 0.5759803921568627 0.5049019607843137 0.5661764705882353 0.5081699346405228 0.5441176470588235 0.5081699346405228 0.5367647058823529 0.5065359477124183 0.5294117647058824 0.5032679738562091 0.5269607843137255 0.49673202614379086 0.5269607843137255 0.4934640522875817 0.5318627450980392 0.48856209150326796 0.553921568627451 0.48366013071895425 0.5661764705882353 0.48366013071895425
0 0.8455882352941176 0.5547385620915033 0.0392156862745098 0.027777777777777776
0 0.2034313725490196 0.8643790849673203 0.2181372549019608 0.8676470588235294 0.23529411764705882 0.8790849673202614 0.23774509803921567 0.8839869281045751 0.23774509803921567 0.8937908496732027 0.22058823529411764 0.9133986928104575 0.20833333333333334 0.9215686274509803 0.16666666666666666 0.9395424836601307 0.15441176470588236 0.9411764705882353 0.14705882352941177 0.9444444444444444 0.13970588235294118 0.9411764705882353 0.13480392156862744 0.9428104575163399 0.11764705882352941 0.9411764705882353 0.10049019607843138 0.9477124183006536 0.0857843137254902 0.9444444444444444 0.0784313725490196 0.9313725490196079 0.0784313725490196 0.9117647058823529 0.08088235294117647 0.9101307189542484 0.08088235294117647 0.9019607843137255 0.08823529411764706 0.8986928104575164 0.1053921568627451 0.8839869281045751 0.10784313725490197 0.8790849673202614 0.11519607843137254 0.8741830065359477 0.15196078431372548 0.8660130718954249 0.20098039215686275 0.8643790849673203
0 0.47549019607843135 0.6699346405228758 0.4803921568627451 0.6715686274509803 0.4803921568627451 0.6797385620915033 0.4730392156862745 0.6879084967320261 0.4583333333333333 0.696078431372549 0.4485294117647059 0.696078431372549 0.44607843137254904 0.6977124183006536 0.4215686274509804 0.696078431372549 0.4166666666666667 0.6944444444444444 0.4166666666666667 0.6895424836601307 0.44607843137254904 0.6748366013071896 0.46078431372549017 0.6699346405228758 0.4730392156862745 0.6699346405228758
0 0.041666666666666664 0.4820261437908497 0.041666666666666664 0.4852941176470588 0.03431372549019608 0.49019607843137253 0.012254901960784314 0.49836601307189543 0 0.49836601307189543 0 0.49019607843137253 0.02696078431372549 0.4820261437908497 0.0392156862745098 0.4820261437908497
0 0.5367647058823529 0.5408496732026143 0.5441176470588235 0.5473856209150327 0.5416666666666666 0.5571895424836601 0.5318627450980392 0.5637254901960784 0.5220588235294118 0.5669934640522876 0.5073529411764706 0.5669934640522876 0.5024509803921569 0.5637254901960784 0.5024509803921569 0.5571895424836601 0.5147058823529411 0.545751633986928 0.5269607843137255 0.5408496732026143 0.5343137254901961 0.5408496732026143
0 0.48284313725490197 0.6699346405228758 0.5 0.6781045751633987 0.5 0.6862745098039216 0.4950980392156863 0.6895424836601307 0.49019607843137253 0.6977124183006536 0.47058823529411764 0.7026143790849673 0.4264705882352941 0.7009803921568627 0.4166666666666667 0.696078431372549 0.41421568627450983 0.6911764705882353 0.41911764705882354 0.6862745098039216 0.4387254901960784 0.6764705882352942 0.4583333333333333 0.6699346405228758 0.46568627450980393 0.6683006535947712 0.47794117647058826 0.6683006535947712 0.4803921568627451 0.6699346405228758
0 0.25980392156862747 0.4068627450980392 0.2622549019607843 0.4068627450980392 0.25735294117647056 0.41013071895424835 0.23774509803921567 0.4166666666666667 0.23039215686274508 0.41830065359477125 0.22058823529411764 0.4166666666666667 0.2181372549019608 0.4133986928104575 0.22303921568627452 0.41013071895424835 0.24509803921568626 0.40522875816993464 0.25735294117647056 0.40522875816993464
0 0.6617647058823529 0.3709150326797386 0.11274509803921569 0.08823529411764706
0 0.12377450980392157 0.3880718954248366 0.058823529411764705 0.029411764705882353
0 0.23284313725490197 0.3709150326797386 0.07352941176470588 0.027777777777777776
0 0.34191176470588236 0.3480392156862745 0.05392156862745098 0.029411764705882353
0 0.6470588235294118 0.2696078431372549 0.061274509803921566 0.042483660130718956
0 0.46691176470588236 0.3202614379084967 0.09313725490196079 0.024509803921568627
0 0.7561274509803921 0.4910130718954248 0.0661764705882353 0.07026143790849673
0 0.9620098039215687 0.6535947712418301 0.07598039215686274 0.10294117647058823
0 0.8590686274509803 0.6151960784313726 0.06862745098039216 0.03104575163398693
0 0.8431372549019608 0.45751633986928103 0.061274509803921566 0.058823529411764705
0 0.9595588235294118 0.41421568627450983 0.07352941176470588 0.06045751633986928