0 0.7279411764705882 0.4084967320261438 0.7524509803921569 0.4166666666666667 0.7573529411764706 0.4166666666666667 0.803921568627451 0.4411764705882353 0.8088235294117647 0.4477124183006536 0.8088235294117647 0.45588235294117646 0.803921568627451 0.46078431372549017 0.7965686274509803 0.4624183006535948 0.7892156862745098 0.46078431372549017 0.7450980392156863 0.46078431372549017 0.7303921568627451 0.45588235294117646 0.7205882352941176 0.45588235294117646 0.7083333333333334 0.4444444444444444 0.6813725490196079 0.4395424836601307 0.6617647058823529 0.4297385620915033 0.6593137254901961 0.4215686274509804 0.6715686274509803 0.4133986928104575 0.6887254901960784 0.4084967320261438 0.7034313725490197 0.4084967320261438 0.7058823529411765 0.4068627450980392 0.7230392156862745 0.4068627450980392 0.7254901960784313 0.4084967320261438
0 0.5343137254901961 0.5147058823529411 0.5465686274509803 0.5147058823529411 0.5759803921568627 0.5212418300653595 0.5808823529411765 0.5196078431372549 0.5833333333333334 0.5212418300653595 0.6029411764705882 0.5212418300653595 0.6299019607843137 0.5294117647058824 0.6372549019607843 0.5359477124183006 0.6446078431372549 0.5359477124183006 0.6495098039215687 0.5408496732026143 0.6568627450980392 0.5408496732026143 0.6666666666666666 0.5441176470588235 0.6740196078431373 0.5424836601307189 0.7083333333333334 0.5441176470588235 0.7279411764705882 0.5506535947712419 0.7450980392156863 0.5522875816993464 0.7720588235294118 0.5620915032679739 0.7916666666666666 0.5735294117647058 0.803921568627451 0.576797385620915 0.8161764705882353 0.5866013071895425 0.821078431372549 0.5980392156862745 0.8186274509803921 0.6127450980392157 0.8088235294117647 0.6225490196078431 0.8014705882352942 0.6241830065359477 0.803921568627451 0.6290849673202614 0.8014705882352942 0.630718954248366 0.7916666666666666 0.6290849673202614 0.7867647058823529 0.6323529411764706 0.7745098039215687 0.6323529411764706 0.7671568627450981 0.6356209150326797 0.7598039215686274 0.6356209150326797 0.7573529411764706 0.6388888888888888 0.7524509803921569 0.6388888888888888 0.7401960784313726 0.6437908496732027 0.7328431372549019 0.6437908496732027 0.7205882352941176 0.6372549019607843 0.6764705882352942 0.6241830065359477 0.6666666666666666 0.6225490196078431 0.6617647058823529 0.6241830065359477 0.6421568627450981 0.6241830065359477 0.6397058823529411 0.6225490196078431 0.625 0.6225490196078431 0.6151960784313726 0.619281045751634 0.6029411764705882 0.619281045751634 0.5882352941176471 0.6160130718954249 0.5735294117647058 0.6094771241830066 0.5588235294117647 0.5996732026143791 0.5514705882352942 0.5866013071895425 0.5416666666666666 0.5833333333333334 0.5220588235294118 0.5849673202614379 0.5196078431372549 0.5866013071895425 0.49264705882352944 0.5833333333333334 0.4803921568627451 0.576797385620915 0.47549019607843135 0.5702614379084967 0.47549019607843135 0.5620915032679739 0.47794117647058826 0.5604575163398693 0.47549019607843135 0.5408496732026143 0.5 0.5261437908496732 0.5343137254901961 0.5163398692810458
0 0.4852941176470588 0.26633986928104575 0.49754901960784315 0.2696078431372549 0.5171568627450981 0.27124183006535946 0.5343137254901961 0.27941176470588236 0.5490196078431373 0.2826797385620915 0.553921568627451 0.28921568627450983 0.5416666666666666 0.2957516339869281 0.5147058823529411 0.2957516339869281 0.5049019607843137 0.29248366013071897 0.49754901960784315 0.29248366013071897 0.48284313725490197 0.2957516339869281 0.46078431372549017 0.2957516339869281 0.4583333333333333 0.2973856209150327 0.45588235294117646 0.2957516339869281 0.44362745098039214 0.3006535947712418 0.3897058823529412 0.3006535947712418 0.38235294117647056 0.2957516339869281 0.38480392156862747 0.28921568627450983 0.41421568627450983 0.28431372549019607 0.41911764705882354 0.28104575163398693 0.42892156862745096 0.28104575163398693 0.44362745098039214 0.27450980392156865 0.4485294117647059 0.27450980392156865 0.45588235294117646 0.2696078431372549 0.48284313725490197 0.26633986928104575
0 0.6862745098039216 0.5424836601307189 0.6887254901960784 0.5441176470588235 0.7156862745098039 0.545751633986928 0.7230392156862745 0.5490196078431373 0.7524509803921569 0.553921568627451 0.7720588235294118 0.5620915032679739 0.7843137254901961 0.5702614379084967 0.803921568627451 0.576797385620915 0.8186274509803921 0.5898692810457516 0.821078431372549 0.6013071895424836 0.8161764705882353 0.6127450980392157 0.7990196078431373 0.6241830065359477 0.7916666666666666 0.6225490196078431 0.7892156862745098 0.6241830065359477 0.7769607843137255 0.6241830065359477 0.7720588235294118 0.6290849673202614 0.75 0.6356209150326797 0.7426470588235294 0.6339869281045751 0.7352941176470589 0.6356209150326797 0.7181372549019608 0.6339869281045751 0.6764705882352942 0.6225490196078431 0.6348039215686274 0.6225490196078431 0.6323529411764706 0.6209150326797386 0.5980392156862745 0.6176470588235294 0.5808823529411765 0.6127450980392157 0.5612745098039216 0.5996732026143791 0.553921568627451 0.5735294117647058 0.5759803921568627 0.5588235294117647 0.5906862745098039 0.5522875816993464 0.6078431372549019 0.5506535947712419 0.6421568627450981 0.5424836601307189 0.6642156862745098 0.5424836601307189 0.6666666666666666 0.5441176470588235 0.6838235294117647 0.5424836601307189
0 0.7794117647058824 0.7826797385620915 0.7965686274509803 0.7859477124183006 0.8014705882352942 0.7892156862745098 0.8137254901960784 0.7924836601307189 0.8235294117647058 0.7908496732026143 0.8357843137254902 0.7924836601307189 0.8431372549019608 0.7908496732026143 0.8700980392156863 0.795751633986928 0.8774509803921569 0.8006535947712419 0.9044117647058824 0.8104575163398693 0.9142156862745098 0.8169934640522876 0.9166666666666666 0.826797385620915 0.928921568627451 0.8333333333333334 0.9313725490196079 0.8415032679738562 0.9387254901960784 0.8464052287581699 0.9485294117647058 0.8464052287581699 0.9583333333333334 0.8513071895424836 0.9705882352941176 0.8529411764705882 0.9926470588235294 0.8676470588235294 0.9975490196078431 0.8774509803921569 0.9975490196078431 0.9428104575163399 0.9950980392156863 0.9444444444444444 0.9975490196078431 0.9477124183006536 0.9975490196078431 0.9673202614379085 0.9950980392156863 0.9689542483660131 0.9338235294117647 0.9673202614379085 0.9240196078431373 0.9640522875816994 0.9166666666666666 0.9640522875816994 0.9044117647058824 0.9591503267973857 0.8970588235294118 0.9591503267973857 0.8725490196078431 0.9493464052287581 0.8651960784313726 0.9444444444444444 0.8431372549019608 0.9428104575163399 0.8259803921568627 0.9379084967320261 0.7892156862745098 0.9133986928104575 0.7818627450980392 0.9183006535947712 0.7696078431372549 0.9166666666666666 0.7647058823529411 0.9133986928104575 0.7622549019607843 0.9150326797385621 0.7573529411764706 0.9052287581699346 0.75 0.9068627450980392 0.7401960784313726 0.9019607843137255 0.7426470588235294 0.8937908496732027 0.7475490196078431 0.8888888888888888 0.7549019607843137 0.8888888888888888 0.7598039215686274 0.8839869281045751 0.7622549019607843 0.8839869281045751 0.7622549019607843 0.8905228758169934 0.7671568627450981 0.8937908496732027 0.7720588235294118 0.8954248366013072 0.7769607843137255 0.8937908496732027 0.7794117647058824 0.8888888888888888 0.7745098039215687 0.8872549019607843 0.7769607843137255 0.8823529411764706 0.7745098039215687 0.8790849673202614 0.7794117647058824 0.8741830065359477 0.7794117647058824 0.869281045751634 0.7720588235294118 0.8594771241830066 0.7254901960784313 0.8284313725490197 0.7205882352941176 0.8284313725490197 0.7083333333333334 0.8202614379084967 0.7058823529411765 0.8169934640522876 0.7058823529411765 0.8055555555555556 0.7107843137254902 0.7990196078431373 0.7254901960784313 0.7892156862745098 0.7352941176470589 0.7908496732026143 0.75 0.7843137254901961 0.7769607843137255 0.7826797385620915
0 0.5931372549019608 0.3741830065359477 0.6078431372549019 0.3839869281045752 0.6053921568627451 0.3872549019607843 0.6053921568627451 0.4019607843137255 0.6102941176470589 0.40522875816993464 0.6397058823529411 0.41013071895424835 0.6495098039215687 0.4150326797385621 0.6495098039215687 0.42483660130718953 0.6421568627450981 0.4411764705882353 0.6323529411764706 0.4493464052287582 0.6176470588235294 0.4542483660130719 0.6029411764705882 0.4542483660130719 0.5906862745098039 0.4493464052287582 0.5857843137254902 0.4444444444444444 0.5857843137254902 0.4362745098039216 0.5882352941176471 0.434640522875817 0.5833333333333334 0.4264705882352941 0.5367647058823529 0.4264705882352941 0.5122549019607843 0.434640522875817 0.47058823529411764 0.434640522875817 0.45588235294117646 0.42483660130718953 0.45588235294117646 0.4215686274509804 0.46568627450980393 0.4133986928104575 0.47794117647058826 0.4133986928104575 0.49019607843137253 0.4084967320261438 0.4950980392156863 0.40522875816993464 0.49754901960784315 0.39869281045751637 0.5024509803921569 0.39869281045751637 0.5073529411764706 0.3937908496732026 0.5098039215686274 0.39869281045751637 0.5147058823529411 0.39705882352941174 0.5122549019607843 0.39052287581699346 0.5024509803921569 0.3872549019607843 0.5073529411764706 0.3790849673202614 0.5147058823529411 0.3741830065359477 0.5196078431372549 0.37254901960784315 0.5465686274509803 0.37254901960784315 0.5490196078431373 0.3709150326797386 0.5906862745098039 0.3741830065359477
0 0.9607843137254902 0.7369281045751634 0.9877450980392157 0.7450980392156863 0.9975490196078431 0.7516339869281046 0.9975490196078431 0.8169934640522876 0.9852941176470589 0.8104575163398693 0.9754901960784313 0.8006535947712419 0.9730392156862745 0.7941176470588235 0.9754901960784313 0.7924836601307189 0.9754901960784313 0.7859477124183006 0.9730392156862745 0.7843137254901961 0.9583333333333334 0.7859477124183006 0.9632352941176471 0.7826797385620915 0.9509803921568627 0.7728758169934641 0.9240196078431373 0.7663398692810458 0.9142156862745098 0.7581699346405228 0.9142156862745098 0.7483660130718954 0.9264705882352942 0.738562091503268 0.9313725490196079 0.7369281045751634 0.9583333333333334 0.7369281045751634
0 0.5490196078431373 0.5147058823529411 0.571078431372549 0.5212418300653595 0.5980392156862745 0.5245098039215687 0.6176470588235294 0.5310457516339869 0.625 0.5359477124183006 0.625 0.5424836601307189 0.6200980392156863 0.545751633986928 0.5906862745098039 0.5506535947712419 0.5784313725490197 0.5571895424836601 0.571078431372549 0.5588235294117647 0.5490196078431373 0.5735294117647058 0.5490196078431373 0.5833333333333334 0.5367647058823529 0.5816993464052288 0.5098039215686274 0.5866013071895425 0.4852941176470588 0.5816993464052288 0.47794117647058826 0.5751633986928104 0.47549019607843135 0.5718954248366013 0.4730392156862745 0.5408496732026143 0.5024509803921569 0.5245098039215687 0.5245098039215687 0.5196078431372549 0.5367647058823529 0.5130718954248366 0.5465686274509803 0.5147058823529411
0 0.5147058823529411 0.6633986928104575 0.5171568627450981 0.6650326797385621 0.5490196078431373 0.6650326797385621 0.5588235294117647 0.6699346405228758 0.5686274509803921 0.6715686274509803 0.5735294117647058 0.6764705882352942 0.5784313725490197 0.6764705882352942 0.5833333333333334 0.6797385620915033 0.5857843137254902 0.6879084967320261 0.6078431372549019 0.7124183006535948 0.6078431372549019 0.7189542483660131 0.6029411764705882 0.7287581699346405 0.6029411764705882 0.738562091503268 0.5955882352941176 0.75 0.5882352941176471 0.7549019607843137 0.5759803921568627 0.7581699346405228 0.553921568627451 0.7581699346405228 0.5514705882352942 0.7565359477124183 0.5171568627450981 0.7549019607843137 0.5 0.7516339869281046 0.47794117647058826 0.7418300653594772 0.4485294117647059 0.7418300653594772 0.44607843137254904 0.7434640522875817 0.42892156862745096 0.7320261437908496 0.42892156862745096 0.7287581699346405 0.42401960784313725 0.7238562091503268 0.42401960784313725 0.7075163398692811 0.4264705882352941 0.7058823529411765 0.4264705882352941 0.6928104575163399 0.42892156862745096 0.6895424836601307 0.4387254901960784 0.6830065359477124 0.46568627450980393 0.6764705882352942 0.4803921568627451 0.6699346405228758 0.4877450980392157 0.6699346405228758 0.5024509803921569 0.6650326797385621 0.5122549019607843 0.6650326797385621
0 0.5122549019607843 0.3104575163398693 0.5294117647058824 0.3137254901960784 0.5367647058823529 0.31209150326797386 0.5588235294117647 0.31209150326797386 0.5612745098039216 0.31862745098039214 0.5490196078431373 0.33169934640522875 0.5269607843137255 0.3382352941176471 0.5098039215686274 0.3382352941176471 0.47794117647058826 0.35294117647058826 0.4534313725490196 0.3545751633986928 0.45098039215686275 0.3562091503267974 0.4338235294117647 0.3562091503267974 0.42892156862745096 0.35947712418300654 0.4215686274509804 0.35947712418300654 0.4117647058823529 0.3627450980392157 0.3946078431372549 0.3611111111111111 0.35294117647058826 0.35130718954248363 0.34558823529411764 0.3464052287581699 0.34558823529411764 0.3431372549019608 0.35294117647058826 0.3382352941176471 0.4019607843137255 0.3202614379084967 0.42401960784313725 0.31862745098039214 0.4264705882352941 0.31699346405228757 0.4534313725490196 0.31699346405228757 0.4583333333333333 0.3137254901960784 0.47549019607843135 0.3137254901960784 0.4950980392156863 0.3088235294117647 0.5073529411764706 0.3088235294117647 0.5098039215686274 0.3104575163398693
0 0.4681372549019608 0.4477124183006536 0.47058823529411764 0.4493464052287582 0.4803921568627451 0.4493464052287582 0.4852941176470588 0.4526143790849673 0.4852941176470588 0.46078431372549017 0.4730392156862745 0.4722222222222222 0.47549019607843135 0.4820261437908497 0.4681372549019608 0.49019607843137253 0.4387254901960784 0.5016339869281046 0.4166666666666667 0.5065359477124183 0.39705882352941174 0.5065359477124183 0.3946078431372549 0.5081699346405228 0.36764705882352944 0.5098039215686274 0.35294117647058826 0.5049019607843137 0.34558823529411764 0.5049019607843137 0.3284313725490196 0.511437908496732 0.3112745098039216 0.511437908496732 0.30392156862745096 0.5065359477124183 0.29901960784313725 0.49836601307189543 0.29901960784313725 0.4738562091503268 0.3112745098039216 0.4624183006535948 0.3235294117647059 0.46078431372549017 0.33088235294117646 0.4542483660130719 0.35294117647058826 0.4477124183006536 0.3627450980392157 0.4493464052287582 0.3799019607843137 0.4493464052287582 0.39950980392156865 0.44607843137254904 0.4166666666666667 0.44607843137254904 0.41911764705882354 0.4477124183006536 0.4534313725490196 0.4477124183006536 0.4583333333333333 0.44607843137254904 0.46568627450980393 0.4477124183006536
0 0.8480392156862745 0.6797385620915033 0.8602941176470589 0.6879084967320261 0.8578431372549019 0.6993464052287581 0.8529411764705882 0.704248366013072 0.8529411764705882 0.7189542483660131 0.8651960784313726 0.7418300653594772 0.8651960784313726 0.7483660130718954 0.8700980392156863 0.7549019607843137 0.8700980392156863 0.7647058823529411 0.8578431372549019 0.7761437908496732 0.8333333333333334 0.7826797385620915 0.821078431372549 0.7826797385620915 0.8186274509803921 0.7810457516339869 0.7843137254901961 0.7777777777777778 0.7745098039215687 0.7712418300653595 0.7696078431372549 0.761437908496732 0.7720588235294118 0.7483660130718954 0.7671568627450981 0.738562091503268 0.7671568627450981 0.7205882352941176 0.7696078431372549 0.7156862745098039 0.7965686274509803 0.7009803921568627 0.8014705882352942 0.6911764705882353 0.8112745098039216 0.6813725490196079 0.8186274509803921 0.6797385620915033 0.8455882352941176 0.6797385620915033
0 0.6274509803921569 0.3366013071895425 0.6519607843137255 0.34477124183006536 0.6593137254901961 0.34967320261437906 0.6642156862745098 0.35784313725490197 0.6642156862745098 0.3611111111111111 0.6593137254901961 0.3660130718954248 0.6495098039215687 0.36764705882352944 0.6446078431372549 0.3709150326797386 0.6323529411764706 0.3741830065359477 0.6102941176470589 0.3741830065359477 0.5931372549019608 0.36764705882352944 0.5882352941176471 0.36764705882352944 0.5735294117647058 0.3627450980392157 0.553921568627451 0.3480392156862745 0.553921568627451 0.34477124183006536 0.5661764705882353 0.3382352941176471 0.5833333333333334 0.3333333333333333 0.6151960784313726 0.3333333333333333 0.625 0.3366013071895425
0 0.7107843137254902 0.46895424836601307 0.7254901960784313 0.4722222222222222 0.7524509803921569 0.4869281045751634 0.7867647058823529 0.4950980392156863 0.8014705882352942 0.5065359477124183 0.8014705882352942 0.5163398692810458 0.7941176470588235 0.5228758169934641 0.7843137254901961 0.5261437908496732 0.7647058823529411 0.5261437908496732 0.7573529411764706 0.5228758169934641 0.7524509803921569 0.5228758169934641 0.7352941176470589 0.5147058823529411 0.7254901960784313 0.5147058823529411 0.7107843137254902 0.5212418300653595 0.6936274509803921 0.5228758169934641 0.6862745098039216 0.5261437908496732 0.6691176470588235 0.5261437908496732 0.6666666666666666 0.5277777777777778 0.6642156862745098 0.5261437908496732 0.6617647058823529 0.5277777777777778 0.6446078431372549 0.5261437908496732 0.6299019607843137 0.5179738562091504 0.625 0.5081699346405228 0.6274509803921569 0.4918300653594771 0.6397058823529411 0.4820261437908497 0.6495098039215687 0.4820261437908497 0.6691176470588235 0.4738562091503268 0.6838235294117647 0.4722222222222222 0.6985294117647058 0.4673202614379085 0.7083333333333334 0.46895424836601307
0 0.29534313725490197 0.2181372549019608 0.11764705882352941 0.011437908496732025
0 0.3394607843137255 0.28022875816993464 0.058823529411764705 0.03594771241830065
0 0.3014705882352941 0.19526143790849673 0.1053921568627451 0.017973856209150325
0 0.29411764705882354 0.16748366013071894 0.12254901960784313 0.017973856209150325