0 0.5 0.7663398692810458 0.5049019607843137 0.7745098039215687 0.5049019607843137 0.7859477124183006 0.49754901960784315 0.7892156862745098 0.46568627450980393 0.7892156862745098 0.45588235294117646 0.7859477124183006 0.45588235294117646 0.7794117647058824 0.46568627450980393 0.7712418300653595 0.4877450980392157 0.7647058823529411 0.49754901960784315 0.7663398692810458
0 0.5588235294117647 0.7516339869281046 0.5661764705882353 0.7532679738562091 0.571078431372549 0.7581699346405228 0.571078431372549 0.7761437908496732 0.5637254901960784 0.7843137254901961 0.5563725490196079 0.7859477124183006 0.5490196078431373 0.7908496732026143 0.5441176470588235 0.7859477124183006 0.5269607843137255 0.7777777777777778 0.5269607843137255 0.7728758169934641 0.5220588235294118 0.7696078431372549 0.5171568627450981 0.7696078431372549 0.5147058823529411 0.7647058823529411 0.5171568627450981 0.7598039215686274 0.5245098039215687 0.7581699346405228 0.5318627450980392 0.7532679738562091 0.5563725490196079 0.7516339869281046
0 0.4877450980392157 0.7156862745098039 0.4950980392156863 0.7205882352941176 0.4803921568627451 0.7303921568627451 0.47058823529411764 0.7303921568627451 0.46078431372549017 0.7238562091503268 0.4730392156862745 0.7156862745098039 0.4852941176470588 0.7156862745098039
0 0.48284313725490197 0.6258169934640523 0.5 0.6258169934640523 0.5049019607843137 0.6290849673202614 0.5049019607843137 0.6323529411764706 0.5 0.6356209150326797 0.49264705882352944 0.6356209150326797 0.48284313725490197 0.6323529411764706 0.4803921568627451 0.6290849673202614 0.48284313725490197 0.6274509803921569
0 0.44607843137254904 0.7712418300653595 0.4485294117647059 0.7728758169934641 0.45098039215686275 0.7712418300653595 0.4534313725490196 0.7843137254901961 0.46568627450980393 0.7924836601307189 0.46568627450980393 0.795751633986928 0.4583333333333333 0.8006535947712419 0.41911764705882354 0.8006535947712419 0.41421568627450983 0.7973856209150327 0.4117647058823529 0.7892156862745098 0.4166666666666667 0.7777777777777778 0.4362745098039216 0.7712418300653595 0.44362745098039214 0.7728758169934641
0 0.49019607843137253 0.761437908496732 0.49754901960784315 0.7630718954248366 0.5049019607843137 0.7696078431372549 0.5049019607843137 0.7777777777777778 0.5073529411764706 0.7794117647058824 0.5049019607843137 0.7859477124183006 0.4950980392156863 0.7908496732026143 0.48284313725490197 0.7908496732026143 0.47794117647058826 0.7941176470588235 0.4681372549019608 0.7941176470588235 0.4583333333333333 0.7990196078431373 0.44607843137254904 0.7990196078431373 0.44362745098039214 0.8006535947712419 0.4166666666666667 0.7990196078431373 0.41421568627450983 0.7973856209150327 0.41421568627450983 0.7826797385620915 0.4264705882352941 0.7745098039215687 0.4362745098039216 0.7712418300653595 0.45098039215686275 0.7696078431372549 0.4583333333333333 0.7728758169934641 0.47058823529411764 0.7663398692810458 0.47549019607843135 0.7663398692810458 0.4877450980392157 0.761437908496732
0 0.5392156862745098 0.7516339869281046 0.5416666666666666 0.7532679738562091 0.5514705882352942 0.7532679738562091 0.553921568627451 0.7516339869281046 0.5637254901960784 0.7532679738562091 0.5686274509803921 0.7565359477124183 0.5686274509803921 0.7630718954248366 0.5563725490196079 0.7712418300653595 0.5343137254901961 0.7712418300653595 0.5294117647058824 0.7679738562091504 0.5294117647058824 0.7565359477124183 0.5318627450980392 0.7532679738562091 0.5367647058823529 0.7532679738562091
0 0.4681372549019608 0.6503267973856209 0.47058823529411764 0.6519607843137255 0.48284313725490197 0.6503267973856209 0.4877450980392157 0.6535947712418301 0.4877450980392157 0.6568627450980392 0.47549019607843135 0.6601307189542484 0.46568627450980393 0.6601307189542484 0.4583333333333333 0.6568627450980392 0.4583333333333333 0.6535947712418301 0.46568627450980393 0.6503267973856209
0 0.4852941176470588 0.6797385620915033 0.4877450980392157 0.6813725490196079 0.5024509803921569 0.6813725490196079 0.5073529411764706 0.684640522875817 0.5073529411764706 0.6911764705882353 0.49019607843137253 0.6911764705882353 0.47794117647058826 0.6879084967320261 0.4730392156862745 0.684640522875817 0.4730392156862745 0.6813725490196079 0.48284313725490197 0.6797385620915033
0 0.5098039215686274 0.6241830065359477 0.5122549019607843 0.6258169934640523 0.5147058823529411 0.6241830065359477 0.5220588235294118 0.6258169934640523 0.5220588235294118 0.6290849673202614 0.5024509803921569 0.6356209150326797 0.49264705882352944 0.6356209150326797 0.4877450980392157 0.6323529411764706 0.48284313725490197 0.6323529411764706 0.4803921568627451 0.6290849673202614 0.48284313725490197 0.6258169934640523 0.5024509803921569 0.6258169934640523 0.5073529411764706 0.6241830065359477
0 0.5392156862745098 0.9003267973856209 0.5465686274509803 0.9019607843137255 0.553921568627451 0.9101307189542484 0.553921568627451 0.9379084967320261 0.5514705882352942 0.9411764705882353 0.5392156862745098 0.9477124183006536 0.5318627450980392 0.946078431372549 0.5147058823529411 0.934640522875817 0.5122549019607843 0.9297385620915033 0.5024509803921569 0.9215686274509803 0.5049019607843137 0.9166666666666666 0.5196078431372549 0.9068627450980392 0.5294117647058824 0.9019607843137255 0.5367647058823529 0.9019607843137255
0 0.5147058823529411 0.8202614379084967 0.5171568627450981 0.8218954248366013 0.5269607843137255 0.8218954248366013 0.5563725490196079 0.8316993464052288 0.5637254901960784 0.8366013071895425 0.5637254901960784 0.8415032679738562 0.5416666666666666 0.8562091503267973 0.5318627450980392 0.8545751633986928 0.5318627450980392 0.8480392156862745 0.5294117647058824 0.8464052287581699 0.5245098039215687 0.8447712418300654 0.5171568627450981 0.8464052287581699 0.5 0.8415032679738562 0.5 0.8333333333333334 0.5073529411764706 0.8251633986928104 0.5073529411764706 0.8218954248366013 0.5122549019607843 0.8202614379084967
0 0.5183823529411765 0.8423202614379085 0.10049019607843138 0.05065359477124183