0 0.18790849673202614 0.8088235294117647 0.1895424836601307 0.8137254901960784 0.18137254901960784 0.8259803921568627 0.16830065359477125 0.8308823529411765 0.14705882352941177 0.8308823529411765 0.1437908496732026 0.8284313725490197 0.1454248366013072 0.821078431372549 0.15522875816993464 0.8186274509803921 0.1715686274509804 0.8088235294117647 0.18627450980392157 0.8088235294117647
0 0.2826797385620915 0.9558823529411765 0.2908496732026144 0.9632352941176471 0.2908496732026144 0.9681372549019608 0.2957516339869281 0.9754901960784313 0.2957516339869281 0.9803921568627451 0.29248366013071897 0.9852941176470589 0.27941176470588236 0.9926470588235294 0.2565359477124183 0.9926470588235294 0.2549019607843137 0.9852941176470589 0.26143790849673204 0.9607843137254902 0.272875816993464 0.9558823529411765 0.28104575163398693 0.9558823529411765
0 0.24019607843137256 0.8578431372549019 0.24019607843137256 0.8627450980392157 0.2222222222222222 0.8799019607843137 0.19607843137254902 0.8848039215686274 0.17973856209150327 0.8921568627450981 0.16666666666666666 0.8921568627450981 0.15359477124183007 0.8848039215686274 0.15359477124183007 0.8774509803921569 0.16339869281045752 0.8676470588235294 0.1781045751633987 0.8651960784313726 0.18627450980392157 0.8602941176470589 0.19607843137254902 0.8602941176470589 0.20588235294117646 0.8553921568627451 0.2369281045751634 0.8553921568627451 0.238562091503268 0.8578431372549019
0 0.23529411764705882 0.7794117647058824 0.24019607843137256 0.7892156862745098 0.22712418300653595 0.7965686274509803 0.2173202614379085 0.7965686274509803 0.21568627450980393 0.7892156862745098 0.2222222222222222 0.7794117647058824 0.23366013071895425 0.7794117647058824
0 0.2222222222222222 0.8394607843137255 0.058823529411764705 0.02696078431372549
0 0.3055555555555556 0.8676470588235294 0.31209150326797386 0.875 0.31209150326797386 0.8823529411764706 0.3055555555555556 0.8897058823529411 0.28921568627450983 0.8921568627450981 0.2875816993464052 0.8946078431372549 0.2777777777777778 0.8946078431372549 0.272875816993464 0.8897058823529411 0.2761437908496732 0.875 0.28594771241830064 0.8676470588235294 0.30392156862745096 0.8676470588235294
0 0.2761437908496732 0.9068627450980392 0.2777777777777778 0.9142156862745098 0.27450980392156865 0.928921568627451 0.26143790849673204 0.9362745098039216 0.24836601307189543 0.9362745098039216 0.24673202614379086 0.9387254901960784 0.238562091503268 0.9362745098039216 0.2369281045751634 0.928921568627451 0.24836601307189543 0.9117647058823529 0.2581699346405229 0.9044117647058824 0.272875816993464 0.9044117647058824 0.27450980392156865 0.9068627450980392
0 0.25735294117647056 0.7352941176470589 0.024509803921568627 0.031862745098039214
0 0.2785947712418301 0.6911764705882353 0.029411764705882353 0.056372549019607844
0 0.2769607843137255 0.6421568627450981 0.03104575163398693 0.024509803921568627
0 0.27941176470588236 0.6115196078431373 0.027777777777777776 0.029411764705882353