0 0.5708061002178649 0.4869281045751634 0.5708061002178649 0.49019607843137253 0.5620915032679739 0.4950980392156863 0.55119825708061 0.4950980392156863 0.5490196078431373 0.49673202614379086 0.5424836601307189 0.49673202614379086 0.5337690631808278 0.4934640522875817 0.5315904139433552 0.49019607843137253 0.5403050108932462 0.4869281045751634 0.5686274509803921 0.4869281045751634
0 0.4596949891067538 0.5359477124183006 0.4662309368191721 0.5392156862745098 0.4662309368191721 0.5424836601307189 0.4596949891067538 0.5473856209150327 0.4422657952069717 0.5473856209150327 0.4400871459694989 0.5490196078431373 0.4226579520697168 0.5490196078431373 0.420479302832244 0.5506535947712419 0.4117647058823529 0.5490196078431373 0.4139433551198257 0.5441176470588235 0.4466230936819172 0.5359477124183006 0.45751633986928103 0.5359477124183006
0 0.579520697167756 0.46405228758169936 0.5882352941176471 0.46568627450980393 0.5882352941176471 0.47058823529411764 0.5773420479302832 0.47549019607843135 0.5533769063180828 0.47549019607843135 0.5490196078431373 0.4738562091503268 0.55119825708061 0.47058823529411764 0.5642701525054467 0.46568627450980393 0.5773420479302832 0.46405228758169936
0 0.12636165577342048 0.630718954248366 0.13071895424836602 0.6339869281045751 0.1111111111111111 0.6339869281045751 0.08932461873638345 0.6405228758169934 0.0718954248366013 0.6405228758169934 0.06971677559912855 0.6421568627450981 0.04139433551198257 0.6372549019607843 0.0392156862745098 0.6356209150326797 0.05010893246187364 0.6323529411764706 0.1111111111111111 0.6323529411764706 0.11328976034858387 0.630718954248366 0.12418300653594772 0.630718954248366
0 0.5206971677559913 0.5147058823529411 0.5250544662309368 0.5179738562091504 0.5206971677559913 0.5228758169934641 0.514161220043573 0.5245098039215687 0.49673202614379086 0.5245098039215687 0.485838779956427 0.5212418300653595 0.48366013071895425 0.5179738562091504 0.49455337690631807 0.5147058823529411 0.5185185185185185 0.5147058823529411
0 0.14161220043572983 0.6094771241830066 0.14161220043572983 0.6127450980392157 0.13507625272331156 0.6176470588235294 0.11546840958605664 0.619281045751634 0.11328976034858387 0.6209150326797386 0.09586056644880174 0.6209150326797386 0.09368191721132897 0.6225490196078431 0.06535947712418301 0.6225490196078431 0.06318082788671024 0.6176470588235294 0.0718954248366013 0.6143790849673203 0.10675381263616558 0.6111111111111112 0.11764705882352941 0.6078431372549019 0.13725490196078433 0.6078431372549019 0.1394335511982571 0.6094771241830066
0 0.4095860566448802 0.5522875816993464 0.4596949891067538 0.5506535947712419 0.45751633986928103 0.5555555555555556 0.4444444444444444 0.5604575163398693 0.4335511982570806 0.5604575163398693 0.43137254901960786 0.5620915032679739 0.4139433551198257 0.5604575163398693 0.4095860566448802 0.5571895424836601 0.4095860566448802 0.553921568627451
0 0.5816993464052288 0.511437908496732 0.5838779956427015 0.5130718954248366 0.6143790849673203 0.511437908496732 0.6143790849673203 0.5179738562091504 0.6100217864923747 0.5212418300653595 0.5969498910675382 0.5212418300653595 0.5947712418300654 0.5228758169934641 0.5708061002178649 0.5212418300653595 0.5664488017429193 0.5179738562091504 0.5686274509803921 0.5147058823529411 0.579520697167756 0.511437908496732
0 0.2679738562091503 0.5833333333333334 0.28322440087145967 0.5751633986928104 0.2984749455337691 0.5702614379084967 0.32679738562091504 0.5702614379084967 0.32679738562091504 0.5751633986928104 0.3137254901960784 0.5816993464052288 0.2962962962962963 0.5849673202614379 0.2679738562091503 0.5849673202614379
0 0.2440087145969499 0.6160130718954249 0.2440087145969499 0.619281045751634 0.23529411764705882 0.6258169934640523 0.21350762527233116 0.630718954248366 0.18736383442265794 0.630718954248366 0.1830065359477124 0.6290849673202614 0.1830065359477124 0.6258169934640523 0.2178649237472767 0.6209150326797386 0.23311546840958605 0.6143790849673203 0.24183006535947713 0.6160130718954249
0 0.3115468409586057 0.5947712418300654 0.3137254901960784 0.5947712418300654 0.3115468409586057 0.5980392156862745 0.2984749455337691 0.6045751633986928 0.2701525054466231 0.6045751633986928 0.26143790849673204 0.6013071895424836 0.26143790849673204 0.5980392156862745 0.27233115468409586 0.5947712418300654 0.3093681917211329 0.5947712418300654
0 0.6143790849673203 0.4803921568627451 0.616557734204793 0.4803921568627451 0.6122004357298475 0.48366013071895425 0.5969498910675382 0.49019607843137253 0.5773420479302832 0.49019607843137253 0.5751633986928104 0.4869281045751634 0.579520697167756 0.48366013071895425 0.5882352941176471 0.4820261437908497 0.5947712418300654 0.477124183006536 0.6122004357298475 0.47875816993464054
0 0.5098039215686274 0.5326797385620915 0.5163398692810458 0.5359477124183006 0.5163398692810458 0.5392156862745098 0.5076252723311547 0.545751633986928 0.48366013071895425 0.545751633986928 0.48148148148148145 0.5424836601307189 0.485838779956427 0.5375816993464052 0.49455337690631807 0.5343137254901961 0.5076252723311547 0.5326797385620915
0 0.5642701525054467 0.5032679738562091 0.5686274509803921 0.5065359477124183 0.5664488017429193 0.511437908496732 0.5403050108932462 0.5179738562091504 0.5250544662309368 0.5163398692810458 0.5185185185185185 0.511437908496732 0.5206971677559913 0.5081699346405228 0.5250544662309368 0.5065359477124183 0.5424836601307189 0.5065359477124183 0.55119825708061 0.5032679738562091 0.5620915032679739 0.5032679738562091
0 0.4596949891067538 0.5359477124183006 0.4662309368191721 0.5392156862745098 0.4596949891067538 0.553921568627451 0.4444444444444444 0.5604575163398693 0.4335511982570806 0.5604575163398693 0.43137254901960786 0.5620915032679739 0.4139433551198257 0.5604575163398693 0.4074074074074074 0.5555555555555556 0.4095860566448802 0.5473856209150327 0.41830065359477125 0.5424836601307189 0.42483660130718953 0.5424836601307189 0.4466230936819172 0.5359477124183006 0.45751633986928103 0.5359477124183006
0 0.4008714596949891 0.5718954248366013 0.4074074074074074 0.5735294117647058 0.4074074074074074 0.5784313725490197 0.40305010893246185 0.5849673202614379 0.39869281045751637 0.5866013071895425 0.37254901960784315 0.5866013071895425 0.3681917211328976 0.5849673202614379 0.37254901960784315 0.5800653594771242 0.3877995642701525 0.5735294117647058 0.39869281045751637 0.5718954248366013