0 0.5645424836601307 0.7111111111111111 0.13398692810457516 0.10123456790123457
0 0.7091503267973857 0.7617283950617284 0.05718954248366013 0.11358024691358025
0 0.7034313725490197 0.6407407407407407 0.07352941176470588 0.06666666666666667
0 0.6070261437908496 0.6185185185185185 0.10947712418300654 0.07654320987654321
0 0.5285947712418301 0.8888888888888888 0.13071895424836602 0.10864197530864197
0 0.7181372549019608 0.9395061728395062 0.14052287581699346 0.12098765432098765
0 0.8235294117647058 0.928395061728395 0.0718954248366013 0.14320987654320988
0 0.7859477124183006 0.7296296296296296 0.12745098039215685 0.1037037037037037
0 0.9117647058823529 0.8987654320987655 0.16666666666666666 0.1728395061728395
0 0.9395424836601307 0.725925925925926 0.06699346405228758 0.06666666666666667
0 0.9681372549019608 0.7950617283950617 0.06372549019607843 0.07407407407407407
0 0.821078431372549 0.6530864197530865 0.07026143790849673 0.04691358024691358
0 0.7532679738562091 0.5876543209876544 0.06372549019607843 0.044444444444444446
0 0.6887254901960784 0.5432098765432098 0.08169934640522876 0.04197530864197531
0 0.5016339869281046 0.5962962962962963 0.0915032679738562 0.07654320987654321
0 0.5759803921568627 0.5037037037037037 0.05228758169934641 0.037037037037037035
0 0.6977124183006536 0.48271604938271606 0.05228758169934641 0.037037037037037035
0 0.7965686274509803 0.5049382716049383 0.05065359477124183 0.07407407407407407
0 0.920751633986928 0.6037037037037037 0.10620915032679738 0.06172839506172839
0 0.8880718954248366 0.5333333333333333 0.04738562091503268 0.04691358024691358
0 0.6062091503267973 0.445679012345679 0.04411764705882353 0.0345679012345679