0 0.25326797385620914 0.7254901960784313 0.2630718954248366 0.7328431372549019 0.2761437908496732 0.7328431372549019 0.28431372549019607 0.7401960784313726 0.28921568627450983 0.7475490196078431 0.2875816993464052 0.7573529411764706 0.29248366013071897 0.7696078431372549 0.2908496732026144 0.7720588235294118 0.25980392156862747 0.7696078431372549 0.2565359477124183 0.7745098039215687 0.25 0.7745098039215687 0.24183006535947713 0.7671568627450981 0.23039215686274508 0.7671568627450981 0.21895424836601307 0.7598039215686274 0.21568627450980393 0.7549019607843137 0.2173202614379085 0.7401960784313726 0.22549019607843138 0.7303921568627451 0.23366013071895425 0.7254901960784313 0.25163398692810457 0.7254901960784313
0 0.3088235294117647 0.6151960784313726 0.31699346405228757 0.6200980392156863 0.31699346405228757 0.625 0.31209150326797386 0.6274509803921569 0.3006535947712418 0.625 0.2957516339869281 0.6176470588235294 0.30718954248366015 0.6151960784313726
0 0.18627450980392157 0.7769607843137255 0.19117647058823528 0.7794117647058824 0.20098039215686275 0.7916666666666666 0.20261437908496732 0.8112745098039216 0.2042483660130719 0.8137254901960784 0.20098039215686275 0.821078431372549 0.18790849673202614 0.8259803921568627 0.17647058823529413 0.821078431372549 0.17483660130718953 0.8137254901960784 0.16830065359477125 0.8063725490196079 0.16830065359477125 0.7916666666666666 0.16666666666666666 0.7892156862745098 0.16666666666666666 0.7794117647058824 0.16993464052287582 0.7769607843137255 0.184640522875817 0.7769607843137255
0 0.3349673202614379 0.6102941176470589 0.3382352941176471 0.6151960784313726 0.3333333333333333 0.6225490196078431 0.32189542483660133 0.6225490196078431 0.31862745098039214 0.6200980392156863 0.31862745098039214 0.6151960784313726 0.32189542483660133 0.6102941176470589 0.32679738562091504 0.6078431372549019 0.3333333333333333 0.6102941176470589
0 0.1715686274509804 0.8700980392156863 0.1830065359477124 0.875 0.184640522875817 0.8872549019607843 0.18137254901960784 0.8970588235294118 0.17320261437908496 0.9093137254901961 0.17320261437908496 0.9142156862745098 0.1503267973856209 0.9485294117647058 0.1437908496732026 0.9411764705882353 0.14215686274509803 0.9313725490196079 0.13725490196078433 0.9240196078431373 0.1323529411764706 0.928921568627451 0.1323529411764706 0.9338235294117647 0.12908496732026145 0.9387254901960784 0.12254901960784313 0.9411764705882353 0.10620915032679738 0.9411764705882353 0.10457516339869281 0.9436274509803921 0.10294117647058823 0.9411764705882353 0.08986928104575163 0.9411764705882353 0.08660130718954248 0.9362745098039216 0.08986928104575163 0.9215686274509803 0.09313725490196079 0.9166666666666666 0.10130718954248366 0.9117647058823529 0.12091503267973856 0.9093137254901961 0.12908496732026145 0.8946078431372549 0.13725490196078433 0.8872549019607843 0.16176470588235295 0.8725490196078431 0.16993464052287582 0.8725490196078431
0 0.3104575163398693 0.5919117647058824 0.02287581699346405 0.01715686274509804
0 0.32189542483660133 0.5906862745098039 0.3366013071895425 0.6127450980392157 0.3366013071895425 0.6176470588235294 0.33169934640522875 0.6225490196078431 0.31862745098039214 0.6225490196078431 0.3104575163398693 0.6274509803921569 0.3006535947712418 0.625 0.2973856209150327 0.6200980392156863 0.29901960784313725 0.6151960784313726 0.3104575163398693 0.6151960784313726 0.3137254901960784 0.6102941176470589 0.3006535947712418 0.6004901960784313 0.29901960784313725 0.5980392156862745 0.29901960784313725 0.5882352941176471 0.30392156862745096 0.5833333333333334 0.315359477124183 0.5833333333333334 0.3202614379084967 0.5906862745098039
0 0.3480392156862745 0.5490196078431373 0.3562091503267974 0.5563725490196079 0.3545751633986928 0.5612745098039216 0.3431372549019608 0.5612745098039216 0.33986928104575165 0.5563725490196079 0.33986928104575165 0.5514705882352942 0.3464052287581699 0.5490196078431373
0 0.2647058823529412 0.678921568627451 0.2761437908496732 0.6985294117647058 0.2761437908496732 0.7058823529411765 0.2679738562091503 0.7132352941176471 0.2565359477124183 0.7083333333333334 0.24673202614379086 0.696078431372549 0.24673202614379086 0.6838235294117647 0.25 0.678921568627451 0.2565359477124183 0.6764705882352942 0.2630718954248366 0.678921568627451
0 0.35784313725490197 0.48284313725490197 0.369281045751634 0.49019607843137253 0.369281045751634 0.49264705882352944 0.32189542483660133 0.49019607843137253 0.31862745098039214 0.4877450980392157 0.32189542483660133 0.48284313725490197 0.3349673202614379 0.48284313725490197 0.3366013071895425 0.4803921568627451 0.3562091503267974 0.48284313725490197
0 0.3872549019607843 0.5416666666666666 0.39052287581699346 0.5441176470588235 0.39052287581699346 0.5490196078431373 0.369281045751634 0.5490196078431373 0.37745098039215685 0.5416666666666666 0.38562091503267976 0.5416666666666666
0 0.3937908496732026 0.5147058823529411 0.4150326797385621 0.5171568627450981 0.42483660130718953 0.5294117647058824 0.4215686274509804 0.5343137254901961 0.3937908496732026 0.5318627450980392 0.3888888888888889 0.5269607843137255 0.3937908496732026 0.5171568627450981
0 0.32189542483660133 0.6642156862745098 0.32516339869281047 0.6691176470588235 0.3235294117647059 0.6764705882352942 0.29248366013071897 0.6764705882352942 0.28921568627450983 0.6813725490196079 0.28431372549019607 0.6813725490196079 0.2777777777777778 0.6740196078431373 0.2826797385620915 0.6666666666666666 0.29248366013071897 0.6691176470588235 0.29901960784313725 0.6642156862745098 0.3088235294117647 0.6642156862745098 0.3104575163398693 0.6617647058823529 0.3202614379084967 0.6642156862745098
0 0.3366013071895425 0.5784313725490197 0.3431372549019608 0.5735294117647058 0.3480392156862745 0.5759803921568627 0.35784313725490197 0.571078431372549 0.3627450980392157 0.571078431372549 0.37254901960784315 0.5784313725490197 0.369281045751634 0.5833333333333334 0.3382352941176471 0.5808823529411765
0 0.3660130718954248 0.5269607843137255 0.3758169934640523 0.5269607843137255 0.380718954248366 0.5318627450980392 0.380718954248366 0.5343137254901961 0.3709150326797386 0.5343137254901961 0.3660130718954248 0.5294117647058824
0 0.25980392156862747 0.6446078431372549 0.27450980392156865 0.6299019607843137 0.2908496732026144 0.6323529411764706 0.29411764705882354 0.6372549019607843 0.29248366013071897 0.6470588235294118 0.27941176470588236 0.6495098039215687 0.272875816993464 0.6544117647058824 0.26143790849673204 0.6470588235294118
0 0.5392156862745098 0.5588235294117647 0.5506535947712419 0.5588235294117647 0.5555555555555556 0.5637254901960784 0.5490196078431373 0.5661764705882353 0.5392156862745098 0.5612745098039216