0 0.25980392156862747 0.8137254901960784 0.029411764705882353 0.0784313725490196
0 0.3006535947712418 0.8566176470588235 0.0457516339869281 0.06862745098039216
0 0.3333333333333333 0.7830882352941176 0.0392156862745098 0.0661764705882353
0 0.30637254901960786 0.7303921568627451 0.042483660130718956 0.049019607843137254
0 0.3382352941176471 0.6691176470588235 0.026143790849673203 0.07598039215686274
0 0.3611111111111111 0.7107843137254902 0.016339869281045753 0.05392156862745098
0 0.44607843137254904 0.6973039215686274 0.03758169934640523 0.058823529411764705
0 0.8905228758169934 0.8713235294117647 0.10620915032679738 0.11274509803921569
0 0.09967320261437909 0.803921568627451 0.06045751633986928 0.049019607843137254
0 0.1968954248366013 0.7659313725490197 0.05718954248366013 0.022058823529411766
0 0.14950980392156862 0.8933823529411765 0.05555555555555555 0.04411764705882353
0 0.3341503267973856 0.5870098039215687 0.029411764705882353 0.031862745098039214
0 0.39133986928104575 0.6029411764705882 0.03431372549019608 0.029411764705882353
0 0.494281045751634 0.6029411764705882 0.03758169934640523 0.029411764705882353
0 0.6397058823529411 0.5931372549019608 0.03758169934640523 0.049019607843137254