0 0.38562091503267976 0.6839506172839506 0.40032679738562094 0.6839506172839506 0.40522875816993464 0.6864197530864198 0.41013071895424835 0.6962962962962963 0.4150326797385621 0.6987654320987654 0.4264705882352941 0.7185185185185186 0.434640522875817 0.725925925925926 0.43300653594771243 0.7308641975308642 0.434640522875817 0.7432098765432099 0.4411764705882353 0.7481481481481481 0.44281045751633985 0.7604938271604939 0.4526143790849673 0.7753086419753087 0.4526143790849673 0.7851851851851852 0.45588235294117646 0.7901234567901234 0.45588235294117646 0.7975308641975308 0.4624183006535948 0.8098765432098766 0.4624183006535948 0.8222222222222222 0.46405228758169936 0.8246913580246914 0.4624183006535948 0.8296296296296296 0.46568627450980393 0.8469135802469135 0.46568627450980393 0.854320987654321 0.4624183006535948 0.8592592592592593 0.4591503267973856 0.8567901234567902 0.45588235294117646 0.8666666666666667 0.4591503267973856 0.8814814814814815 0.46405228758169936 0.8864197530864197 0.4624183006535948 0.8888888888888888 0.46405228758169936 0.8938271604938272 0.4591503267973856 0.9037037037037037 0.46405228758169936 0.9061728395061729 0.46568627450980393 0.9012345679012346 0.46568627450980393 0.9111111111111111 0.47058823529411764 0.9209876543209876 0.46568627450980393 0.9358024691358025 0.4673202614379085 0.9530864197530864 0.4624183006535948 0.9629629629629629 0.46405228758169936 0.9777777777777777 0.4591503267973856 0.9827160493827161 0.4591503267973856 0.9876543209876543 0.45588235294117646 0.9851851851851852 0.4493464052287582 0.9876543209876543 0.44607843137254904 0.9925925925925926 0.4362745098039216 0.9901234567901235 0.434640522875817 0.9876543209876543 0.4362745098039216 0.9827160493827161 0.4297385620915033 0.9728395061728395 0.4215686274509804 0.9753086419753086 0.4264705882352941 0.9654320987654321 0.42320261437908496 0.9604938271604938 0.42320261437908496 0.9555555555555556 0.4150326797385621 0.945679012345679 0.40522875816993464 0.9679012345679012 0.4019607843137255 0.9876543209876543 0.39215686274509803 0.9925925925925926 0.3709150326797386 0.9925925925925926 0.369281045751634 0.9876543209876543 0.36764705882352944 0.9925925925925926 0.35947712418300654 0.9925925925925926 0.35947712418300654 0.980246913580247 0.3660130718954248 0.9703703703703703 0.36764705882352944 0.9604938271604938 0.37254901960784315 0.9530864197530864 0.3741830065359477 0.9308641975308642 0.3790849673202614 0.9234567901234568 0.380718954248366 0.9135802469135802 0.3872549019607843 0.9037037037037037 0.39052287581699346 0.8888888888888888 0.40032679738562094 0.8765432098765432 0.40032679738562094 0.8666666666666667 0.4035947712418301 0.8567901234567902 0.40522875816993464 0.8419753086419753 0.4133986928104575 0.8296296296296296 0.41830065359477125 0.817283950617284 0.4199346405228758 0.8049382716049382 0.4264705882352941 0.7851851851851852 0.42320261437908496 0.7777777777777778 0.42320261437908496 0.7728395061728395 0.4199346405228758 0.7679012345679013 0.41830065359477125 0.7481481481481481 0.4068627450980392 0.7160493827160493 0.3954248366013072 0.6987654320987654 0.3872549019607843 0.691358024691358 0.38562091503267976 0.6864197530864198
0 0.6568627450980392 0.7160493827160493 0.6584967320261438 0.7135802469135802 0.6748366013071896 0.7160493827160493 0.696078431372549 0.725925925925926 0.7058823529411765 0.7333333333333333 0.7352941176470589 0.7432098765432099 0.75 0.7555555555555555 0.7549019607843137 0.7555555555555555 0.7581699346405228 0.7604938271604939 0.7728758169934641 0.7654320987654321 0.7908496732026143 0.7802469135802469 0.8251633986928104 0.7950617283950617 0.8366013071895425 0.8049382716049382 0.8496732026143791 0.8098765432098766 0.8578431372549019 0.817283950617284 0.8741830065359477 0.8222222222222222 0.8954248366013072 0.837037037037037 0.9003267973856209 0.837037037037037 0.9084967320261438 0.8444444444444444 0.9264705882352942 0.8518518518518519 0.9379084967320261 0.8617283950617284 0.9656862745098039 0.8740740740740741 0.9771241830065359 0.8839506172839506 0.9869281045751634 0.8864197530864197 0.9983660130718954 0.8938271604938272 0.9983660130718954 0.9111111111111111 0.9918300653594772 0.9111111111111111 0.9820261437908496 0.9037037037037037 0.9722222222222222 0.9012345679012346 0.9640522875816994 0.8938271604938272 0.9379084967320261 0.8814814814814815 0.9133986928104575 0.8641975308641975 0.8986928104575164 0.8592592592592593 0.8921568627450981 0.8518518518518519 0.8709150326797386 0.8419753086419753 0.8627450980392157 0.8345679012345679 0.8447712418300654 0.8271604938271605 0.8137254901960784 0.8049382716049382 0.8006535947712419 0.8 0.7810457516339869 0.7876543209876543 0.7745098039215687 0.7876543209876543 0.7532679738562091 0.7703703703703704 0.7450980392156863 0.7703703703703704 0.7075163398692811 0.7432098765432099 0.6683006535947712 0.7234567901234568 0.6633986928104575 0.7234567901234568 0.6584967320261438 0.7185185185185186
0 0.434640522875817 0.7925925925925926 0.4362745098039216 0.7950617283950617 0.43790849673202614 0.8222222222222222 0.4362745098039216 0.8246913580246914 0.4362745098039216 0.8345679012345679 0.43300653594771243 0.8395061728395061 0.43300653594771243 0.8469135802469135 0.4297385620915033 0.854320987654321 0.43137254901960786 0.8592592592592593 0.4297385620915033 0.8617283950617284 0.4297385620915033 0.8740740740740741 0.4264705882352941 0.8864197530864197 0.4264705882352941 0.9061728395061729 0.42483660130718953 0.908641975308642 0.42483660130718953 0.9160493827160494 0.43137254901960786 0.9234567901234568 0.42483660130718953 0.9259259259259259 0.4117647058823529 0.9481481481481482 0.40032679738562094 0.9876543209876543 0.39705882352941174 0.9925925925925926 0.3758169934640523 0.9950617283950617 0.3709150326797386 0.9925925925925926 0.37254901960784315 0.980246913580247 0.37745098039215685 0.9728395061728395 0.3758169934640523 0.9654320987654321 0.3790849673202614 0.9604938271604938 0.380718954248366 0.9506172839506173 0.39215686274509803 0.928395061728395 0.3954248366013072 0.9061728395061729 0.40522875816993464 0.8888888888888888 0.40522875816993464 0.8765432098765432 0.4068627450980392 0.8740740740740741 0.40522875816993464 0.8716049382716049 0.41013071895424835 0.854320987654321 0.4133986928104575 0.8493827160493828 0.4150326797385621 0.8296296296296296 0.42483660130718953 0.8049382716049382 0.42483660130718953 0.8 0.42810457516339867 0.7950617283950617 0.43300653594771243 0.7950617283950617
0 0.4133986928104575 0.745679012345679 0.4215686274509804 0.7555555555555555 0.43137254901960786 0.7876543209876543 0.434640522875817 0.7925925925925926 0.43137254901960786 0.7975308641975308 0.434640522875817 0.8049382716049382 0.43300653594771243 0.8123456790123457 0.43137254901960786 0.817283950617284 0.42810457516339867 0.8148148148148148 0.42483660130718953 0.8197530864197531 0.42483660130718953 0.8246913580246914 0.41830065359477125 0.8320987654320988 0.4166666666666667 0.8469135802469135 0.4084967320261438 0.8617283950617284 0.4035947712418301 0.8864197530864197 0.39052287581699346 0.9185185185185185 0.39052287581699346 0.928395061728395 0.380718954248366 0.9506172839506173 0.3790849673202614 0.9679012345679012 0.3741830065359477 0.9753086419753086 0.36764705882352944 0.9925925925925926 0.35130718954248363 0.9925925925925926 0.34967320261437906 0.9950617283950617 0.3366013071895425 0.9925925925925926 0.3366013071895425 0.9876543209876543 0.34477124183006536 0.9679012345679012 0.34477124183006536 0.9629629629629629 0.35130718954248363 0.9506172839506173 0.35130718954248363 0.9432098765432099 0.35784313725490197 0.9209876543209876 0.3709150326797386 0.8962962962962963 0.37254901960784315 0.8814814814814815 0.3758169934640523 0.8716049382716049 0.380718954248366 0.8666666666666667 0.380718954248366 0.8567901234567902 0.3872549019607843 0.8493827160493828 0.39052287581699346 0.837037037037037 0.3954248366013072 0.8296296296296296 0.39869281045751637 0.8098765432098766 0.4019607843137255 0.8049382716049382 0.4019607843137255 0.8 0.41013071895424835 0.7777777777777778 0.41013071895424835 0.762962962962963 0.4133986928104575 0.7481481481481481
0 0.7009803921568627 0.691358024691358 0.7075163398692811 0.6888888888888889 0.7189542483660131 0.691358024691358 0.7418300653594772 0.7086419753086419 0.7581699346405228 0.7135802469135802 0.7728758169934641 0.7234567901234568 0.7843137254901961 0.725925925925926 0.7941176470588235 0.7333333333333333 0.8055555555555556 0.7358024691358025 0.826797385620915 0.7481481481481481 0.8496732026143791 0.7530864197530864 0.8594771241830066 0.7604938271604939 0.8823529411764706 0.7679012345679013 0.8954248366013072 0.7777777777777778 0.9101307189542484 0.782716049382716 0.923202614379085 0.7925925925925926 0.9362745098039216 0.7950617283950617 0.9411764705882353 0.8 0.9509803921568627 0.8024691358024691 0.9722222222222222 0.8148148148148148 0.9836601307189542 0.817283950617284 0.9950980392156863 0.8246913580246914 0.9983660130718954 0.8296296296296296 0.9950980392156863 0.8395061728395061 0.9934640522875817 0.8419753086419753 0.9918300653594772 0.8395061728395061 0.9852941176470589 0.8395061728395061 0.9836601307189542 0.8345679012345679 0.9787581699346405 0.8345679012345679 0.9444444444444444 0.817283950617284 0.9313725490196079 0.8197530864197531 0.9199346405228758 0.8074074074074075 0.9101307189542484 0.8049382716049382 0.8937908496732027 0.7925925925925926 0.8839869281045751 0.7901234567901234 0.8676470588235294 0.7802469135802469 0.8627450980392157 0.7802469135802469 0.8578431372549019 0.7753086419753087 0.8529411764705882 0.782716049382716 0.8545751633986928 0.7851851851851852 0.8545751633986928 0.7950617283950617 0.8513071895424836 0.7950617283950617 0.8513071895424836 0.7876543209876543 0.8464052287581699 0.7851851851851852 0.8513071895424836 0.782716049382716 0.8513071895424836 0.7753086419753087 0.8480392156862745 0.7703703703703704 0.8366013071895425 0.7703703703703704 0.8349673202614379 0.7753086419753087 0.8398692810457516 0.7777777777777778 0.8415032679738562 0.782716049382716 0.8333333333333334 0.7851851851851852 0.8300653594771242 0.7925925925925926 0.8349673202614379 0.8 0.8415032679738562 0.8 0.8480392156862745 0.8074074074074075 0.8545751633986928 0.8049382716049382 0.8545751633986928 0.8098765432098766 0.8578431372549019 0.8148148148148148 0.8709150326797386 0.817283950617284 0.8741830065359477 0.8222222222222222 0.8823529411764706 0.8222222222222222 0.8872549019607843 0.8296296296296296 0.8905228758169934 0.8296296296296296 0.8986928104575164 0.837037037037037 0.9150326797385621 0.8419753086419753 0.923202614379085 0.8493827160493828 0.9281045751633987 0.8493827160493828 0.9411764705882353 0.8617283950617284 0.9509803921568627 0.8641975308641975 0.9673202614379085 0.8765432098765432 0.9820261437908496 0.8814814814814815 0.9983660130718954 0.8962962962962963 0.9983660130718954 0.9037037037037037 0.9950980392156863 0.908641975308642 0.988562091503268 0.908641975308642 0.9836601307189542 0.9037037037037037 0.9787581699346405 0.9037037037037037 0.9558823529411765 0.8888888888888888 0.9509803921568627 0.8888888888888888 0.9428104575163399 0.8814814814814815 0.934640522875817 0.8790123456790123 0.9133986928104575 0.8641975308641975 0.8986928104575164 0.8592592592592593 0.8921568627450981 0.8518518518518519 0.8790849673202614 0.8469135802469135 0.8496732026143791 0.8271604938271605 0.8398692810457516 0.8246913580246914 0.8366013071895425 0.8197530864197531 0.8300653594771242 0.817283950617284 0.8186274509803921 0.8074074074074075 0.7990196078431373 0.8 0.795751633986928 0.7950617283950617 0.7859477124183006 0.7925925925925926 0.7810457516339869 0.7876543209876543 0.7696078431372549 0.7851851851851852 0.761437908496732 0.7753086419753087 0.7581699346405228 0.7753086419753087 0.7532679738562091 0.7703703703703704 0.7434640522875817 0.7703703703703704 0.7352941176470589 0.7604938271604939 0.7320261437908496 0.7604938271604939 0.7205882352941176 0.7506172839506173 0.7156862745098039 0.7506172839506173 0.6944444444444444 0.7358024691358025 0.6895424836601307 0.7358024691358025 0.6584967320261438 0.7209876543209877 0.6470588235294118 0.7086419753086419 0.6503267973856209 0.6962962962962963 0.6519607843137255 0.6987654320987654 0.6617647058823529 0.6962962962962963 0.6650326797385621 0.7012345679012346 0.6683006535947712 0.7012345679012346 0.6764705882352942 0.7086419753086419 0.6813725490196079 0.7160493827160493 0.684640522875817 0.7086419753086419 0.6879084967320261 0.7086419753086419 0.6911764705882353 0.7135802469135802 0.6993464052287581 0.7111111111111111 0.704248366013072 0.7012345679012346 0.7026143790849673 0.6938271604938272
0 0.4068627450980392 0.7333333333333333 0.4117647058823529 0.7382716049382716 0.4150326797385621 0.7580246913580246 0.41013071895424835 0.7703703703703704 0.41013071895424835 0.782716049382716 0.4035947712418301 0.7851851851851852 0.40032679738562094 0.7901234567901234 0.40522875816993464 0.7950617283950617 0.40522875816993464 0.8 0.40032679738562094 0.8123456790123457 0.40032679738562094 0.817283950617284 0.39215686274509803 0.8320987654320988 0.39215686274509803 0.8493827160493828 0.3839869281045752 0.8691358024691358 0.3741830065359477 0.8839506172839506 0.37254901960784315 0.8962962962962963 0.36764705882352944 0.8987654320987655 0.36764705882352944 0.908641975308642 0.3627450980392157 0.9209876543209876 0.35947712418300654 0.9209876543209876 0.3627450980392157 0.9135802469135802 0.35947712418300654 0.908641975308642 0.3611111111111111 0.8987654320987655 0.35784313725490197 0.8938271604938272 0.3627450980392157 0.891358024691358 0.36764705882352944 0.8839506172839506 0.3709150326797386 0.8691358024691358 0.36764705882352944 0.8641975308641975 0.35784313725490197 0.8666666666666667 0.35947712418300654 0.8592592592592593 0.35784313725490197 0.854320987654321 0.35130718954248363 0.8567901234567902 0.34477124183006536 0.8493827160493828 0.3415032679738562 0.8617283950617284 0.3415032679738562 0.8814814814814815 0.3431372549019608 0.8839506172839506 0.3415032679738562 0.8888888888888888 0.3366013071895425 0.8962962962962963 0.33169934640522875 0.8962962962962963 0.3300653594771242 0.9012345679012346 0.3333333333333333 0.9037037037037037 0.32189542483660133 0.9135802469135802 0.3300653594771242 0.9259259259259259 0.3382352941176471 0.9259259259259259 0.3415032679738562 0.9432098765432099 0.35130718954248363 0.945679012345679 0.3480392156862745 0.9604938271604938 0.3415032679738562 0.9604938271604938 0.33169934640522875 0.9777777777777777 0.3284313725490196 0.9728395061728395 0.32189542483660133 0.9728395061728395 0.32189542483660133 0.9679012345679012 0.31862745098039214 0.9629629629629629 0.3137254901960784 0.9654320987654321 0.31699346405228757 0.9703703703703703 0.30718954248366015 0.9753086419753086 0.3022875816993464 0.9753086419753086 0.29901960784313725 0.9703703703703703 0.2957516339869281 0.9728395061728395 0.29901960784313725 0.9679012345679012 0.2957516339869281 0.9629629629629629 0.2908496732026144 0.9629629629629629 0.2875816993464052 0.980246913580247 0.28431372549019607 0.9851851851851852 0.272875816993464 0.9876543209876543 0.2679738562091503 0.9925925925925926 0.25 0.9925925925925926 0.24836601307189543 0.9950617283950617 0.24509803921568626 0.9925925925925926 0.184640522875817 0.9950617283950617 0.21405228758169934 0.9481481481481482 0.2222222222222222 0.9407407407407408 0.23366013071895425 0.9234567901234568 0.2369281045751634 0.9111111111111111 0.24673202614379086 0.8962962962962963 0.2434640522875817 0.891358024691358 0.24019607843137256 0.891358024691358 0.238562091503268 0.8839506172839506 0.238562091503268 0.8740740740740741 0.2434640522875817 0.8666666666666667 0.24509803921568626 0.8567901234567902 0.25163398692810457 0.8567901234567902 0.2549019607843137 0.8493827160493828 0.2826797385620915 0.8493827160493828 0.29248366013071897 0.8345679012345679 0.30718954248366015 0.8271604938271605 0.31209150326797386 0.8148148148148148 0.3202614379084967 0.8098765432098766 0.3235294117647059 0.8049382716049382 0.3235294117647059 0.8 0.3300653594771242 0.7925925925925926 0.3366013071895425 0.7925925925925926 0.3480392156862745 0.8074074074074075 0.35130718954248363 0.8074074074074075 0.3562091503267974 0.8123456790123457 0.35784313725490197 0.8049382716049382 0.3545751633986928 0.8024691358024691 0.35294117647058826 0.7950617283950617 0.3480392156862745 0.8 0.3480392156862745 0.7901234567901234 0.35294117647058826 0.7901234567901234 0.35130718954248363 0.7925925925925926 0.35294117647058826 0.7950617283950617 0.3627450980392157 0.8024691358024691 0.369281045751634 0.7802469135802469 0.37254901960784315 0.7753086419753087 0.3758169934640523 0.7753086419753087 0.3790849673202614 0.7679012345679013 0.3839869281045752 0.7654320987654321 0.3839869281045752 0.7580246913580246 0.3872549019607843 0.7481481481481481 0.40522875816993464 0.7333333333333333
0 0.7222222222222222 0.6962962962962963 0.7238562091503268 0.6987654320987654 0.7303921568627451 0.6987654320987654 0.7434640522875817 0.7086419753086419 0.7549019607843137 0.7111111111111111 0.7696078431372549 0.7209876543209877 0.7859477124183006 0.725925925925926 0.795751633986928 0.7333333333333333 0.8071895424836601 0.7358024691358025 0.8120915032679739 0.7407407407407407 0.8169934640522876 0.7407407407407407 0.8284313725490197 0.7481481481481481 0.8513071895424836 0.7530864197530864 0.8611111111111112 0.7604938271604939 0.8660130718954249 0.7604938271604939 0.8774509803921569 0.7679012345679013 0.8839869281045751 0.7679012345679013 0.8921568627450981 0.7753086419753087 0.9117647058823529 0.782716049382716 0.9150326797385621 0.7876543209876543 0.9313725490196079 0.7950617283950617 0.9379084967320261 0.7950617283950617 0.9428104575163399 0.8 0.9526143790849673 0.8024691358024691 0.9722222222222222 0.8148148148148148 0.9852941176470589 0.817283950617284 0.9901960784313726 0.8222222222222222 0.9983660130718954 0.8246913580246914 0.9983660130718954 0.8395061728395061 0.9934640522875817 0.8395061728395061 0.988562091503268 0.8345679012345679 0.9558823529411765 0.8222222222222222 0.946078431372549 0.8148148148148148 0.9183006535947712 0.8049382716049382 0.9133986928104575 0.8 0.8937908496732027 0.7925925925925926 0.8496732026143791 0.7679012345679013 0.8137254901960784 0.7580246913580246 0.7924836601307189 0.7432098765432099 0.7598039215686274 0.7308641975308642 0.75 0.7234567901234568 0.7450980392156863 0.7234567901234568 0.7156862745098039 0.7037037037037037 0.7124183006535948 0.6987654320987654 0.7205882352941176 0.6962962962962963
0 0.4869281045751634 0.6518518518518519 0.5 0.6567901234567901 0.5098039215686274 0.6641975308641975 0.5261437908496732 0.6888888888888889 0.5294117647058824 0.691358024691358 0.5392156862745098 0.691358024691358 0.5375816993464052 0.6938271604938272 0.5424836601307189 0.7160493827160493 0.5588235294117647 0.7382716049382716 0.5637254901960784 0.7555555555555555 0.576797385620915 0.7753086419753087 0.5784313725490197 0.7851851851851852 0.5849673202614379 0.7975308641975308 0.5866013071895425 0.8098765432098766 0.5931372549019608 0.817283950617284 0.5980392156862745 0.8395061728395061 0.6029411764705882 0.8469135802469135 0.6062091503267973 0.8592592592592593 0.6094771241830066 0.8641975308641975 0.6094771241830066 0.8716049382716049 0.6160130718954249 0.8938271604938272 0.6143790849673203 0.9012345679012346 0.6176470588235294 0.9061728395061729 0.619281045751634 0.9160493827160494 0.6176470588235294 0.928395061728395 0.6225490196078431 0.9382716049382716 0.6225490196078431 0.9555555555555556 0.6258169934640523 0.9679012345679012 0.6241830065359477 0.9753086419753086 0.6258169934640523 0.9925925925925926 0.5980392156862745 0.9925925925925926 0.5947712418300654 0.9827160493827161 0.5964052287581699 0.9777777777777777 0.5915032679738562 0.9679012345679012 0.5849673202614379 0.9703703703703703 0.5866013071895425 0.9753086419753086 0.5849673202614379 0.980246913580247 0.5800653594771242 0.980246913580247 0.5718954248366013 0.9728395061728395 0.5784313725490197 0.9654320987654321 0.5735294117647058 0.9580246913580247 0.5735294117647058 0.9506172839506173 0.5816993464052288 0.9432098765432099 0.5751633986928104 0.9308641975308642 0.5669934640522876 0.9308641975308642 0.5751633986928104 0.928395061728395 0.576797385620915 0.9333333333333333 0.5882352941176471 0.9333333333333333 0.5898692810457516 0.9358024691358025 0.5931372549019608 0.9308641975308642 0.5866013071895425 0.9185185185185185 0.5735294117647058 0.9185185185185185 0.5718954248366013 0.9111111111111111 0.5751633986928104 0.9037037037037037 0.5735294117647058 0.9012345679012346 0.5800653594771242 0.8888888888888888 0.5800653594771242 0.8765432098765432 0.5816993464052288 0.8740740740740741 0.5784313725490197 0.8567901234567902 0.5735294117647058 0.8493827160493828 0.5735294117647058 0.8444444444444444 0.5669934640522876 0.837037037037037 0.5702614379084967 0.8345679012345679 0.5702614379084967 0.8296296296296296 0.565359477124183 0.8197530864197531 0.5637254901960784 0.8098765432098766 0.553921568627451 0.7950617283950617 0.5490196078431373 0.7728395061728395 0.5392156862745098 0.7604938271604939 0.5359477124183006 0.7481481481481481 0.5277777777777778 0.7308641975308642 0.5032679738562091 0.6888888888888889 0.477124183006536 0.6641975308641975 0.4852941176470588 0.6518518518518519
0 0.5620915032679739 0.6641975308641975 0.5669934640522876 0.6691358024691358 0.5702614379084967 0.6666666666666666 0.5718954248366013 0.674074074074074 0.576797385620915 0.6765432098765433 0.576797385620915 0.6814814814814815 0.5833333333333334 0.6938271604938272 0.5898692810457516 0.691358024691358 0.5947712418300654 0.6839506172839506 0.6045751633986928 0.6839506172839506 0.6078431372549019 0.691358024691358 0.6143790849673203 0.691358024691358 0.6160130718954249 0.6888888888888889 0.6225490196078431 0.6987654320987654 0.6274509803921569 0.6938271604938272 0.6258169934640523 0.691358024691358 0.6356209150326797 0.691358024691358 0.6372549019607843 0.6938271604938272 0.6356209150326797 0.7012345679012346 0.6372549019607843 0.7111111111111111 0.6356209150326797 0.7135802469135802 0.6274509803921569 0.7234567901234568 0.619281045751634 0.7234567901234568 0.6143790849673203 0.7308641975308642 0.6062091503267973 0.7358024691358025 0.6013071895424836 0.745679012345679 0.6111111111111112 0.7580246913580246 0.6160130718954249 0.7481481481481481 0.6160130718954249 0.7407407407407407 0.6225490196078431 0.7407407407407407 0.6290849673202614 0.7506172839506173 0.6290849673202614 0.7580246913580246 0.6372549019607843 0.7679012345679013 0.6372549019607843 0.7777777777777778 0.6339869281045751 0.782716049382716 0.6372549019607843 0.7876543209876543 0.6356209150326797 0.8024691358024691 0.6421568627450981 0.8148148148148148 0.6470588235294118 0.817283950617284 0.6405228758169934 0.8222222222222222 0.6339869281045751 0.8222222222222222 0.6323529411764706 0.8271604938271605 0.6339869281045751 0.8345679012345679 0.6405228758169934 0.8444444444444444 0.6454248366013072 0.8691358024691358 0.6503267973856209 0.8790123456790123 0.6601307189542484 0.9111111111111111 0.6666666666666666 0.9209876543209876 0.6699346405228758 0.9209876543209876 0.673202614379085 0.9259259259259259 0.673202614379085 0.9358024691358025 0.6715686274509803 0.9382716049382716 0.6748366013071896 0.9481481481481482 0.6748366013071896 0.9555555555555556 0.6781045751633987 0.9604938271604938 0.6781045751633987 0.9703703703703703 0.684640522875817 0.9827160493827161 0.684640522875817 0.9950617283950617 0.6781045751633987 0.9950617283950617 0.6683006535947712 0.9876543209876543 0.6650326797385621 0.9876543209876543 0.6601307189542484 0.9925925925925926 0.6535947712418301 0.9901234567901235 0.6470588235294118 0.9925925925925926 0.6421568627450981 0.9901234567901235 0.6454248366013072 0.9827160493827161 0.6437908496732027 0.9777777777777777 0.6388888888888888 0.9777777777777777 0.6356209150326797 0.9851851851851852 0.6323529411764706 0.9851851851851852 0.6290849673202614 0.9753086419753086 0.6290849673202614 0.9703703703703703 0.6339869281045751 0.9679012345679012 0.6290849673202614 0.9604938271604938 0.6290849673202614 0.945679012345679 0.630718954248366 0.9432098765432099 0.6290849673202614 0.9259259259259259 0.6225490196078431 0.9160493827160494 0.6225490196078431 0.9037037037037037 0.619281045751634 0.8962962962962963 0.6143790849673203 0.8666666666666667 0.6078431372549019 0.854320987654321 0.6062091503267973 0.8419753086419753 0.6013071895424836 0.8345679012345679 0.5996732026143791 0.8197530864197531 0.5898692810457516 0.8098765432098766 0.5898692810457516 0.7975308641975308 0.5849673202614379 0.7925925925925926 0.5833333333333334 0.7777777777777778 0.576797385620915 0.7679012345679013 0.5735294117647058 0.7679012345679013 0.5735294117647058 0.762962962962963 0.5702614379084967 0.7555555555555555 0.5669934640522876 0.7555555555555555 0.5620915032679739 0.7506172839506173 0.5637254901960784 0.7481481481481481 0.5620915032679739 0.7407407407407407 0.5555555555555556 0.7308641975308642 0.5555555555555556 0.725925925925926 0.5522875816993464 0.7185185185185186 0.5522875816993464 0.7037037037037037 0.5490196078431373 0.6962962962962963 0.5441176470588235 0.6888888888888889 0.5392156862745098 0.6888888888888889 0.5359477124183006 0.6814814814814815 0.5375816993464052 0.6765432098765433 0.5490196078431373 0.6641975308641975 0.5604575163398693 0.6641975308641975
0 0.553921568627451 0.8024691358024691 0.5588235294117647 0.8049382716049382 0.5637254901960784 0.8197530864197531 0.5637254901960784 0.854320987654321 0.565359477124183 0.8567901234567902 0.5637254901960784 0.8641975308641975 0.5637254901960784 0.8814814814814815 0.565359477124183 0.8839506172839506 0.565359477124183 0.8938271604938272 0.5637254901960784 0.8962962962962963 0.565359477124183 0.8987654320987655 0.5620915032679739 0.908641975308642 0.5620915032679739 0.945679012345679 0.5637254901960784 0.9481481481481482 0.5620915032679739 0.9530864197530864 0.5637254901960784 0.9555555555555556 0.5604575163398693 0.9604938271604938 0.5620915032679739 0.9629629629629629 0.5702614379084967 0.9604938271604938 0.5718954248366013 0.9703703703703703 0.5702614379084967 0.9728395061728395 0.565359477124183 0.9703703703703703 0.5637254901960784 0.9753086419753086 0.565359477124183 0.9703703703703703 0.5637254901960784 0.9654320987654321 0.5588235294117647 0.9728395061728395 0.5571895424836601 0.9925925925925926 0.5522875816993464 0.9975308641975309 0.5359477124183006 0.9950617283950617 0.5343137254901961 0.9925925925925926 0.5277777777777778 0.9950617283950617 0.5212418300653595 0.9950617283950617 0.5196078431372549 0.9925925925925926 0.5261437908496732 0.9728395061728395 0.5261437908496732 0.9679012345679012 0.5310457516339869 0.9580246913580247 0.5294117647058824 0.9481481481481482 0.5359477124183006 0.9308641975308642 0.5392156862745098 0.8888888888888888 0.5441176470588235 0.8765432098765432 0.5441176470588235 0.8518518518518519 0.5424836601307189 0.8469135802469135 0.5473856209150327 0.8395061728395061 0.5473856209150327 0.8296296296296296 0.5506535947712419 0.8197530864197531 0.5490196078431373 0.8123456790123457 0.553921568627451 0.8049382716049382
0 0.2369281045751634 0.6666666666666666 0.2434640522875817 0.671604938271605 0.25163398692810457 0.671604938271605 0.25326797385620914 0.6765432098765433 0.25980392156862747 0.6765432098765433 0.26143790849673204 0.674074074074074 0.2696078431372549 0.6765432098765433 0.2679738562091503 0.6888888888888889 0.26143790849673204 0.691358024691358 0.2565359477124183 0.6888888888888889 0.25163398692810457 0.6938271604938272 0.25163398692810457 0.6987654320987654 0.2549019607843137 0.7012345679012346 0.2581699346405229 0.6962962962962963 0.2630718954248366 0.6962962962962963 0.2679738562091503 0.7037037037037037 0.27124183006535946 0.7037037037037037 0.272875816993464 0.7061728395061728 0.27124183006535946 0.7086419753086419 0.27450980392156865 0.7135802469135802 0.28431372549019607 0.7111111111111111 0.28594771241830064 0.7086419753086419 0.28431372549019607 0.7061728395061728 0.28921568627450983 0.7012345679012346 0.2875816993464052 0.6987654320987654 0.2908496732026144 0.6938271604938272 0.2973856209150327 0.691358024691358 0.3022875816993464 0.6839506172839506 0.3006535947712418 0.674074074074074 0.30392156862745096 0.671604938271605 0.3055555555555556 0.674074074074074 0.31699346405228757 0.674074074074074 0.3202614379084967 0.6691358024691358 0.31699346405228757 0.674074074074074 0.3202614379084967 0.6790123456790124 0.3235294117647059 0.6790123456790124 0.3284313725490196 0.6864197530864198 0.3349673202614379 0.6839506172839506 0.3431372549019608 0.6938271604938272 0.3480392156862745 0.691358024691358 0.35130718954248363 0.6938271604938272 0.35294117647058826 0.6864197530864198 0.3562091503267974 0.6839506172839506 0.36437908496732024 0.691358024691358 0.36437908496732024 0.6987654320987654 0.35784313725490197 0.7061728395061728 0.34477124183006536 0.7012345679012346 0.3431372549019608 0.7061728395061728 0.3464052287581699 0.7111111111111111 0.34967320261437906 0.7111111111111111 0.3545751633986928 0.7185185185185186 0.3627450980392157 0.7185185185185186 0.36764705882352944 0.7135802469135802 0.3660130718954248 0.7086419753086419 0.369281045751634 0.7086419753086419 0.37254901960784315 0.7160493827160493 0.3790849673202614 0.7209876543209877 0.38562091503267976 0.7185185185185186 0.39215686274509803 0.7308641975308642 0.39052287581699346 0.7358024691358025 0.39215686274509803 0.7506172839506173 0.3872549019607843 0.7555555555555555 0.38235294117647056 0.7555555555555555 0.3790849673202614 0.7604938271604939 0.380718954248366 0.762962962962963 0.3790849673202614 0.7679012345679013 0.380718954248366 0.7777777777777778 0.37745098039215685 0.7802469135802469 0.3758169934640523 0.7925925925925926 0.3709150326797386 0.7950617283950617 0.369281045751634 0.8074074074074075 0.3562091503267974 0.8271604938271605 0.35947712418300654 0.8320987654320988 0.3627450980392157 0.8320987654320988 0.36764705882352944 0.837037037037037 0.3627450980392157 0.8493827160493828 0.3627450980392157 0.854320987654321 0.35784313725490197 0.8567901234567902 0.35130718954248363 0.8518518518518519 0.3480392156862745 0.8666666666666667 0.3431372549019608 0.8716049382716049 0.35130718954248363 0.8790123456790123 0.35130718954248363 0.8888888888888888 0.3415032679738562 0.8987654320987655 0.3431372549019608 0.908641975308642 0.3415032679738562 0.9111111111111111 0.3284313725490196 0.9111111111111111 0.32679738562091504 0.9135802469135802 0.3284313725490196 0.9209876543209876 0.32516339869281047 0.9209876543209876 0.32516339869281047 0.9160493827160494 0.32189542483660133 0.9111111111111111 0.31699346405228757 0.9111111111111111 0.31699346405228757 0.9061728395061729 0.32189542483660133 0.908641975308642 0.3284313725490196 0.9061728395061729 0.32516339869281047 0.8962962962962963 0.3202614379084967 0.8962962962962963 0.32516339869281047 0.891358024691358 0.3349673202614379 0.8938271604938272 0.3431372549019608 0.8888888888888888 0.3464052287581699 0.8790123456790123 0.34477124183006536 0.8765432098765432 0.3415032679738562 0.8790123456790123 0.3431372549019608 0.8740740740740741 0.33986928104575165 0.8691358024691358 0.3300653594771242 0.8666666666666667 0.33169934640522875 0.8641975308641975 0.3349673202614379 0.8666666666666667 0.3382352941176471 0.8592592592592593 0.3431372549019608 0.8567901234567902 0.3431372549019608 0.8444444444444444 0.3545751633986928 0.8469135802469135 0.35784313725490197 0.8419753086419753 0.3562091503267974 0.8296296296296296 0.34967320261437906 0.8246913580246914 0.34477124183006536 0.8271604938271605 0.3415032679738562 0.8222222222222222 0.3382352941176471 0.8222222222222222 0.3349673202614379 0.8271604938271605 0.3300653594771242 0.8271604938271605 0.3284313725490196 0.8246913580246914 0.3300653594771242 0.817283950617284 0.32679738562091504 0.8123456790123457 0.3235294117647059 0.8123456790123457 0.31699346405228757 0.8148148148148148 0.3137254901960784 0.8197530864197531 0.31699346405228757 0.8246913580246914 0.3202614379084967 0.8246913580246914 0.3202614379084967 0.8296296296296296 0.3137254901960784 0.837037037037037 0.3104575163398693 0.8320987654320988 0.3055555555555556 0.837037037037037 0.2957516339869281 0.8345679012345679 0.29411764705882354 0.837037037037037 0.2957516339869281 0.8444444444444444 0.29248366013071897 0.8493827160493828 0.2875816993464052 0.8493827160493828 0.27941176470588236 0.8567901234567902 0.27450980392156865 0.8567901234567902 0.2679738562091503 0.8469135802469135 0.2581699346405229 0.8469135802469135 0.2549019607843137 0.8518518518518519 0.24019607843137256 0.854320987654321 0.2369281045751634 0.8617283950617284 0.24019607843137256 0.8641975308641975 0.2369281045751634 0.8716049382716049 0.24019607843137256 0.8790123456790123 0.2434640522875817 0.8790123456790123 0.24019607843137256 0.8839506172839506 0.2434640522875817 0.8888888888888888 0.2434640522875817 0.9012345679012346 0.2369281045751634 0.9135802469135802 0.23366013071895425 0.9160493827160494 0.23039215686274508 0.9135802469135802 0.21568627450980393 0.9407407407407408 0.21568627450980393 0.945679012345679 0.20915032679738563 0.9530864197530864 0.20588235294117646 0.9530864197530864 0.20261437908496732 0.9654320987654321 0.19117647058823528 0.980246913580247 0.184640522875817 0.9851851851851852 0.1830065359477124 0.980246913580247 0.17973856209150327 0.980246913580247 0.1781045751633987 0.9876543209876543 0.1715686274509804 0.9925925925925926 0.15359477124183007 0.9925925925925926 0.14705882352941177 0.9851851851851852 0.1454248366013072 0.9876543209876543 0.12254901960784313 0.9876543209876543 0.11764705882352941 0.980246913580247 0.11437908496732026 0.980246913580247 0.10784313725490197 0.9728395061728395 0.10457516339869281 0.9654320987654321 0.09967320261437909 0.9654320987654321 0.09477124183006536 0.9728395061728395 0.08823529411764706 0.9728395061728395 0.08169934640522876 0.9827160493827161 0.08496732026143791 0.9876543209876543 0.08333333333333333 0.9925925925925926 0.07679738562091504 0.9901234567901235 0.07516339869281045 0.9925925925925926 0.06699346405228758 0.9851851851851852 0.06372549019607843 0.9925925925925926 0.03431372549019608 0.9925925925925926 0.032679738562091505 0.9901234567901235 0.03104575163398693 0.9925925925925926 0.024509803921568627 0.9925925925925926 0.017973856209150325 0.9876543209876543 0.02287581699346405 0.9753086419753086 0.03431372549019608 0.9753086419753086 0.042483660130718956 0.9654320987654321 0.04084967320261438 0.9629629629629629 0.049019607843137254 0.9604938271604938 0.05228758169934641 0.9555555555555556 0.04738562091503268 0.9481481481481482 0.049019607843137254 0.9432098765432099 0.05555555555555555 0.9382716049382716 0.06372549019607843 0.9382716049382716 0.06699346405228758 0.9333333333333333 0.06699346405228758 0.9259259259259259 0.07026143790849673 0.9234567901234568 0.07352941176470588 0.928395061728395 0.0784313725490196 0.9209876543209876 0.07679738562091504 0.9185185185185185 0.0784313725490196 0.9185185185185185 0.08169934640522876 0.9234567901234568 0.07679738562091504 0.9308641975308642 0.08333333333333333 0.9382716049382716 0.08986928104575163 0.928395061728395 0.08986928104575163 0.9234567901234568 0.09640522875816994 0.9259259259259259 0.10130718954248366 0.9185185185185185 0.10130718954248366 0.9135802469135802 0.09803921568627451 0.908641975308642 0.08333333333333333 0.908641975308642 0.08006535947712418 0.9111111111111111 0.08660130718954248 0.9037037037037037 0.08660130718954248 0.8962962962962963 0.0915032679738562 0.891358024691358 0.09640522875816994 0.891358024691358 0.09803921568627451 0.8864197530864197 0.10294117647058823 0.8888888888888888 0.10620915032679738 0.8839506172839506 0.10784313725490197 0.8666666666666667 0.10947712418300654 0.8641975308641975 0.1111111111111111 0.8666666666666667 0.11601307189542484 0.8641975308641975 0.119281045751634 0.8592592592592593 0.11764705882352941 0.854320987654321 0.12254901960784313 0.8419753086419753 0.12254901960784313 0.837037037037037 0.12581699346405228 0.8395061728395061 0.13398692810457516 0.8320987654320988 0.1323529411764706 0.8271604938271605 0.12908496732026145 0.8271604938271605 0.1323529411764706 0.8197530864197531 0.12908496732026145 0.8148148148148148 0.1503267973856209 0.7925925925925926 0.14869281045751634 0.7753086419753087 0.16339869281045752 0.7530864197530864 0.16830065359477125 0.7506172839506173 0.1650326797385621 0.745679012345679 0.16830065359477125 0.745679012345679 0.17647058823529413 0.7333333333333333 0.184640522875817 0.7308641975308642 0.18790849673202614 0.725925925925926 0.18790849673202614 0.7160493827160493 0.184640522875817 0.7111111111111111 0.1715686274509804 0.7086419753086419 0.1650326797385621 0.691358024691358 0.16993464052287582 0.6987654320987654 0.18627450980392157 0.6987654320987654 0.18790849673202614 0.7012345679012346 0.19607843137254902 0.6938271604938272 0.19117647058823528 0.6839506172839506 0.1977124183006536 0.6839506172839506 0.20261437908496732 0.691358024691358 0.20751633986928106 0.691358024691358 0.20915032679738563 0.6888888888888889 0.20751633986928106 0.6814814814814815 0.2107843137254902 0.6765432098765433 0.2173202614379085 0.6765432098765433 0.22058823529411764 0.6814814814814815 0.2238562091503268 0.6814814814814815 0.2238562091503268 0.6839506172839506 0.2222222222222222 0.6864197530864198 0.2173202614379085 0.6839506172839506 0.2107843137254902 0.6888888888888889 0.20751633986928106 0.6938271604938272 0.20915032679738563 0.6987654320987654 0.21241830065359477 0.7037037037037037 0.22058823529411764 0.6987654320987654 0.22712418300653595 0.6987654320987654 0.23039215686274508 0.7037037037037037 0.23529411764705882 0.7037037037037037 0.2369281045751634 0.7012345679012346 0.2369281045751634 0.6839506172839506 0.23366013071895425 0.674074074074074 0.23529411764705882 0.6691358024691358
0 0.42320261437908496 0.6419753086419753 0.42483660130718953 0.6444444444444445 0.44281045751633985 0.6444444444444445 0.4444444444444444 0.6419753086419753 0.44607843137254904 0.6444444444444445 0.5179738562091504 0.6444444444444445 0.5196078431372549 0.6469135802469136 0.5571895424836601 0.6469135802469136 0.5588235294117647 0.6493827160493827 0.5996732026143791 0.6518518518518519 0.6013071895424836 0.654320987654321 0.6143790849673203 0.654320987654321 0.6160130718954249 0.6567901234567901 0.6274509803921569 0.6567901234567901 0.6290849673202614 0.6592592592592592 0.6405228758169934 0.6592592592592592 0.6421568627450981 0.6617283950617284 0.6568627450980392 0.6617283950617284 0.6584967320261438 0.6641975308641975 0.6666666666666666 0.6641975308641975 0.673202614379085 0.6691358024691358 0.7058823529411765 0.671604938271605 0.7075163398692811 0.674074074074074 0.7156862745098039 0.674074074074074 0.7287581699346405 0.6790123456790124 0.7483660130718954 0.6888888888888889 0.7598039215686274 0.6864197530864198 0.7794117647058824 0.6938271604938272 0.7826797385620915 0.6938271604938272 0.7859477124183006 0.6888888888888889 0.795751633986928 0.6938271604938272 0.7990196078431373 0.691358024691358 0.7990196078431373 0.6938271604938272 0.7924836601307189 0.691358024691358 0.7908496732026143 0.6938271604938272 0.7924836601307189 0.7037037037037037 0.7990196078431373 0.7037037037037037 0.8022875816993464 0.6962962962962963 0.8055555555555556 0.6987654320987654 0.815359477124183 0.6987654320987654 0.8169934640522876 0.6962962962962963 0.8235294117647058 0.7061728395061728 0.826797385620915 0.7061728395061728 0.8349673202614379 0.6938271604938272 0.8496732026143791 0.6962962962962963 0.8611111111111112 0.691358024691358 0.8627450980392157 0.6938271604938272 0.8611111111111112 0.7012345679012346 0.8578431372549019 0.6962962962962963 0.8545751633986928 0.7012345679012346 0.8464052287581699 0.7012345679012346 0.8431372549019608 0.7061728395061728 0.8496732026143791 0.7135802469135802 0.8496732026143791 0.7209876543209877 0.8529411764705882 0.725925925925926 0.8643790849673203 0.7234567901234568 0.8627450980392157 0.725925925925926 0.869281045751634 0.7382716049382716 0.8888888888888888 0.745679012345679 0.8856209150326797 0.7506172839506173 0.8905228758169934 0.7530864197530864 0.8970588235294118 0.7654320987654321 0.9003267973856209 0.7654320987654321 0.9019607843137255 0.762962962962963 0.8986928104575164 0.7604938271604939 0.9019607843137255 0.7555555555555555 0.9084967320261438 0.7530864197530864 0.9150326797385621 0.7432098765432099 0.9133986928104575 0.7382716049382716 0.9068627450980392 0.7358024691358025 0.9084967320261438 0.7333333333333333 0.9068627450980392 0.7308641975308642 0.9068627450980392 0.7209876543209877 0.9101307189542484 0.7185185185185186 0.9166666666666666 0.7234567901234568 0.9215686274509803 0.7358024691358025 0.9264705882352942 0.7333333333333333 0.9330065359477124 0.7333333333333333 0.934640522875817 0.7358024691358025 0.9313725490196079 0.745679012345679 0.9248366013071896 0.7432098765432099 0.923202614379085 0.7382716049382716 0.9199346405228758 0.7382716049382716 0.9150326797385621 0.7432098765432099 0.9199346405228758 0.7530864197530864 0.9248366013071896 0.7530864197530864 0.9248366013071896 0.7580246913580246 0.9199346405228758 0.7604938271604939 0.9215686274509803 0.7654320987654321 0.934640522875817 0.7654320987654321 0.9379084967320261 0.7679012345679013 0.9411764705882353 0.762962962962963 0.9411764705882353 0.7555555555555555 0.946078431372549 0.7530864197530864 0.9591503267973857 0.762962962962963 0.9575163398692811 0.7703703703703704 0.9624183006535948 0.782716049382716 0.9673202614379085 0.7851851851851852 0.9771241830065359 0.7851851851851852 0.9803921568627451 0.782716049382716 0.9836601307189542 0.7876543209876543 0.9869281045751634 0.7876543209876543 0.988562091503268 0.7901234567901234 0.9869281045751634 0.8049382716049382 0.9934640522875817 0.817283950617284 0.9901960784313726 0.8246913580246914 0.9950980392156863 0.8469135802469135 0.9950980392156863 0.8567901234567902 0.9918300653594772 0.8617283950617284 0.9967320261437909 0.8790123456790123 0.9950980392156863 0.8814814814814815 0.9967320261437909 0.8839506172839506 0.9950980392156863 0.8962962962962963 0.9918300653594772 0.9012345679012346 0.9934640522875817 0.9037037037037037 0.9918300653594772 0.9061728395061729 0.9934640522875817 0.908641975308642 0.9950980392156863 0.9506172839506173 0.9901960784313726 0.9555555555555556 0.9950980392156863 0.9654320987654321 0.9950980392156863 0.980246913580247 0.9869281045751634 0.9925925925925926 0.9803921568627451 0.9901234567901235 0.9771241830065359 0.9925925925925926 0.9705882352941176 0.9925925925925926 0.9689542483660131 0.9901234567901235 0.9673202614379085 0.9925925925925926 0.9624183006535948 0.9901234567901235 0.9607843137254902 0.9925925925925926 0.9330065359477124 0.9925925925925926 0.9281045751633987 0.9876543209876543 0.9264705882352942 0.9901234567901235 0.8986928104575164 0.9876543209876543 0.8856209150326797 0.980246913580247 0.8741830065359477 0.9876543209876543 0.8660130718954249 0.9876543209876543 0.8643790849673203 0.9901234567901235 0.8545751633986928 0.9901234567901235 0.8480392156862745 0.9851851851851852 0.8415032679738562 0.9851851851851852 0.8349673202614379 0.9901234567901235 0.8284313725490197 0.9876543209876543 0.8218954248366013 0.9876543209876543 0.8202614379084967 0.9901234567901235 0.8186274509803921 0.9876543209876543 0.8104575163398693 0.9876543209876543 0.8088235294117647 0.9901234567901235 0.7565359477124183 0.9901234567901235 0.7549019607843137 0.9876543209876543 0.7418300653594772 0.9925925925925926 0.6977124183006536 0.9925925925925926 0.696078431372549 0.9950617283950617 0.6895424836601307 0.9950617283950617 0.6879084967320261 0.9925925925925926 0.6584967320261438 0.9925925925925926 0.6503267973856209 0.9876543209876543 0.6486928104575164 0.9901234567901235 0.6356209150326797 0.9901234567901235 0.6339869281045751 0.9925925925925926 0.6176470588235294 0.9925925925925926 0.6160130718954249 0.9901234567901235 0.6143790849673203 0.9925925925925926 0.5898692810457516 0.9925925925925926 0.5882352941176471 0.9901234567901235 0.5866013071895425 0.9925925925925926 0.5669934640522876 0.9925925925925926 0.565359477124183 0.9950617283950617 0.5620915032679739 0.9925925925925926 0.4950980392156863 0.9925925925925926 0.4934640522875817 0.9950617283950617 0.4738562091503268 0.9950617283950617 0.4722222222222222 0.9925925925925926 0.44607843137254904 0.9925925925925926 0.44281045751633985 0.9876543209876543 0.42483660130718953 0.9876543209876543 0.42320261437908496 0.9901234567901235 0.41830065359477125 0.9876543209876543 0.4084967320261438 0.9901234567901235 0.4068627450980392 0.9876543209876543 0.40522875816993464 0.9901234567901235 0.39215686274509803 0.9901234567901235 0.39052287581699346 0.9925925925925926 0.3709150326797386 0.9925925925925926 0.3611111111111111 0.9876543209876543 0.35784313725490197 0.9876543209876543 0.3562091503267974 0.9925925925925926 0.33986928104575165 0.9925925925925926 0.3382352941176471 0.9876543209876543 0.3366013071895425 0.9925925925925926 0.29411764705882354 0.9925925925925926 0.29248366013071897 0.9901234567901235 0.2826797385620915 0.9901234567901235 0.28104575163398693 0.9925925925925926 0.272875816993464 0.9925925925925926 0.27124183006535946 0.9901234567901235 0.2647058823529412 0.9925925925925926 0.18627450980392157 0.9925925925925926 0.184640522875817 0.9901234567901235 0.1830065359477124 0.9925925925925926 0.1323529411764706 0.9925925925925926 0.12908496732026145 0.9876543209876543 0.1111111111111111 0.9851851851851852 0.10947712418300654 0.980246913580247 0.10457516339869281 0.9876543209876543 0.09313725490196079 0.9876543209876543 0.0915032679738562 0.9901234567901235 0.09477124183006536 0.9925925925925926 0.08986928104575163 0.9925925925925926 0.0915032679738562 0.9901234567901235 0.08986928104575163 0.9876543209876543 0.08660130718954248 0.9925925925925926 0.07352941176470588 0.9925925925925926 0.06699346405228758 0.9876543209876543 0.06372549019607843 0.9925925925925926 0.029411764705882353 0.9925925925925926 0.027777777777777776 0.9950617283950617 0.017973856209150325 0.9925925925925926 0.016339869281045753 0.9851851851851852 0.011437908496732025 0.9827160493827161 0.017973856209150325 0.9827160493827161 0.021241830065359478 0.9777777777777777 0.032679738562091505 0.9777777777777777 0.0392156862745098 0.9679012345679012 0.0392156862745098 0.9555555555555556 0.04411764705882353 0.9555555555555556 0.05065359477124183 0.9407407407407408 0.06372549019607843 0.9358024691358025 0.06699346405228758 0.9308641975308642 0.06699346405228758 0.9259259259259259 0.0718954248366013 0.9234567901234568 0.08169934640522876 0.8987654320987655 0.08333333333333333 0.9012345679012346 0.08823529411764706 0.8938271604938272 0.10294117647058823 0.8888888888888888 0.10620915032679738 0.8839506172839506 0.10784313725490197 0.8716049382716049 0.11764705882352941 0.8592592592592593 0.11764705882352941 0.8469135802469135 0.12254901960784313 0.8395061728395061 0.12745098039215685 0.837037037037037 0.12908496732026145 0.8345679012345679 0.12745098039215685 0.8271604938271605 0.13562091503267973 0.8197530864197531 0.13398692810457516 0.8123456790123457 0.1454248366013072 0.7975308641975308 0.15522875816993464 0.7925925925925926 0.15522875816993464 0.7851851851851852 0.15196078431372548 0.7802469135802469 0.15359477124183007 0.7753086419753087 0.16176470588235295 0.7679012345679013 0.15849673202614378 0.7580246913580246 0.16176470588235295 0.7530864197530864 0.16830065359477125 0.7530864197530864 0.16993464052287582 0.7506172839506173 0.16830065359477125 0.745679012345679 0.17320261437908496 0.7358024691358025 0.17647058823529413 0.7308641975308642 0.18627450980392157 0.725925925925926 0.18790849673202614 0.7209876543209877 0.18627450980392157 0.7160493827160493 0.18137254901960784 0.7111111111111111 0.1715686274509804 0.7086419753086419 0.16830065359477125 0.7012345679012346 0.1895424836601307 0.6987654320987654 0.19281045751633988 0.6938271604938272 0.1895424836601307 0.6864197530864198 0.1895424836601307 0.6790123456790124 0.19444444444444445 0.6691358024691358 0.2042483660130719 0.6666666666666666 0.20588235294117646 0.671604938271605 0.20261437908496732 0.674074074074074 0.2042483660130719 0.671604938271605 0.20261437908496732 0.6691358024691358 0.1977124183006536 0.6691358024691358 0.19444444444444445 0.674074074074074 0.19934640522875818 0.6765432098765433 0.1977124183006536 0.6839506172839506 0.19934640522875818 0.6864197530864198 0.20751633986928106 0.6888888888888889 0.20915032679738563 0.6864197530864198 0.20751633986928106 0.6814814814814815 0.21568627450980393 0.671604938271605 0.21568627450980393 0.6666666666666666 0.22058823529411764 0.6691358024691358 0.23039215686274508 0.6641975308641975 0.2549019607843137 0.6592592592592592 0.2647058823529412 0.6641975308641975 0.272875816993464 0.6814814814814815 0.2761437908496732 0.6864197530864198 0.27941176470588236 0.6864197530864198 0.2875816993464052 0.671604938271605 0.28921568627450983 0.6567901234567901 0.2973856209150327 0.6518518518518519 0.3415032679738562 0.6493827160493827 0.3431372549019608 0.6469135802469136 0.3872549019607843 0.6469135802469136 0.3888888888888889 0.6444444444444445 0.41830065359477125 0.6444444444444445 0.4215686274509804 0.6419753086419753