0 0.05718954248366013 0.7990196078431373 0.06372549019607843 0.803921568627451 0.06209150326797386 0.8088235294117647 0.05718954248366013 0.8112745098039216 0.05392156862745098 0.8088235294117647 0.04411764705882353 0.8088235294117647 0.042483660130718956 0.8063725490196079 0.0457516339869281 0.8014705882352942 0.05555555555555555 0.7990196078431373
0 0.23529411764705882 0.8455882352941176 0.2369281045751634 0.8480392156862745 0.25163398692810457 0.8480392156862745 0.24509803921568626 0.8578431372549019 0.22549019607843138 0.8578431372549019 0.2222222222222222 0.8553921568627451 0.22058823529411764 0.8529411764705882 0.2222222222222222 0.8480392156862745 0.23366013071895425 0.8455882352941176
0 0.06045751633986928 0.8406862745098039 0.06699346405228758 0.8308823529411765 0.0784313725490196 0.8308823529411765 0.0784313725490196 0.8357843137254902 0.0718954248366013 0.8406862745098039 0.06209150326797386 0.8406862745098039
0 0.272875816993464 0.8700980392156863 0.2777777777777778 0.8725490196078431 0.2826797385620915 0.8799019607843137 0.2826797385620915 0.8848039215686274 0.2777777777777778 0.8897058823529411 0.2630718954248366 0.8872549019607843 0.2581699346405229 0.8823529411764706 0.2549019607843137 0.8823529411764706 0.25163398692810457 0.8774509803921569 0.2549019607843137 0.8725490196078431 0.27124183006535946 0.8700980392156863
0 0.5179738562091504 0.9705882352941176 0.5228758169934641 0.9754901960784313 0.5228758169934641 0.9852941176470589 0.5179738562091504 0.9926470588235294 0.5016339869281046 0.9926470588235294 0.4950980392156863 0.9828431372549019 0.49673202614379086 0.9754901960784313 0.5016339869281046 0.9705882352941176 0.5163398692810458 0.9705882352941176
0 0.39052287581699346 0.9705882352941176 0.3937908496732026 0.9754901960784313 0.39215686274509803 0.9803921568627451 0.3872549019607843 0.9852941176470589 0.380718954248366 0.9852941176470589 0.3790849673202614 0.9877450980392157 0.3562091503267974 0.9877450980392157 0.35130718954248363 0.9803921568627451 0.3562091503267974 0.9730392156862745 0.369281045751634 0.9681372549019608 0.3872549019607843 0.9681372549019608 0.3888888888888889 0.9705882352941176
0 0.32598039215686275 0.8725490196078431 0.03431372549019608 0.0196078431372549
0 0.29901960784313725 0.8970588235294118 0.3104575163398693 0.9019607843137255 0.3104575163398693 0.9068627450980392 0.2973856209150327 0.9117647058823529 0.29411764705882354 0.9093137254901961 0.2826797385620915 0.9093137254901961 0.2826797385620915 0.9019607843137255 0.28921568627450983 0.8970588235294118 0.2973856209150327 0.8970588235294118
0 0.27124183006535946 0.8455882352941176 0.2761437908496732 0.8529411764705882 0.272875816993464 0.8578431372549019 0.26633986928104575 0.8602941176470589 0.2565359477124183 0.8578431372549019 0.25326797385620914 0.8529411764705882 0.25326797385620914 0.8480392156862745 0.2549019607843137 0.8455882352941176 0.2696078431372549 0.8455882352941176
0 0.21895424836601307 0.8161764705882353 0.2222222222222222 0.8137254901960784 0.2565359477124183 0.8137254901960784 0.26143790849673204 0.8186274509803921 0.26143790849673204 0.8259803921568627 0.23039215686274508 0.8259803921568627 0.22875816993464052 0.8235294117647058 0.2222222222222222 0.8235294117647058 0.21895424836601307 0.8186274509803921
0 0.3480392156862745 0.9558823529411765 0.3480392156862745 0.9632352941176471 0.34477124183006536 0.9730392156862745 0.32516339869281047 0.9730392156862745 0.3202614379084967 0.9681372549019608 0.3202614379084967 0.9583333333333334 0.3333333333333333 0.9534313725490197 0.34477124183006536 0.9534313725490197 0.3464052287581699 0.9558823529411765
0 0.4493464052287582 0.928921568627451 0.4542483660130719 0.9411764705882353 0.4444444444444444 0.9485294117647058 0.434640522875817 0.9485294117647058 0.42810457516339867 0.9436274509803921 0.42320261437908496 0.9362745098039216 0.42320261437908496 0.928921568627451 0.43137254901960786 0.9215686274509803 0.44281045751633985 0.9215686274509803 0.4477124183006536 0.928921568627451
0 0.6160130718954249 0.9607843137254902 0.6209150326797386 0.9656862745098039 0.6225490196078431 0.9779411764705882 0.6209150326797386 0.9828431372549019 0.6094771241830066 0.9877450980392157 0.5947712418300654 0.9779411764705882 0.5931372549019608 0.9681372549019608 0.5980392156862745 0.9632352941176471 0.6143790849673203 0.9607843137254902
0 0.3741830065359477 0.9068627450980392 0.38235294117647056 0.9166666666666666 0.39215686274509803 0.9215686274509803 0.3872549019607843 0.928921568627451 0.3627450980392157 0.9264705882352942 0.3480392156862745 0.9142156862745098 0.3464052287581699 0.9068627450980392 0.34967320261437906 0.9019607843137255 0.3611111111111111 0.8995098039215687 0.37254901960784315 0.9068627450980392
0 0.20261437908496732 0.9215686274509803 0.20751633986928106 0.9264705882352942 0.20915032679738563 0.9362745098039216 0.20098039215686275 0.9485294117647058 0.18790849673202614 0.9534313725490197 0.18137254901960784 0.9509803921568627 0.18137254901960784 0.9362745098039216 0.1830065359477124 0.9313725490196079 0.18790849673202614 0.9264705882352942 0.20098039215686275 0.9215686274509803
0 0.26143790849673204 0.9362745098039216 0.26143790849673204 0.9313725490196079 0.2679738562091503 0.9240196078431373 0.28921568627450983 0.9240196078431373 0.2908496732026144 0.9313725490196079 0.28431372549019607 0.9387254901960784 0.2696078431372549 0.9387254901960784 0.2679738562091503 0.9362745098039216 0.2647058823529412 0.9387254901960784 0.2630718954248366 0.9362745098039216