0 0.11519607843137254 0.9607843137254902 0.05228758169934641 0.0784313725490196
0 0.03349673202614379 0.9301470588235294 0.04411764705882353 0.0392156862745098
0 0.035130718954248366 0.7879901960784313 0.03758169934640523 0.0392156862745098
0 0.08169934640522876 0.7193627450980392 0.03594771241830065 0.03431372549019608
0 0.12745098039215685 0.6813725490196079 0.04084967320261438 0.03676470588235294
0 0.19934640522875818 0.6617647058823529 0.0392156862745098 0.031862745098039214
0 0.19852941176470587 0.8272058823529411 0.027777777777777776 0.041666666666666664
0 0.2434640522875817 0.7806372549019608 0.06535947712418301 0.051470588235294115
0 0.20915032679738563 0.9142156862745098 0.04084967320261438 0.024509803921568627
0 0.40032679738562094 0.8578431372549019 0.0457516339869281 0.058823529411764705
0 0.4354575163398693 0.8799019607843137 0.058823529411764705 0.07598039215686274
0 0.5612745098039216 0.8051470588235294 0.032679738562091505 0.056372549019607844
0 0.4852941176470588 0.7781862745098039 0.058823529411764705 0.06862745098039216
0 0.6593137254901961 0.8284313725490197 0.03431372549019608 0.0392156862745098
0 0.6495098039215687 0.9264705882352942 0.06045751633986928 0.0661764705882353
0 0.5563725490196079 0.946078431372549 0.05228758169934641 0.07107843137254902
0 0.7949346405228758 0.9803921568627451 0.12908496732026145 0.0392156862745098
0 0.9665032679738562 0.7634803921568627 0.06699346405228758 0.1053921568627451
0 0.8929738562091504 0.7732843137254902 0.06862745098039216 0.04656862745098039
0 0.8602941176470589 0.8198529411764706 0.06862745098039216 0.02696078431372549
0 0.7745098039215687 0.7720588235294118 0.05718954248366013 0.08333333333333333
0 0.7883986928104575 0.6911764705882353 0.058823529411764705 0.051470588235294115
0 0.24918300653594772 0.7095588235294118 0.09477124183006536 0.0392156862745098
0 0.10212418300653595 0.7830882352941176 0.0457516339869281 0.061274509803921566
0 0.02696078431372549 0.6017156862745098 0.0392156862745098 0.04656862745098039
0 0.09967320261437909 0.5735294117647058 0.07679738562091504 0.0392156862745098
0 0.15931372549019607 0.6041666666666666 0.027777777777777776 0.06862745098039216
0 0.2222222222222222 0.5796568627450981 0.058823529411764705 0.051470588235294115
0 0.29983660130718953 0.5575980392156863 0.032679738562091505 0.03676470588235294
0 0.2785947712418301 0.6286764705882353 0.06209150326797386 0.031862745098039214
0 0.571078431372549 0.6973039215686274 0.042483660130718956 0.04411764705882353
0 0.3684640522875817 0.7205882352941176 0.08333333333333333 0.0661764705882353
0 0.6217320261437909 0.5882352941176471 0.0457516339869281 0.0392156862745098
0 0.8104575163398693 0.633578431372549 0.03104575163398693 0.024509803921568627
0 0.6683006535947712 0.6642156862745098 0.049019607843137254 0.031862745098039214
0 0.5898692810457516 0.6299019607843137 0.03594771241830065 0.022058823529411766
0 0.6944444444444444 0.7818627450980392 0.05555555555555555 0.0392156862745098
0 0.8104575163398693 0.5563725490196079 0.05228758169934641 0.03431372549019608
0 0.9109477124183006 0.6127450980392157 0.03594771241830065 0.024509803921568627
0 0.9109477124183006 0.8946078431372549 0.05555555555555555 0.041666666666666664
0 0.8080065359477124 0.875 0.07026143790849673 0.056372549019607844
0 0.9468954248366013 0.9742647058823529 0.06045751633986928 0.051470588235294115
0 0.33905228758169936 0.8872549019607843 0.04738562091503268 0.051470588235294115
0 0.33251633986928103 0.9803921568627451 0.09967320261437909 0.0392156862745098
0 0.4362745098039216 0.6507352941176471 0.04411764705882353 0.031862745098039214
0 0.46405228758169936 0.7144607843137255 0.027777777777777776 0.0392156862745098
0 0.5138888888888888 0.6299019607843137 0.04738562091503268 0.0392156862745098
0 0.33905228758169936 0.5637254901960784 0.024509803921568627 0.04411764705882353
0 0.19362745098039216 0.5294117647058824 0.027777777777777776 0.03431372549019608
0 0.14133986928104575 0.48651960784313725 0.0392156862745098 0.0196078431372549
0 0.056372549019607844 0.5196078431372549 0.04411764705882353 0.03676470588235294
0 0.6977124183006536 0.5600490196078431 0.04084967320261438 0.024509803921568627
0 0.7075163398692811 0.6188725490196079 0.06699346405228758 0.04411764705882353
0 0.7622549019607843 0.5882352941176471 0.0457516339869281 0.09313725490196079