0 0.6209150326797386 0.8651960784313726 0.6290849673202614 0.8774509803921569 0.6339869281045751 0.8799019607843137 0.6339869281045751 0.8897058823529411 0.6356209150326797 0.8921568627450981 0.6388888888888888 0.8921568627450981 0.6421568627450981 0.8995098039215687 0.6454248366013072 0.8995098039215687 0.6535947712418301 0.9068627450980392 0.6584967320261438 0.9166666666666666 0.6584967320261438 0.928921568627451 0.6437908496732027 0.9436274509803921 0.6437908496732027 0.9509803921568627 0.6535947712418301 0.9632352941176471 0.6584967320261438 0.9779411764705882 0.6584967320261438 0.9901960784313726 0.6601307189542484 0.9926470588235294 0.6519607843137255 0.9975490196078431 0.6160130718954249 0.9950980392156863 0.6111111111111112 0.9852941176470589 0.6111111111111112 0.9754901960784313 0.6094771241830066 0.9730392156862745 0.6111111111111112 0.9632352941176471 0.6078431372549019 0.9583333333333334 0.6078431372549019 0.9534313725490197 0.5964052287581699 0.9387254901960784 0.5915032679738562 0.9215686274509803 0.5947712418300654 0.9068627450980392 0.6062091503267973 0.8921568627450981 0.5980392156862745 0.8799019607843137 0.5980392156862745 0.8725490196078431 0.6062091503267973 0.8627450980392157 0.6176470588235294 0.8627450980392157 0.619281045751634 0.8651960784313726
0 0.75 0.7549019607843137 0.7581699346405228 0.7598039215686274 0.7630718954248366 0.7671568627450981 0.7630718954248366 0.7720588235294118 0.7663398692810458 0.7794117647058824 0.7663398692810458 0.7916666666666666 0.761437908496732 0.7965686274509803 0.7549019607843137 0.7965686274509803 0.7532679738562091 0.7990196078431373 0.7401960784313726 0.7965686274509803 0.7287581699346405 0.7867647058823529 0.7303921568627451 0.7573529411764706 0.7352941176470589 0.7524509803921569 0.7467320261437909 0.7524509803921569 0.7483660130718954 0.7549019607843137
0 0.8529411764705882 0.571078431372549 0.8545751633986928 0.5735294117647058 0.8627450980392157 0.5735294117647058 0.8643790849673203 0.5784313725490197 0.8594771241830066 0.5833333333333334 0.8594771241830066 0.5906862745098039 0.8545751633986928 0.5980392156862745 0.8496732026143791 0.6004901960784313 0.8496732026143791 0.6053921568627451 0.8529411764705882 0.6102941176470589 0.8643790849673203 0.6127450980392157 0.8725490196078431 0.625 0.8774509803921569 0.6225490196078431 0.8758169934640523 0.6274509803921569 0.8774509803921569 0.6323529411764706 0.8758169934640523 0.6372549019607843 0.8774509803921569 0.6397058823529411 0.8872549019607843 0.6348039215686274 0.8888888888888888 0.6299019607843137 0.9052287581699346 0.6299019607843137 0.9052287581699346 0.6397058823529411 0.9019607843137255 0.6495098039215687 0.9052287581699346 0.6544117647058824 0.9052287581699346 0.6617647058823529 0.9084967320261438 0.6666666666666666 0.9117647058823529 0.6691176470588235 0.923202614379085 0.6666666666666666 0.9248366013071896 0.6642156862745098 0.923202614379085 0.6593137254901961 0.9264705882352942 0.6568627450980392 0.923202614379085 0.6519607843137255 0.9264705882352942 0.6519607843137255 0.9281045751633987 0.6568627450980392 0.9248366013071896 0.6593137254901961 0.9281045751633987 0.6642156862745098 0.9313725490196079 0.6666666666666666 0.9330065359477124 0.6642156862745098 0.9411764705882353 0.6642156862745098 0.9428104575163399 0.6691176470588235 0.9411764705882353 0.6715686274509803 0.9362745098039216 0.6666666666666666 0.9264705882352942 0.6666666666666666 0.9215686274509803 0.6838235294117647 0.9297385620915033 0.7058823529411765 0.934640522875817 0.7083333333333334 0.9379084967320261 0.7156862745098039 0.9379084967320261 0.7450980392156863 0.934640522875817 0.7475490196078431 0.9379084967320261 0.7524509803921569 0.9526143790849673 0.7524509803921569 0.954248366013072 0.7573529411764706 0.9526143790849673 0.7671568627450981 0.9558823529411765 0.7720588235294118 0.9591503267973857 0.7720588235294118 0.9591503267973857 0.7794117647058824 0.9558823529411765 0.7745098039215687 0.954248366013072 0.7843137254901961 0.9607843137254902 0.7916666666666666 0.9673202614379085 0.7941176470588235 0.9754901960784313 0.803921568627451 0.9689542483660131 0.8063725490196079 0.9640522875816994 0.7990196078431373 0.9624183006535948 0.8014705882352942 0.9656862745098039 0.8063725490196079 0.9624183006535948 0.8063725490196079 0.9575163398692811 0.8112745098039216 0.9591503267973857 0.8186274509803921 0.9575163398692811 0.821078431372549 0.934640522875817 0.8284313725490197 0.9264705882352942 0.8357843137254902 0.9248366013071896 0.8406862745098039 0.9199346405228758 0.8406862745098039 0.9150326797385621 0.8333333333333334 0.9035947712418301 0.8357843137254902 0.8986928104575164 0.8333333333333334 0.8970588235294118 0.8284313725490197 0.8888888888888888 0.8284313725490197 0.8872549019607843 0.8308823529411765 0.8888888888888888 0.8333333333333334 0.8790849673202614 0.8333333333333334 0.8758169934640523 0.8284313725490197 0.8725490196078431 0.8308823529411765 0.8774509803921569 0.8235294117647058 0.8758169934640523 0.821078431372549 0.8660130718954249 0.821078431372549 0.8643790849673203 0.8186274509803921 0.8562091503267973 0.8186274509803921 0.8480392156862745 0.8259803921568627 0.8464052287581699 0.821078431372549 0.8382352941176471 0.821078431372549 0.8349673202614379 0.8161764705882353 0.8284313725490197 0.8161764705882353 0.8300653594771242 0.8112745098039216 0.8284313725490197 0.8063725490196079 0.8202614379084967 0.8137254901960784 0.8169934640522876 0.8088235294117647 0.815359477124183 0.8112745098039216 0.8055555555555556 0.8112745098039216 0.8055555555555556 0.8063725490196079 0.7941176470588235 0.7941176470588235 0.7777777777777778 0.7965686274509803 0.7761437908496732 0.7990196078431373 0.7777777777777778 0.803921568627451 0.7728758169934641 0.803921568627451 0.7679738562091504 0.8112745098039216 0.7598039215686274 0.8063725490196079 0.7532679738562091 0.8088235294117647 0.7483660130718954 0.8161764705882353 0.7401960784313726 0.8088235294117647 0.7483660130718954 0.8088235294117647 0.75 0.8063725490196079 0.7418300653594772 0.7965686274509803 0.7369281045751634 0.7965686274509803 0.7287581699346405 0.7892156862745098 0.7238562091503268 0.7769607843137255 0.7205882352941176 0.7745098039215687 0.7222222222222222 0.7720588235294118 0.7205882352941176 0.7671568627450981 0.738562091503268 0.7475490196078431 0.75 0.7426470588235294 0.7581699346405228 0.7426470588235294 0.7647058823529411 0.7475490196078431 0.7663398692810458 0.7450980392156863 0.7565359477124183 0.7254901960784313 0.75 0.7254901960784313 0.7369281045751634 0.7156862745098039 0.7418300653594772 0.7058823529411765 0.7565359477124183 0.7034313725490197 0.761437908496732 0.6985294117647058 0.7712418300653595 0.696078431372549 0.7745098039215687 0.6911764705882353 0.7777777777777778 0.6813725490196079 0.7663398692810458 0.6715686274509803 0.7712418300653595 0.6666666666666666 0.7663398692810458 0.6593137254901961 0.7663398692810458 0.6544117647058824 0.7696078431372549 0.6495098039215687 0.7843137254901961 0.6495098039215687 0.7859477124183006 0.6470588235294118 0.7892156862745098 0.6495098039215687 0.7908496732026143 0.6470588235294118 0.7908496732026143 0.6372549019607843 0.795751633986928 0.6348039215686274 0.8006535947712419 0.6372549019607843 0.8055555555555556 0.6323529411764706 0.8022875816993464 0.6274509803921569 0.8120915032679739 0.625 0.8186274509803921 0.6200980392156863 0.8202614379084967 0.6151960784313726 0.8169934640522876 0.6102941176470589 0.8104575163398693 0.6078431372549019 0.8186274509803921 0.5955882352941176 0.8316993464052288 0.5906862745098039 0.8333333333333334 0.6004901960784313 0.8496732026143791 0.5980392156862745 0.8545751633986928 0.5882352941176471 0.8529411764705882 0.5857843137254902 0.8447712418300654 0.5857843137254902 0.8398692810457516 0.5759803921568627 0.8480392156862745 0.5686274509803921 0.8513071895424836 0.571078431372549
0 0.9281045751633987 0.6372549019607843 0.9313725490196079 0.6372549019607843 0.9330065359477124 0.6446078431372549 0.9395424836601307 0.6421568627450981 0.9705882352941176 0.6446078431372549 0.9771241830065359 0.6495098039215687 0.9820261437908496 0.6495098039215687 0.9869281045751634 0.6544117647058824 0.9869281045751634 0.6740196078431373 0.9836601307189542 0.6813725490196079 0.9787581699346405 0.6813725490196079 0.9722222222222222 0.6764705882352942 0.9591503267973857 0.6740196078431373 0.9526143790849673 0.6691176470588235 0.9428104575163399 0.6691176470588235 0.934640522875817 0.6642156862745098 0.9297385620915033 0.6568627450980392 0.9330065359477124 0.6495098039215687 0.9330065359477124 0.6446078431372549 0.9281045751633987 0.6421568627450981 0.9281045751633987 0.6397058823529411
0 0.9052287581699346 0.9191176470588235 0.9133986928104575 0.9240196078431373 0.9281045751633987 0.9411764705882353 0.9281045751633987 0.9558823529411765 0.9215686274509803 0.9607843137254902 0.9133986928104575 0.9607843137254902 0.9068627450980392 0.9558823529411765 0.8937908496732027 0.9607843137254902 0.8856209150326797 0.9607843137254902 0.8774509803921569 0.9558823529411765 0.8643790849673203 0.9534313725490197 0.8480392156862745 0.9387254901960784 0.8480392156862745 0.928921568627451 0.8578431372549019 0.9215686274509803 0.9003267973856209 0.9215686274509803 0.9035947712418301 0.9191176470588235
0 0.6290849673202614 0.7107843137254902 0.6339869281045751 0.7205882352941176 0.6339869281045751 0.7303921568627451 0.6209150326797386 0.7377450980392157 0.6078431372549019 0.7377450980392157 0.6029411764705882 0.7328431372549019 0.5996732026143791 0.7181372549019608 0.6045751633986928 0.7132352941176471 0.6160130718954249 0.7132352941176471 0.619281045751634 0.7156862745098039 0.6274509803921569 0.7107843137254902
0 0.8758169934640523 0.571078431372549 0.8741830065359477 0.5759803921568627 0.8758169934640523 0.5808823529411765 0.8725490196078431 0.5833333333333334 0.8741830065359477 0.5857843137254902 0.880718954248366 0.5882352941176471 0.8888888888888888 0.5857843137254902 0.8921568627450981 0.5882352941176471 0.8888888888888888 0.5931372549019608 0.8823529411764706 0.5931372549019608 0.880718954248366 0.5955882352941176 0.8823529411764706 0.6004901960784313 0.8856209150326797 0.6004901960784313 0.8856209150326797 0.6053921568627451 0.8823529411764706 0.6078431372549019 0.8839869281045751 0.6102941176470589 0.8823529411764706 0.625 0.8856209150326797 0.6299019607843137 0.8905228758169934 0.6274509803921569 0.9117647058823529 0.6274509803921569 0.9133986928104575 0.6323529411764706 0.9166666666666666 0.6299019607843137 0.9297385620915033 0.6299019607843137 0.934640522875817 0.6421568627450981 0.9379084967320261 0.6372549019607843 0.9395424836601307 0.6397058823529411 0.946078431372549 0.6397058823529411 0.9477124183006536 0.6372549019607843 0.9607843137254902 0.6397058823529411 0.9656862745098039 0.6372549019607843 0.9803921568627451 0.6544117647058824 0.9852941176470589 0.6666666666666666 0.9836601307189542 0.6813725490196079 0.9934640522875817 0.696078431372549 0.9918300653594772 0.6985294117647058 0.9934640522875817 0.7009803921568627 0.9901960784313726 0.7083333333333334 0.9934640522875817 0.7205882352941176 0.9901960784313726 0.7230392156862745 0.9901960784313726 0.7377450980392157 0.9934640522875817 0.7401960784313726 0.9869281045751634 0.7401960784313726 0.9836601307189542 0.7450980392156863 0.9852941176470589 0.75 0.9787581699346405 0.7549019607843137 0.9803921568627451 0.7622549019607843 0.9836601307189542 0.7671568627450981 0.988562091503268 0.7671568627450981 0.9901960784313726 0.7720588235294118 0.9869281045751634 0.7818627450980392 0.988562091503268 0.7965686274509803 0.9869281045751634 0.8014705882352942 0.9820261437908496 0.803921568627451 0.9820261437908496 0.8088235294117647 0.9852941176470589 0.8137254901960784 0.9803921568627451 0.8137254901960784 0.9771241830065359 0.8088235294117647 0.9738562091503268 0.8137254901960784 0.9771241830065359 0.8161764705882353 0.9705882352941176 0.8137254901960784 0.9656862745098039 0.821078431372549 0.9705882352941176 0.8259803921568627 0.9787581699346405 0.8259803921568627 0.9689542483660131 0.8259803921568627 0.9673202614379085 0.8284313725490197 0.9624183006535948 0.8259803921568627 0.9591503267973857 0.8308823529411765 0.9640522875816994 0.8431372549019608 0.9787581699346405 0.8553921568627451 0.9673202614379085 0.8553921568627451 0.9656862745098039 0.8627450980392157 0.9673202614379085 0.8651960784313726 0.9673202614379085 0.875 0.9722222222222222 0.8799019607843137 0.9673202614379085 0.8848039215686274 0.9803921568627451 0.8995098039215687 0.9803921568627451 0.9044117647058824 0.9852941176470589 0.9142156862745098 0.9820261437908496 0.9166666666666666 0.988562091503268 0.9215686274509803 0.9869281045751634 0.9313725490196079 0.988562091503268 0.9362745098039216 0.9852941176470589 0.9436274509803921 0.9820261437908496 0.946078431372549 0.9705882352941176 0.946078431372549 0.9689542483660131 0.9485294117647058 0.9624183006535948 0.946078431372549 0.9558823529411765 0.9387254901960784 0.946078431372549 0.9338235294117647 0.9411764705882353 0.9264705882352942 0.9379084967320261 0.9313725490196079 0.9395424836601307 0.9387254901960784 0.9330065359477124 0.9411764705882353 0.9313725490196079 0.9558823529411765 0.9199346405228758 0.9607843137254902 0.9117647058823529 0.9607843137254902 0.9101307189542484 0.9583333333333334 0.8856209150326797 0.9607843137254902 0.8774509803921569 0.9558823529411765 0.8660130718954249 0.9558823529411765 0.8611111111111112 0.9509803921568627 0.8496732026143791 0.9509803921568627 0.8431372549019608 0.9583333333333334 0.8349673202614379 0.9607843137254902 0.8300653594771242 0.9656862745098039 0.8251633986928104 0.9656862745098039 0.8202614379084967 0.9583333333333334 0.8120915032679739 0.9583333333333334 0.8088235294117647 0.9534313725490197 0.8022875816993464 0.9558823529411765 0.7990196078431373 0.946078431372549 0.7990196078431373 0.9387254901960784 0.7892156862745098 0.9240196078431373 0.7941176470588235 0.9093137254901961 0.8022875816993464 0.9019607843137255 0.8071895424836601 0.9044117647058824 0.8137254901960784 0.8970588235294118 0.8137254901960784 0.8897058823529411 0.8088235294117647 0.8823529411764706 0.7990196078431373 0.875 0.795751633986928 0.8651960784313726 0.7973856209150327 0.8578431372549019 0.803921568627451 0.8480392156862745 0.8137254901960784 0.8406862745098039 0.8169934640522876 0.8431372549019608 0.8202614379084967 0.8382352941176471 0.8235294117647058 0.8431372549019608 0.8349673202614379 0.8406862745098039 0.8382352941176471 0.8504901960784313 0.8447712418300654 0.8553921568627451 0.8480392156862745 0.8504901960784313 0.8513071895424836 0.8553921568627451 0.8545751633986928 0.8553921568627451 0.8562091503267973 0.8651960784313726 0.8529411764705882 0.8676470588235294 0.8529411764705882 0.8774509803921569 0.8545751633986928 0.8799019607843137 0.8578431372549019 0.8725490196078431 0.8627450980392157 0.8725490196078431 0.8643790849673203 0.8774509803921569 0.8627450980392157 0.8799019607843137 0.8627450980392157 0.8946078431372549 0.8594771241830066 0.8995098039215687 0.8627450980392157 0.9068627450980392 0.8611111111111112 0.9093137254901961 0.8676470588235294 0.9166666666666666 0.8839869281045751 0.9142156862745098 0.8823529411764706 0.9166666666666666 0.8839869281045751 0.9191176470588235 0.9133986928104575 0.9191176470588235 0.9150326797385621 0.9166666666666666 0.9133986928104575 0.9142156862745098 0.9199346405228758 0.9044117647058824 0.9264705882352942 0.9044117647058824 0.9281045751633987 0.9019607843137255 0.9199346405228758 0.8897058823529411 0.9248366013071896 0.8872549019607843 0.9248366013071896 0.8799019607843137 0.9313725490196079 0.8774509803921569 0.934640522875817 0.8848039215686274 0.9411764705882353 0.8823529411764706 0.9395424836601307 0.875 0.9281045751633987 0.8651960784313726 0.9264705882352942 0.8627450980392157 0.9281045751633987 0.8578431372549019 0.9248366013071896 0.8553921568627451 0.9313725490196079 0.8504901960784313 0.934640522875817 0.8553921568627451 0.9411764705882353 0.8578431372549019 0.946078431372549 0.8651960784313726 0.9477124183006536 0.8627450980392157 0.9477124183006536 0.8578431372549019 0.9444444444444444 0.8529411764705882 0.9379084967320261 0.8504901960784313 0.9362745098039216 0.8406862745098039 0.9297385620915033 0.8382352941176471 0.9248366013071896 0.8431372549019608 0.9248366013071896 0.8480392156862745 0.9183006535947712 0.8480392156862745 0.923202614379085 0.8455882352941176 0.9150326797385621 0.8406862745098039 0.9133986928104575 0.8357843137254902 0.9019607843137255 0.8357843137254902 0.8970588235294118 0.8284313725490197 0.880718954248366 0.8259803921568627 0.880718954248366 0.821078431372549 0.8725490196078431 0.8137254901960784 0.8660130718954249 0.8137254901960784 0.8643790849673203 0.8161764705882353 0.8529411764705882 0.8137254901960784 0.8480392156862745 0.821078431372549 0.8366013071895425 0.8112745098039216 0.8398692810457516 0.8088235294117647 0.8464052287581699 0.8137254901960784 0.8513071895424836 0.8088235294117647 0.8496732026143791 0.803921568627451 0.8464052287581699 0.8014705882352942 0.826797385620915 0.8014705882352942 0.8284313725490197 0.7990196078431373 0.8235294117647058 0.7965686274509803 0.8235294117647058 0.7892156862745098 0.8202614379084967 0.7843137254901961 0.8169934640522876 0.7867647058823529 0.8186274509803921 0.7892156862745098 0.8137254901960784 0.7916666666666666 0.8137254901960784 0.7965686274509803 0.8104575163398693 0.7892156862745098 0.8120915032679739 0.7818627450980392 0.8186274509803921 0.7818627450980392 0.8218954248366013 0.7769607843137255 0.8202614379084967 0.7696078431372549 0.8235294117647058 0.7647058823529411 0.8284313725490197 0.7696078431372549 0.8349673202614379 0.7671568627450981 0.8562091503267973 0.7769607843137255 0.8676470588235294 0.7598039215686274 0.8660130718954249 0.7573529411764706 0.8611111111111112 0.7598039215686274 0.8513071895424836 0.7573529411764706 0.8447712418300654 0.7475490196078431 0.8415032679738562 0.7524509803921569 0.8251633986928104 0.7549019607843137 0.8235294117647058 0.7450980392156863 0.826797385620915 0.7377450980392157 0.8202614379084967 0.7303921568627451 0.8218954248366013 0.7254901960784313 0.8186274509803921 0.7205882352941176 0.8202614379084967 0.7156862745098039 0.8235294117647058 0.7181372549019608 0.8251633986928104 0.7132352941176471 0.8186274509803921 0.7058823529411765 0.8137254901960784 0.7107843137254902 0.815359477124183 0.7156862745098039 0.8120915032679739 0.7156862745098039 0.8055555555555556 0.7083333333333334 0.8055555555555556 0.7034313725490197 0.8120915032679739 0.7058823529411765 0.8202614379084967 0.696078431372549 0.8235294117647058 0.7058823529411765 0.8251633986928104 0.7034313725490197 0.8316993464052288 0.7034313725490197 0.8398692810457516 0.696078431372549 0.8464052287581699 0.6985294117647058 0.8480392156862745 0.6936274509803921 0.8447712418300654 0.6887254901960784 0.8480392156862745 0.6813725490196079 0.8464052287581699 0.678921568627451 0.8415032679738562 0.6813725490196079 0.8382352941176471 0.6764705882352942 0.8562091503267973 0.6691176470588235 0.8578431372549019 0.6593137254901961 0.8611111111111112 0.6568627450980392 0.8578431372549019 0.6519607843137255 0.8496732026143791 0.6544117647058824 0.8464052287581699 0.6495098039215687 0.8349673202614379 0.6495098039215687 0.8398692810457516 0.6348039215686274 0.8349673202614379 0.625 0.8202614379084967 0.6495098039215687 0.8169934640522876 0.6470588235294118 0.8137254901960784 0.6519607843137255 0.8186274509803921 0.6593137254901961 0.8235294117647058 0.6568627450980392 0.8218954248366013 0.6617647058823529 0.8300653594771242 0.6715686274509803 0.8300653594771242 0.678921568627451 0.8251633986928104 0.6838235294117647 0.8218954248366013 0.6838235294117647 0.8202614379084967 0.6887254901960784 0.8169934640522876 0.6838235294117647 0.8104575163398693 0.6838235294117647 0.7990196078431373 0.6764705882352942 0.8055555555555556 0.6691176470588235 0.8071895424836601 0.6642156862745098 0.8055555555555556 0.6593137254901961 0.8088235294117647 0.6568627450980392 0.8071895424836601 0.6519607843137255 0.8120915032679739 0.6470588235294118 0.803921568627451 0.6372549019607843 0.8071895424836601 0.6299019607843137 0.8088235294117647 0.6348039215686274 0.8137254901960784 0.6372549019607843 0.815359477124183 0.6348039215686274 0.8137254901960784 0.6299019607843137 0.8202614379084967 0.6225490196078431 0.8235294117647058 0.6323529411764706 0.8284313725490197 0.6299019607843137 0.826797385620915 0.6274509803921569 0.8284313725490197 0.6151960784313726 0.8218954248366013 0.6078431372549019 0.815359477124183 0.6078431372549019 0.8137254901960784 0.6053921568627451 0.8169934640522876 0.6004901960784313 0.8218954248366013 0.6053921568627451 0.8284313725490197 0.6053921568627451 0.8333333333333334 0.6102941176470589 0.8398692810457516 0.6029411764705882 0.8447712418300654 0.6053921568627451 0.8480392156862745 0.6029411764705882 0.8480392156862745 0.6102941176470589 0.8447712418300654 0.6053921568627451 0.8431372549019608 0.6078431372549019 0.8480392156862745 0.6200980392156863 0.8513071895424836 0.6151960784313726 0.8627450980392157 0.6151960784313726 0.8627450980392157 0.6200980392156863 0.8529411764705882 0.6200980392156863 0.8464052287581699 0.6225490196078431 0.8431372549019608 0.6274509803921569 0.8415032679738562 0.6421568627450981 0.8447712418300654 0.6495098039215687 0.8480392156862745 0.6470588235294118 0.8578431372549019 0.6470588235294118 0.8627450980392157 0.6372549019607843 0.8758169934640523 0.6323529411764706 0.8790849673202614 0.6274509803921569 0.8774509803921569 0.6225490196078431 0.880718954248366 0.6176470588235294 0.8758169934640523 0.6151960784313726 0.880718954248366 0.6078431372549019 0.8774509803921569 0.6053921568627451 0.8758169934640523 0.5980392156862745 0.8709150326797386 0.5931372549019608 0.8676470588235294 0.5931372549019608 0.8660130718954249 0.5980392156862745 0.8562091503267973 0.5980392156862745 0.8529411764705882 0.5857843137254902 0.8431372549019608 0.5833333333333334 0.8447712418300654 0.5735294117647058 0.8480392156862745 0.5735294117647058 0.8513071895424836 0.5784313725490197 0.8545751633986928 0.5735294117647058 0.8676470588235294 0.5735294117647058 0.869281045751634 0.5808823529411765 0.8709150326797386 0.5759803921568627 0.8758169934640523 0.5735294117647058
0 0.9934640522875817 0.8284313725490197 0.9950980392156863 0.8406862745098039 0.9983660130718954 0.8455882352941176 0.9950980392156863 0.8504901960784313 0.9967320261437909 0.8553921568627451 0.9934640522875817 0.8676470588235294 0.9950980392156863 0.8774509803921569 0.988562091503268 0.8897058823529411 0.9934640522875817 0.8946078431372549 0.9934640522875817 0.9019607843137255 0.9983660130718954 0.9142156862745098 0.9934640522875817 0.9264705882352942 0.9934640522875817 0.9387254901960784 0.9869281045751634 0.9509803921568627 0.9689542483660131 0.9509803921568627 0.9575163398692811 0.9387254901960784 0.9411764705882353 0.9264705882352942 0.9362745098039216 0.9166666666666666 0.9362745098039216 0.9093137254901961 0.9444444444444444 0.8946078431372549 0.9444444444444444 0.8897058823529411 0.9362745098039216 0.8774509803921569 0.9281045751633987 0.8700980392156863 0.923202614379085 0.8627450980392157 0.923202614379085 0.8578431372549019 0.9297385620915033 0.8480392156862745 0.9297385620915033 0.8431372549019608 0.9379084967320261 0.8357843137254902 0.9591503267973857 0.8382352941176471 0.9722222222222222 0.8259803921568627 0.9901960784313726 0.8259803921568627 0.9918300653594772 0.8284313725490197
0 0.6290849673202614 0.8897058823529411 0.6437908496732027 0.9019607843137255 0.6470588235294118 0.9019607843137255 0.6503267973856209 0.9068627450980392 0.6535947712418301 0.9068627450980392 0.6584967320261438 0.9191176470588235 0.6584967320261438 0.9264705882352942 0.6388888888888888 0.9436274509803921 0.6290849673202614 0.9411764705882353 0.6176470588235294 0.946078431372549 0.5996732026143791 0.9387254901960784 0.5964052287581699 0.9338235294117647 0.5931372549019608 0.9142156862745098 0.5980392156862745 0.9019607843137255 0.6111111111111112 0.8921568627450981 0.6160130718954249 0.8921568627450981 0.6209150326797386 0.8872549019607843 0.6274509803921569 0.8897058823529411
0 0.9379084967320261 0.7843137254901961 0.946078431372549 0.7892156862745098 0.9526143790849673 0.7990196078431373 0.9575163398692811 0.8137254901960784 0.954248366013072 0.8186274509803921 0.9444444444444444 0.8235294117647058 0.9330065359477124 0.8186274509803921 0.9133986928104575 0.8186274509803921 0.9101307189542484 0.8137254901960784 0.9117647058823529 0.8161764705882353 0.9166666666666666 0.8137254901960784 0.9019607843137255 0.7867647058823529 0.9019607843137255 0.7818627450980392 0.9068627450980392 0.7769607843137255 0.9215686274509803 0.7769607843137255 0.9362745098039216 0.7843137254901961
0 0.7075163398692811 0.8308823529411765 0.7091503267973857 0.8333333333333334 0.7173202614379085 0.8333333333333334 0.7189542483660131 0.8308823529411765 0.7303921568627451 0.8455882352941176 0.7303921568627451 0.8578431372549019 0.7254901960784313 0.8676470588235294 0.7271241830065359 0.875 0.7222222222222222 0.8799019607843137 0.7222222222222222 0.8970588235294118 0.7205882352941176 0.8995098039215687 0.7254901960784313 0.9166666666666666 0.7222222222222222 0.9264705882352942 0.7222222222222222 0.9362745098039216 0.7303921568627451 0.9485294117647058 0.7271241830065359 0.9656862745098039 0.7238562091503268 0.9730392156862745 0.7189542483660131 0.9730392156862745 0.7156862745098039 0.9803921568627451 0.7107843137254902 0.9803921568627451 0.7091503267973857 0.9901960784313726 0.704248366013072 0.9852941176470589 0.6993464052287581 0.9926470588235294 0.6601307189542484 0.9926470588235294 0.6617647058823529 0.9877450980392157 0.6584967320261438 0.9803921568627451 0.6584967320261438 0.9705882352941176 0.6437908496732027 0.9485294117647058 0.6454248366013072 0.9411764705882353 0.6584967320261438 0.9313725490196079 0.6633986928104575 0.9215686274509803 0.6617647058823529 0.9142156862745098 0.6552287581699346 0.9044117647058824 0.6454248366013072 0.8970588235294118 0.6454248366013072 0.8872549019607843 0.6388888888888888 0.8823529411764706 0.6388888888888888 0.8774509803921569 0.6356209150326797 0.8725490196078431 0.6356209150326797 0.8602941176470589 0.6470588235294118 0.8480392156862745 0.6666666666666666 0.8455882352941176 0.6748366013071896 0.8357843137254902 0.6797385620915033 0.8333333333333334 0.6928104575163399 0.8284313725490197 0.7058823529411765 0.8308823529411765
0 0.7352941176470589 0.8799019607843137 0.738562091503268 0.8774509803921569 0.7483660130718954 0.8774509803921569 0.75 0.875 0.7712418300653595 0.875 0.7826797385620915 0.8823529411764706 0.7859477124183006 0.8872549019607843 0.7843137254901961 0.8921568627450981 0.7745098039215687 0.8970588235294118 0.7581699346405228 0.8970588235294118 0.7565359477124183 0.8946078431372549 0.738562091503268 0.8921568627450981 0.7352941176470589 0.8897058823529411 0.7352941176470589 0.8823529411764706
0 0.7908496732026143 0.2818627450980392 0.803921568627451 0.2818627450980392 0.8006535947712419 0.2867647058823529 0.8006535947712419 0.29411764705882354 0.795751633986928 0.29901960784313725 0.8006535947712419 0.3014705882352941 0.7990196078431373 0.3088235294117647 0.8006535947712419 0.3137254901960784 0.7973856209150327 0.3137254901960784 0.795751633986928 0.31862745098039214 0.8022875816993464 0.3284313725490196 0.8120915032679739 0.3284313725490196 0.8137254901960784 0.3235294117647059 0.8202614379084967 0.32598039215686275 0.8218954248366013 0.3235294117647059 0.8218954248366013 0.3112745098039216 0.8186274509803921 0.3088235294117647 0.8202614379084967 0.30637254901960786 0.8186274509803921 0.30392156862745096 0.826797385620915 0.2916666666666667 0.8316993464052288 0.27941176470588236 0.8398692810457516 0.2769607843137255 0.8415032679738562 0.2818627450980392 0.8398692810457516 0.2916666666666667 0.8480392156862745 0.2965686274509804 0.8447712418300654 0.2965686274509804 0.8398692810457516 0.3088235294117647 0.8447712418300654 0.3161764705882353 0.8562091503267973 0.3161764705882353 0.8513071895424836 0.31862745098039214 0.8578431372549019 0.3284313725490196 0.8660130718954249 0.33088235294117646 0.8676470588235294 0.33578431372549017 0.880718954248366 0.33578431372549017 0.8839869281045751 0.3382352941176471 0.8856209150326797 0.33578431372549017 0.8839869281045751 0.33088235294117646 0.8921568627450981 0.33088235294117646 0.8921568627450981 0.3333333333333333 0.8839869281045751 0.34068627450980393 0.8823529411764706 0.35049019607843135 0.8839869281045751 0.35294117647058826 0.8888888888888888 0.3553921568627451 0.8954248366013072 0.3553921568627451 0.8986928104575164 0.35049019607843135 0.9084967320261438 0.35294117647058826 0.9035947712418301 0.3627450980392157 0.8986928104575164 0.3627450980392157 0.8921568627450981 0.37254901960784315 0.8954248366013072 0.37745098039215685 0.9003267973856209 0.37745098039215685 0.9035947712418301 0.38235294117647056 0.8986928104575164 0.3799019607843137 0.8905228758169934 0.39215686274509803 0.8937908496732027 0.39705882352941174 0.9150326797385621 0.39950980392156865 0.9166666666666666 0.39215686274509803 0.9264705882352942 0.39215686274509803 0.9281045751633987 0.3897058823529412 0.9264705882352942 0.3872549019607843 0.9264705882352942 0.36764705882352944 0.9248366013071896 0.36519607843137253 0.9362745098039216 0.36519607843137253 0.9313725490196079 0.36764705882352944 0.9330065359477124 0.3700980392156863 0.9395424836601307 0.3700980392156863 0.9411764705882353 0.36519607843137253 0.946078431372549 0.36519607843137253 0.9493464052287581 0.35784313725490197 0.9526143790849673 0.35784313725490197 0.9526143790849673 0.3627450980392157 0.9558823529411765 0.36519607843137253 0.954248366013072 0.36764705882352944 0.9591503267973857 0.37254901960784315 0.9558823529411765 0.37745098039215685 0.946078431372549 0.3799019607843137 0.9444444444444444 0.38235294117647056 0.946078431372549 0.3872549019607843 0.9395424836601307 0.4019607843137255 0.9313725490196079 0.4068627450980392 0.934640522875817 0.41421568627450983 0.9330065359477124 0.41911764705882354 0.923202614379085 0.4264705882352941 0.9183006535947712 0.4338235294117647 0.9117647058823529 0.4362745098039216 0.9101307189542484 0.44362745098039214 0.9133986928104575 0.4485294117647059 0.9183006535947712 0.4485294117647059 0.9199346405228758 0.4534313725490196 0.9313725490196079 0.46078431372549017 0.934640522875817 0.4681372549019608 0.9493464052287581 0.4681372549019608 0.946078431372549 0.4730392156862745 0.9509803921568627 0.48284313725490197 0.954248366013072 0.48284313725490197 0.9591503267973857 0.47794117647058826 0.9624183006535948 0.4803921568627451 0.9640522875816994 0.47794117647058826 0.9624183006535948 0.4730392156862745 0.9689542483660131 0.47549019607843135 0.9689542483660131 0.4803921568627451 0.9640522875816994 0.4852941176470588 0.9656862745098039 0.49019607843137253 0.9738562091503268 0.49019607843137253 0.9754901960784313 0.4877450980392157 0.9722222222222222 0.48284313725490197 0.9803921568627451 0.48284313725490197 0.9787581699346405 0.4852941176470588 0.9820261437908496 0.49264705882352944 0.9820261437908496 0.5049019607843137 0.9803921568627451 0.5073529411764706 0.9836601307189542 0.5147058823529411 0.9803921568627451 0.5196078431372549 0.9852941176470589 0.5220588235294118 0.9820261437908496 0.5245098039215687 0.9869281045751634 0.5318627450980392 0.9934640522875817 0.5245098039215687 0.988562091503268 0.5220588235294118 0.9901960784313726 0.5196078431372549 0.9983660130718954 0.5220588235294118 0.9934640522875817 0.5245098039215687 0.9950980392156863 0.5269607843137255 0.9950980392156863 0.5392156862745098 0.9934640522875817 0.5416666666666666 0.9934640522875817 0.5735294117647058 0.9950980392156863 0.5759803921568627 0.9934640522875817 0.5784313725490197 0.9934640522875817 0.5906862745098039 0.9901960784313726 0.5931372549019608 0.9934640522875817 0.5980392156862745 0.9918300653594772 0.6053921568627451 0.9934640522875817 0.6078431372549019 0.9918300653594772 0.6053921568627451 0.9901960784313726 0.6102941176470589 0.9950980392156863 0.6176470588235294 0.988562091503268 0.6225490196078431 0.988562091503268 0.6323529411764706 0.9934640522875817 0.6372549019607843 0.9950980392156863 0.6446078431372549 0.9934640522875817 0.6470588235294118 0.9934640522875817 0.6617647058823529 0.9901960784313726 0.6666666666666666 0.9901960784313726 0.6764705882352942 0.9934640522875817 0.6838235294117647 0.9934640522875817 0.7034313725490197 0.9901960784313726 0.7083333333333334 0.9918300653594772 0.7107843137254902 0.9901960784313726 0.7230392156862745 0.9950980392156863 0.7279411764705882 0.9950980392156863 0.7352941176470589 0.9934640522875817 0.7426470588235294 0.9901960784313726 0.7401960784313726 0.9869281045751634 0.7450980392156863 0.988562091503268 0.7524509803921569 0.9950980392156863 0.7622549019607843 0.9950980392156863 0.7867647058823529 0.9934640522875817 0.7892156862745098 0.9950980392156863 0.7990196078431373 0.9918300653594772 0.8063725490196079 0.9934640522875817 0.821078431372549 0.9901960784313726 0.8235294117647058 0.9918300653594772 0.8259803921568627 0.988562091503268 0.8308823529411765 0.988562091503268 0.8357843137254902 0.9934640522875817 0.8431372549019608 0.9934640522875817 0.8553921568627451 0.9950980392156863 0.8578431372549019 0.9918300653594772 0.8676470588235294 0.9950980392156863 0.8823529411764706 0.9950980392156863 0.8921568627450981 0.9901960784313726 0.8995098039215687 0.988562091503268 0.9068627450980392 0.9918300653594772 0.9142156862745098 0.9918300653594772 0.9264705882352942 0.9950980392156863 0.9436274509803921 0.9950980392156863 0.9681372549019608 0.9934640522875817 0.9754901960784313 0.988562091503268 0.9779411764705882 0.9869281045751634 0.9901960784313726 0.9836601307189542 0.9877450980392157 0.9820261437908496 0.9926470588235294 0.9771241830065359 0.9926470588235294 0.9705882352941176 0.9877450980392157 0.9640522875816994 0.9877450980392157 0.9607843137254902 0.9926470588235294 0.9395424836601307 0.9926470588235294 0.934640522875817 0.9877450980392157 0.9313725490196079 0.9877450980392157 0.9248366013071896 0.9926470588235294 0.9101307189542484 0.9901960784313726 0.9084967320261438 0.9926470588235294 0.8986928104575164 0.9926470588235294 0.8888888888888888 0.9975490196078431 0.869281045751634 0.9901960784313726 0.8676470588235294 0.9926470588235294 0.8545751633986928 0.9926470588235294 0.8529411764705882 0.9901960784313726 0.8464052287581699 0.9901960784313726 0.8447712418300654 0.9926470588235294 0.8398692810457516 0.9901960784313726 0.8382352941176471 0.9926470588235294 0.7859477124183006 0.9950980392156863 0.7843137254901961 0.9926470588235294 0.7728758169934641 0.9926470588235294 0.7696078431372549 0.9877450980392157 0.7663398692810458 0.9901960784313726 0.7450980392156863 0.9901960784313726 0.7320261437908496 0.9975490196078431 0.6895424836601307 0.9950980392156863 0.6879084967320261 0.9926470588235294 0.6699346405228758 0.9926470588235294 0.6683006535947712 0.9950980392156863 0.6617647058823529 0.9950980392156863 0.6601307189542484 0.9926470588235294 0.6519607843137255 0.9926470588235294 0.6503267973856209 0.9950980392156863 0.6372549019607843 0.9950980392156863 0.6356209150326797 0.9926470588235294 0.6339869281045751 0.9950980392156863 0.6323529411764706 0.9926470588235294 0.5882352941176471 0.9926470588235294 0.5866013071895425 0.9950980392156863 0.5800653594771242 0.9950980392156863 0.5784313725490197 0.9926470588235294 0.5522875816993464 0.9926470588235294 0.5506535947712419 0.9901960784313726 0.5245098039215687 0.9901960784313726 0.5228758169934641 0.9926470588235294 0.49836601307189543 0.9926470588235294 0.49673202614379086 0.9950980392156863 0.4918300653594771 0.9926470588235294 0.4852941176470588 0.9926470588235294 0.48366013071895425 0.9950980392156863 0.4820261437908497 0.9926470588235294 0.4444444444444444 0.9926470588235294 0.44281045751633985 0.9950980392156863 0.4411764705882353 0.9926470588235294 0.3709150326797386 0.9926470588235294 0.369281045751634 0.9901960784313726 0.36437908496732024 0.9926470588235294 0.3431372549019608 0.9926470588235294 0.3300653594771242 0.9877450980392157 0.3284313725490196 0.9901960784313726 0.30392156862745096 0.9926470588235294 0.3006535947712418 0.9901960784313726 0.29901960784313725 0.9828431372549019 0.29411764705882354 0.9779411764705882 0.2908496732026144 0.9779411764705882 0.28921568627450983 0.9730392156862745 0.28594771241830064 0.9828431372549019 0.28104575163398693 0.9754901960784313 0.27941176470588236 0.9779411764705882 0.27941176470588236 0.9877450980392157 0.28104575163398693 0.9901960784313726 0.272875816993464 0.9926470588235294 0.2679738562091503 0.9877450980392157 0.26633986928104575 0.9901960784313726 0.25980392156862747 0.9901960784313726 0.2549019607843137 0.9828431372549019 0.25163398692810457 0.9852941176470589 0.24509803921568626 0.9779411764705882 0.25 0.9681372549019608 0.2434640522875817 0.9632352941176471 0.238562091503268 0.9632352941176471 0.23039215686274508 0.9681372549019608 0.22712418300653595 0.9656862745098039 0.2222222222222222 0.9730392156862745 0.21895424836601307 0.9730392156862745 0.21405228758169934 0.9656862745098039 0.2042483660130719 0.9656862745098039 0.20261437908496732 0.9681372549019608 0.1895424836601307 0.9656862745098039 0.18790849673202614 0.9705882352941176 0.19607843137254902 0.9803921568627451 0.19444444444444445 0.9852941176470589 0.19607843137254902 0.9901960784313726 0.17483660130718953 0.9877450980392157 0.1715686274509804 0.9803921568627451 0.16830065359477125 0.9852941176470589 0.16830065359477125 0.9901960784313726 0.1650326797385621 0.9901960784313726 0.16339869281045752 0.9828431372549019 0.15359477124183007 0.9681372549019608 0.1503267973856209 0.9681372549019608 0.1437908496732026 0.9779411764705882 0.1388888888888889 0.9705882352941176 0.13398692810457516 0.9681372549019608 0.1323529411764706 0.9705882352941176 0.13398692810457516 0.9754901960784313 0.1323529411764706 0.9779411764705882 0.12908496732026145 0.9754901960784313 0.12581699346405228 0.9828431372549019 0.12091503267973856 0.9828431372549019 0.11764705882352941 0.9877450980392157 0.119281045751634 0.9901960784313726 0.08660130718954248 0.9926470588235294 0.08823529411764706 0.9877450980392157 0.09640522875816994 0.9828431372549019 0.09477124183006536 0.9779411764705882 0.0915032679738562 0.9779411764705882 0.09313725490196079 0.9705882352941176 0.08986928104575163 0.9681372549019608 0.08823529411764706 0.9730392156862745 0.08660130718954248 0.9656862745098039 0.09477124183006536 0.9632352941176471 0.09967320261437909 0.9534313725490197 0.10294117647058823 0.9534313725490197 0.10784313725490197 0.9485294117647058 0.1111111111111111 0.9485294117647058 0.11601307189542484 0.9558823529411765 0.12581699346405228 0.9534313725490197 0.12745098039215685 0.9558823529411765 0.12581699346405228 0.9583333333333334 0.13071895424836602 0.9632352941176471 0.1388888888888889 0.9632352941176471 0.1503267973856209 0.9509803921568627 0.1437908496732026 0.9485294117647058 0.15522875816993464 0.9485294117647058 0.1568627450980392 0.9436274509803921 0.15849673202614378 0.9485294117647058 0.15359477124183007 0.9534313725490197 0.1568627450980392 0.9583333333333334 0.16013071895424835 0.9534313725490197 0.16993464052287582 0.9534313725490197 0.17483660130718953 0.9607843137254902 0.18137254901960784 0.9632352941176471 0.1895424836601307 0.9607843137254902 0.1977124183006536 0.9485294117647058 0.20588235294117646 0.9485294117647058 0.20751633986928106 0.946078431372549 0.20588235294117646 0.9411764705882353 0.20751633986928106 0.9338235294117647 0.2042483660130719 0.9264705882352942 0.2042483660130719 0.9191176470588235 0.20261437908496732 0.9166666666666666 0.19607843137254902 0.9191176470588235 0.19117647058823528 0.9142156862745098 0.17973856209150327 0.9191176470588235 0.17483660130718953 0.9142156862745098 0.17483660130718953 0.9093137254901961 0.1781045751633987 0.9019607843137255 0.19607843137254902 0.8995098039215687 0.20098039215686275 0.9044117647058824 0.20915032679738563 0.9044117647058824 0.21241830065359477 0.8995098039215687 0.2238562091503268 0.8995098039215687 0.22712418300653595 0.9019607843137255 0.22875816993464052 0.8995098039215687 0.22712418300653595 0.8970588235294118 0.23202614379084968 0.8946078431372549 0.2369281045751634 0.8995098039215687 0.24183006535947713 0.8970588235294118 0.2434640522875817 0.8995098039215687 0.24183006535947713 0.9019607843137255 0.24509803921568626 0.9068627450980392 0.25163398692810457 0.9019607843137255 0.24836601307189543 0.8970588235294118 0.25 0.8897058823529411 0.24673202614379086 0.8823529411764706 0.25163398692810457 0.8799019607843137 0.2549019607843137 0.8725490196078431 0.2581699346405229 0.8799019607843137 0.26143790849673204 0.875 0.2696078431372549 0.8823529411764706 0.27941176470588236 0.8823529411764706 0.28594771241830064 0.8921568627450981 0.28921568627450983 0.8848039215686274 0.2973856209150327 0.8823529411764706 0.3022875816993464 0.875 0.30392156862745096 0.8651960784313726 0.3006535947712418 0.8602941176470589 0.29411764705882354 0.8602941176470589 0.29248366013071897 0.8578431372549019 0.272875816993464 0.8578431372549019 0.27124183006535946 0.8529411764705882 0.2696078431372549 0.8578431372549019 0.26143790849673204 0.8602941176470589 0.25980392156862747 0.8578431372549019 0.26143790849673204 0.8480392156862745 0.2581699346405229 0.8431372549019608 0.2549019607843137 0.8431372549019608 0.24836601307189543 0.8357843137254902 0.24183006535947713 0.8357843137254902 0.2369281045751634 0.8406862745098039 0.2369281045751634 0.8455882352941176 0.24673202614379086 0.8529411764705882 0.25326797385620914 0.8529411764705882 0.2549019607843137 0.8627450980392157 0.24509803921568626 0.8627450980392157 0.24183006535947713 0.8651960784313726 0.24509803921568626 0.8627450980392157 0.24019607843137256 0.8553921568627451 0.238562091503268 0.8627450980392157 0.23366013071895425 0.8700980392156863 0.23202614379084968 0.8553921568627451 0.23039215686274508 0.8529411764705882 0.2238562091503268 0.8553921568627451 0.2238562091503268 0.8504901960784313 0.21895424836601307 0.8455882352941176 0.21895424836601307 0.8406862745098039 0.22058823529411764 0.8382352941176471 0.2222222222222222 0.8406862745098039 0.22549019607843138 0.8357843137254902 0.22549019607843138 0.8235294117647058 0.22875816993464052 0.8235294117647058 0.23366013071895425 0.8161764705882353 0.23366013071895425 0.8014705882352942 0.238562091503268 0.7941176470588235 0.2369281045751634 0.7867647058823529 0.23202614379084968 0.7818627450980392 0.21895424836601307 0.7794117647058824 0.21568627450980393 0.7745098039215687 0.21405228758169934 0.7769607843137255 0.21568627450980393 0.7745098039215687 0.21405228758169934 0.7720588235294118 0.21568627450980393 0.7745098039215687 0.22058823529411764 0.7671568627450981 0.21895424836601307 0.7647058823529411 0.2107843137254902 0.7647058823529411 0.20915032679738563 0.7671568627450981 0.20261437908496732 0.7598039215686274 0.19934640522875818 0.7598039215686274 0.1977124183006536 0.7622549019607843 0.19934640522875818 0.7647058823529411 0.1977124183006536 0.7622549019607843 0.19117647058823528 0.7622549019607843 0.1895424836601307 0.7549019607843137 0.18137254901960784 0.7622549019607843 0.1781045751633987 0.7573529411764706 0.17483660130718953 0.7647058823529411 0.17647058823529413 0.7671568627450981 0.1830065359477124 0.7671568627450981 0.184640522875817 0.7745098039215687 0.18137254901960784 0.7769607843137255 0.17320261437908496 0.7745098039215687 0.16993464052287582 0.7769607843137255 0.15849673202614378 0.7720588235294118 0.15522875816993464 0.7769607843137255 0.16013071895424835 0.7867647058823529 0.1650326797385621 0.7818627450980392 0.16830065359477125 0.7818627450980392 0.17320261437908496 0.7892156862745098 0.17973856209150327 0.7867647058823529 0.18137254901960784 0.7892156862745098 0.17973856209150327 0.7916666666666666 0.16830065359477125 0.7916666666666666 0.16666666666666666 0.7941176470588235 0.16013071895424835 0.7916666666666666 0.1568627450980392 0.7941176470588235 0.15359477124183007 0.7892156862745098 0.1503267973856209 0.7916666666666666 0.14869281045751634 0.7892156862745098 0.1503267973856209 0.7843137254901961 0.14705882352941177 0.7794117647058824 0.12091503267973856 0.7769607843137255 0.12908496732026145 0.7647058823529411 0.12745098039215685 0.7622549019607843 0.12908496732026145 0.7573529411764706 0.12745098039215685 0.7524509803921569 0.12908496732026145 0.75 0.12254901960784313 0.7450980392156863 0.1111111111111111 0.7450980392156863 0.1111111111111111 0.7401960784313726 0.11437908496732026 0.7377450980392157 0.11764705882352941 0.7401960784313726 0.12581699346405228 0.7377450980392157 0.12908496732026145 0.7426470588235294 0.1323529411764706 0.7426470588235294 0.13562091503267973 0.7377450980392157 0.13398692810457516 0.7279411764705882 0.14869281045751634 0.7254901960784313 0.1503267973856209 0.7279411764705882 0.1437908496732026 0.7303921568627451 0.14052287581699346 0.7377450980392157 0.14215686274509803 0.7401960784313726 0.14869281045751634 0.7401960784313726 0.14705882352941177 0.7450980392156863 0.1503267973856209 0.75 0.15522875816993464 0.7450980392156863 0.15849673202614378 0.7524509803921569 0.16339869281045752 0.7524509803921569 0.16666666666666666 0.7450980392156863 0.1715686274509804 0.7450980392156863 0.17973856209150327 0.7377450980392157 0.1781045751633987 0.7328431372549019 0.1715686274509804 0.7303921568627451 0.1650326797385621 0.7328431372549019 0.16176470588235295 0.7279411764705882 0.16176470588235295 0.7254901960784313 0.1781045751633987 0.7254901960784313 0.17973856209150327 0.7230392156862745 0.1781045751633987 0.7205882352941176 0.15849673202614378 0.7205882352941176 0.1568627450980392 0.7181372549019608 0.1503267973856209 0.7205882352941176 0.1388888888888889 0.7156862745098039 0.14215686274509803 0.7107843137254902 0.14052287581699346 0.7058823529411765 0.13725490196078433 0.7058823529411765 0.13725490196078433 0.7009803921568627 0.14052287581699346 0.696078431372549 0.13071895424836602 0.6838235294117647 0.12418300653594772 0.6838235294117647 0.12254901960784313 0.6813725490196079 0.12091503267973856 0.6838235294117647 0.119281045751634 0.7058823529411765 0.11764705882352941 0.7083333333333334 0.11764705882352941 0.7132352941176471 0.12091503267973856 0.7156862745098039 0.11601307189542484 0.7230392156862745 0.11437908496732026 0.7205882352941176 0.10294117647058823 0.7205882352941176 0.10130718954248366 0.7230392156862745 0.10457516339869281 0.7254901960784313 0.09967320261437909 0.7328431372549019 0.10620915032679738 0.7401960784313726 0.10130718954248366 0.7426470588235294 0.10294117647058823 0.7475490196078431 0.10130718954248366 0.7524509803921569 0.09803921568627451 0.7475490196078431 0.08823529411764706 0.7450980392156863 0.08333333333333333 0.75 0.08496732026143791 0.7573529411764706 0.0784313725490196 0.7622549019607843 0.08006535947712418 0.7671568627450981 0.08660130718954248 0.7671568627450981 0.08823529411764706 0.7696078431372549 0.09967320261437909 0.7671568627450981 0.10130718954248366 0.7622549019607843 0.10620915032679738 0.7622549019607843 0.10294117647058823 0.7647058823529411 0.10620915032679738 0.7720588235294118 0.10294117647058823 0.7769607843137255 0.10294117647058823 0.7818627450980392 0.09640522875816994 0.7867647058823529 0.09477124183006536 0.7916666666666666 0.09313725490196079 0.7867647058823529 0.08986928104575163 0.7867647058823529 0.08823529411764706 0.7916666666666666 0.08660130718954248 0.7892156862745098 0.07352941176470588 0.7892156862745098 0.0718954248366013 0.7965686274509803 0.07516339869281045 0.8014705882352942 0.0784313725490196 0.8014705882352942 0.07352941176470588 0.8112745098039216 0.0718954248366013 0.8088235294117647 0.06535947712418301 0.8112745098039216 0.058823529411764705 0.8088235294117647 0.05555555555555555 0.8137254901960784 0.05718954248366013 0.8161764705882353 0.05228758169934641 0.8186274509803921 0.0457516339869281 0.8088235294117647 0.042483660130718956 0.8161764705882353 0.0392156862745098 0.8137254901960784 0.0392156862745098 0.8112745098039216 0.04411764705882353 0.8112745098039216 0.0457516339869281 0.8063725490196079 0.049019607843137254 0.8088235294117647 0.05065359477124183 0.8063725490196079 0.04738562091503268 0.7990196078431373 0.049019607843137254 0.7892156862745098 0.0457516339869281 0.7843137254901961 0.042483660130718956 0.7892156862745098 0.03594771241830065 0.7818627450980392 0.03104575163398693 0.7867647058823529 0.027777777777777776 0.7818627450980392 0.03758169934640523 0.7818627450980392 0.04084967320261438 0.7769607843137255 0.0392156862745098 0.7696078431372549 0.04411764705882353 0.7647058823529411 0.05228758169934641 0.7696078431372549 0.06045751633986928 0.7671568627450981 0.06535947712418301 0.7598039215686274 0.06372549019607843 0.7549019607843137 0.06045751633986928 0.7549019607843137 0.06535947712418301 0.7524509803921569 0.08006535947712418 0.7524509803921569 0.08169934640522876 0.75 0.0784313725490196 0.7475490196078431 0.08006535947712418 0.7426470588235294 0.07679738562091504 0.7377450980392157 0.07026143790849673 0.7401960784313726 0.06045751633986928 0.7303921568627451 0.05392156862745098 0.7303921568627451 0.05228758169934641 0.7254901960784313 0.05555555555555555 0.7279411764705882 0.06535947712418301 0.7254901960784313 0.06699346405228758 0.7230392156862745 0.06209150326797386 0.7205882352941176 0.06372549019607843 0.7156862745098039 0.07516339869281045 0.7156862745098039 0.07679738562091504 0.7132352941176471 0.0784313725490196 0.7156862745098039 0.08660130718954248 0.7156862745098039 0.09477124183006536 0.7083333333333334 0.0915032679738562 0.7034313725490197 0.08823529411764706 0.7058823529411765 0.08496732026143791 0.696078431372549 0.07679738562091504 0.6887254901960784 0.07352941176470588 0.6887254901960784 0.0718954248366013 0.6911764705882353 0.07516339869281045 0.6936274509803921 0.07352941176470588 0.696078431372549 0.07026143790849673 0.6936274509803921 0.06699346405228758 0.696078431372549 0.06535947712418301 0.6985294117647058 0.06699346405228758 0.7009803921568627 0.06372549019607843 0.6985294117647058 0.058823529411764705 0.7034313725490197 0.049019607843137254 0.7034313725490197 0.04738562091503268 0.7058823529411765 0.04738562091503268 0.7107843137254902 0.05065359477124183 0.7156862745098039 0.05718954248366013 0.7156862745098039 0.05555555555555555 0.7205882352941176 0.05065359477124183 0.7181372549019608 0.04411764705882353 0.7181372549019608 0.042483660130718956 0.7205882352941176 0.03758169934640523 0.7132352941176471 0.042483660130718956 0.7132352941176471 0.0457516339869281 0.7083333333333334 0.042483660130718956 0.7034313725490197 0.0392156862745098 0.7034313725490197 0.03758169934640523 0.6985294117647058 0.04411764705882353 0.696078431372549 0.04084967320261438 0.6911764705882353 0.04411764705882353 0.6887254901960784 0.04411764705882353 0.6838235294117647 0.05718954248366013 0.6838235294117647 0.06045751633986928 0.6764705882352942 0.06045751633986928 0.6666666666666666 0.06372549019607843 0.6642156862745098 0.0915032679738562 0.6642156862745098 0.09803921568627451 0.6593137254901961 0.10620915032679738 0.6617647058823529 0.10784313725490197 0.6593137254901961 0.12581699346405228 0.6568627450980392 0.12745098039215685 0.6544117647058824 0.12418300653594772 0.6495098039215687 0.11764705882352941 0.6495098039215687 0.12091503267973856 0.6421568627450981 0.119281045751634 0.6397058823529411 0.1111111111111111 0.6397058823529411 0.10947712418300654 0.6421568627450981 0.11274509803921569 0.6470588235294118 0.10947712418300654 0.6495098039215687 0.10784313725490197 0.6470588235294118 0.10947712418300654 0.6397058823529411 0.12418300653594772 0.6397058823529411 0.12418300653594772 0.6446078431372549 0.12745098039215685 0.6495098039215687 0.13398692810457516 0.6495098039215687 0.12745098039215685 0.6568627450980392 0.12745098039215685 0.6617647058823529 0.13071895424836602 0.6666666666666666 0.12745098039215685 0.6715686274509803 0.12908496732026145 0.678921568627451 0.14052287581699346 0.6764705882352942 0.14869281045751634 0.6691176470588235 0.16339869281045752 0.6715686274509803 0.16993464052287582 0.6642156862745098 0.16830065359477125 0.6593137254901961 0.16830065359477125 0.6372549019607843 0.1715686274509804 0.6323529411764706 0.17483660130718953 0.6348039215686274 0.1781045751633987 0.6274509803921569 0.17973856209150327 0.6299019607843137 0.184640522875817 0.6274509803921569 0.18790849673202614 0.6299019607843137 0.19281045751633988 0.625 0.184640522875817 0.6176470588235294 0.18627450980392157 0.6151960784313726 0.18137254901960784 0.6029411764705882 0.17647058823529413 0.6053921568627451 0.1715686274509804 0.5980392156862745 0.1650326797385621 0.5980392156862745 0.16339869281045752 0.6029411764705882 0.15522875816993464 0.6078431372549019 0.15849673202614378 0.6102941176470589 0.15196078431372548 0.6176470588235294 0.1503267973856209 0.625 0.15196078431372548 0.6323529411764706 0.1503267973856209 0.6348039215686274 0.14869281045751634 0.6323529411764706 0.13562091503267973 0.6348039215686274 0.12908496732026145 0.625 0.12254901960784313 0.6225490196078431 0.119281045751634 0.6127450980392157 0.1111111111111111 0.6200980392156863 0.11274509803921569 0.625 0.10947712418300654 0.6299019607843137 0.10457516339869281 0.6225490196078431 0.10130718954248366 0.6274509803921569 0.09477124183006536 0.6274509803921569 0.0915032679738562 0.6200980392156863 0.09477124183006536 0.6151960784313726 0.09967320261437909 0.6176470588235294 0.10130718954248366 0.6102941176470589 0.10294117647058823 0.6102941176470589 0.10130718954248366 0.6151960784313726 0.10294117647058823 0.6176470588235294 0.11274509803921569 0.6176470588235294 0.11437908496732026 0.6151960784313726 0.10784313725490197 0.6127450980392157 0.10457516339869281 0.6053921568627451 0.10784313725490197 0.6029411764705882 0.11274509803921569 0.6078431372549019 0.119281045751634 0.6078431372549019 0.12254901960784313 0.6029411764705882 0.12254901960784313 0.5980392156862745 0.119281045751634 0.5931372549019608 0.11601307189542484 0.5955882352941176 0.11437908496732026 0.5931372549019608 0.10620915032679738 0.5931372549019608 0.10784313725490197 0.5882352941176471 0.119281045751634 0.5808823529411765 0.12254901960784313 0.5759803921568627 0.12581699346405228 0.5808823529411765 0.12745098039215685 0.5784313725490197 0.13398692810457516 0.5784313725490197 0.13071895424836602 0.5833333333333334 0.13725490196078433 0.5882352941176471 0.12908496732026145 0.5882352941176471 0.12745098039215685 0.5906862745098039 0.13071895424836602 0.5931372549019608 0.13071895424836602 0.5980392156862745 0.12745098039215685 0.6004901960784313 0.12908496732026145 0.6102941176470589 0.12745098039215685 0.6151960784313726 0.1323529411764706 0.6200980392156863 0.13562091503267973 0.6151960784313726 0.14869281045751634 0.6176470588235294 0.1503267973856209 0.6151960784313726 0.14705882352941177 0.6102941176470589 0.1437908496732026 0.6127450980392157 0.1437908496732026 0.6102941176470589 0.14869281045751634 0.6078431372549019 0.1503267973856209 0.5955882352941176 0.15359477124183007 0.5980392156862745 0.1568627450980392 0.5906862745098039 0.16339869281045752 0.5882352941176471 0.16830065359477125 0.5906862745098039 0.17483660130718953 0.5857843137254902 0.1781045751633987 0.5857843137254902 0.1781045751633987 0.5906862745098039 0.18137254901960784 0.5955882352941176 0.19117647058823528 0.5955882352941176 0.19281045751633988 0.5980392156862745 0.20261437908496732 0.5931372549019608 0.21895424836601307 0.5931372549019608 0.2222222222222222 0.5882352941176471 0.22712418300653595 0.5882352941176471 0.22875816993464052 0.5931372549019608 0.24183006535947713 0.5882352941176471 0.25 0.5882352941176471 0.2549019607843137 0.5931372549019608 0.2679738562091503 0.5906862745098039 0.27450980392156865 0.6004901960784313 0.2696078431372549 0.6053921568627451 0.27124183006535946 0.6078431372549019 0.27941176470588236 0.6078431372549019 0.28104575163398693 0.6053921568627451 0.28594771241830064 0.6078431372549019 0.29901960784313725 0.6029411764705882 0.3022875816993464 0.5980392156862745 0.2957516339869281 0.5882352941176471 0.2957516339869281 0.5833333333333334 0.3055555555555556 0.5784313725490197 0.3088235294117647 0.5808823529411765 0.315359477124183 0.5784313725490197 0.31699346405228757 0.5735294117647058 0.32189542483660133 0.5735294117647058 0.3284313725490196 0.5612745098039216 0.33169934640522875 0.5612745098039216 0.3366013071895425 0.553921568627451 0.3349673202614379 0.5490196078431373 0.3366013071895425 0.5465686274509803 0.3366013071895425 0.5343137254901961 0.3349673202614379 0.5318627450980392 0.3382352941176471 0.5269607843137255 0.3480392156862745 0.5245098039215687 0.35130718954248363 0.5294117647058824 0.35784313725490197 0.5269607843137255 0.3627450980392157 0.5294117647058824 0.36764705882352944 0.5245098039215687 0.37254901960784315 0.5245098039215687 0.3758169934640523 0.5318627450980392 0.380718954248366 0.5245098039215687 0.3758169934640523 0.5196078431372549 0.3790849673202614 0.5147058823529411 0.3790849673202614 0.5098039215686274 0.3872549019607843 0.5098039215686274 0.3888888888888889 0.5049019607843137 0.3872549019607843 0.5098039215686274 0.39052287581699346 0.5147058823529411 0.3954248366013072 0.5147058823529411 0.40032679738562094 0.5098039215686274 0.4019607843137255 0.5171568627450981 0.41013071895424835 0.5245098039215687 0.4117647058823529 0.5220588235294118 0.42483660130718953 0.5220588235294118 0.43790849673202614 0.5171568627450981 0.4395424836601307 0.5147058823529411 0.43790849673202614 0.5098039215686274 0.42483660130718953 0.49019607843137253 0.4199346405228758 0.49264705882352944 0.41830065359477125 0.49019607843137253 0.4150326797385621 0.4950980392156863 0.4019607843137255 0.5 0.4035947712418301 0.49754901960784315 0.3937908496732026 0.4877450980392157 0.39705882352941174 0.48284313725490197 0.3954248366013072 0.4803921568627451 0.3888888888888889 0.4803921568627451 0.38562091503267976 0.4852941176470588 0.3758169934640523 0.49019607843137253 0.36764705882352944 0.5024509803921569 0.3611111111111111 0.5 0.35784313725490197 0.5049019607843137 0.35130718954248363 0.5073529411764706 0.3480392156862745 0.5147058823529411 0.33986928104575165 0.5147058823529411 0.3382352941176471 0.5171568627450981 0.3333333333333333 0.5122549019607843 0.3300653594771242 0.5122549019607843 0.32679738562091504 0.5049019607843137 0.3235294117647059 0.5073529411764706 0.3202614379084967 0.5 0.31699346405228757 0.5024509803921569 0.315359477124183 0.5 0.30392156862745096 0.5 0.29901960784313725 0.49264705882352944 0.3006535947712418 0.49019607843137253 0.29901960784313725 0.4877450980392157 0.29248366013071897 0.4877450980392157 0.2908496732026144 0.49019607843137253 0.28431372549019607 0.4877450980392157 0.28104575163398693 0.49019607843137253 0.2826797385620915 0.48284313725490197 0.28431372549019607 0.4852941176470588 0.2973856209150327 0.4852941176470588 0.3006535947712418 0.4877450980392157 0.3055555555555556 0.4803921568627451 0.3055555555555556 0.47549019607843135 0.3088235294117647 0.4730392156862745 0.3137254901960784 0.47794117647058826 0.33169934640522875 0.4803921568627451 0.3382352941176471 0.47058823529411764 0.33986928104575165 0.4730392156862745 0.3431372549019608 0.4681372549019608 0.34967320261437906 0.4681372549019608 0.35130718954248363 0.47058823529411764 0.35947712418300654 0.4681372549019608 0.3611111111111111 0.47058823529411764 0.36764705882352944 0.47058823529411764 0.369281045751634 0.47549019607843135 0.37254901960784315 0.46568627450980393 0.38562091503267976 0.4583333333333333 0.39215686274509803 0.46078431372549017 0.39705882352941174 0.47549019607843135 0.40522875816993464 0.47794117647058826 0.4068627450980392 0.4730392156862745 0.4117647058823529 0.47794117647058826 0.4133986928104575 0.47058823529411764 0.4215686274509804 0.46568627450980393 0.4199346405228758 0.4632352941176471 0.4215686274509804 0.45098039215686275 0.41830065359477125 0.44362745098039214 0.4215686274509804 0.44362745098039214 0.42483660130718953 0.4485294117647059 0.4297385620915033 0.44607843137254904 0.4395424836601307 0.46078431372549017 0.4411764705882353 0.4583333333333333 0.4395424836601307 0.4215686274509804 0.43300653594771243 0.41911764705882354 0.42810457516339867 0.4264705882352941 0.42320261437908496 0.4264705882352941 0.4199346405228758 0.43137254901960786 0.42320261437908496 0.4264705882352941 0.4215686274509804 0.42401960784313725 0.42320261437908496 0.4215686274509804 0.41830065359477125 0.41421568627450983 0.40522875816993464 0.40931372549019607 0.40522875816993464 0.40441176470588236 0.41013071895424835 0.39705882352941174 0.4199346405228758 0.3946078431372549 0.42320261437908496 0.3872549019607843 0.42320261437908496 0.38235294117647056 0.4264705882352941 0.3799019607843137 0.42483660130718953 0.37254901960784315 0.4215686274509804 0.37745098039215685 0.4166666666666667 0.375 0.41830065359477125 0.36519607843137253 0.4297385620915033 0.36519607843137253 0.43300653594771243 0.36764705882352944 0.434640522875817 0.375 0.44607843137254904 0.37745098039215685 0.44281045751633985 0.38480392156862747 0.4362745098039216 0.3897058823529412 0.43790849673202614 0.39215686274509803 0.434640522875817 0.39705882352941174 0.4362745098039216 0.40441176470588236 0.43300653594771243 0.4068627450980392 0.434640522875817 0.4117647058823529 0.4477124183006536 0.40441176470588236 0.4493464052287582 0.4068627450980392 0.4591503267973856 0.4068627450980392 0.46568627450980393 0.4264705882352941 0.47058823529411764 0.4264705882352941 0.4722222222222222 0.42401960784313725 0.47058823529411764 0.4215686274509804 0.477124183006536 0.41421568627450983 0.47875816993464054 0.4166666666666667 0.477124183006536 0.42401960784313725 0.4803921568627451 0.4264705882352941 0.4820261437908497 0.42401960784313725 0.4820261437908497 0.41421568627450983 0.48856209150326796 0.41421568627450983 0.49673202614379086 0.4068627450980392 0.5049019607843137 0.4068627450980392 0.5 0.40931372549019607 0.5032679738562091 0.4166666666666667 0.5 0.4215686274509804 0.4950980392156863 0.41911764705882354 0.4869281045751634 0.4215686274509804 0.4852941176470588 0.43137254901960786 0.4869281045751634 0.4338235294117647 0.4934640522875817 0.43137254901960786 0.5065359477124183 0.45098039215686275 0.5228758169934641 0.45588235294117646 0.5212418300653595 0.4583333333333333 0.5277777777777778 0.4632352941176471 0.5277777777777778 0.4730392156862745 0.5261437908496732 0.47549019607843135 0.5277777777777778 0.4852941176470588 0.5261437908496732 0.49019607843137253 0.5277777777777778 0.49264705882352944 0.5424836601307189 0.49264705882352944 0.5473856209150327 0.4852941176470588 0.5571895424836601 0.47794117647058826 0.5637254901960784 0.47794117647058826 0.5686274509803921 0.47058823529411764 0.5669934640522876 0.45588235294117646 0.5620915032679739 0.4485294117647059 0.5522875816993464 0.44607843137254904 0.5506535947712419 0.4411764705882353 0.553921568627451 0.4411764705882353 0.5555555555555556 0.4362745098039216 0.5506535947712419 0.43137254901960786 0.5424836601307189 0.42892156862745096 0.5392156862745098 0.4362745098039216 0.5392156862745098 0.4485294117647059 0.5359477124183006 0.4411764705882353 0.5326797385620915 0.44362745098039214 0.5245098039215687 0.4362745098039216 0.5228758169934641 0.43137254901960786 0.5163398692810458 0.43137254901960786 0.5228758169934641 0.42401960784313725 0.5212418300653595 0.41911764705882354 0.5179738562091504 0.41911764705882354 0.5179738562091504 0.41421568627450983 0.5245098039215687 0.4117647058823529 0.5408496732026143 0.4117647058823529 0.5441176470588235 0.41421568627450983 0.545751633986928 0.40441176470588236 0.5424836601307189 0.39950980392156865 0.5326797385620915 0.39705882352941174 0.5294117647058824 0.39215686274509803 0.5261437908496732 0.39705882352941174 0.5179738562091504 0.39705882352941174 0.5179738562091504 0.3946078431372549 0.5228758169934641 0.3897058823529412 0.5261437908496732 0.3897058823529412 0.5310457516339869 0.38235294117647056 0.5294117647058824 0.3799019607843137 0.5196078431372549 0.3799019607843137 0.5147058823529411 0.37254901960784315 0.511437908496732 0.38235294117647056 0.5081699346405228 0.37745098039215685 0.5049019607843137 0.37745098039215685 0.5016339869281046 0.37254901960784315 0.5049019607843137 0.36764705882352944 0.5032679738562091 0.36519607843137253 0.5065359477124183 0.35784313725490197 0.49836601307189543 0.35049019607843135 0.49019607843137253 0.35294117647058826 0.4869281045751634 0.3602941176470588 0.4803921568627451 0.3627450980392157 0.48366013071895425 0.36764705882352944 0.4869281045751634 0.36519607843137253 0.49019607843137253 0.37254901960784315 0.4934640522875817 0.37254901960784315 0.49019607843137253 0.37745098039215685 0.4950980392156863 0.3897058823529412 0.4918300653594771 0.3897058823529412 0.48366013071895425 0.39705882352941174 0.4852941176470588 0.3946078431372549 0.48366013071895425 0.3897058823529412 0.477124183006536 0.39705882352941174 0.47058823529411764 0.39215686274509803 0.4722222222222222 0.3872549019607843 0.4673202614379085 0.38235294117647056 0.47058823529411764 0.37745098039215685 0.4673202614379085 0.37254901960784315 0.46405228758169936 0.37254901960784315 0.4722222222222222 0.35784313725490197 0.47058823529411764 0.3553921568627451 0.4673202614379085 0.35784313725490197 0.46078431372549017 0.3553921568627451 0.4591503267973856 0.35784313725490197 0.46078431372549017 0.3627450980392157 0.4591503267973856 0.36764705882352944 0.45751633986928103 0.3602941176470588 0.4591503267973856 0.3553921568627451 0.4738562091503268 0.35049019607843135 0.47549019607843135 0.34558823529411764 0.4820261437908497 0.34558823529411764 0.48366013071895425 0.3431372549019608 0.48856209150326796 0.34558823529411764 0.49836601307189543 0.3382352941176471 0.5147058823529411 0.3382352941176471 0.5163398692810458 0.33578431372549017 0.5277777777777778 0.33578431372549017 0.5294117647058824 0.3333333333333333 0.5326797385620915 0.3333333333333333 0.5359477124183006 0.3382352941176471 0.5392156862745098 0.3333333333333333 0.5441176470588235 0.3333333333333333 0.5473856209150327 0.3284313725490196 0.553921568627451 0.3284313725490196 0.5555555555555556 0.3235294117647059 0.5588235294117647 0.33088235294117646 0.5816993464052288 0.33088235294117646 0.5816993464052288 0.3333333333333333 0.5735294117647058 0.33578431372549017 0.5686274509803921 0.3431372549019608 0.565359477124183 0.3431372549019608 0.5604575163398693 0.35294117647058826 0.5571895424836601 0.35049019607843135 0.545751633986928 0.35049019607843135 0.5424836601307189 0.3553921568627451 0.5424836601307189 0.36519607843137253 0.5441176470588235 0.36764705882352944 0.5555555555555556 0.3700980392156863 0.5588235294117647 0.36519607843137253 0.5588235294117647 0.35784313725490197 0.5686274509803921 0.3553921568627451 0.5718954248366013 0.35784313725490197 0.565359477124183 0.3602941176470588 0.5686274509803921 0.36519607843137253 0.5735294117647058 0.3627450980392157 0.5816993464052288 0.36764705882352944 0.5833333333333334 0.36519607843137253 0.5866013071895425 0.37254901960784315 0.5947712418300654 0.37254901960784315 0.5964052287581699 0.3700980392156863 0.6062091503267973 0.37254901960784315 0.6029411764705882 0.38235294117647056 0.6062091503267973 0.3872549019607843 0.6045751633986928 0.3897058823529412 0.6062091503267973 0.39215686274509803 0.6111111111111112 0.39215686274509803 0.6127450980392157 0.3872549019607843 0.6143790849673203 0.39215686274509803 0.6339869281045751 0.39215686274509803 0.6356209150326797 0.38235294117647056 0.6405228758169934 0.3799019607843137 0.6470588235294118 0.38235294117647056 0.6486928104575164 0.375 0.6470588235294118 0.37254901960784315 0.6437908496732027 0.375 0.6339869281045751 0.37254901960784315 0.6356209150326797 0.3700980392156863 0.6339869281045751 0.36519607843137253 0.6405228758169934 0.3627450980392157 0.6405228758169934 0.35049019607843135 0.6323529411764706 0.3431372549019608 0.6388888888888888 0.34068627450980393 0.6405228758169934 0.33088235294117646 0.6470588235294118 0.3284313725490196 0.6519607843137255 0.31862745098039214 0.6503267973856209 0.3161764705882353 0.6470588235294118 0.3161764705882353 0.6454248366013072 0.32107843137254904 0.6323529411764706 0.31862745098039214 0.6290849673202614 0.33578431372549017 0.6258169934640523 0.3382352941176471 0.6225490196078431 0.3333333333333333 0.6160130718954249 0.34558823529411764 0.6111111111111112 0.3382352941176471 0.6013071895424836 0.35294117647058826 0.5980392156862745 0.34558823529411764 0.5964052287581699 0.35294117647058826 0.5947712418300654 0.35294117647058826 0.5931372549019608 0.34558823529411764 0.5947712418300654 0.34068627450980393 0.5996732026143791 0.3431372549019608 0.6013071895424836 0.3333333333333333 0.6062091503267973 0.3382352941176471 0.6127450980392157 0.3382352941176471 0.6176470588235294 0.3333333333333333 0.6160130718954249 0.33088235294117646 0.6258169934640523 0.3161764705882353 0.630718954248366 0.3161764705882353 0.6437908496732027 0.30392156862745096 0.6486928104575164 0.30392156862745096 0.6405228758169934 0.3112745098039216 0.6437908496732027 0.31862745098039214 0.6454248366013072 0.3161764705882353 0.6584967320261438 0.3161764705882353 0.6617647058823529 0.3235294117647059 0.6650326797385621 0.3235294117647059 0.6699346405228758 0.32107843137254904 0.6715686274509803 0.3161764705882353 0.6781045751633987 0.3137254901960784 0.6813725490196079 0.3088235294117647 0.6797385620915033 0.2965686274509804 0.684640522875817 0.29411764705882354 0.6928104575163399 0.2965686274509804 0.6830065359477124 0.3161764705882353 0.6862745098039216 0.32598039215686275 0.6879084967320261 0.3284313725490196 0.7009803921568627 0.3284313725490196 0.7026143790849673 0.33088235294117646 0.7091503267973857 0.32598039215686275 0.7140522875816994 0.3161764705882353 0.7222222222222222 0.3161764705882353 0.7254901960784313 0.3112745098039216 0.7238562091503268 0.3014705882352941 0.7254901960784313 0.29901960784313725 0.7238562091503268 0.2965686274509804 0.7271241830065359 0.2916666666666667 0.7303921568627451 0.2965686274509804 0.7352941176470589 0.29411764705882354 0.7401960784313726 0.29901960784313725 0.7418300653594772 0.3014705882352941 0.738562091503268 0.30637254901960786 0.7450980392156863 0.3161764705882353 0.7483660130718954 0.3161764705882353 0.7369281045751634 0.3284313725490196 0.7418300653594772 0.33578431372549017 0.7549019607843137 0.33578431372549017 0.7630718954248366 0.34068627450980393 0.7598039215686274 0.34558823529411764 0.7598039215686274 0.35784313725490197 0.7516339869281046 0.36519607843137253 0.7516339869281046 0.3700980392156863 0.7565359477124183 0.37254901960784315 0.7647058823529411 0.3627450980392157 0.7647058823529411 0.35784313725490197 0.7794117647058824 0.35784313725490197 0.7826797385620915 0.35294117647058826 0.7810457516339869 0.3431372549019608 0.7826797385620915 0.34068627450980393 0.7794117647058824 0.33088235294117646 0.7859477124183006 0.32598039215686275 0.7826797385620915 0.32107843137254904 0.7712418300653595 0.32107843137254904 0.7679738562091504 0.3333333333333333 0.7647058823529411 0.33088235294117646 0.7679738562091504 0.32598039215686275 0.7630718954248366 0.3235294117647059 0.7777777777777778 0.30637254901960786 0.7761437908496732 0.3014705882352941 0.7810457516339869 0.2965686274509804 0.7826797385620915 0.2867647058823529 0.7892156862745098 0.2867647058823529 0.7908496732026143 0.28431372549019607
0 0.7679738562091504 0.7647058823529411 0.7810457516339869 0.7524509803921569 0.8055555555555556 0.7524509803921569 0.8104575163398693 0.7622549019607843 0.8104575163398693 0.7769607843137255 0.8022875816993464 0.7892156862745098 0.7843137254901961 0.7867647058823529 0.7712418300653595 0.7745098039215687 0.7679738562091504 0.7671568627450981
0 0.7990196078431373 0.7475490196078431 0.8071895424836601 0.7524509803921569 0.8120915032679739 0.7671568627450981 0.8120915032679739 0.7818627450980392 0.7924836601307189 0.8063725490196079 0.7794117647058824 0.8063725490196079 0.7696078431372549 0.7965686274509803 0.761437908496732 0.7965686274509803 0.7598039215686274 0.7990196078431373 0.7369281045751634 0.7965686274509803 0.7287581699346405 0.7892156862745098 0.7271241830065359 0.7843137254901961 0.7271241830065359 0.7720588235294118 0.7287581699346405 0.7696078431372549 0.7254901960784313 0.7622549019607843 0.7320261437908496 0.7524509803921569 0.7418300653594772 0.7450980392156863 0.7532679738562091 0.7450980392156863 0.7745098039215687 0.7549019607843137 0.7843137254901961 0.75 0.7973856209150327 0.75
0 0.9526143790849673 0.9019607843137255 0.9673202614379085 0.9117647058823529 0.9738562091503268 0.9117647058823529 0.9803921568627451 0.9191176470588235 0.9901960784313726 0.9215686274509803 0.9918300653594772 0.9240196078431373 0.9918300653594772 0.9411764705882353 0.9869281045751634 0.9509803921568627 0.9689542483660131 0.9509803921568627 0.9444444444444444 0.928921568627451 0.9379084967320261 0.9191176470588235 0.9379084967320261 0.9068627450980392 0.9428104575163399 0.9019607843137255 0.9509803921568627 0.9019607843137255
0 0.761437908496732 0.8382352941176471 0.7663398692810458 0.8431372549019608 0.7679738562091504 0.8529411764705882 0.7647058823529411 0.8578431372549019 0.7581699346405228 0.8602941176470589 0.7516339869281046 0.8602941176470589 0.7450980392156863 0.8553921568627451 0.7418300653594772 0.8504901960784313 0.7418300653594772 0.8455882352941176 0.7450980392156863 0.8406862745098039 0.7532679738562091 0.8357843137254902 0.7598039215686274 0.8382352941176471
0 0.6535947712418301 0.5784313725490197 0.6601307189542484 0.5808823529411765 0.6633986928104575 0.5857843137254902 0.6617647058823529 0.5906862745098039 0.6633986928104575 0.6151960784313726 0.6584967320261438 0.6200980392156863 0.6405228758169934 0.6176470588235294 0.6372549019607843 0.6127450980392157 0.619281045751634 0.6053921568627451 0.6160130718954249 0.6004901960784313 0.6323529411764706 0.5759803921568627 0.6519607843137255 0.5784313725490197
0 0.9967320261437909 0.6911764705882353 0.9983660130718954 0.6936274509803921 0.9983660130718954 0.7303921568627451 0.988562091503268 0.7303921568627451 0.9852941176470589 0.7279411764705882 0.9705882352941176 0.7058823529411765 0.9869281045751634 0.6911764705882353 0.9950980392156863 0.6911764705882353
0 0.8169934640522876 0.8235294117647058 0.8235294117647058 0.8357843137254902 0.8284313725490197 0.8357843137254902 0.8366013071895425 0.8431372549019608 0.8447712418300654 0.8455882352941176 0.8562091503267973 0.8651960784313726 0.8562091503267973 0.8799019607843137 0.8480392156862745 0.8872549019607843 0.815359477124183 0.8872549019607843 0.8055555555555556 0.8799019607843137 0.7973856209150327 0.8676470588235294 0.795751633986928 0.8602941176470589 0.7990196078431373 0.8529411764705882 0.8071895424836601 0.8455882352941176 0.815359477124183 0.8333333333333334 0.8169934640522876 0.8259803921568627
0 0.75 0.8137254901960784 0.7565359477124183 0.8161764705882353 0.761437908496732 0.8235294117647058 0.7761437908496732 0.8235294117647058 0.7777777777777778 0.821078431372549 0.7826797385620915 0.8235294117647058 0.7892156862745098 0.8357843137254902 0.7924836601307189 0.8357843137254902 0.8006535947712419 0.8455882352941176 0.8137254901960784 0.8406862745098039 0.8169934640522876 0.8431372549019608 0.8202614379084967 0.8357843137254902 0.8284313725490197 0.8431372549019608 0.8366013071895425 0.8431372549019608 0.8431372549019608 0.8627450980392157 0.8480392156862745 0.8578431372549019 0.8496732026143791 0.8651960784313726 0.8562091503267973 0.8700980392156863 0.8562091503267973 0.8799019607843137 0.8496732026143791 0.8897058823529411 0.8611111111111112 0.9044117647058824 0.8611111111111112 0.9117647058823529 0.8578431372549019 0.9191176470588235 0.8545751633986928 0.9191176470588235 0.8447712418300654 0.928921568627451 0.8464052287581699 0.9436274509803921 0.8415032679738562 0.9558823529411765 0.8316993464052288 0.9656862745098039 0.826797385620915 0.9656862745098039 0.815359477124183 0.9730392156862745 0.815359477124183 0.9681372549019608 0.8055555555555556 0.9534313725490197 0.8006535947712419 0.9534313725490197 0.7941176470588235 0.9681372549019608 0.7941176470588235 0.9754901960784313 0.7875816993464052 0.9828431372549019 0.7728758169934641 0.9901960784313726 0.7516339869281046 0.9901960784313726 0.7418300653594772 0.9852941176470589 0.738562091503268 0.9852941176470589 0.7369281045751634 0.9901960784313726 0.7303921568627451 0.9803921568627451 0.7254901960784313 0.9803921568627451 0.7238562091503268 0.9877450980392157 0.7271241830065359 0.9926470588235294 0.7189542483660131 0.9926470588235294 0.7238562091503268 0.9901960784313726 0.7205882352941176 0.9852941176470589 0.7124183006535948 0.9926470588235294 0.7091503267973857 0.9926470588235294 0.7091503267973857 0.9877450980392157 0.7124183006535948 0.9877450980392157 0.7140522875816994 0.9828431372549019 0.7091503267973857 0.9803921568627451 0.7091503267973857 0.9754901960784313 0.7058823529411765 0.9730392156862745 0.7009803921568627 0.9607843137254902 0.6993464052287581 0.9436274509803921 0.7026143790849673 0.9411764705882353 0.7026143790849673 0.9338235294117647 0.6895424836601307 0.9166666666666666 0.6911764705882353 0.9142156862745098 0.6879084967320261 0.9093137254901961 0.684640522875817 0.9093137254901961 0.6879084967320261 0.9044117647058824 0.6928104575163399 0.9117647058823529 0.7009803921568627 0.9117647058823529 0.7026143790849673 0.9093137254901961 0.7058823529411765 0.9117647058823529 0.7124183006535948 0.9044117647058824 0.7107843137254902 0.8995098039215687 0.7156862745098039 0.8970588235294118 0.7189542483660131 0.8872549019607843 0.7189542483660131 0.8676470588235294 0.7205882352941176 0.8651960784313726 0.7173202614379085 0.8553921568627451 0.7124183006535948 0.8627450980392157 0.7058823529411765 0.8627450980392157 0.704248366013072 0.8676470588235294 0.7058823529411765 0.8700980392156863 0.7091503267973857 0.8676470588235294 0.7091503267973857 0.8700980392156863 0.7009803921568627 0.8774509803921569 0.6993464052287581 0.875 0.6977124183006536 0.8774509803921569 0.6993464052287581 0.8823529411764706 0.6944444444444444 0.8897058823529411 0.6895424836601307 0.8921568627450981 0.6879084967320261 0.8970588235294118 0.6862745098039216 0.8897058823529411 0.6830065359477124 0.8921568627450981 0.6830065359477124 0.8970588235294118 0.6781045751633987 0.8970588235294118 0.6748366013071896 0.9019607843137255 0.6748366013071896 0.9093137254901961 0.6683006535947712 0.9068627450980392 0.6683006535947712 0.9019607843137255 0.6633986928104575 0.8970588235294118 0.6617647058823529 0.8872549019607843 0.6552287581699346 0.8872549019607843 0.6437908496732027 0.8799019607843137 0.6388888888888888 0.8725490196078431 0.6372549019607843 0.8602941176470589 0.6388888888888888 0.8553921568627451 0.6454248366013072 0.8504901960784313 0.6666666666666666 0.8480392156862745 0.6748366013071896 0.8382352941176471 0.6928104575163399 0.8357843137254902 0.6944444444444444 0.8333333333333334 0.7026143790849673 0.8333333333333334 0.7156862745098039 0.8431372549019608 0.7271241830065359 0.8455882352941176 0.7303921568627451 0.8504901960784313 0.7336601307189542 0.8455882352941176 0.7401960784313726 0.8431372549019608 0.7450980392156863 0.8357843137254902 0.7450980392156863 0.8259803921568627 0.7434640522875817 0.8235294117647058 0.7450980392156863 0.8161764705882353 0.7483660130718954 0.8137254901960784
0 0.9787581699346405 0.9583333333333334 0.9901960784313726 0.9632352941176471 0.9983660130718954 0.9730392156862745 0.9983660130718954 0.9950980392156863 0.9950980392156863 0.9975490196078431 0.9771241830065359 0.9975490196078431 0.9705882352941176 0.9926470588235294 0.9624183006535948 0.9803921568627451 0.9624183006535948 0.9705882352941176 0.9656862745098039 0.9632352941176471 0.9738562091503268 0.9558823529411765 0.9771241830065359 0.9583333333333334
0 0.7696078431372549 0.9191176470588235 0.7761437908496732 0.9215686274509803 0.7908496732026143 0.9338235294117647 0.795751633986928 0.9411764705882353 0.795751633986928 0.9534313725490197 0.7892156862745098 0.9632352941176471 0.7892156862745098 0.9730392156862745 0.7843137254901961 0.9828431372549019 0.7663398692810458 0.9926470588235294 0.7516339869281046 0.9901960784313726 0.7401960784313726 0.9828431372549019 0.7320261437908496 0.9705882352941176 0.7303921568627451 0.9607843137254902 0.7320261437908496 0.9534313725490197 0.7450980392156863 0.9338235294117647 0.7450980392156863 0.928921568627451 0.75 0.9215686274509803 0.7679738562091504 0.9191176470588235
0 0.6405228758169934 0.9509803921568627 0.6535947712418301 0.9656862745098039 0.6584967320261438 0.9803921568627451 0.6584967320261438 0.9950980392156863 0.6535947712418301 0.9975490196078431 0.6274509803921569 0.9975490196078431 0.6258169934640523 0.9950980392156863 0.6176470588235294 0.9950980392156863 0.6127450980392157 0.9877450980392157 0.6111111111111112 0.9754901960784313 0.619281045751634 0.9607843137254902 0.6290849673202614 0.9534313725490197 0.6388888888888888 0.9509803921568627
0 0.696078431372549 0.8308823529411765 0.7124183006535948 0.8382352941176471 0.7156862745098039 0.8431372549019608 0.7271241830065359 0.8431372549019608 0.7271241830065359 0.8480392156862745 0.7205882352941176 0.8553921568627451 0.7205882352941176 0.8799019607843137 0.7189542483660131 0.8823529411764706 0.7205882352941176 0.8921568627450981 0.7156862745098039 0.9044117647058824 0.7058823529411765 0.9117647058823529 0.6944444444444444 0.9093137254901961 0.6879084967320261 0.8995098039215687 0.6895424836601307 0.8970588235294118 0.6879084967320261 0.8946078431372549 0.6486928104575164 0.8823529411764706 0.6421568627450981 0.8774509803921569 0.6372549019607843 0.8676470588235294 0.6372549019607843 0.8602941176470589 0.6454248366013072 0.8504901960784313 0.6503267973856209 0.8480392156862745 0.6666666666666666 0.8480392156862745 0.6781045751633987 0.8357843137254902 0.6944444444444444 0.8308823529411765
0 0.7679738562091504 0.8235294117647058 0.7696078431372549 0.8259803921568627 0.7794117647058824 0.8235294117647058 0.7924836601307189 0.8382352941176471 0.7924836601307189 0.8480392156862745 0.7892156862745098 0.8578431372549019 0.7892156862745098 0.8651960784313726 0.7859477124183006 0.8725490196078431 0.7875816993464052 0.8799019607843137 0.7908496732026143 0.8823529411764706 0.7908496732026143 0.8897058823529411 0.7843137254901961 0.8970588235294118 0.7745098039215687 0.8970588235294118 0.7728758169934641 0.8995098039215687 0.7696078431372549 0.8970588235294118 0.7630718954248366 0.8970588235294118 0.761437908496732 0.8995098039215687 0.75 0.8970588235294118 0.7467320261437909 0.8995098039215687 0.7254901960784313 0.8823529411764706 0.7271241830065359 0.8799019607843137 0.7254901960784313 0.8725490196078431 0.7287581699346405 0.8676470588235294 0.7320261437908496 0.8553921568627451 0.75 0.8284313725490197 0.7549019607843137 0.8235294117647058 0.7663398692810458 0.8259803921568627
0 0.9803921568627451 0.8431372549019608 0.0392156862745098 0.0392156862745098
0 0.8366013071895425 0.8897058823529411 0.8578431372549019 0.8995098039215687 0.8611111111111112 0.9044117647058824 0.8611111111111112 0.9142156862745098 0.8447712418300654 0.928921568627451 0.8464052287581699 0.9436274509803921 0.8431372549019608 0.9509803921568627 0.8431372549019608 0.9558823529411765 0.8235294117647058 0.9730392156862745 0.8202614379084967 0.9730392156862745 0.8120915032679739 0.9632352941176471 0.803921568627451 0.9607843137254902 0.7990196078431373 0.9558823529411765 0.7973856209150327 0.9411764705882353 0.7892156862745098 0.928921568627451 0.7892156862745098 0.9142156862745098 0.7924836601307189 0.9068627450980392 0.8022875816993464 0.8970588235294118 0.8349673202614379 0.8897058823529411