0 0.7843137254901961 0.28488372093023256 0.7892156862745098 0.2703488372093023 0.7973856209150327 0.2616279069767442 0.8022875816993464 0.2616279069767442 0.8022875816993464 0.26744186046511625 0.7990196078431373 0.27325581395348836 0.7990196078431373 0.2819767441860465 0.7973856209150327 0.28488372093023256 0.7859477124183006 0.2877906976744186
0 0.7549019607843137 0.5348837209302325 0.7679738562091504 0.5319767441860465 0.7794117647058824 0.5465116279069767 0.7794117647058824 0.5494186046511628 0.7712418300653595 0.5552325581395349 0.7565359477124183 0.5552325581395349 0.7532679738562091 0.5406976744186046 0.7549019607843137 0.5377906976744186
0 0.815359477124183 0.4273255813953488 0.8218954248366013 0.436046511627907 0.8202614379084967 0.4418604651162791 0.795751633986928 0.4418604651162791 0.7892156862745098 0.4331395348837209 0.7908496732026143 0.4273255813953488 0.795751633986928 0.4273255813953488 0.7973856209150327 0.42441860465116277 0.8137254901960784 0.4273255813953488
0 0.7205882352941176 0.36046511627906974 0.7238562091503268 0.35755813953488375 0.7418300653594772 0.35755813953488375 0.75 0.36627906976744184 0.7483660130718954 0.37790697674418605 0.7581699346405228 0.39244186046511625 0.7369281045751634 0.40406976744186046 0.7352941176470589 0.4011627906976744 0.7287581699346405 0.4011627906976744 0.7254901960784313 0.39825581395348836 0.7222222222222222 0.38953488372093026 0.7303921568627451 0.37790697674418605 0.7271241830065359 0.37209302325581395 0.7205882352941176 0.3691860465116279 0.7205882352941176 0.3633720930232558
0 0.7712418300653595 0.32848837209302323 0.7745098039215687 0.3313953488372093 0.7745098039215687 0.34011627906976744 0.7696078431372549 0.3430232558139535 0.761437908496732 0.3430232558139535 0.7598039215686274 0.34011627906976744 0.761437908496732 0.33430232558139533 0.7696078431372549 0.32848837209302323
0 0.9281045751633987 0.16569767441860464 0.9313725490196079 0.16279069767441862 0.9428104575163399 0.16279069767441862 0.9444444444444444 0.16569767441860464 0.9428104575163399 0.17151162790697674 0.9281045751633987 0.17151162790697674 0.9281045751633987 0.1686046511627907
0 0.8480392156862745 0.2180232558139535 0.8496732026143791 0.22093023255813954 0.8415032679738562 0.22965116279069767 0.8333333333333334 0.22965116279069767 0.8284313725490197 0.2238372093023256 0.8349673202614379 0.2180232558139535 0.8464052287581699 0.2180232558139535
0 0.8316993464052288 0.8808139534883721 0.8333333333333334 0.8837209302325582 0.8398692810457516 0.877906976744186 0.8447712418300654 0.877906976744186 0.8447712418300654 0.8808139534883721 0.8366013071895425 0.8808139534883721 0.8251633986928104 0.9069767441860465 0.8088235294117647 0.9156976744186046 0.7892156862745098 0.9186046511627907 0.7826797385620915 0.9098837209302325 0.7826797385620915 0.8982558139534884 0.7859477124183006 0.8924418604651163 0.7973856209150327 0.8895348837209303 0.7990196078431373 0.8866279069767442 0.8300653594771242 0.8837209302325582
0 0.7973856209150327 0.4011627906976744 0.8006535947712419 0.40406976744186046 0.8022875816993464 0.4186046511627907 0.7941176470588235 0.4186046511627907 0.7924836601307189 0.41569767441860467 0.7810457516339869 0.4127906976744186 0.7810457516339869 0.40406976744186046 0.795751633986928 0.4011627906976744
0 0.7745098039215687 0.7180232558139535 0.7777777777777778 0.7209302325581395 0.7794117647058824 0.7354651162790697 0.7647058823529411 0.7441860465116279 0.7630718954248366 0.7412790697674418 0.7434640522875817 0.7383720930232558 0.7418300653594772 0.7296511627906976 0.7598039215686274 0.7151162790697675 0.7712418300653595 0.7151162790697675 0.7728758169934641 0.7180232558139535
0 0.7483660130718954 0.39244186046511625 0.7516339869281046 0.3953488372093023 0.7483660130718954 0.3953488372093023 0.7434640522875817 0.4011627906976744 0.7303921568627451 0.4011627906976744 0.7271241830065359 0.39825581395348836 0.7238562091503268 0.38953488372093026 0.7254901960784313 0.3866279069767442 0.7434640522875817 0.3866279069767442 0.7467320261437909 0.39244186046511625
0 0.7401960784313726 0.35755813953488375 0.7467320261437909 0.36627906976744184 0.7467320261437909 0.37209302325581395 0.7271241830065359 0.37209302325581395 0.7222222222222222 0.3691860465116279 0.7205882352941176 0.36627906976744184 0.7222222222222222 0.36046511627906974 0.738562091503268 0.35755813953488375
0 0.815359477124183 0.2441860465116279 0.8186274509803921 0.23546511627906977 0.8284313725490197 0.23255813953488372 0.8300653594771242 0.22965116279069767 0.8284313725490197 0.2238372093023256 0.8333333333333334 0.2180232558139535 0.8480392156862745 0.2180232558139535 0.8496732026143791 0.22093023255813954 0.8464052287581699 0.22674418604651161 0.8366013071895425 0.23255813953488372 0.826797385620915 0.2441860465116279 0.8169934640522876 0.2441860465116279
0 0.7516339869281046 0.35174418604651164 0.7516339869281046 0.3546511627906977 0.7483660130718954 0.35755813953488375 0.75 0.36046511627906974 0.7549019607843137 0.36046511627906974 0.7696078431372549 0.3691860465116279 0.7761437908496732 0.3691860465116279 0.7777777777777778 0.37209302325581395 0.7859477124183006 0.37209302325581395 0.7859477124183006 0.3808139534883721 0.7908496732026143 0.38953488372093026 0.7990196078431373 0.38953488372093026 0.8022875816993464 0.39244186046511625 0.8022875816993464 0.3953488372093023 0.8055555555555556 0.39825581395348836 0.8071895424836601 0.40988372093023256 0.8235294117647058 0.4331395348837209 0.8235294117647058 0.4418604651162791 0.8202614379084967 0.44476744186046513 0.8186274509803921 0.4563953488372093 0.8071895424836601 0.46511627906976744 0.8022875816993464 0.47674418604651164 0.803921568627451 0.4796511627906977 0.7990196078431373 0.4796511627906977 0.7973856209150327 0.48255813953488375 0.7990196078431373 0.4883720930232558 0.803921568627451 0.49127906976744184 0.8022875816993464 0.5 0.7843137254901961 0.502906976744186 0.7777777777777778 0.5087209302325582 0.7826797385620915 0.5203488372093024 0.7810457516339869 0.5232558139534884 0.7761437908496732 0.5232558139534884 0.7745098039215687 0.5319767441860465 0.7794117647058824 0.5348837209302325 0.7794117647058824 0.5436046511627907 0.7810457516339869 0.5465116279069767 0.7745098039215687 0.5523255813953488 0.7630718954248366 0.5523255813953488 0.7516339869281046 0.5581395348837209 0.7549019607843137 0.563953488372093 0.7630718954248366 0.563953488372093 0.7647058823529411 0.5697674418604651 0.7630718954248366 0.5668604651162791 0.7581699346405228 0.5668604651162791 0.7565359477124183 0.5697674418604651 0.7565359477124183 0.5843023255813954 0.7598039215686274 0.5959302325581395 0.7565359477124183 0.5988372093023255 0.7418300653594772 0.5988372093023255 0.7369281045751634 0.5959302325581395 0.7369281045751634 0.5813953488372093 0.7418300653594772 0.5784883720930233 0.75 0.561046511627907 0.7483660130718954 0.5523255813953488 0.7401960784313726 0.5523255813953488 0.7401960784313726 0.5494186046511628 0.7483660130718954 0.5290697674418605 0.7483660130718954 0.5232558139534884 0.7532679738562091 0.5232558139534884 0.7549019607843137 0.5203488372093024 0.7532679738562091 0.5058139534883721 0.7679738562091504 0.5145348837209303 0.7696078431372549 0.5116279069767442 0.7696078431372549 0.502906976744186 0.7712418300653595 0.5 0.761437908496732 0.49127906976744184 0.7516339869281046 0.4680232558139535 0.7581699346405228 0.45348837209302323 0.7565359477124183 0.4476744186046512 0.7581699346405228 0.4418604651162791 0.7696078431372549 0.436046511627907 0.7777777777777778 0.4273255813953488 0.7794117647058824 0.40988372093023256 0.7777777777777778 0.4069767441860465 0.7777777777777778 0.3953488372093023 0.7745098039215687 0.39244186046511625 0.7777777777777778 0.38953488372093026 0.7745098039215687 0.38372093023255816 0.7696078431372549 0.3866279069767442 0.7712418300653595 0.3953488372093023 0.7663398692810458 0.3953488372093023 0.761437908496732 0.39244186046511625 0.7630718954248366 0.38953488372093026 0.761437908496732 0.3808139534883721 0.7532679738562091 0.37790697674418605 0.7516339869281046 0.37209302325581395 0.7483660130718954 0.37209302325581395 0.7467320261437909 0.36046511627906974 0.75 0.3546511627906977
0 0.7434640522875817 0.5116279069767442 0.75 0.5174418604651163 0.7516339869281046 0.5290697674418605 0.7467320261437909 0.5436046511627907 0.7401960784313726 0.5523255813953488 0.7189542483660131 0.5523255813953488 0.7156862745098039 0.5494186046511628 0.7156862745098039 0.5465116279069767 0.7254901960784313 0.5348837209302325 0.7205882352941176 0.5232558139534884 0.7222222222222222 0.5145348837209303 0.7271241830065359 0.5116279069767442 0.7418300653594772 0.5116279069767442
0 0.7826797385620915 0.25872093023255816 0.7892156862745098 0.26453488372093026 0.7859477124183006 0.27325581395348836 0.7630718954248366 0.2703488372093023 0.761437908496732 0.26744186046511625 0.761437908496732 0.26453488372093026 0.7647058823529411 0.2616279069767442 0.7810457516339869 0.25872093023255816
0 0.8055555555555556 0.8924418604651163 0.8088235294117647 0.8953488372093024 0.815359477124183 0.9098837209302325 0.8120915032679739 0.9098837209302325 0.8071895424836601 0.9156976744186046 0.7859477124183006 0.9156976744186046 0.7843137254901961 0.9127906976744186 0.7843137254901961 0.9011627906976745 0.7875816993464052 0.8924418604651163 0.7924836601307189 0.8924418604651163 0.7941176470588235 0.8895348837209303 0.8022875816993464 0.8895348837209303 0.803921568627451 0.8924418604651163
0 0.7875816993464052 0.40406976744186046 0.7924836601307189 0.40406976744186046 0.7908496732026143 0.4069767441860465 0.7924836601307189 0.40988372093023256 0.7973856209150327 0.40988372093023256 0.7990196078431373 0.4069767441860465 0.8022875816993464 0.40988372093023256 0.8022875816993464 0.4127906976744186 0.7973856209150327 0.4127906976744186 0.795751633986928 0.40988372093023256 0.7941176470588235 0.4127906976744186 0.7973856209150327 0.42151162790697677 0.8137254901960784 0.42441860465116277 0.8218954248366013 0.4331395348837209 0.8218954248366013 0.438953488372093 0.8137254901960784 0.4476744186046512 0.8137254901960784 0.4563953488372093 0.8104575163398693 0.4622093023255814 0.7908496732026143 0.46511627906976744 0.7826797385620915 0.4563953488372093 0.7761437908496732 0.4563953488372093 0.7745098039215687 0.45348837209302323 0.7663398692810458 0.45348837209302323 0.7647058823529411 0.4563953488372093 0.7598039215686274 0.45348837209302323 0.7532679738562091 0.44476744186046513 0.7581699346405228 0.438953488372093 0.7679738562091504 0.4331395348837209 0.7794117647058824 0.4331395348837209 0.7908496732026143 0.4273255813953488 0.7924836601307189 0.42151162790697677 0.7892156862745098 0.41569767441860467 0.7843137254901961 0.41569767441860467 0.7826797385620915 0.4127906976744186 0.7859477124183006 0.4127906976744186 0.7875816993464052 0.4069767441860465
0 0.7843137254901961 0.25872093023255816 0.7859477124183006 0.2616279069767442 0.8022875816993464 0.2616279069767442 0.8022875816993464 0.26744186046511625 0.7973856209150327 0.2819767441860465 0.7892156862745098 0.2877906976744186 0.7859477124183006 0.2877906976744186 0.7859477124183006 0.27906976744186046 0.7826797385620915 0.27325581395348836 0.7712418300653595 0.27325581395348836 0.761437908496732 0.26744186046511625 0.761437908496732 0.26453488372093026 0.7647058823529411 0.2616279069767442 0.7826797385620915 0.25872093023255816
0 0.7565359477124183 0.37209302325581395 0.7581699346405228 0.3691860465116279 0.7696078431372549 0.3691860465116279 0.7777777777777778 0.375 0.7810457516339869 0.38372093023255816 0.7647058823529411 0.3808139534883721 0.7581699346405228 0.375
0 0.8071895424836601 0.9636627906976745 0.026143790849673203 0.02616279069767442
0 0.7532679738562091 0.5755813953488372 0.7581699346405228 0.5813953488372093 0.761437908496732 0.5813953488372093 0.7647058823529411 0.5872093023255814 0.7630718954248366 0.5930232558139535 0.7565359477124183 0.5988372093023255 0.7418300653594772 0.5988372093023255 0.7369281045751634 0.5959302325581395 0.7369281045751634 0.5813953488372093 0.7434640522875817 0.5755813953488372 0.7516339869281046 0.5755813953488372
0 0.7941176470588235 0.4476744186046512 0.8006535947712419 0.45348837209302323 0.8055555555555556 0.45058139534883723 0.8137254901960784 0.4563953488372093 0.8137254901960784 0.45930232558139533 0.8104575163398693 0.4622093023255814 0.795751633986928 0.46511627906976744 0.7941176470588235 0.4680232558139535 0.7924836601307189 0.46511627906976744 0.7875816993464052 0.46511627906976744 0.7843137254901961 0.45930232558139533 0.7843137254901961 0.45058139534883723 0.7924836601307189 0.4476744186046512
0 0.7401960784313726 0.3546511627906977 0.7450980392156863 0.36046511627906974 0.75 0.36046511627906974 0.7565359477124183 0.36627906976744184 0.7679738562091504 0.36627906976744184 0.7696078431372549 0.3691860465116279 0.7826797385620915 0.37209302325581395 0.7908496732026143 0.3866279069767442 0.7973856209150327 0.3866279069767442 0.8022875816993464 0.39244186046511625 0.8055555555555556 0.40988372093023256 0.8186274509803921 0.436046511627907 0.8169934640522876 0.45058139534883723 0.8120915032679739 0.4622093023255814 0.7973856209150327 0.47093023255813954 0.7990196078431373 0.47674418604651164 0.7973856209150327 0.48255813953488375 0.803921568627451 0.49127906976744184 0.803921568627451 0.49709302325581395 0.7990196078431373 0.502906976744186 0.7859477124183006 0.502906976744186 0.7777777777777778 0.5116279069767442 0.7794117647058824 0.5145348837209303 0.7745098039215687 0.5232558139534884 0.7745098039215687 0.5319767441860465 0.7794117647058824 0.5465116279069767 0.7761437908496732 0.5523255813953488 0.7549019607843137 0.5552325581395349 0.7516339869281046 0.561046511627907 0.7532679738562091 0.5668604651162791 0.7598039215686274 0.5668604651162791 0.761437908496732 0.563953488372093 0.761437908496732 0.5668604651162791 0.7565359477124183 0.5697674418604651 0.7581699346405228 0.5726744186046512 0.7565359477124183 0.5813953488372093 0.761437908496732 0.5901162790697675 0.761437908496732 0.5959302325581395 0.7581699346405228 0.5988372093023255 0.7401960784313726 0.5988372093023255 0.7369281045751634 0.5959302325581395 0.7369281045751634 0.5813953488372093 0.7434640522875817 0.5755813953488372 0.7467320261437909 0.5668604651162791 0.7516339869281046 0.561046511627907 0.7483660130718954 0.5523255813953488 0.7450980392156863 0.5552325581395349 0.7271241830065359 0.5523255813953488 0.7254901960784313 0.5494186046511628 0.7189542483660131 0.5494186046511628 0.7173202614379085 0.5436046511627907 0.7271241830065359 0.5319767441860465 0.7222222222222222 0.5232558139534884 0.7254901960784313 0.5145348837209303 0.7303921568627451 0.5116279069767442 0.7467320261437909 0.5116279069767442 0.7516339869281046 0.5145348837209303 0.7549019607843137 0.5058139534883721 0.7581699346405228 0.5116279069767442 0.7630718954248366 0.5116279069767442 0.7647058823529411 0.5145348837209303 0.7696078431372549 0.5087209302325582 0.7696078431372549 0.5 0.7679738562091504 0.49709302325581395 0.7630718954248366 0.49709302325581395 0.7598039215686274 0.49127906976744184 0.7598039215686274 0.48255813953488375 0.7516339869281046 0.47093023255813954 0.7516339869281046 0.46511627906976744 0.7565359477124183 0.4563953488372093 0.7549019607843137 0.4476744186046512 0.7565359477124183 0.4418604651162791 0.7696078431372549 0.4331395348837209 0.7745098039215687 0.4331395348837209 0.7826797385620915 0.42441860465116277 0.7777777777777778 0.4069767441860465 0.7777777777777778 0.3953488372093023 0.7745098039215687 0.3866279069767442 0.7696078431372549 0.39244186046511625 0.7647058823529411 0.39244186046511625 0.7598039215686274 0.3808139534883721 0.7549019607843137 0.37790697674418605 0.75 0.37790697674418605 0.7434640522875817 0.38372093023255816 0.7418300653594772 0.38953488372093026 0.7303921568627451 0.38372093023255816 0.7303921568627451 0.375 0.7287581699346405 0.37209302325581395 0.7238562091503268 0.37209302325581395 0.7205882352941176 0.3633720930232558 0.7303921568627451 0.3546511627906977 0.738562091503268 0.3546511627906977
0 0.7679738562091504 0.6162790697674418 0.7761437908496732 0.627906976744186 0.7745098039215687 0.6366279069767442 0.7696078431372549 0.6424418604651163 0.7532679738562091 0.6424418604651163 0.7516339869281046 0.6395348837209303 0.7434640522875817 0.6395348837209303 0.7401960784313726 0.6366279069767442 0.7401960784313726 0.627906976744186 0.7450980392156863 0.622093023255814 0.7663398692810458 0.6162790697674418
0 0.7687908496732027 0.46656976744186046 0.03431372549019608 0.02616279069767442
0 0.7630718954248366 0.36627906976744184 0.7696078431372549 0.37209302325581395 0.7826797385620915 0.37209302325581395 0.7924836601307189 0.39244186046511625 0.7941176470588235 0.38953488372093026 0.8022875816993464 0.39244186046511625 0.8071895424836601 0.40988372093023256 0.8235294117647058 0.436046511627907 0.8186274509803921 0.45058139534883723 0.8186274509803921 0.4563953488372093 0.803921568627451 0.4680232558139535 0.8006535947712419 0.4738372093023256 0.8006535947712419 0.4796511627906977 0.7973856209150327 0.48255813953488375 0.803921568627451 0.49127906976744184 0.8022875816993464 0.5 0.7973856209150327 0.502906976744186 0.7843137254901961 0.502906976744186 0.7761437908496732 0.5116279069767442 0.7794117647058824 0.5145348837209303 0.7794117647058824 0.5174418604651163 0.7761437908496732 0.5174418604651163 0.7728758169934641 0.5261627906976745 0.7728758169934641 0.5319767441860465 0.7761437908496732 0.5348837209302325 0.7761437908496732 0.5494186046511628 0.7728758169934641 0.5523255813953488 0.7516339869281046 0.5523255813953488 0.7565359477124183 0.5523255813953488 0.761437908496732 0.5465116279069767 0.7598039215686274 0.5436046511627907 0.7532679738562091 0.5436046511627907 0.7516339869281046 0.5465116279069767 0.7467320261437909 0.5436046511627907 0.7467320261437909 0.5377906976744186 0.75 0.5319767441860465 0.7549019607843137 0.5319767441860465 0.7565359477124183 0.5290697674418605 0.7630718954248366 0.5290697674418605 0.7647058823529411 0.5319767441860465 0.7663398692810458 0.5290697674418605 0.7663398692810458 0.5174418604651163 0.7630718954248366 0.5145348837209303 0.7581699346405228 0.5203488372093024 0.7549019607843137 0.5087209302325582 0.7565359477124183 0.5116279069767442 0.7679738562091504 0.5145348837209303 0.7712418300653595 0.502906976744186 0.7696078431372549 0.49709302325581395 0.7630718954248366 0.4941860465116279 0.761437908496732 0.48255813953488375 0.7516339869281046 0.47093023255813954 0.7516339869281046 0.46511627906976744 0.7565359477124183 0.4563953488372093 0.7549019607843137 0.4476744186046512 0.7565359477124183 0.4418604651162791 0.7598039215686274 0.438953488372093 0.7794117647058824 0.4273255813953488 0.7794117647058824 0.40988372093023256 0.7777777777777778 0.4069767441860465 0.7794117647058824 0.39244186046511625 0.7745098039215687 0.38372093023255816 0.7679738562091504 0.38372093023255816 0.7581699346405228 0.37790697674418605 0.7549019607843137 0.3691860465116279 0.7565359477124183 0.36627906976744184 0.761437908496732 0.36627906976744184
0 0.7908496732026143 0.6540697674418605 0.7973856209150327 0.6598837209302325 0.803921568627451 0.6744186046511628 0.7941176470588235 0.686046511627907 0.7794117647058824 0.6947674418604651 0.7728758169934641 0.688953488372093 0.7712418300653595 0.6831395348837209 0.7712418300653595 0.6686046511627907 0.7810457516339869 0.6540697674418605 0.7892156862745098 0.6540697674418605
0 0.7843137254901961 0.7703488372093024 0.7924836601307189 0.7761627906976745 0.7924836601307189 0.7848837209302325 0.7859477124183006 0.7965116279069767 0.7794117647058824 0.7965116279069767 0.7777777777777778 0.7994186046511628 0.7647058823529411 0.7965116279069767 0.7598039215686274 0.7906976744186046 0.7598039215686274 0.7848837209302325 0.761437908496732 0.7790697674418605 0.7728758169934641 0.7674418604651163 0.7794117647058824 0.7645348837209303 0.7826797385620915 0.7703488372093024
0 0.7875816993464052 0.8255813953488372 0.7908496732026143 0.8313953488372093 0.7908496732026143 0.8488372093023255 0.7859477124183006 0.8546511627906976 0.7598039215686274 0.8546511627906976 0.7581699346405228 0.8517441860465116 0.7532679738562091 0.8517441860465116 0.75 0.8459302325581395 0.7549019607843137 0.8372093023255814 0.7663398692810458 0.8284883720930233 0.7859477124183006 0.8255813953488372
0 0.7434640522875817 0.5087209302325582 0.7450980392156863 0.5116279069767442 0.75 0.5116279069767442 0.7565359477124183 0.5232558139534884 0.761437908496732 0.5232558139534884 0.7647058823529411 0.5174418604651163 0.7712418300653595 0.5174418604651163 0.7728758169934641 0.5261627906976745 0.7696078431372549 0.5348837209302325 0.7777777777777778 0.5465116279069767 0.7728758169934641 0.5523255813953488 0.7630718954248366 0.5523255813953488 0.761437908496732 0.5552325581395349 0.7565359477124183 0.5523255813953488 0.7189542483660131 0.5523255813953488 0.7156862745098039 0.5494186046511628 0.7156862745098039 0.5436046511627907 0.7205882352941176 0.5406976744186046 0.7254901960784313 0.5319767441860465 0.7222222222222222 0.5290697674418605 0.7189542483660131 0.5203488372093024 0.7222222222222222 0.5145348837209303 0.7418300653594772 0.5087209302325582
0 0.9689542483660131 0.14825581395348839 0.9689542483660131 0.1511627906976744 0.9607843137254902 0.1569767441860465 0.9526143790849673 0.1569767441860465 0.9477124183006536 0.15406976744186046 0.9493464052287581 0.1511627906976744 0.9526143790849673 0.14825581395348839 0.9673202614379085 0.14825581395348839
0 0.7598039215686274 0.3430232558139535 0.7598039215686274 0.3372093023255814 0.7630718954248366 0.3313953488372093 0.7663398692810458 0.313953488372093 0.7712418300653595 0.3081395348837209 0.7794117647058824 0.3081395348837209 0.7826797385620915 0.313953488372093 0.7810457516339869 0.32848837209302323 0.7712418300653595 0.3430232558139535 0.7663398692810458 0.3430232558139535 0.7647058823529411 0.34593023255813954 0.761437908496732 0.3430232558139535
0 0.7647058823529411 0.49127906976744184 0.7745098039215687 0.48255813953488375 0.7892156862745098 0.48255813953488375 0.7908496732026143 0.48546511627906974 0.8022875816993464 0.4883720930232558 0.8055555555555556 0.4941860465116279 0.7973856209150327 0.502906976744186 0.7810457516339869 0.502906976744186 0.7794117647058824 0.5058139534883721 0.7728758169934641 0.5058139534883721 0.7696078431372549 0.49709302325581395 0.7647058823529411 0.4941860465116279