0 0.9264705882352942 0.06372549019607843 0.9313725490196079 0.06862745098039216 0.9313725490196079 0.07352941176470588 0.9183006535947712 0.08333333333333333 0.9133986928104575 0.08333333333333333 0.9068627450980392 0.0784313725490196 0.9101307189542484 0.07107843137254902 0.9101307189542484 0.0661764705882353 0.9133986928104575 0.06372549019607843 0.9248366013071896 0.06372549019607843
0 0.8741830065359477 0.02696078431372549 0.8856209150326797 0.024509803921568627 0.8921568627450981 0.03431372549019608 0.8921568627450981 0.0392156862745098 0.8872549019607843 0.041666666666666664 0.880718954248366 0.0392156862745098 0.8741830065359477 0.029411764705882353
0 0.7647058823529411 0.20098039215686275 0.7679738562091504 0.2034313725490196 0.7696078431372549 0.20833333333333334 0.7679738562091504 0.2107843137254902 0.7418300653594772 0.22549019607843138 0.7336601307189542 0.22549019607843138 0.7320261437908496 0.2181372549019608 0.7418300653594772 0.21568627450980393 0.7516339869281046 0.20098039215686275 0.7630718954248366 0.20098039215686275
0 0.934640522875817 0 0.9607843137254902 0.00980392156862745 0.9640522875816994 0.01715686274509804 0.9493464052287581 0.01715686274509804 0.9428104575163399 0.012254901960784314 0.9313725490196079 0.012254901960784314 0.9281045751633987 0.00980392156862745 0.9281045751633987 0.004901960784313725 0.9330065359477124 0
0 0.8758169934640523 0.6985294117647058 0.8839869281045751 0.7058823529411765 0.8954248366013072 0.7279411764705882 0.9019607843137255 0.7524509803921569 0.9019607843137255 0.7696078431372549 0.8856209150326797 0.8014705882352942 0.880718954248366 0.8259803921568627 0.8758169934640523 0.8308823529411765 0.8643790849673203 0.8308823529411765 0.8594771241830066 0.8235294117647058 0.8562091503267973 0.8235294117647058 0.8480392156862745 0.8088235294117647 0.8496732026143791 0.7965686274509803 0.8676470588235294 0.7696078431372549 0.8676470588235294 0.7573529411764706 0.8643790849673203 0.7524509803921569 0.8643790849673203 0.7475490196078431 0.8594771241830066 0.7401960784313726 0.8545751633986928 0.7377450980392157 0.8529411764705882 0.7328431372549019 0.8562091503267973 0.7107843137254902 0.8594771241830066 0.7034313725490197 0.8660130718954249 0.6985294117647058 0.8741830065359477 0.6985294117647058
0 0.8676470588235294 0.48284313725490197 0.8725490196078431 0.49754901960784315 0.8725490196078431 0.5147058823529411 0.8660130718954249 0.5245098039215687 0.8643790849673203 0.5343137254901961 0.8660130718954249 0.5514705882352942 0.8611111111111112 0.5637254901960784 0.8480392156862745 0.5637254901960784 0.8415032679738562 0.5563725490196079 0.8398692810457516 0.5514705882352942 0.8398692810457516 0.5294117647058824 0.8333333333333334 0.5098039215686274 0.8431372549019608 0.49019607843137253 0.8627450980392157 0.4803921568627451 0.8660130718954249 0.48284313725490197
0 0.7091503267973857 0.2696078431372549 0.7124183006535948 0.27941176470588236 0.704248366013072 0.2916666666666667 0.7058823529411765 0.30637254901960786 0.6993464052287581 0.3112745098039216 0.6895424836601307 0.30637254901960786 0.6895424836601307 0.2965686274509804 0.6862745098039216 0.2818627450980392 0.6977124183006536 0.26715686274509803 0.7058823529411765 0.26715686274509803 0.7075163398692811 0.2696078431372549
0 0.9281045751633987 0.38112745098039214 0.0457516339869281 0.056372549019607844
0 0.6258169934640523 0.7622549019607843 0.630718954248366 0.7671568627450981 0.6372549019607843 0.7916666666666666 0.6372549019607843 0.7965686274509803 0.6290849673202614 0.8112745098039216 0.6209150326797386 0.8235294117647058 0.6143790849673203 0.8284313725490197 0.5964052287581699 0.8333333333333334 0.5686274509803921 0.8529411764705882 0.5620915032679739 0.8602941176470589 0.5490196078431373 0.8602941176470589 0.5424836601307189 0.8553921568627451 0.5392156862745098 0.8504901960784313 0.5392156862745098 0.8333333333333334 0.5506535947712419 0.821078431372549 0.5571895424836601 0.8186274509803921 0.5588235294117647 0.821078431372549 0.5735294117647058 0.821078431372549 0.5833333333333334 0.8161764705882353 0.5931372549019608 0.803921568627451 0.5947712418300654 0.7990196078431373 0.5915032679738562 0.7941176470588235 0.5915032679738562 0.7892156862745098 0.5964052287581699 0.7794117647058824 0.6078431372549019 0.7720588235294118 0.6111111111111112 0.7671568627450981 0.6241830065359477 0.7622549019607843
0 0.9068627450980392 0.2426470588235294 0.9117647058823529 0.24509803921568626 0.9150326797385621 0.25245098039215685 0.9150326797385621 0.2622549019607843 0.9101307189542484 0.26715686274509803 0.9133986928104575 0.2818627450980392 0.9101307189542484 0.28431372549019607 0.8986928104575164 0.2818627450980392 0.8954248366013072 0.2769607843137255 0.8937908496732027 0.26715686274509803 0.8888888888888888 0.25980392156862747 0.8937908496732027 0.24754901960784315 0.9052287581699346 0.24509803921568626
0 0.9019607843137255 0.11029411764705882 0.9052287581699346 0.11519607843137254 0.9019607843137255 0.1323529411764706 0.8937908496732027 0.1323529411764706 0.8823529411764706 0.11764705882352941 0.8856209150326797 0.11274509803921569 0.8937908496732027 0.10784313725490197 0.9003267973856209 0.11029411764705882
0 0.7254901960784313 0.37745098039215685 0.7287581699346405 0.38480392156862747 0.7271241830065359 0.4019607843137255 0.7091503267973857 0.41421568627450983 0.6977124183006536 0.4264705882352941 0.6862745098039216 0.4264705882352941 0.6830065359477124 0.42401960784313725 0.6830065359477124 0.4166666666666667 0.6977124183006536 0.4068627450980392 0.7009803921568627 0.4019607843137255 0.6993464052287581 0.3897058823529412 0.7058823529411765 0.3799019607843137 0.7173202614379085 0.375 0.7238562091503268 0.37745098039215685
0 0.9068627450980392 0.1715686274509804 0.9101307189542484 0.16911764705882354 0.9215686274509803 0.16911764705882354 0.9330065359477124 0.18137254901960784 0.923202614379085 0.19607843137254902 0.9150326797385621 0.19852941176470587 0.9084967320261438 0.19607843137254902 0.9052287581699346 0.19117647058823528 0.9068627450980392 0.17401960784313725
0 0.6405228758169934 0.5600490196078431 0.0392156862745098 0.0857843137254902
0 0.761437908496732 0.13725490196078433 0.7647058823529411 0.14460784313725492 0.7647058823529411 0.15196078431372548 0.761437908496732 0.15931372549019607 0.7565359477124183 0.16176470588235295 0.7483660130718954 0.15931372549019607 0.7434640522875817 0.14705882352941177 0.7434640522875817 0.14215686274509803 0.7532679738562091 0.13480392156862744 0.7598039215686274 0.13725490196078433
0 0.8006535947712419 0.051470588235294115 0.8006535947712419 0.0661764705882353 0.7990196078431373 0.06862745098039216 0.7908496732026143 0.06862745098039216 0.7859477124183006 0.058823529411764705 0.7908496732026143 0.051470588235294115 0.7990196078431373 0.051470588235294115
0 0.8088235294117647 0.09313725490196079 0.8137254901960784 0.10049019607843138 0.7990196078431373 0.11274509803921569 0.7875816993464052 0.11274509803921569 0.7859477124183006 0.1053921568627451 0.7924836601307189 0.10294117647058823 0.8022875816993464 0.09313725490196079 0.8071895424836601 0.09313725490196079