0 0.3480392156862745 0.6176470588235294 0.34967320261437906 0.6200980392156863 0.3627450980392157 0.6225490196078431 0.3660130718954248 0.6274509803921569 0.3758169934640523 0.6323529411764706 0.3790849673202614 0.6446078431372549 0.3790849673202614 0.6544117647058824 0.3954248366013072 0.6764705882352942 0.40522875816993464 0.6813725490196079 0.4035947712418301 0.7083333333333334 0.4084967320261438 0.7181372549019608 0.4084967320261438 0.7279411764705882 0.4068627450980392 0.7303921568627451 0.41013071895424835 0.7377450980392157 0.4166666666666667 0.7426470588235294 0.4215686274509804 0.7401960784313726 0.42483660130718953 0.7450980392156863 0.41830065359477125 0.7573529411764706 0.4215686274509804 0.7622549019607843 0.4215686274509804 0.7696078431372549 0.41830065359477125 0.7745098039215687 0.4166666666666667 0.7843137254901961 0.42483660130718953 0.7941176470588235 0.42810457516339867 0.7941176470588235 0.42810457516339867 0.8014705882352942 0.4215686274509804 0.8014705882352942 0.4199346405228758 0.803921568627451 0.4166666666666667 0.8112745098039216 0.4150326797385621 0.8235294117647058 0.4035947712418301 0.8357843137254902 0.4019607843137255 0.8357843137254902 0.4035947712418301 0.8308823529411765 0.40032679738562094 0.8284313725490197 0.39705882352941174 0.8382352941176471 0.39215686274509803 0.8406862745098039 0.39052287581699346 0.8382352941176471 0.38235294117647056 0.8431372549019608 0.3872549019607843 0.8284313725490197 0.38562091503267976 0.8186274509803921 0.39215686274509803 0.821078431372549 0.39705882352941174 0.8186274509803921 0.40032679738562094 0.8259803921568627 0.40522875816993464 0.8186274509803921 0.4035947712418301 0.8137254901960784 0.40032679738562094 0.8137254901960784 0.40522875816993464 0.8112745098039216 0.41013071895424835 0.8137254901960784 0.4117647058823529 0.8112745098039216 0.41013071895424835 0.8063725490196079 0.39705882352941174 0.803921568627451 0.39052287581699346 0.8137254901960784 0.3839869281045752 0.8137254901960784 0.38235294117647056 0.8112745098039216 0.380718954248366 0.8137254901960784 0.3741830065359477 0.8137254901960784 0.37254901960784315 0.8112745098039216 0.3562091503267974 0.8137254901960784 0.35947712418300654 0.8063725490196079 0.35784313725490197 0.803921568627451 0.35947712418300654 0.7990196078431373 0.3562091503267974 0.7941176470588235 0.3480392156862745 0.7965686274509803 0.34477124183006536 0.7916666666666666 0.3415032679738562 0.7794117647058824 0.3415032679738562 0.7647058823529411 0.3382352941176471 0.7573529411764706 0.3480392156862745 0.7328431372549019 0.35294117647058826 0.7279411764705882 0.35294117647058826 0.7083333333333334 0.34967320261437906 0.7034313725490197 0.34967320261437906 0.6936274509803921 0.35130718954248363 0.6911764705882353 0.34967320261437906 0.6887254901960784 0.35294117647058826 0.6740196078431373 0.3464052287581699 0.6642156862745098 0.3382352941176471 0.6593137254901961 0.3382352941176471 0.6495098039215687 0.33986928104575165 0.6470588235294118 0.3382352941176471 0.6446078431372549 0.3382352941176471 0.6348039215686274 0.3431372549019608 0.625 0.3415032679738562 0.6200980392156863 0.3464052287581699 0.6200980392156863
0 0.17320261437908496 0.48284313725490197 0.1830065359477124 0.49019607843137253 0.184640522875817 0.4950980392156863 0.1830065359477124 0.5 0.1781045751633987 0.5024509803921569 0.1568627450980392 0.5024509803921569 0.1454248366013072 0.4950980392156863 0.13398692810457516 0.4950980392156863 0.11437908496732026 0.5024509803921569 0.10784313725490197 0.5024509803921569 0.10620915032679738 0.5 0.10620915032679738 0.49754901960784315 0.11764705882352941 0.49019607843137253 0.14052287581699346 0.48284313725490197 0.14869281045751634 0.47549019607843135 0.16013071895424835 0.47549019607843135 0.16830065359477125 0.48284313725490197 0.1715686274509804 0.48284313725490197
0 0.23366013071895425 0.5661764705882353 0.23202614379084968 0.5588235294117647 0.23366013071895425 0.553921568627451 0.24183006535947713 0.553921568627451 0.25326797385620914 0.5465686274509803 0.2565359477124183 0.5416666666666666 0.2549019607843137 0.5392156862745098 0.2565359477124183 0.5343137254901961 0.26143790849673204 0.5318627450980392 0.2761437908496732 0.5318627450980392 0.2826797385620915 0.5465686274509803 0.29411764705882354 0.5490196078431373 0.3006535947712418 0.5588235294117647 0.30392156862745096 0.5588235294117647 0.3104575163398693 0.571078431372549 0.3333333333333333 0.5759803921568627 0.3366013071895425 0.5808823529411765 0.3366013071895425 0.5882352941176471 0.3415032679738562 0.5955882352941176 0.3431372549019608 0.6053921568627451 0.3480392156862745 0.6151960784313726 0.35947712418300654 0.6176470588235294 0.3660130718954248 0.625 0.3758169934640523 0.6299019607843137 0.38235294117647056 0.6421568627450981 0.380718954248366 0.6495098039215687 0.39052287581699346 0.6666666666666666 0.4084967320261438 0.6813725490196079 0.4068627450980392 0.6838235294117647 0.4084967320261438 0.6862745098039216 0.4068627450980392 0.7107843137254902 0.41013071895424835 0.7205882352941176 0.41013071895424835 0.7279411764705882 0.4166666666666667 0.7352941176470589 0.42483660130718953 0.7377450980392157 0.43137254901960786 0.75 0.43300653594771243 0.7573529411764706 0.4395424836601307 0.7622549019607843 0.434640522875817 0.7720588235294118 0.434640522875817 0.7794117647058824 0.43790849673202614 0.7818627450980392 0.434640522875817 0.7818627450980392 0.43300653594771243 0.7892156862745098 0.4362745098039216 0.7941176470588235 0.4362745098039216 0.7990196078431373 0.4411764705882353 0.8014705882352942 0.4362745098039216 0.8112745098039216 0.43790849673202614 0.8161764705882353 0.4411764705882353 0.8161764705882353 0.4411764705882353 0.821078431372549 0.43300653594771243 0.8259803921568627 0.42810457516339867 0.8235294117647058 0.4199346405228758 0.8357843137254902 0.41830065359477125 0.8431372549019608 0.4133986928104575 0.8480392156862745 0.4150326797385621 0.8504901960784313 0.4215686274509804 0.8504901960784313 0.434640522875817 0.8602941176470589 0.4411764705882353 0.8602941176470589 0.43137254901960786 0.8725490196078431 0.42483660130718953 0.8897058823529411 0.4166666666666667 0.8921568627450981 0.4133986928104575 0.8995098039215687 0.41013071895424835 0.8995098039215687 0.4019607843137255 0.9093137254901961 0.40032679738562094 0.9142156862745098 0.4019607843137255 0.9215686274509803 0.39705882352941174 0.928921568627451 0.39705882352941174 0.9436274509803921 0.3937908496732026 0.9583333333333334 0.369281045751634 0.9901960784313726 0.3660130718954248 0.9926470588235294 0.35294117647058826 0.9926470588235294 0.35130718954248363 0.9950980392156863 0.34967320261437906 0.9926470588235294 0.34477124183006536 0.9950980392156863 0.3431372549019608 0.9926470588235294 0.32679738562091504 0.9926470588235294 0.32189542483660133 0.9901960784313726 0.3202614379084967 0.9803921568627451 0.31862745098039214 0.9852941176470589 0.31209150326797386 0.9852941176470589 0.3104575163398693 0.9877450980392157 0.3022875816993464 0.9852941176470589 0.29901960784313725 0.9901960784313726 0.2875816993464052 0.9901960784313726 0.28594771241830064 0.9926470588235294 0.2238562091503268 0.9926470588235294 0.2369281045751634 0.9632352941176471 0.2434640522875817 0.9411764705882353 0.2581699346405229 0.928921568627451 0.2679738562091503 0.9142156862745098 0.2761437908496732 0.9068627450980392 0.28921568627450983 0.9019607843137255 0.29901960784313725 0.8921568627450981 0.3104575163398693 0.8921568627450981 0.3137254901960784 0.8872549019607843 0.3104575163398693 0.8799019607843137 0.3202614379084967 0.875 0.32516339869281047 0.8627450980392157 0.33169934640522875 0.8578431372549019 0.3300653594771242 0.8504901960784313 0.33169934640522875 0.8308823529411765 0.3366013071895425 0.8308823529411765 0.3464052287581699 0.8235294117647058 0.3431372549019608 0.803921568627451 0.33169934640522875 0.7916666666666666 0.33169934640522875 0.7867647058823529 0.3349673202614379 0.7794117647058824 0.3300653594771242 0.7720588235294118 0.3333333333333333 0.7647058823529411 0.3349673202614379 0.75 0.3431372549019608 0.7328431372549019 0.3464052287581699 0.7132352941176471 0.34477124183006536 0.7058823529411765 0.3464052287581699 0.696078431372549 0.3415032679738562 0.6813725490196079 0.3431372549019608 0.6764705882352942 0.3366013071895425 0.6740196078431373 0.3333333333333333 0.6691176470588235 0.32679738562091504 0.6470588235294118 0.31699346405228757 0.6397058823529411 0.3104575163398693 0.6397058823529411 0.3055555555555556 0.6323529411764706 0.30718954248366015 0.6299019607843137 0.30392156862745096 0.625 0.3055555555555556 0.6200980392156863 0.3022875816993464 0.6053921568627451 0.2957516339869281 0.5955882352941176 0.28104575163398693 0.5857843137254902 0.2679738562091503 0.5833333333333334 0.2647058823529412 0.5784313725490197 0.26143790849673204 0.5808823529411765 0.25980392156862747 0.571078431372549 0.25 0.571078431372549 0.24183006535947713 0.5661764705882353 0.23529411764705882 0.5661764705882353
0 0.27941176470588236 0.5392156862745098 0.28104575163398693 0.5416666666666666 0.29248366013071897 0.5416666666666666 0.2957516339869281 0.5441176470588235 0.2973856209150327 0.5490196078431373 0.29411764705882354 0.553921568627451 0.31209150326797386 0.5735294117647058 0.3300653594771242 0.5735294117647058 0.3366013071895425 0.5784313725490197 0.3366013071895425 0.5882352941176471 0.3415032679738562 0.6004901960784313 0.3349673202614379 0.6102941176470589 0.3284313725490196 0.6151960784313726 0.3333333333333333 0.6200980392156863 0.33169934640522875 0.625 0.3349673202614379 0.6299019607843137 0.33169934640522875 0.6397058823529411 0.3284313725490196 0.6397058823529411 0.32516339869281047 0.6348039215686274 0.30718954248366015 0.6348039215686274 0.3022875816993464 0.6274509803921569 0.3022875816993464 0.6127450980392157 0.30392156862745096 0.6102941176470589 0.2957516339869281 0.5955882352941176 0.28921568627450983 0.5906862745098039 0.26633986928104575 0.5906862745098039 0.26143790849673204 0.5857843137254902 0.2630718954248366 0.5784313725490197 0.26143790849673204 0.5686274509803921 0.24019607843137256 0.571078431372549 0.23202614379084968 0.5661764705882353 0.22875816993464052 0.5612745098039216 0.23366013071895425 0.5465686274509803 0.24183006535947713 0.5392156862745098 0.24836601307189543 0.5392156862745098 0.2549019607843137 0.5294117647058824 0.2696078431372549 0.5294117647058824 0.27450980392156865 0.5318627450980392 0.2777777777777778 0.5392156862745098
0 0.4084967320261438 0.8014705882352942 0.4199346405228758 0.8137254901960784 0.41830065359477125 0.8259803921568627 0.40032679738562094 0.8504901960784313 0.3839869281045752 0.8676470588235294 0.37745098039215685 0.8651960784313726 0.3758169934640523 0.8602941176470589 0.38562091503267976 0.8333333333333334 0.38235294117647056 0.821078431372549 0.39215686274509803 0.8063725490196079 0.39869281045751637 0.8014705882352942 0.4068627450980392 0.8014705882352942
0 0.28104575163398693 0.5318627450980392 0.2826797385620915 0.5318627450980392 0.28104575163398693 0.5343137254901961 0.28594771241830064 0.5441176470588235 0.28921568627450983 0.5416666666666666 0.2908496732026144 0.5441176470588235 0.2973856209150327 0.5441176470588235 0.3022875816993464 0.5490196078431373 0.3088235294117647 0.5465686274509803 0.3104575163398693 0.5563725490196079 0.31862745098039214 0.571078431372549 0.32189542483660133 0.571078431372549 0.3235294117647059 0.5661764705882353 0.32679738562091504 0.571078431372549 0.3333333333333333 0.5735294117647058 0.3382352941176471 0.5808823529411765 0.3382352941176471 0.5882352941176471 0.3431372549019608 0.5980392156862745 0.3431372549019608 0.6053921568627451 0.3480392156862745 0.6127450980392157 0.3611111111111111 0.6151960784313726 0.36437908496732024 0.6225490196078431 0.3790849673202614 0.6323529411764706 0.380718954248366 0.6348039215686274 0.380718954248366 0.6519607843137255 0.3888888888888889 0.6593137254901961 0.3954248366013072 0.6715686274509803 0.39869281045751637 0.6715686274509803 0.4068627450980392 0.6813725490196079 0.40522875816993464 0.7083333333333334 0.4084967320261438 0.7132352941176471 0.4084967320261438 0.7328431372549019 0.4117647058823529 0.7377450980392157 0.4215686274509804 0.7377450980392157 0.42483660130718953 0.7401960784313726 0.4297385620915033 0.7475490196078431 0.42810457516339867 0.7549019607843137 0.434640522875817 0.7647058823529411 0.43137254901960786 0.7720588235294118 0.42810457516339867 0.7720588235294118 0.42483660130718953 0.7769607843137255 0.42810457516339867 0.7818627450980392 0.43137254901960786 0.7818627450980392 0.43137254901960786 0.7892156862745098 0.434640522875817 0.7941176470588235 0.434640522875817 0.803921568627451 0.4264705882352941 0.8112745098039216 0.42483660130718953 0.8186274509803921 0.4264705882352941 0.8235294117647058 0.4199346405228758 0.8308823529411765 0.41830065359477125 0.8382352941176471 0.4117647058823529 0.8480392156862745 0.4150326797385621 0.8529411764705882 0.42483660130718953 0.8529411764705882 0.42810457516339867 0.8578431372549019 0.43790849673202614 0.8602941176470589 0.43300653594771243 0.8651960784313726 0.43300653594771243 0.8700980392156863 0.42483660130718953 0.8897058823529411 0.4150326797385621 0.8946078431372549 0.4019607843137255 0.9117647058823529 0.4068627450980392 0.9240196078431373 0.40032679738562094 0.9240196078431373 0.39869281045751637 0.9264705882352942 0.39705882352941174 0.9362745098039216 0.39869281045751637 0.9485294117647058 0.3954248366013072 0.9534313725490197 0.39705882352941174 0.9583333333333334 0.39052287581699346 0.9632352941176471 0.380718954248366 0.9779411764705882 0.3660130718954248 0.9926470588235294 0.35294117647058826 0.9926470588235294 0.35130718954248363 0.9950980392156863 0.3480392156862745 0.9926470588235294 0.3284313725490196 0.9926470588235294 0.3235294117647059 0.9901960784313726 0.32189542483660133 0.9803921568627451 0.31209150326797386 0.9852941176470589 0.3104575163398693 0.9901960784313726 0.2973856209150327 0.9901960784313726 0.2957516339869281 0.9926470588235294 0.2173202614379085 0.9926470588235294 0.22549019607843138 0.9803921568627451 0.22549019607843138 0.9754901960784313 0.23039215686274508 0.9705882352941176 0.23039215686274508 0.9656862745098039 0.23366013071895425 0.9632352941176471 0.23529411764705882 0.946078431372549 0.24019607843137256 0.9436274509803921 0.2434640522875817 0.9362745098039216 0.25 0.9313725490196079 0.25326797385620914 0.9264705882352942 0.25163398692810457 0.9240196078431373 0.2549019607843137 0.9264705882352942 0.26143790849673204 0.9166666666666666 0.25980392156862747 0.8995098039215687 0.2647058823529412 0.8995098039215687 0.2696078431372549 0.9068627450980392 0.2761437908496732 0.8995098039215687 0.27124183006535946 0.8897058823529411 0.2679738562091503 0.8921568627450981 0.26633986928104575 0.8823529411764706 0.2679738562091503 0.875 0.272875816993464 0.875 0.2777777777777778 0.8700980392156863 0.2826797385620915 0.8848039215686274 0.28594771241830064 0.8823529411764706 0.29248366013071897 0.8848039215686274 0.29411764705882354 0.8823529411764706 0.28921568627450983 0.8774509803921569 0.28921568627450983 0.8725490196078431 0.29901960784313725 0.8700980392156863 0.3006535947712418 0.8725490196078431 0.2973856209150327 0.8799019607843137 0.2973856209150327 0.8848039215686274 0.29901960784313725 0.8872549019607843 0.3088235294117647 0.8848039215686274 0.3104575163398693 0.875 0.30718954248366015 0.8676470588235294 0.3104575163398693 0.8602941176470589 0.3104575163398693 0.8553921568627451 0.3137254901960784 0.8578431372549019 0.31699346405228757 0.8504901960784313 0.32516339869281047 0.8504901960784313 0.3284313725490196 0.8455882352941176 0.3300653594771242 0.8308823529411765 0.33169934640522875 0.8284313725490197 0.3382352941176471 0.8308823529411765 0.3431372549019608 0.8186274509803921 0.3431372549019608 0.803921568627451 0.33986928104575165 0.7990196078431373 0.3300653594771242 0.7965686274509803 0.32679738562091504 0.7916666666666666 0.3300653594771242 0.7867647058823529 0.32679738562091504 0.7671568627450981 0.3300653594771242 0.7598039215686274 0.3300653594771242 0.7549019607843137 0.3333333333333333 0.75 0.3333333333333333 0.7450980392156863 0.3366013071895425 0.7401960784313726 0.33169934640522875 0.7328431372549019 0.32679738562091504 0.7303921568627451 0.32679738562091504 0.7254901960784313 0.3300653594771242 0.7230392156862745 0.33169934640522875 0.7132352941176471 0.3382352941176471 0.7132352941176471 0.3415032679738562 0.7083333333333334 0.3431372549019608 0.6985294117647058 0.3431372549019608 0.6911764705882353 0.3366013071895425 0.6862745098039216 0.3349673202614379 0.6813725490196079 0.3366013071895425 0.678921568627451 0.33169934640522875 0.6740196078431373 0.3333333333333333 0.6666666666666666 0.3235294117647059 0.6593137254901961 0.31699346405228757 0.6617647058823529 0.31699346405228757 0.6519607843137255 0.315359477124183 0.6495098039215687 0.31699346405228757 0.6470588235294118 0.3022875816993464 0.6299019607843137 0.3006535947712418 0.6078431372549019 0.2957516339869281 0.6004901960784313 0.28921568627450983 0.5955882352941176 0.28431372549019607 0.5955882352941176 0.27941176470588236 0.5906862745098039 0.2761437908496732 0.5931372549019608 0.27124183006535946 0.5882352941176471 0.25980392156862747 0.5882352941176471 0.24836601307189543 0.5833333333333334 0.24019607843137256 0.5857843137254902 0.24019607843137256 0.5784313725490197 0.2369281045751634 0.571078431372549 0.22058823529411764 0.571078431372549 0.21568627450980393 0.5637254901960784 0.22058823529411764 0.5563725490196079 0.21895424836601307 0.5514705882352942 0.2238562091503268 0.5441176470588235 0.2238562091503268 0.5392156862745098 0.22875816993464052 0.5343137254901961 0.23529411764705882 0.5392156862745098 0.24673202614379086 0.5392156862745098 0.25326797385620914 0.5269607843137255 0.27450980392156865 0.5269607843137255 0.27941176470588236 0.5294117647058824
0 0.27941176470588236 0.5294117647058824 0.28431372549019607 0.5392156862745098 0.2957516339869281 0.5416666666666666 0.29901960784313725 0.5465686274509803 0.29901960784313725 0.5563725490196079 0.3104575163398693 0.571078431372549 0.3349673202614379 0.5759803921568627 0.3415032679738562 0.5980392156862745 0.3415032679738562 0.6127450980392157 0.3480392156862745 0.6176470588235294 0.3611111111111111 0.6200980392156863 0.36764705882352944 0.6274509803921569 0.37745098039215685 0.6323529411764706 0.3790849673202614 0.6372549019607843 0.37745098039215685 0.6544117647058824 0.39052287581699346 0.6691176470588235 0.3937908496732026 0.6764705882352942 0.4035947712418301 0.6813725490196079 0.4035947712418301 0.6862745098039216 0.39869281045751637 0.6936274509803921 0.39869281045751637 0.6985294117647058 0.4068627450980392 0.7156862745098039 0.4068627450980392 0.7254901960784313 0.39869281045751637 0.7377450980392157 0.40522875816993464 0.7426470588235294 0.4084967320261438 0.7401960784313726 0.42320261437908496 0.7401960784313726 0.42320261437908496 0.7475490196078431 0.4166666666666667 0.75 0.4215686274509804 0.7671568627450981 0.4166666666666667 0.7720588235294118 0.4133986928104575 0.7843137254901961 0.4166666666666667 0.7892156862745098 0.42483660130718953 0.7892156862745098 0.4297385620915033 0.7941176470588235 0.42810457516339867 0.8014705882352942 0.41830065359477125 0.8063725490196079 0.41013071895424835 0.7892156862745098 0.4068627450980392 0.7892156862745098 0.4035947712418301 0.7818627450980392 0.40032679738562094 0.7818627450980392 0.40522875816993464 0.7794117647058824 0.4035947712418301 0.7696078431372549 0.40032679738562094 0.7696078431372549 0.39705882352941174 0.7647058823529411 0.38235294117647056 0.7647058823529411 0.3790849673202614 0.7671568627450981 0.380718954248366 0.7573529411764706 0.37745098039215685 0.7450980392156863 0.3709150326797386 0.7475490196078431 0.3709150326797386 0.7549019607843137 0.36764705882352944 0.7573529411764706 0.369281045751634 0.7598039215686274 0.35947712418300654 0.7647058823529411 0.3545751633986928 0.7622549019607843 0.3480392156862745 0.7647058823529411 0.33986928104575165 0.7549019607843137 0.3464052287581699 0.7352941176470589 0.35784313725490197 0.7230392156862745 0.34967320261437906 0.7009803921568627 0.35130718954248363 0.6715686274509803 0.3480392156862745 0.6666666666666666 0.3382352941176471 0.6642156862745098 0.3333333333333333 0.6519607843137255 0.32679738562091504 0.6421568627450981 0.3235294117647059 0.6421568627450981 0.32189542483660133 0.6372549019607843 0.30718954248366015 0.6348039215686274 0.30392156862745096 0.6299019607843137 0.30392156862745096 0.6200980392156863 0.3088235294117647 0.6151960784313726 0.3006535947712418 0.6004901960784313 0.28431372549019607 0.5882352941176471 0.2777777777777778 0.5882352941176471 0.2761437908496732 0.5906862745098039 0.2679738562091503 0.5882352941176471 0.2647058823529412 0.5833333333333334 0.26143790849673204 0.5833333333333334 0.26143790849673204 0.5735294117647058 0.25980392156862747 0.571078431372549 0.238562091503268 0.571078431372549 0.2369281045751634 0.5686274509803921 0.23039215686274508 0.5686274509803921 0.2238562091503268 0.5612745098039216 0.22712418300653595 0.5465686274509803 0.23366013071895425 0.5416666666666666 0.23202614379084968 0.5392156862745098 0.24836601307189543 0.5367647058823529 0.2549019607843137 0.5269607843137255 0.272875816993464 0.5269607843137255 0.2777777777777778 0.5294117647058824
0 0.26143790849673204 0.5318627450980392 0.26633986928104575 0.5416666666666666 0.26633986928104575 0.5490196078431373 0.2581699346405229 0.5612745098039216 0.24509803921568626 0.5612745098039216 0.238562091503268 0.5563725490196079 0.23366013071895425 0.5563725490196079 0.23366013071895425 0.5490196078431373 0.2369281045751634 0.5392156862745098 0.25163398692810457 0.5367647058823529 0.2549019607843137 0.5318627450980392 0.25980392156862747 0.5318627450980392
0 0.3382352941176471 0.7573529411764706 0.3415032679738562 0.7475490196078431 0.35130718954248363 0.7328431372549019 0.35784313725490197 0.7279411764705882 0.3758169934640523 0.7279411764705882 0.37745098039215685 0.7352941176470589 0.35784313725490197 0.7647058823529411 0.3464052287581699 0.7671568627450981 0.33986928104575165 0.7622549019607843 0.33986928104575165 0.7598039215686274
0 0.27124183006535946 0.5294117647058824 0.28104575163398693 0.5441176470588235 0.29411764705882354 0.5441176470588235 0.2957516339869281 0.5465686274509803 0.29411764705882354 0.553921568627451 0.30392156862745096 0.5637254901960784 0.3088235294117647 0.5759803921568627 0.3349673202614379 0.5784313725490197 0.3333333333333333 0.5882352941176471 0.3202614379084967 0.5882352941176471 0.3055555555555556 0.5784313725490197 0.3006535947712418 0.5833333333333334 0.29901960784313725 0.5931372549019608 0.29411764705882354 0.5931372549019608 0.28104575163398693 0.5808823529411765 0.27450980392156865 0.5808823529411765 0.27124183006535946 0.5735294117647058 0.26143790849673204 0.5661764705882353 0.24509803921568626 0.5661764705882353 0.24183006535947713 0.5612745098039216 0.23202614379084968 0.5563725490196079 0.23202614379084968 0.5514705882352942 0.2369281045751634 0.5392156862745098 0.24836601307189543 0.5367647058823529 0.2549019607843137 0.5294117647058824 0.2696078431372549 0.5294117647058824
0 0.34477124183006536 0.8553921568627451 0.35294117647058826 0.8651960784313726 0.3562091503267974 0.8823529411764706 0.369281045751634 0.8946078431372549 0.3709150326797386 0.8995098039215687 0.36764705882352944 0.9191176470588235 0.3562091503267974 0.9338235294117647 0.3545751633986928 0.9436274509803921 0.35784313725490197 0.9485294117647058 0.3741830065359477 0.9485294117647058 0.380718954248366 0.9411764705882353 0.38562091503267976 0.9485294117647058 0.38562091503267976 0.9509803921568627 0.3790849673202614 0.9534313725490197 0.3758169934640523 0.9583333333333334 0.37745098039215685 0.9607843137254902 0.3758169934640523 0.9730392156862745 0.37254901960784315 0.9705882352941176 0.36764705882352944 0.9754901960784313 0.3611111111111111 0.9632352941176471 0.35130718954248363 0.9632352941176471 0.34967320261437906 0.9656862745098039 0.35130718954248363 0.9705882352941176 0.35784313725490197 0.9754901960784313 0.3562091503267974 0.9803921568627451 0.35947712418300654 0.9828431372549019 0.35294117647058826 0.9779411764705882 0.3349673202614379 0.9754901960784313 0.3300653594771242 0.9705882352941176 0.3284313725490196 0.9730392156862745 0.3300653594771242 0.9754901960784313 0.30392156862745096 0.9779411764705882 0.29248366013071897 0.9901960784313726 0.2826797385620915 0.9877450980392157 0.28104575163398693 0.9901960784313726 0.28431372549019607 0.9926470588235294 0.2630718954248366 0.9926470588235294 0.26143790849673204 0.9901960784313726 0.25980392156862747 0.9926470588235294 0.238562091503268 0.9926470588235294 0.2369281045751634 0.9950980392156863 0.23529411764705882 0.9926470588235294 0.2238562091503268 0.9926470588235294 0.22875816993464052 0.9877450980392157 0.22875816993464052 0.9828431372549019 0.2434640522875817 0.9411764705882353 0.2581699346405229 0.928921568627451 0.2647058823529412 0.9191176470588235 0.28594771241830064 0.9068627450980392 0.29248366013071897 0.8995098039215687 0.3022875816993464 0.8970588235294118 0.3104575163398693 0.9068627450980392 0.31699346405228757 0.9044117647058824 0.32189542483660133 0.8872549019607843 0.3202614379084967 0.875 0.3349673202614379 0.8553921568627451 0.3431372549019608 0.8553921568627451