0 0.29248366013071897 0.5777777777777777 0.29411764705882354 0.5802469135802469 0.29901960784313725 0.5777777777777777 0.3022875816993464 0.5802469135802469 0.31209150326797386 0.5802469135802469 0.31862745098039214 0.5851851851851851 0.31862745098039214 0.5975308641975309 0.315359477124183 0.6024691358024692 0.315359477124183 0.6098765432098765 0.30718954248366015 0.6172839506172839 0.2973856209150327 0.6197530864197531 0.29411764705882354 0.6271604938271605 0.28921568627450983 0.6246913580246913 0.2875816993464052 0.6296296296296297 0.29248366013071897 0.6320987654320988 0.2908496732026144 0.6370370370370371 0.29248366013071897 0.6395061728395062 0.2908496732026144 0.6370370370370371 0.2826797385620915 0.6395061728395062 0.27941176470588236 0.6345679012345679 0.2679738562091503 0.6296296296296297 0.2630718954248366 0.6222222222222222 0.2630718954248366 0.6123456790123457 0.2777777777777778 0.5901234567901235 0.2826797385620915 0.5901234567901235 0.29248366013071897 0.5802469135802469
0 0.2826797385620915 0.4074074074074074 0.2957516339869281 0.4049382716049383 0.29411764705882354 0.4123456790123457 0.28431372549019607 0.4123456790123457 0.2826797385620915 0.40987654320987654
0 0.3382352941176471 0.6345679012345679 0.35130718954248363 0.6419753086419753 0.3562091503267974 0.6518518518518519 0.3366013071895425 0.6666666666666666 0.31699346405228757 0.6666666666666666 0.3088235294117647 0.654320987654321 0.3088235294117647 0.6395061728395062 0.31209150326797386 0.6370370370370371 0.3366013071895425 0.6345679012345679
0 0.31862745098039214 0.7086419753086419 0.3202614379084967 0.7111111111111111 0.3349673202614379 0.7111111111111111 0.3366013071895425 0.7135802469135802 0.3415032679738562 0.7111111111111111 0.3480392156862745 0.7135802469135802 0.35130718954248363 0.7185185185185186 0.35130718954248363 0.725925925925926 0.3464052287581699 0.7358024691358025 0.3284313725490196 0.7481481481481481 0.3006535947712418 0.7481481481481481 0.29248366013071897 0.7407407407407407 0.29248366013071897 0.7358024691358025 0.29901960784313725 0.725925925925926 0.30392156862745096 0.7234567901234568 0.31209150326797386 0.7111111111111111 0.31699346405228757 0.7086419753086419
0 0.2875816993464052 0.508641975308642 0.29248366013071897 0.5135802469135803 0.29248366013071897 0.5185185185185185 0.28104575163398693 0.5259259259259259 0.272875816993464 0.5259259259259259 0.2696078431372549 0.5234567901234568 0.2696078431372549 0.5185185185185185 0.2777777777777778 0.5111111111111111 0.28594771241830064 0.508641975308642
0 0.29411764705882354 0.43950617283950616 0.2973856209150327 0.4469135802469136 0.2973856209150327 0.45185185185185184 0.29248366013071897 0.4567901234567901 0.2908496732026144 0.47160493827160493 0.2761437908496732 0.47160493827160493 0.27450980392156865 0.4666666666666667 0.27941176470588236 0.45925925925925926 0.28594771241830064 0.45925925925925926 0.2875816993464052 0.454320987654321 0.28431372549019607 0.44938271604938274 0.28431372549019607 0.4444444444444444 0.2875816993464052 0.43950617283950616 0.29248366013071897 0.43950617283950616
0 0.27941176470588236 0.4271604938271605 0.28594771241830064 0.4222222222222222 0.2973856209150327 0.4271604938271605 0.2908496732026144 0.43703703703703706 0.28104575163398693 0.4345679012345679 0.27941176470588236 0.42962962962962964
0 0.315359477124183 0.5432098765432098 0.31862745098039214 0.5456790123456791 0.31862745098039214 0.5506172839506173 0.3104575163398693 0.5580246913580247 0.29901960784313725 0.5580246913580247 0.2957516339869281 0.5530864197530864 0.2957516339869281 0.5456790123456791 0.3022875816993464 0.5382716049382716 0.30718954248366015 0.5382716049382716 0.3137254901960784 0.5432098765432098
0 0.29248366013071897 0.4271604938271605 0.29248366013071897 0.43209876543209874 0.28921568627450983 0.4345679012345679 0.2826797385620915 0.4345679012345679 0.28104575163398693 0.42962962962962964 0.2826797385620915 0.4271604938271605 0.2908496732026144 0.4271604938271605
0 0.2908496732026144 0.48148148148148145 0.3022875816993464 0.47901234567901235 0.30718954248366015 0.4839506172839506 0.30718954248366015 0.49135802469135803 0.3022875816993464 0.4962962962962963 0.29248366013071897 0.49382716049382713 0.28921568627450983 0.4888888888888889 0.2908496732026144 0.4839506172839506
0 0.2957516339869281 0.4049382716049383 0.29901960784313725 0.4148148148148148 0.29901960784313725 0.41975308641975306 0.2957516339869281 0.4271604938271605 0.28104575163398693 0.4246913580246914 0.28104575163398693 0.4123456790123457 0.28594771241830064 0.4074074074074074 0.29411764705882354 0.4049382716049383
0 0.30392156862745096 0.37777777777777777 0.3088235294117647 0.38271604938271603 0.3088235294117647 0.38765432098765434 0.30718954248366015 0.39012345679012345 0.3006535947712418 0.38765432098765434 0.29901960784313725 0.38271604938271603 0.3022875816993464 0.3802469135802469
0 0.27941176470588236 0.5950617283950618 0.29248366013071897 0.582716049382716 0.3137254901960784 0.582716049382716 0.315359477124183 0.5851851851851851 0.315359477124183 0.5901234567901235 0.3104575163398693 0.5975308641975309 0.30392156862745096 0.6049382716049383 0.2973856209150327 0.6074074074074074 0.28104575163398693 0.6049382716049383 0.27941176470588236 0.5975308641975309
0 0.2875816993464052 0.4617283950617284 0.28921568627450983 0.4641975308641975 0.2875816993464052 0.47160493827160493 0.2761437908496732 0.47160493827160493 0.27450980392156865 0.4691358024691358 0.2777777777777778 0.4617283950617284 0.28594771241830064 0.4617283950617284
0 0.3088235294117647 0.7160493827160493 0.3137254901960784 0.7111111111111111 0.31862745098039214 0.7111111111111111 0.32189542483660133 0.7160493827160493 0.32189542483660133 0.725925925925926 0.315359477124183 0.7358024691358025 0.3137254901960784 0.7432098765432099 0.3055555555555556 0.7481481481481481 0.30392156862745096 0.745679012345679 0.2957516339869281 0.745679012345679 0.29248366013071897 0.7407407407407407 0.29411764705882354 0.7333333333333333 0.3088235294117647 0.7185185185185186
0 0.29248366013071897 0.44814814814814813 0.013071895424836602 0.012345679012345678
0 0.28431372549019607 0.41728395061728396 0.2957516339869281 0.41728395061728396 0.29901960784313725 0.4271604938271605 0.29248366013071897 0.43703703703703706 0.29248366013071897 0.4419753086419753 0.28921568627450983 0.4419753086419753 0.28594771241830064 0.4469135802469136 0.28594771241830064 0.43950617283950616 0.2826797385620915 0.4345679012345679 0.27941176470588236 0.4345679012345679 0.27941176470588236 0.4271604938271605 0.28431372549019607 0.41975308641975306
0 0.29411764705882354 0.3950617283950617 0.2973856209150327 0.3925925925925926 0.30392156862745096 0.3950617283950617 0.30392156862745096 0.4 0.3006535947712418 0.4049382716049383 0.2957516339869281 0.4049382716049383 0.29248366013071897 0.4 0.29411764705882354 0.39753086419753086
0 0.2818627450980392 0.519753086419753 0.024509803921568627 0.01728395061728395
0 0.29248366013071897 0.43950617283950616 0.2973856209150327 0.44938271604938274 0.29411764705882354 0.45925925925925926 0.29411764705882354 0.4691358024691358 0.2908496732026144 0.4740740740740741 0.3006535947712418 0.47901234567901235 0.3022875816993464 0.4962962962962963 0.29411764705882354 0.5012345679012346 0.29411764705882354 0.5061728395061729 0.29901960784313725 0.5111111111111111 0.2973856209150327 0.5160493827160494 0.29248366013071897 0.5234567901234568 0.28104575163398693 0.528395061728395 0.272875816993464 0.528395061728395 0.2679738562091503 0.5234567901234568 0.2679738562091503 0.5185185185185185 0.27941176470588236 0.5061728395061729 0.28921568627450983 0.5037037037037037 0.2908496732026144 0.49382716049382713 0.2875816993464052 0.4888888888888889 0.2875816993464052 0.4839506172839506 0.28104575163398693 0.4740740740740741 0.27450980392156865 0.47160493827160493 0.272875816993464 0.4666666666666667 0.27941176470588236 0.4567901234567901 0.28431372549019607 0.4567901234567901 0.28594771241830064 0.454320987654321 0.28431372549019607 0.4444444444444444 0.2908496732026144 0.43950617283950616
0 0.3104575163398693 0.6395061728395062 0.3235294117647059 0.6395061728395062 0.32679738562091504 0.6419753086419753 0.3333333333333333 0.6567901234567901 0.3333333333333333 0.6641975308641975 0.31862745098039214 0.6666666666666666 0.31209150326797386 0.6617283950617284 0.3104575163398693 0.6567901234567901 0.3104575163398693 0.6419753086419753
0 0.30392156862745096 0.3728395061728395 0.3104575163398693 0.3728395061728395 0.30718954248366015 0.37777777777777777 0.3088235294117647 0.38765432098765434 0.2957516339869281 0.4123456790123457 0.2973856209150327 0.41975308641975306 0.2957516339869281 0.42962962962962964 0.2973856209150327 0.45185185185185184 0.2908496732026144 0.4617283950617284 0.29248366013071897 0.4691358024691358 0.2908496732026144 0.47160493827160493 0.29248366013071897 0.4740740740740741 0.29901960784313725 0.4740740740740741 0.3088235294117647 0.4888888888888889 0.3022875816993464 0.49876543209876545 0.29411764705882354 0.49876543209876545 0.29248366013071897 0.5037037037037037 0.2908496732026144 0.49382716049382713 0.2875816993464052 0.49135802469135803 0.28921568627450983 0.4740740740740741 0.28594771241830064 0.4691358024691358 0.2826797385620915 0.4691358024691358 0.28594771241830064 0.4666666666666667 0.28431372549019607 0.4617283950617284 0.28921568627450983 0.4567901234567901 0.28431372549019607 0.44938271604938274 0.28594771241830064 0.43950617283950616 0.27941176470588236 0.43209876543209874 0.2826797385620915 0.4123456790123457 0.28594771241830064 0.4074074074074074 0.28921568627450983 0.4074074074074074 0.29901960784313725 0.3925925925925926 0.29901960784313725 0.38271604938271603 0.30392156862745096 0.37530864197530867
0 0.3088235294117647 0.38271604938271603 0.3088235294117647 0.39012345679012345 0.30392156862745096 0.3950617283950617 0.29901960784313725 0.3925925925925926 0.2973856209150327 0.3851851851851852 0.29901960784313725 0.38271604938271603 0.30718954248366015 0.38271604938271603
0 0.3872549019607843 0.8024691358024691 0.39705882352941174 0.8148148148148148 0.39705882352941174 0.8197530864197531 0.38235294117647056 0.8444444444444444 0.36764705882352944 0.8592592592592593 0.3415032679738562 0.8518518518518519 0.3382352941176471 0.8469135802469135 0.3349673202614379 0.8345679012345679 0.3349673202614379 0.8148148148148148 0.33986928104575165 0.8074074074074075 0.35294117647058826 0.8 0.3790849673202614 0.7975308641975308 0.38562091503267976 0.8024691358024691
0 0.2900326797385621 0.4185185185185185 0.014705882352941176 0.012345679012345678
0 0.34477124183006536 0.7061728395061728 0.35130718954248363 0.7135802469135802 0.35294117647058826 0.7283950617283951 0.34967320261437906 0.7382716049382716 0.3382352941176471 0.7555555555555555 0.3300653594771242 0.7555555555555555 0.3284313725490196 0.7580246913580246 0.3137254901960784 0.7481481481481481 0.29901960784313725 0.7481481481481481 0.29411764705882354 0.745679012345679 0.29248366013071897 0.7358024691358025 0.3137254901960784 0.7086419753086419 0.3366013071895425 0.7086419753086419 0.3431372549019608 0.7061728395061728
0 0.3790849673202614 0.9432098765432099 0.3839869281045752 0.9481481481481482 0.39052287581699346 0.9654320987654321 0.38562091503267976 0.9876543209876543 0.3888888888888889 0.9925925925925926 0.38562091503267976 0.9950617283950617 0.3741830065359477 0.9950617283950617 0.37254901960784315 0.9975308641975309 0.3709150326797386 0.9950617283950617 0.3627450980392157 0.9950617283950617 0.3611111111111111 0.9975308641975309 0.3137254901960784 0.9975308641975309 0.3137254901960784 0.9925925925925926 0.31699346405228757 0.980246913580247 0.32679738562091504 0.9654320987654321 0.3349673202614379 0.9580246913580247 0.3562091503267974 0.9432098765432099 0.3627450980392157 0.9432098765432099 0.36437908496732024 0.9407407407407408 0.3758169934640523 0.9407407407407408 0.37745098039215685 0.9432098765432099
0 0.3333333333333333 0.6888888888888889 0.3382352941176471 0.691358024691358 0.3464052287581699 0.7012345679012346 0.3545751633986928 0.7185185185185186 0.3545751633986928 0.7308641975308642 0.35130718954248363 0.745679012345679 0.35130718954248363 0.7753086419753087 0.3545751633986928 0.7777777777777778 0.3562091503267974 0.7851851851851852 0.3611111111111111 0.7925925925925926 0.3562091503267974 0.7950617283950617 0.34477124183006536 0.7925925925925926 0.3415032679738562 0.7975308641975308 0.3333333333333333 0.8 0.32679738562091504 0.8222222222222222 0.2908496732026144 0.8098765432098766 0.28594771241830064 0.8024691358024691 0.28594771241830064 0.7753086419753087 0.2875816993464052 0.7679012345679013 0.28431372549019607 0.7580246913580246 0.2875816993464052 0.7530864197530864 0.2875816993464052 0.7432098765432099 0.29248366013071897 0.7283950617283951 0.29901960784313725 0.7160493827160493 0.3055555555555556 0.7160493827160493 0.31862745098039214 0.7012345679012346 0.315359477124183 0.6962962962962963 0.3088235294117647 0.6938271604938272 0.3104575163398693 0.691358024691358 0.32189542483660133 0.691358024691358 0.3235294117647059 0.6938271604938272 0.32679738562091504 0.6888888888888889 0.33169934640522875 0.6888888888888889