0 0.4869281045751634 0.5735294117647058 0.49019607843137253 0.5808823529411765 0.49019607843137253 0.5931372549019608 0.4934640522875817 0.5980392156862745 0.5016339869281046 0.6029411764705882 0.5016339869281046 0.6102941176470589 0.4950980392156863 0.6151960784313726 0.48366013071895425 0.6151960784313726 0.47549019607843135 0.6078431372549019 0.45751633986928103 0.6053921568627451 0.4477124183006536 0.6004901960784313 0.4477124183006536 0.5931372549019608 0.4526143790849673 0.5857843137254902 0.46895424836601307 0.571078431372549 0.47875816993464054 0.5686274509803921 0.4852941176470588 0.5735294117647058
0 0.45098039215686275 0.49019607843137253 0.4526143790849673 0.47058823529411764 0.45588235294117646 0.46568627450980393 0.46568627450980393 0.46078431372549017 0.47549019607843135 0.46078431372549017 0.4869281045751634 0.45098039215686275 0.4950980392156863 0.45098039215686275 0.49673202614379086 0.4534313725490196 0.49673202614379086 0.4583333333333333 0.4934640522875817 0.46568627450980393 0.49836601307189543 0.4730392156862745 0.4950980392156863 0.4803921568627451 0.4918300653594771 0.4803921568627451 0.48366013071895425 0.4877450980392157 0.46895424836601307 0.49019607843137253 0.4673202614379085 0.49264705882352944 0.4542483660130719 0.49264705882352944 0.4526143790849673 0.49019607843137253
0 0.9869281045751634 0.5637254901960784 0.9918300653594772 0.5735294117647058 0.9918300653594772 0.5857843137254902 0.9901960784313726 0.5882352941176471 0.9918300653594772 0.6053921568627451 0.9852941176470589 0.6102941176470589 0.9803921568627451 0.6102941176470589 0.9722222222222222 0.6176470588235294 0.9624183006535948 0.6176470588235294 0.9477124183006536 0.6102941176470589 0.9428104575163399 0.6004901960784313 0.9493464052287581 0.5833333333333334 0.9509803921568627 0.5735294117647058 0.9575163398692811 0.5661764705882353 0.9656862745098039 0.5612745098039216 0.9836601307189542 0.5612745098039216 0.9852941176470589 0.5637254901960784
0 0.4624183006535948 0.8014705882352942 0.4738562091503268 0.8088235294117647 0.477124183006536 0.8137254901960784 0.47549019607843135 0.821078431372549 0.46405228758169936 0.8308823529411765 0.45098039215686275 0.8308823529411765 0.44607843137254904 0.8259803921568627 0.4444444444444444 0.8137254901960784 0.434640522875817 0.7990196078431373 0.43300653594771243 0.7916666666666666 0.434640522875817 0.7818627450980392 0.4477124183006536 0.7598039215686274 0.46078431372549017 0.7524509803921569 0.47058823529411764 0.7549019607843137 0.4738562091503268 0.7622549019607843 0.4738562091503268 0.7720588235294118 0.46895424836601307 0.7843137254901961 0.4591503267973856 0.7965686274509803 0.46078431372549017 0.8014705882352942
0 0.6781045751633987 0.7303921568627451 0.6830065359477124 0.7401960784313726 0.673202614379085 0.7549019607843137 0.6650326797385621 0.7598039215686274 0.6519607843137255 0.7598039215686274 0.6486928104575164 0.7549019607843137 0.6454248366013072 0.7352941176470589 0.6405228758169934 0.7230392156862745 0.6405228758169934 0.7132352941176471 0.6454248366013072 0.7034313725490197 0.6601307189542484 0.6936274509803921 0.6781045751633987 0.6936274509803921 0.6781045751633987 0.7107843137254902 0.673202614379085 0.7230392156862745 0.6764705882352942 0.7303921568627451
0 0.5179738562091504 0.43137254901960786 0.5473856209150327 0.4068627450980392 0.5588235294117647 0.4068627450980392 0.5604575163398693 0.40931372549019607 0.5604575163398693 0.41911764705882354 0.5424836601307189 0.42892156862745096 0.5343137254901961 0.4362745098039216 0.5212418300653595 0.4411764705882353 0.5163398692810458 0.4362745098039216 0.5179738562091504 0.4338235294117647
0 0.8300653594771242 0.4632352941176471 0.8366013071895425 0.4681372549019608 0.8366013071895425 0.47549019607843135 0.8316993464052288 0.48284313725490197 0.8218954248366013 0.4852941176470588 0.8071895424836601 0.4950980392156863 0.7941176470588235 0.4950980392156863 0.8006535947712419 0.48284313725490197 0.8006535947712419 0.47794117647058826 0.8120915032679739 0.46568627450980393 0.8284313725490197 0.4632352941176471
0 0.7271241830065359 0.5955882352941176 0.7369281045751634 0.6029411764705882 0.738562091503268 0.6200980392156863 0.7222222222222222 0.6397058823529411 0.7026143790849673 0.6519607843137255 0.6944444444444444 0.6495098039215687 0.6862745098039216 0.6397058823529411 0.6879084967320261 0.6200980392156863 0.6911764705882353 0.6078431372549019 0.7026143790849673 0.5980392156862745 0.7254901960784313 0.5955882352941176
0 0.5245098039215687 0.6421568627450981 0.5359477124183006 0.6519607843137255 0.5375816993464052 0.6568627450980392 0.5359477124183006 0.6642156862745098 0.5147058823529411 0.6985294117647058 0.5016339869281046 0.7058823529411765 0.4852941176470588 0.7034313725490197 0.4803921568627451 0.696078431372549 0.4820261437908497 0.6813725490196079 0.4869281045751634 0.6715686274509803 0.49836601307189543 0.6642156862745098 0.5016339869281046 0.6593137254901961 0.5032679738562091 0.6495098039215687 0.5147058823529411 0.6421568627450981 0.5228758169934641 0.6421568627450981
0 0.6797385620915033 0.8235294117647058 0.696078431372549 0.8382352941176471 0.6977124183006536 0.8431372549019608 0.696078431372549 0.8602941176470589 0.6781045751633987 0.8848039215686274 0.6748366013071896 0.8946078431372549 0.6683006535947712 0.9044117647058824 0.6617647058823529 0.9093137254901961 0.6535947712418301 0.9093137254901961 0.6454248366013072 0.9019607843137255 0.6454248366013072 0.8921568627450981 0.6519607843137255 0.8823529411764706 0.6617647058823529 0.875 0.6584967320261438 0.8700980392156863 0.6470588235294118 0.8627450980392157 0.6454248366013072 0.8480392156862745 0.6470588235294118 0.8406862745098039 0.6601307189542484 0.8259803921568627 0.6633986928104575 0.8235294117647058 0.6781045751633987 0.8235294117647058
0 0.8545751633986928 0.4166666666666667 0.8643790849673203 0.42401960784313725 0.8562091503267973 0.43137254901960786 0.8415032679738562 0.4387254901960784 0.8349673202614379 0.4387254901960784 0.8316993464052288 0.4338235294117647 0.8316993464052288 0.42892156862745096 0.8415032679738562 0.41911764705882354 0.8529411764705882 0.4166666666666667
0 0.7549019607843137 0.5367647058823529 0.05228758169934641 0.049019607843137254
0 0.9493464052287581 0.39705882352941174 0.9509803921568627 0.39950980392156865 0.9575163398692811 0.39950980392156865 0.9640522875816994 0.40441176470588236 0.9640522875816994 0.4068627450980392 0.954248366013072 0.40931372549019607 0.9477124183006536 0.41421568627450983 0.9330065359477124 0.41421568627450983 0.9313725490196079 0.4117647058823529 0.9313725490196079 0.4068627450980392 0.9362745098039216 0.39950980392156865 0.9477124183006536 0.39705882352941174
0 0.5098039215686274 0.49264705882352944 0.511437908496732 0.5024509803921569 0.5032679738562091 0.5147058823529411 0.5098039215686274 0.5220588235294118 0.5098039215686274 0.5294117647058824 0.5032679738562091 0.5392156862745098 0.49019607843137253 0.5367647058823529 0.4820261437908497 0.5318627450980392 0.4722222222222222 0.5367647058823529 0.4362745098039216 0.5367647058823529 0.42810457516339867 0.5318627450980392 0.42810457516339867 0.5245098039215687 0.4444444444444444 0.5122549019607843 0.4542483660130719 0.5122549019607843 0.46568627450980393 0.5024509803921569 0.47549019607843135 0.5 0.4869281045751634 0.4877450980392157 0.49836601307189543 0.4877450980392157 0.5081699346405228 0.49264705882352944
0 0.44607843137254904 0.9093137254901961 0.46405228758169936 0.9215686274509803 0.46568627450980393 0.9264705882352942 0.46568627450980393 0.9436274509803921 0.4591503267973856 0.9632352941176471 0.4411764705882353 0.9926470588235294 0.42810457516339867 0.9950980392156863 0.4264705882352941 0.9975490196078431 0.41013071895424835 0.9975490196078431 0.40522875816993464 0.9950980392156863 0.40522875816993464 0.9901960784313726 0.4117647058823529 0.9730392156862745 0.4117647058823529 0.9656862745098039 0.4035947712418301 0.9485294117647058 0.4035947712418301 0.9313725490196079 0.4068627450980392 0.9240196078431373 0.4215686274509804 0.9142156862745098 0.4444444444444444 0.9093137254901961