0 0.8888888888888888 0.678921568627451 0.8905228758169934 0.6813725490196079 0.8986928104575164 0.6813725490196079 0.9019607843137255 0.6838235294117647 0.9019607843137255 0.6887254901960784 0.8905228758169934 0.696078431372549 0.8856209150326797 0.696078431372549 0.8839869281045751 0.6985294117647058 0.8856209150326797 0.7034313725490197 0.8921568627450981 0.7034313725490197 0.8970588235294118 0.6985294117647058 0.9084967320261438 0.6985294117647058 0.9101307189542484 0.7034313725490197 0.9035947712418301 0.7083333333333334 0.9003267973856209 0.7058823529411765 0.8986928104575164 0.7083333333333334 0.8921568627450981 0.7083333333333334 0.8872549019607843 0.7132352941176471 0.8823529411764706 0.7132352941176471 0.8758169934640523 0.7058823529411765 0.8709150326797386 0.7083333333333334 0.8741830065359477 0.7034313725490197 0.8725490196078431 0.6985294117647058 0.8594771241830066 0.6985294117647058 0.8545751633986928 0.6936274509803921 0.8562091503267973 0.6838235294117647 0.8872549019607843 0.678921568627451
0 0.5408496732026143 0.803921568627451 0.5424836601307189 0.8063725490196079 0.5490196078431373 0.8063725490196079 0.5522875816993464 0.8112745098039216 0.5522875816993464 0.8161764705882353 0.5490196078431373 0.821078431372549 0.5424836601307189 0.821078431372549 0.5408496732026143 0.8235294117647058 0.5179738562091504 0.8235294117647058 0.5130718954248366 0.8161764705882353 0.5163398692810458 0.8088235294117647 0.5212418300653595 0.8088235294117647 0.5277777777777778 0.803921568627451 0.5392156862745098 0.803921568627451
0 0.12745098039215685 0.7401960784313726 0.12908496732026145 0.7401960784313726 0.12745098039215685 0.7426470588235294 0.12908496732026145 0.75 0.1388888888888889 0.7426470588235294 0.16666666666666666 0.7475490196078431 0.1715686274509804 0.7524509803921569 0.15849673202614378 0.7622549019607843 0.13398692810457516 0.7598039215686274 0.12581699346405228 0.75 0.12091503267973856 0.7475490196078431 0.11437908496732026 0.7475490196078431 0.10947712418300654 0.7524509803921569 0.09313725490196079 0.7524509803921569 0.08823529411764706 0.75 0.08660130718954248 0.7426470588235294 0.0915032679738562 0.7377450980392157 0.10947712418300654 0.7377450980392157 0.12254901960784313 0.7426470588235294 0.12581699346405228 0.7401960784313726
0 0.38480392156862747 0.803921568627451 0.03758169934640523 0.0196078431372549
0 0.4852941176470588 0.7254901960784313 0.4869281045751634 0.7205882352941176 0.5081699346405228 0.7205882352941176 0.5147058823529411 0.7254901960784313 0.5098039215686274 0.7328431372549019 0.4934640522875817 0.7303921568627451 0.4869281045751634 0.7254901960784313
0 0.8970588235294118 0.6813725490196079 0.9003267973856209 0.6838235294117647 0.9003267973856209 0.6887254901960784 0.8905228758169934 0.6936274509803921 0.8839869281045751 0.6936274509803921 0.8790849673202614 0.6838235294117647 0.880718954248366 0.6813725490196079 0.8954248366013072 0.6813725490196079
0 0.8545751633986928 0.6862745098039216 0.8627450980392157 0.6838235294117647 0.8709150326797386 0.6936274509803921 0.8676470588235294 0.6985294117647058 0.8627450980392157 0.6985294117647058 0.8562091503267973 0.696078431372549 0.8545751633986928 0.6887254901960784
0 0.738562091503268 0.7867647058823529 0.7450980392156863 0.7843137254901961 0.7467320261437909 0.7867647058823529 0.7581699346405228 0.7867647058823529 0.7598039215686274 0.7892156862745098 0.7745098039215687 0.7892156862745098 0.7761437908496732 0.7916666666666666 0.7924836601307189 0.7941176470588235 0.8006535947712419 0.8014705882352942 0.803921568627451 0.8063725490196079 0.8022875816993464 0.8112745098039216 0.7892156862745098 0.8161764705882353 0.7777777777777778 0.8161764705882353 0.7761437908496732 0.8137254901960784 0.7679738562091504 0.8137254901960784 0.7663398692810458 0.8161764705882353 0.7254901960784313 0.8161764705882353 0.7173202614379085 0.8088235294117647 0.7140522875816994 0.8088235294117647 0.7091503267973857 0.8137254901960784 0.7026143790849673 0.8112745098039216 0.704248366013072 0.7990196078431373 0.7091503267973857 0.7916666666666666 0.7352941176470589 0.8014705882352942 0.7401960784313726 0.7941176470588235 0.7401960784313726 0.7892156862745098
0 0.5392156862745098 0.7352941176470589 0.5408496732026143 0.7377450980392157 0.5473856209150327 0.7377450980392157 0.5506535947712419 0.7426470588235294 0.545751633986928 0.75 0.5441176470588235 0.7475490196078431 0.5343137254901961 0.7475490196078431 0.5277777777777778 0.7426470588235294 0.5294117647058824 0.7352941176470589 0.5375816993464052 0.7352941176470589
0 0.8905228758169934 0.678921568627451 0.8921568627450981 0.6813725490196079 0.8986928104575164 0.6813725490196079 0.9019607843137255 0.6862745098039216 0.8970588235294118 0.6936274509803921 0.8986928104575164 0.6985294117647058 0.9035947712418301 0.696078431372549 0.9101307189542484 0.6985294117647058 0.9117647058823529 0.7058823529411765 0.8905228758169934 0.7156862745098039 0.8774509803921569 0.7181372549019608 0.8709150326797386 0.7279411764705882 0.8660130718954249 0.7303921568627451 0.8562091503267973 0.7303921568627451 0.8529411764705882 0.7254901960784313 0.8545751633986928 0.7156862745098039 0.8643790849673203 0.7107843137254902 0.869281045751634 0.7034313725490197 0.8676470588235294 0.6985294117647058 0.8562091503267973 0.696078431372549 0.8545751633986928 0.6862745098039216 0.8562091503267973 0.6838235294117647 0.8888888888888888 0.678921568627451
0 0.021241830065359478 0.7205882352941176 0.024509803921568627 0.7230392156862745 0.024509803921568627 0.7279411764705882 0.016339869281045753 0.7328431372549019 0 0.7328431372549019 0 0.7230392156862745 0.0016339869281045752 0.7205882352941176 0.0196078431372549 0.7205882352941176
0 0.16666666666666666 0.75 0.16830065359477125 0.7549019607843137 0.16176470588235295 0.7598039215686274 0.13725490196078433 0.7598039215686274 0.1323529411764706 0.7549019607843137 0.1388888888888889 0.7475490196078431 0.16339869281045752 0.7475490196078431 0.1650326797385621 0.75
0 0.5735294117647058 0.7401960784313726 0.5964052287581699 0.7401960784313726 0.6062091503267973 0.7475490196078431 0.6045751633986928 0.7524509803921569 0.5866013071895425 0.7524509803921569 0.5849673202614379 0.75 0.5784313725490197 0.75 0.5735294117647058 0.7426470588235294
0 0.3937908496732026 0.7058823529411765 0.39705882352941174 0.7034313725490197 0.4150326797385621 0.7034313725490197 0.41830065359477125 0.7083333333333334 0.4166666666666667 0.7107843137254902 0.39705882352941174 0.7107843137254902 0.3937908496732026 0.7083333333333334
0 0.11601307189542484 0.7377450980392157 0.11764705882352941 0.7401960784313726 0.13071895424836602 0.7401960784313726 0.13398692810457516 0.7450980392156863 0.14052287581699346 0.7401960784313726 0.14869281045751634 0.7450980392156863 0.16666666666666666 0.7475490196078431 0.1715686274509804 0.7524509803921569 0.15849673202614378 0.7622549019607843 0.13398692810457516 0.7598039215686274 0.119281045751634 0.7475490196078431 0.10947712418300654 0.7524509803921569 0.09313725490196079 0.7524509803921569 0.08823529411764706 0.75 0.08496732026143791 0.7426470588235294 0.08986928104575163 0.7377450980392157 0.11437908496732026 0.7377450980392157
0 0.7745098039215687 0.7916666666666666 0.7761437908496732 0.7941176470588235 0.7875816993464052 0.7941176470588235 0.803921568627451 0.8063725490196079 0.8022875816993464 0.8112745098039216 0.7892156862745098 0.8137254901960784 0.7875816993464052 0.8161764705882353 0.7761437908496732 0.8137254901960784 0.7630718954248366 0.803921568627451 0.7581699346405228 0.803921568627451 0.7516339869281046 0.7990196078431373 0.7532679738562091 0.7941176470588235 0.7581699346405228 0.7916666666666666 0.7728758169934641 0.7916666666666666
0 0.24836601307189543 0.6813725490196079 0.24836601307189543 0.6862745098039216 0.24183006535947713 0.6911764705882353 0.22712418300653595 0.6911764705882353 0.2222222222222222 0.6838235294117647 0.23366013071895425 0.678921568627451 0.24509803921568626 0.678921568627451 0.24673202614379086 0.6813725490196079
0 0.9950980392156863 0.7720588235294118 0.9983660130718954 0.7745098039215687 0.9983660130718954 0.7818627450980392 0.988562091503268 0.7867647058823529 0.9444444444444444 0.7867647058823529 0.9411764705882353 0.7818627450980392 0.9558823529411765 0.7696078431372549 0.9624183006535948 0.7671568627450981 0.9869281045751634 0.7671568627450981 0.9934640522875817 0.7720588235294118
0 0.6225490196078431 0.8014705882352942 0.630718954248366 0.8088235294117647 0.630718954248366 0.8186274509803921 0.619281045751634 0.8235294117647058 0.5947712418300654 0.821078431372549 0.5915032679738562 0.8161764705882353 0.5915032679738562 0.8088235294117647 0.5980392156862745 0.803921568627451 0.6209150326797386 0.8014705882352942
0 0.11274509803921569 0.7401960784313726 0.11437908496732026 0.7475490196078431 0.10784313725490197 0.7524509803921569 0.09313725490196079 0.7524509803921569 0.08823529411764706 0.75 0.08660130718954248 0.7450980392156863 0.08986928104575163 0.7401960784313726 0.1111111111111111 0.7401960784313726
0 0.19607843137254902 0.6862745098039216 0.19934640522875818 0.6911764705882353 0.19281045751633988 0.696078431372549 0.17647058823529413 0.6936274509803921 0.17483660130718953 0.6887254901960784 0.18137254901960784 0.6838235294117647 0.19444444444444445 0.6862745098039216
0 0.33986928104575165 0.7745098039215687 0.34477124183006536 0.7794117647058824 0.34477124183006536 0.7843137254901961 0.3349673202614379 0.7916666666666666 0.315359477124183 0.7892156862745098 0.3088235294117647 0.7794117647058824 0.3137254901960784 0.7745098039215687 0.3382352941176471 0.7745098039215687
0 0.20751633986928106 0.7573529411764706 0.21895424836601307 0.7647058823529411 0.2173202614379085 0.7696078431372549 0.21241830065359477 0.7720588235294118 0.19607843137254902 0.7720588235294118 0.184640522875817 0.7647058823529411 0.18627450980392157 0.7598039215686274 0.19117647058823528 0.7573529411764706 0.20588235294117646 0.7573529411764706
0 0.8562091503267973 0.7156862745098039 0.869281045751634 0.7156862745098039 0.8725490196078431 0.7205882352941176 0.8709150326797386 0.7254901960784313 0.8594771241830066 0.7279411764705882 0.8562091503267973 0.7230392156862745 0.8562091503267973 0.7181372549019608
0 0.7254901960784313 0.7769607843137255 0.7271241830065359 0.7745098039215687 0.738562091503268 0.7745098039215687 0.7467320261437909 0.7794117647058824 0.7483660130718954 0.7818627450980392 0.7450980392156863 0.7867647058823529 0.7336601307189542 0.7867647058823529 0.7271241830065359 0.7794117647058824
0 0.06372549019607843 0.7279411764705882 0.06862745098039216 0.7303921568627451 0.06862745098039216 0.7352941176470589 0.06535947712418301 0.7401960784313726 0.042483660130718956 0.7401960784313726 0.0392156862745098 0.7377450980392157 0.0392156862745098 0.7328431372549019 0.04738562091503268 0.7279411764705882 0.06209150326797386 0.7279411764705882
0 0.2696078431372549 0.7647058823529411 0.2761437908496732 0.7696078431372549 0.2761437908496732 0.7745098039215687 0.27124183006535946 0.7794117647058824 0.24509803921568626 0.7794117647058824 0.23529411764705882 0.7720588235294118 0.24019607843137256 0.7647058823529411 0.2679738562091503 0.7647058823529411
0 0.6879084967320261 0.7475490196078431 0.6895424836601307 0.75 0.6993464052287581 0.75 0.7058823529411765 0.7573529411764706 0.704248366013072 0.7647058823529411 0.6977124183006536 0.7671568627450981 0.6748366013071896 0.7647058823529411 0.6699346405228758 0.7598039215686274 0.6650326797385621 0.7598039215686274 0.6617647058823529 0.7549019607843137 0.6650326797385621 0.75 0.6830065359477124 0.75 0.6862745098039216 0.7475490196078431
0 0.35294117647058826 0.7009803921568627 0.3660130718954248 0.7058823529411765 0.36764705882352944 0.7083333333333334 0.3660130718954248 0.7132352941176471 0.3545751633986928 0.7132352941176471 0.3464052287581699 0.7083333333333334 0.34477124183006536 0.7034313725490197 0.35130718954248363 0.7009803921568627
0 0.6258169934640523 0.7647058823529411 0.6372549019607843 0.7647058823529411 0.6437908496732027 0.7696078431372549 0.6437908496732027 0.7745098039215687 0.6323529411764706 0.7745098039215687 0.6258169934640523 0.7671568627450981
0 0.8349673202614379 0.75 0.8366013071895425 0.7549019607843137 0.8316993464052288 0.7598039215686274 0.8235294117647058 0.7598039215686274 0.8186274509803921 0.75 0.8202614379084967 0.7475490196078431 0.8316993464052288 0.7475490196078431 0.8333333333333334 0.75
0 0.6895424836601307 0.7941176470588235 0.6911764705882353 0.7965686274509803 0.6928104575163399 0.7941176470588235 0.7124183006535948 0.7916666666666666 0.7238562091503268 0.7965686274509803 0.7254901960784313 0.8014705882352942 0.7565359477124183 0.8014705882352942 0.7581699346405228 0.7990196078431373 0.7532679738562091 0.7965686274509803 0.7549019607843137 0.7941176470588235 0.7679738562091504 0.7990196078431373 0.7908496732026143 0.7965686274509803 0.8006535947712419 0.8063725490196079 0.7924836601307189 0.8137254901960784 0.7598039215686274 0.8137254901960784 0.7581699346405228 0.8161764705882353 0.7320261437908496 0.8161764705882353 0.7303921568627451 0.8186274509803921 0.7287581699346405 0.8161764705882353 0.7205882352941176 0.8161764705882353 0.7173202614379085 0.8112745098039216 0.7107843137254902 0.8112745098039216 0.7058823529411765 0.8186274509803921 0.6993464052287581 0.8186274509803921 0.6977124183006536 0.8137254901960784 0.6928104575163399 0.8161764705882353 0.6895424836601307 0.8137254901960784 0.6830065359477124 0.8161764705882353 0.6633986928104575 0.8161764705882353 0.6601307189542484 0.8112745098039216 0.6568627450980392 0.8137254901960784 0.6372549019607843 0.8112745098039216 0.6274509803921569 0.821078431372549 0.6209150326797386 0.8235294117647058 0.5947712418300654 0.821078431372549 0.5833333333333334 0.8112745098039216 0.5588235294117647 0.8112745098039216 0.553921568627451 0.8186274509803921 0.545751633986928 0.8235294117647058 0.5163398692810458 0.8235294117647058 0.511437908496732 0.8161764705882353 0.511437908496732 0.8088235294117647 0.5294117647058824 0.8063725490196079 0.5310457516339869 0.803921568627451 0.5375816993464052 0.803921568627451 0.5392156862745098 0.8063725490196079 0.565359477124183 0.8063725490196079 0.5669934640522876 0.803921568627451 0.5686274509803921 0.8063725490196079 0.5898692810457516 0.8063725490196079 0.5980392156862745 0.8014705882352942 0.6290849673202614 0.8014705882352942 0.6356209150326797 0.8063725490196079 0.6388888888888888 0.803921568627451 0.6552287581699346 0.803921568627451 0.6617647058823529 0.8088235294117647 0.6666666666666666 0.803921568627451 0.6748366013071896 0.803921568627451 0.6764705882352942 0.8014705882352942 0.684640522875817 0.803921568627451 0.6862745098039216 0.8014705882352942 0.6813725490196079 0.7965686274509803 0.6879084967320261 0.7941176470588235
0 0.9101307189542484 0.6985294117647058 0.9117647058823529 0.7009803921568627 0.9101307189542484 0.7058823529411765 0.8921568627450981 0.7132352941176471 0.880718954248366 0.7132352941176471 0.8790849673202614 0.7107843137254902 0.880718954248366 0.7083333333333334 0.8954248366013072 0.7034313725490197 0.9003267973856209 0.6985294117647058 0.9084967320261438 0.6985294117647058
0 0.8088235294117647 0.7769607843137255 0.826797385620915 0.7843137254901961 0.8300653594771242 0.7916666666666666 0.8251633986928104 0.7941176470588235 0.8071895424836601 0.7941176470588235 0.7924836601307189 0.7867647058823529 0.7924836601307189 0.7818627450980392 0.795751633986928 0.7794117647058824 0.8071895424836601 0.7769607843137255
0 0.4395424836601307 0.7181372549019608 0.45098039215686275 0.7181372549019608 0.45751633986928103 0.7230392156862745 0.45588235294117646 0.7303921568627451 0.4477124183006536 0.7303921568627451 0.4411764705882353 0.7254901960784313 0.4395424836601307 0.7205882352941176
0 0.7091503267973857 0.7892156862745098 0.7222222222222222 0.7941176470588235 0.7254901960784313 0.8014705882352942 0.696078431372549 0.8137254901960784 0.6862745098039216 0.8137254901960784 0.6813725490196079 0.803921568627451 0.6813725490196079 0.7965686274509803 0.696078431372549 0.7892156862745098 0.7075163398692811 0.7892156862745098
0 0.4591503267973856 0.8137254901960784 0.4722222222222222 0.8235294117647058 0.4722222222222222 0.8284313725490197 0.4624183006535948 0.8333333333333334 0.4395424836601307 0.8308823529411765 0.434640522875817 0.8259803921568627 0.434640522875817 0.821078431372549 0.43790849673202614 0.8161764705882353 0.45751633986928103 0.8137254901960784
0 0.26143790849673204 0.6936274509803921 0.2630718954248366 0.696078431372549 0.2761437908496732 0.6985294117647058 0.2761437908496732 0.7034313725490197 0.27450980392156865 0.7058823529411765 0.2630718954248366 0.7058823529411765 0.2581699346405229 0.7009803921568627 0.2581699346405229 0.696078431372549 0.25980392156862747 0.696078431372549
0 0.761437908496732 0.8088235294117647 0.7663398692810458 0.8137254901960784 0.7647058823529411 0.8161764705882353 0.7271241830065359 0.8161764705882353 0.7222222222222222 0.8137254901960784 0.7205882352941176 0.8088235294117647 0.7254901960784313 0.803921568627451 0.7532679738562091 0.803921568627451 0.7598039215686274 0.8088235294117647