0 0.3937908496732026 0.7647058823529411 0.4035947712418301 0.7647058823529411 0.4133986928104575 0.7696078431372549 0.4117647058823529 0.7728758169934641 0.4035947712418301 0.7745098039215687 0.39869281045751637 0.7728758169934641 0.3937908496732026 0.7663398692810458
0 0.35294117647058826 0.7516339869281046 0.3562091503267974 0.75 0.37254901960784315 0.7516339869281046 0.37254901960784315 0.7549019607843137 0.36764705882352944 0.7565359477124183 0.3562091503267974 0.7565359477124183 0.35294117647058826 0.7532679738562091
0 0.3300653594771242 0.8333333333333334 0.3415032679738562 0.8366013071895425 0.34477124183006536 0.8398692810457516 0.34477124183006536 0.8447712418300654 0.32679738562091504 0.8496732026143791 0.3104575163398693 0.8464052287581699 0.29901960784313725 0.8349673202614379 0.3006535947712418 0.8333333333333334 0.3284313725490196 0.8333333333333334
0 0.33986928104575165 0.7875816993464052 0.34477124183006536 0.7892156862745098 0.3480392156862745 0.7924836601307189 0.3480392156862745 0.795751633986928 0.3366013071895425 0.8006535947712419 0.3284313725490196 0.7990196078431373 0.3202614379084967 0.7924836601307189 0.32189542483660133 0.7892156862745098 0.32679738562091504 0.7875816993464052 0.3382352941176471 0.7875816993464052
0 0.29248366013071897 0.8071895424836601 0.29248366013071897 0.8120915032679739 0.2696078431372549 0.8218954248366013 0.25326797385620914 0.8202614379084967 0.25326797385620914 0.815359477124183 0.25980392156862747 0.8088235294117647 0.2630718954248366 0.8071895424836601 0.2908496732026144 0.8071895424836601
0 0.2957516339869281 0.6781045751633987 0.3006535947712418 0.6683006535947712 0.30718954248366015 0.6666666666666666 0.3137254901960784 0.6683006535947712 0.31699346405228757 0.6715686274509803 0.3235294117647059 0.6879084967320261 0.33986928104575165 0.6993464052287581 0.3431372549019608 0.7075163398692811 0.3480392156862745 0.7091503267973857 0.3464052287581699 0.7124183006535948 0.3480392156862745 0.7156862745098039 0.35947712418300654 0.7222222222222222 0.35947712418300654 0.7271241830065359 0.34967320261437906 0.7287581699346405 0.34477124183006536 0.7352941176470589 0.3300653594771242 0.7205882352941176 0.32516339869281047 0.7091503267973857 0.3202614379084967 0.7058823529411765 0.315359477124183 0.696078431372549 0.31209150326797386 0.6928104575163399 0.3022875816993464 0.6911764705882353 0.29901960784313725 0.6879084967320261 0.2973856209150327 0.6797385620915033
0 0.35784313725490197 0.7728758169934641 0.3611111111111111 0.7745098039215687 0.35947712418300654 0.7794117647058824 0.3431372549019608 0.7794117647058824 0.3415032679738562 0.7777777777777778 0.3431372549019608 0.7745098039215687 0.3562091503267974 0.7728758169934641
0 0.3349673202614379 0.7222222222222222 0.3382352941176471 0.7189542483660131 0.35784313725490197 0.7222222222222222 0.3562091503267974 0.7254901960784313 0.35130718954248363 0.7271241830065359 0.34477124183006536 0.7271241830065359 0.3366013071895425 0.7238562091503268
0 0.29901960784313725 0.8643790849673203 0.3006535947712418 0.8676470588235294 0.29411764705882354 0.8758169934640523 0.272875816993464 0.8872549019607843 0.2565359477124183 0.8823529411764706 0.2565359477124183 0.8774509803921569 0.26633986928104575 0.8676470588235294 0.28104575163398693 0.8627450980392157 0.2957516339869281 0.8627450980392157 0.2973856209150327 0.8643790849673203
0 0.36764705882352944 0.7401960784313726 0.3872549019607843 0.7401960784313726 0.3954248366013072 0.7434640522875817 0.3937908496732026 0.7467320261437909 0.380718954248366 0.7483660130718954 0.36764705882352944 0.7418300653594772
0 0.30392156862745096 0.9035947712418301 0.3137254901960784 0.8986928104575164 0.32516339869281047 0.8986928104575164 0.32679738562091504 0.9003267973856209 0.3464052287581699 0.9003267973856209 0.3611111111111111 0.9068627450980392 0.3611111111111111 0.9133986928104575 0.35784313725490197 0.9166666666666666 0.3382352941176471 0.9215686274509803 0.32516339869281047 0.9183006535947712 0.30392156862745096 0.9052287581699346
0 0.3235294117647059 0.9411764705882353 0.32679738562091504 0.9428104575163399 0.32679738562091504 0.9477124183006536 0.3202614379084967 0.9526143790849673 0.31862745098039214 0.9591503267973857 0.2973856209150327 0.9771241830065359 0.28594771241830064 0.9771241830065359 0.27450980392156865 0.9722222222222222 0.27450980392156865 0.9591503267973857 0.2777777777777778 0.9509803921568627 0.28921568627450983 0.946078431372549 0.3104575163398693 0.9477124183006536 0.32189542483660133 0.9411764705882353