0 0.08823529411764706 0.9361179361179361 0.08986928104575163 0.051597051597051594
0 0.2549019607843137 0.9054054054054054 0.07352941176470588 0.04668304668304668
0 0.33088235294117646 0.8341523341523341 0.08333333333333333 0.06633906633906633
0 0.38562091503267976 0.8095823095823096 0.049019607843137254 0.07862407862407862
0 0.42810457516339867 0.769041769041769 0.03431372549019608 0.03194103194103194
0 0.49754901960784315 0.742014742014742 0.05392156862745098 0.051597051597051594
0 0.5285947712418301 0.6842751842751843 0.04738562091503268 0.0343980343980344
0 0.5637254901960784 0.6547911547911548 0.0457516339869281 0.019656019656019656
0 0.5800653594771242 0.7972972972972973 0.027777777777777776 0.07125307125307126
0 0.6119281045751634 0.7346437346437347 0.07679738562091504 0.056511056511056514
0 0.6339869281045751 0.6339066339066339 0.04738562091503268 0.07125307125307126
0 0.3341503267973856 0.9754299754299754 0.10294117647058823 0.04914004914004914
0 0.7916666666666666 0.8869778869778869 0.10620915032679738 0.07616707616707617
0 0.8080065359477124 0.8415233415233415 0.04411764705882353 0.056511056511056514
0 0.8129084967320261 0.7776412776412777 0.027777777777777776 0.04668304668304668
0 0.8455882352941176 0.8058968058968059 0.024509803921568627 0.0343980343980344
0 0.8831699346405228 0.8636363636363636 0.049019607843137254 0.06142506142506143
0 0.8594771241830066 0.9299754299754299 0.07352941176470588 0.0687960687960688
0 0.9656862745098039 0.9398034398034398 0.06862745098039216 0.12039312039312039
0 0.9338235294117647 0.7702702702702703 0.058823529411764705 0.06633906633906633
0 0.8880718954248366 0.7088452088452089 0.0718954248366013 0.04668304668304668
0 0.8513071895424836 0.6461916461916462 0.042483660130718956 0.04176904176904177
0 0.7450980392156863 0.7162162162162162 0.04411764705882353 0.0687960687960688
0 0.7352941176470589 0.7493857493857494 0.05392156862745098 0.029484029484029485
0 0.7107843137254902 0.8046683046683046 0.049019607843137254 0.04668304668304668
0 0.27369281045751637 0.730958230958231 0.06209150326797386 0.0343980343980344
0 0.03349673202614379 0.7837837837837838 0.06372549019607843 0.036855036855036855
0 0.024509803921568627 0.8439803439803439 0.042483660130718956 0.04176904176904177
0 0.10294117647058823 0.8022113022113022 0.042483660130718956 0.019656019656019656
0 0.1454248366013072 0.7125307125307125 0.13398692810457516 0.036855036855036855