0 0.4328462073764788 0.6130208333333333 0.43910925539318024 0.6161458333333333 0.4474599860821155 0.6151041666666667 0.4725121781489214 0.621875 0.4822546972860125 0.6270833333333333 0.48434237995824636 0.6296875 0.48295059151009045 0.6328125 0.4711203897007655 0.6401041666666667 0.4439805149617258 0.6479166666666667 0.42519137091162146 0.6427083333333333 0.41892832289492 0.6484375 0.407098121085595 0.6526041666666667 0.38900487125956856 0.6510416666666666 0.36256089074460685 0.6390625 0.336812804453723 0.63125 0.33402922755741127 0.6260416666666667 0.3409881697981907 0.6197916666666666 0.348643006263048 0.6182291666666667 0.3535142658315936 0.6192708333333333 0.3695198329853862 0.6171875 0.3729993041057759 0.6197916666666666 0.38761308281141266 0.6177083333333333 0.39526791927627003 0.6145833333333334 0.4321503131524008 0.6130208333333333
0 0.35908141962421714 0.45260416666666664 0.3750869867780097 0.4552083333333333 0.38065414057063324 0.4588541666666667 0.3757828810020877 0.46197916666666666 0.360473208072373 0.4625 0.34168406402226864 0.4609375 0.3354210160055672 0.45677083333333335 0.33820459290187893 0.453125 0.34725121781489215 0.4510416666666667 0.3583855254001392 0.45260416666666664
0 0.3451635351426583 0.5010416666666667 0.35142658315935976 0.5036458333333333 0.35142658315935976 0.5078125 0.3451635351426583 0.5125 0.33820459290187893 0.5135416666666667 0.32080723729993044 0.5109375 0.31454418928322897 0.5041666666666667 0.3173277661795407 0.5015625 0.32707028531663185 0.5 0.3444676409185804 0.5010416666666667
0 0.3736951983298539 0.48020833333333335 0.4126652748782185 0.4869791666666667 0.4126652748782185 0.49166666666666664 0.3938761308281141 0.49375 0.36256089074460685 0.49270833333333336 0.348643006263048 0.48802083333333335 0.34794711203897005 0.48385416666666664 0.3521224773834377 0.4822916666666667 0.3729993041057759 0.48020833333333335
0 0.3347251217814892 0.4390625 0.336812804453723 0.4354166666666667 0.34168406402226864 0.434375 0.3562978427279054 0.4354166666666667 0.3562978427279054 0.4390625 0.3465553235908142 0.440625 0.3354210160055672 0.4390625
0 0.3395963813500348 0.5 0.34725121781489215 0.5010416666666667 0.35281837160751567 0.5041666666666667 0.35142658315935976 0.509375 0.34725121781489215 0.5125 0.31524008350730687 0.515625 0.28531663187195544 0.5140625 0.2804453723034099 0.5119791666666667 0.2818371607515658 0.5083333333333333 0.3242867084203201 0.5 0.33890048712595683 0.5
0 0.32707028531663185 0.4432291666666667 0.3333333333333333 0.44583333333333336 0.3173277661795407 0.45 0.3068893528183716 0.446875 0.3068893528183716 0.44427083333333334 0.30967292971468335 0.4427083333333333 0.32637439109255395 0.4432291666666667
0 0.34585942936673625 0.6859375 0.36464857341684065 0.6942708333333333 0.3695198329853862 0.7015625 0.35768963117606123 0.7171875 0.35908141962421714 0.7302083333333333 0.34377174669450244 0.7390625 0.32846207376478775 0.7421875 0.32080723729993044 0.7411458333333333 0.30201809324982604 0.7302083333333333 0.2985386221294363 0.7192708333333333 0.29227557411273486 0.7109375 0.2929714683368128 0.6994791666666667 0.30201809324982604 0.6911458333333333 0.3347251217814892 0.6848958333333334 0.3451635351426583 0.6859375
0 0.3729993041057759 0.8244791666666667 0.3980514961725818 0.8276041666666667 0.4175365344467641 0.834375 0.430062630480167 0.8510416666666667 0.430062630480167 0.8671875 0.42519137091162146 0.8776041666666666 0.40153096729297144 0.89375 0.3778705636743215 0.9197916666666667 0.37021572720946416 0.9255208333333333 0.3562978427279054 0.9302083333333333 0.3409881697981907 0.9302083333333333 0.3124565066109951 0.915625 0.30062630480167013 0.9036458333333334 0.2978427279053584 0.8932291666666666 0.3082811412665275 0.8770833333333333 0.3159359777313848 0.8552083333333333 0.3221990257480863 0.8447916666666667 0.33194154488517746 0.8375 0.348643006263048 0.8302083333333333 0.36256089074460685 0.825 0.37230340988169797 0.8244791666666667
0 0.3521224773834377 0.5609375 0.36812804453723036 0.5666666666666667 0.37021572720946416 0.5713541666666667 0.3660403618649965 0.5802083333333333 0.35908141962421714 0.5848958333333333 0.35073068893528186 0.5859375 0.33820459290187893 0.5854166666666667 0.3312456506610995 0.5822916666666667 0.32289491997216424 0.575 0.3201113430758525 0.5666666666666667 0.3235908141962422 0.5630208333333333 0.33054975643702156 0.5614583333333333 0.35142658315935976 0.5609375
0 0.3354210160055672 0.5588541666666667 0.3583855254001392 0.5619791666666667 0.3674321503131524 0.565625 0.37160751565762007 0.5708333333333333 0.36673625608907445 0.5807291666666666 0.35977731384829503 0.5854166666666667 0.33054975643702156 0.5864583333333333 0.32707028531663185 0.5885416666666666 0.30967292971468335 0.5885416666666666 0.28322894919972164 0.5848958333333333 0.27487821851078637 0.58125 0.2741823242867084 0.5708333333333333 0.2776617954070981 0.5671875 0.2971468336812804 0.5604166666666667 0.3347251217814892 0.5588541666666667
0 0.35073068893528186 0.45260416666666664 0.35977731384829503 0.45364583333333336 0.3639526791927627 0.45625 0.3500347947112039 0.4609375 0.33820459290187893 0.45989583333333334 0.33611691022964507 0.45729166666666665 0.33890048712595683 0.45364583333333336 0.3500347947112039 0.45260416666666664
0 0.41475295755045233 0.5260416666666666 0.42588726513569936 0.528125 0.42588726513569936 0.5328125 0.40153096729297144 0.5395833333333333 0.3924843423799583 0.5395833333333333 0.38413361169102295 0.5369791666666667 0.38065414057063324 0.5333333333333333 0.3827418232428671 0.5291666666666667 0.38970076548364646 0.5270833333333333 0.4140570633263744 0.5260416666666666
0 0.40640222686151706 0.615625 0.42936673625608907 0.6192708333333333 0.43702157272094644 0.6223958333333334 0.4405010438413361 0.6276041666666666 0.4384133611691023 0.63125 0.42519137091162146 0.6380208333333334 0.41684064022268613 0.6484375 0.4057063326374391 0.6520833333333333 0.3869171885873347 0.6494791666666667 0.3729993041057759 0.64375 0.37021572720946416 0.640625 0.38970076548364646 0.6182291666666667 0.3966597077244259 0.615625 0.4057063326374391 0.615625
0 0.37995824634655534 0.796875 0.3869171885873347 0.7989583333333333 0.3938761308281141 0.7963541666666667 0.41475295755045233 0.8015625 0.42171189979123175 0.8104166666666667 0.4154488517745303 0.8135416666666667 0.41614474599860823 0.8171875 0.4286708420320111 0.8234375 0.4398051496172582 0.8234375 0.44328462073764785 0.8255208333333334 0.45024356297842727 0.8208333333333333 0.44815588030619347 0.8171875 0.4523312456506611 0.8140625 0.4627696590118302 0.8171875 0.4732080723729993 0.8171875 0.47947112038970074 0.8244791666666667 0.4780793319415449 0.8276041666666667 0.48782185107863607 0.8322916666666667 0.4933890048712596 0.840625 0.5149617258176757 0.8442708333333333 0.5226165622825331 0.8520833333333333 0.5226165622825331 0.865625 0.511482254697286 0.8880208333333334 0.4919972164231037 0.8973958333333333 0.48782185107863607 0.9010416666666666 0.48782185107863607 0.9046875 0.4697286012526096 0.9041666666666667 0.44676409185803756 0.9145833333333333 0.43145441892832287 0.91875 0.407098121085595 0.9197916666666667 0.3938761308281141 0.9161458333333333 0.3903966597077244 0.91875 0.38343771746694505 0.9182291666666667 0.3618649965205289 0.93125 0.3409881697981907 0.9322916666666666 0.32707028531663185 0.9291666666666667 0.30201809324982604 0.9083333333333333 0.2950591510090466 0.8984375 0.29018789144050106 0.8984375 0.2825330549756437 0.9020833333333333 0.27905358385525403 0.8989583333333333 0.2567849686847599 0.8963541666666667 0.24982602644398053 0.8927083333333333 0.232428670842032 0.890625 0.2268615170494085 0.8880208333333334 0.21294363256784968 0.8588541666666667 0.21224773834377175 0.8411458333333334 0.20876826722338204 0.83125 0.21294363256784968 0.8265625 0.24704244954766874 0.8114583333333333 0.2616562282533055 0.8020833333333334 0.2720946416144746 0.8041666666666667 0.2762700069589422 0.8010416666666667 0.2860125260960334 0.7994791666666666 0.2964509394572025 0.8020833333333334 0.313848295059151 0.8010416666666667 0.3201113430758525 0.803125 0.33611691022964507 0.8036458333333333 0.3660403618649965 0.8005208333333333 0.37230340988169797 0.8036458333333333 0.37160751565762007 0.8067708333333333 0.3757828810020877 0.8078125 0.37995824634655534 0.7973958333333333
0 0.3034098816979819 0.6791666666666667 0.3103688239387613 0.6822916666666666 0.313848295059151 0.6802083333333333 0.3235908141962422 0.6833333333333333 0.3277661795407098 0.6822916666666666 0.3465553235908142 0.6854166666666667 0.3618649965205289 0.6916666666666667 0.36812804453723036 0.6963541666666667 0.37021572720946416 0.6989583333333333 0.3695198329853862 0.709375 0.3618649965205289 0.7130208333333333 0.35977731384829503 0.73125 0.337508698677801 0.7421875 0.3034098816979819 0.7432291666666667 0.29993041057759223 0.7458333333333333 0.28322894919972164 0.7489583333333333 0.25400139178844816 0.7494791666666667 0.23451635351426584 0.7432291666666667 0.232428670842032 0.7401041666666667 0.23312456506610996 0.7286458333333333 0.22407794015309673 0.7135416666666666 0.2303409881697982 0.6994791666666667 0.2268615170494085 0.6916666666666667 0.25052192066805845 0.6838541666666667 0.302713987473904 0.6796875
0 0.43354210160055673 0.5260416666666666 0.4523312456506611 0.5291666666666667 0.464857341684064 0.5359375 0.4606819763395964 0.5401041666666667 0.4398051496172582 0.5447916666666667 0.39109255393180237 0.540625 0.37856645789839943 0.5364583333333334 0.3792623521224774 0.5317708333333333 0.3862212943632568 0.5270833333333333 0.4328462073764788 0.5260416666666666
0 0.3333333333333333 0.46510416666666665 0.35142658315935976 0.4703125 0.35073068893528186 0.4734375 0.3409881697981907 0.475 0.3235908141962422 0.475 0.3124565066109951 0.4703125 0.3124565066109951 0.4666666666666667 0.3326374391092554 0.46510416666666665