0 0.5190972222222222 0.5498046875 0.5295138888888888 0.556640625 0.5277777777777778 0.5712890625 0.5434027777777778 0.5849609375 0.5538194444444444 0.5908203125 0.5520833333333334 0.603515625 0.5555555555555556 0.6083984375 0.5538194444444444 0.6123046875 0.5416666666666666 0.615234375 0.5416666666666666 0.677734375 0.5225694444444444 0.6875 0.4982638888888889 0.6865234375 0.4913194444444444 0.6826171875 0.4878472222222222 0.6044921875 0.484375 0.6015625 0.4791666666666667 0.6015625 0.4739583333333333 0.5986328125 0.4774305555555556 0.5810546875 0.5 0.5634765625 0.5017361111111112 0.552734375 0.5086805555555556 0.5498046875 0.5173611111111112 0.5498046875
0 0.8263888888888888 0.9404296875 0.8454861111111112 0.9482421875 0.8524305555555556 0.958984375 0.8559027777777778 0.9697265625 0.8472222222222222 0.974609375 0.8385416666666666 0.974609375 0.8229166666666666 0.9658203125 0.8125 0.9638671875 0.8003472222222222 0.955078125 0.8020833333333334 0.9443359375 0.8125 0.9404296875 0.8246527777777778 0.9404296875
0 0.4809027777777778 0.7646484375 0.4947916666666667 0.7666015625 0.5138888888888888 0.765625 0.5364583333333334 0.7685546875 0.5364583333333334 0.7744140625 0.5243055555555556 0.783203125 0.5173611111111112 0.78515625 0.5 0.78515625 0.484375 0.78125 0.4756944444444444 0.7734375 0.4756944444444444 0.7666015625 0.4791666666666667 0.765625
0 0.7534722222222222 0.8583984375 0.7638888888888888 0.857421875 0.7881944444444444 0.8623046875 0.7986111111111112 0.875 0.796875 0.884765625 0.7916666666666666 0.8876953125 0.7829861111111112 0.88671875 0.7708333333333334 0.8779296875 0.7621527777777778 0.8759765625 0.7534722222222222 0.87109375 0.7534722222222222 0.859375
0 0.8090277777777778 0.8994140625 0.8350694444444444 0.9072265625 0.8524305555555556 0.9189453125 0.8559027777777778 0.9248046875 0.84375 0.9296875 0.8315972222222222 0.9287109375 0.8020833333333334 0.9150390625 0.7951388888888888 0.9072265625 0.7951388888888888 0.90234375 0.796875 0.900390625 0.8072916666666666 0.8994140625
0 0.5190972222222222 0.97265625 0.5243055555555556 0.974609375 0.5520833333333334 0.97265625 0.5677083333333334 0.9765625 0.5711805555555556 0.984375 0.5642361111111112 0.994140625 0.5572916666666666 0.9990234375 0.5 0.9990234375 0.4913194444444444 0.984375 0.4930555555555556 0.9765625 0.4982638888888889 0.97265625 0.5173611111111112 0.97265625
0 0.5190972222222222 0.80078125 0.5260416666666666 0.8056640625 0.5243055555555556 0.814453125 0.5173611111111112 0.81640625 0.5121527777777778 0.8154296875 0.5069444444444444 0.8203125 0.4982638888888889 0.822265625 0.4756944444444444 0.8212890625 0.4600694444444444 0.8173828125 0.453125 0.810546875 0.4513888888888889 0.8046875 0.4618055555555556 0.7998046875 0.484375 0.80078125 0.4965277777777778 0.7978515625 0.5052083333333334 0.7978515625 0.5173611111111112 0.80078125
0 0.6979166666666666 0.6826171875 0.7135416666666666 0.6923828125 0.7135416666666666 0.7001953125 0.7170138888888888 0.705078125 0.7239583333333334 0.7060546875 0.7465277777777778 0.7177734375 0.7604166666666666 0.7197265625 0.7638888888888888 0.7265625 0.7569444444444444 0.7314453125 0.7482638888888888 0.7333984375 0.7395833333333334 0.7314453125 0.7309027777777778 0.732421875 0.7326388888888888 0.73828125 0.7395833333333334 0.7412109375 0.734375 0.7490234375 0.7395833333333334 0.751953125 0.7517361111111112 0.767578125 0.765625 0.7646484375 0.7725694444444444 0.7685546875 0.7777777777777778 0.7744140625 0.7777777777777778 0.779296875 0.7708333333333334 0.7822265625 0.765625 0.7822265625 0.7604166666666666 0.779296875 0.7552083333333334 0.7822265625 0.7517361111111112 0.77734375 0.7534722222222222 0.7705078125 0.75 0.76953125 0.7430555555555556 0.7744140625 0.7430555555555556 0.779296875 0.7395833333333334 0.7822265625 0.7482638888888888 0.7890625 0.7482638888888888 0.7939453125 0.7569444444444444 0.7958984375 0.7552083333333334 0.7998046875 0.7604166666666666 0.802734375 0.765625 0.8037109375 0.7725694444444444 0.798828125 0.78125 0.7998046875 0.7829861111111112 0.8037109375 0.7777777777777778 0.8076171875 0.7690972222222222 0.8056640625 0.7638888888888888 0.806640625 0.7621527777777778 0.8046875 0.7569444444444444 0.806640625 0.7517361111111112 0.7998046875 0.7413194444444444 0.8037109375 0.7326388888888888 0.802734375 0.7118055555555556 0.7919921875 0.7065972222222222 0.787109375 0.7083333333333334 0.7822265625 0.7291666666666666 0.779296875 0.7309027777777778 0.775390625 0.7048611111111112 0.755859375 0.7065972222222222 0.74609375 0.7083333333333334 0.7490234375 0.7100694444444444 0.744140625 0.7048611111111112 0.7431640625 0.6840277777777778 0.73046875 0.6909722222222222 0.7294921875 0.7013888888888888 0.7236328125 0.7013888888888888 0.7197265625 0.6927083333333334 0.708984375 0.6927083333333334 0.705078125 0.6979166666666666 0.703125 0.6805555555555556 0.6953125 0.6753472222222222 0.69140625 0.6753472222222222 0.6875 0.6822916666666666 0.68359375 0.6961805555555556 0.6826171875
0 0.7482638888888888 0.81640625 0.7638888888888888 0.8203125 0.7795138888888888 0.830078125 0.78125 0.8388671875 0.7743055555555556 0.841796875 0.7638888888888888 0.841796875 0.7586805555555556 0.83984375 0.7326388888888888 0.8251953125 0.7291666666666666 0.8173828125 0.7465277777777778 0.81640625
0 0.5138888888888888 0.822265625 0.5243055555555556 0.82421875 0.5572916666666666 0.8232421875 0.5625 0.826171875 0.5607638888888888 0.8349609375 0.5451388888888888 0.84375 0.5277777777777778 0.8486328125 0.5208333333333334 0.8486328125 0.5104166666666666 0.8447265625 0.5017361111111112 0.83984375 0.4965277777777778 0.8330078125 0.4947916666666667 0.828125 0.5034722222222222 0.8232421875 0.5121527777777778 0.822265625
0 0.4913194444444444 0.71484375 0.4965277777777778 0.7177734375 0.5295138888888888 0.7197265625 0.5277777777777778 0.7265625 0.5017361111111112 0.736328125 0.4895833333333333 0.736328125 0.4739583333333333 0.732421875 0.4670138888888889 0.732421875 0.4548611111111111 0.7216796875 0.4565972222222222 0.716796875 0.4895833333333333 0.71484375