0 0.5434027777777778 0.5732421875 0.5520833333333334 0.580078125 0.5555555555555556 0.603515625 0.5434027777777778 0.6201171875 0.5381944444444444 0.677734375 0.5347222222222222 0.681640625 0.5052083333333334 0.69140625 0.5 0.6904296875 0.4965277777777778 0.6845703125 0.4861111111111111 0.6494140625 0.4861111111111111 0.6044921875 0.4722222222222222 0.6015625 0.46875 0.5947265625 0.4791666666666667 0.5751953125 0.4861111111111111 0.5712890625 0.4965277777777778 0.5693359375 0.5017361111111112 0.5654296875 0.5 0.552734375 0.5034722222222222 0.5498046875 0.5225694444444444 0.548828125 0.5277777777777778 0.5517578125 0.53125 0.5556640625 0.53125 0.5673828125 0.5416666666666666 0.5732421875
0 0.6996527777777778 0.712890625 0.7222222222222222 0.7158203125 0.734375 0.720703125 0.7447916666666666 0.728515625 0.7447916666666666 0.7314453125 0.7395833333333334 0.734375 0.71875 0.7333984375 0.6840277777777778 0.7216796875 0.6805555555555556 0.7197265625 0.6822916666666666 0.7138671875 0.6979166666666666 0.712890625
0 0.8246527777777778 0.927734375 0.8420138888888888 0.9326171875 0.8524305555555556 0.943359375 0.859375 0.95703125 0.8489583333333334 0.962890625 0.8402777777777778 0.962890625 0.8246527777777778 0.953125 0.8125 0.9521484375 0.8020833333333334 0.943359375 0.8003472222222222 0.9375 0.8055555555555556 0.9306640625 0.8107638888888888 0.927734375 0.8229166666666666 0.927734375
0 0.5121527777777778 0.9599609375 0.5260416666666666 0.962890625 0.5555555555555556 0.9619140625 0.5677083333333334 0.96484375 0.5711805555555556 0.9677734375 0.5711805555555556 0.974609375 0.5572916666666666 0.98828125 0.5520833333333334 0.9912109375 0.5277777777777778 0.9970703125 0.5260416666666666 0.9990234375 0.5225694444444444 0.9970703125 0.5069444444444444 0.9951171875 0.4913194444444444 0.974609375 0.4930555555555556 0.962890625 0.4982638888888889 0.9599609375 0.5104166666666666 0.9599609375
0 0.7430555555555556 0.8037109375 0.7621527777777778 0.8076171875 0.7760416666666666 0.8134765625 0.7829861111111112 0.8203125 0.7829861111111112 0.826171875 0.7743055555555556 0.830078125 0.7621527777777778 0.828125 0.7361111111111112 0.8173828125 0.7291666666666666 0.806640625 0.7361111111111112 0.8037109375 0.7413194444444444 0.8037109375
0 0.4913194444444444 0.7529296875 0.4965277777777778 0.7548828125 0.5295138888888888 0.7548828125 0.5381944444444444 0.7578125 0.5364583333333334 0.7626953125 0.5173611111111112 0.7724609375 0.5 0.76953125 0.4878472222222222 0.76953125 0.4826388888888889 0.767578125 0.4774305555555556 0.7626953125 0.4756944444444444 0.755859375 0.4809027777777778 0.7529296875 0.4895833333333333 0.7529296875
0 0.5052083333333334 0.78515625 0.5243055555555556 0.791015625 0.5260416666666666 0.7998046875 0.5225694444444444 0.802734375 0.5138888888888888 0.802734375 0.5 0.8095703125 0.4809027777777778 0.8095703125 0.4739583333333333 0.806640625 0.4600694444444444 0.8046875 0.4513888888888889 0.7958984375 0.4513888888888889 0.7919921875 0.4548611111111111 0.7890625 0.4652777777777778 0.787109375 0.4878472222222222 0.7880859375 0.5034722222222222 0.78515625
0 0.5069444444444444 0.73046875 0.5121527777777778 0.7333984375 0.5121527777777778 0.7421875 0.4895833333333333 0.7470703125 0.4583333333333333 0.744140625 0.4583333333333333 0.7373046875 0.4652777777777778 0.7333984375 0.4791666666666667 0.7333984375 0.4913194444444444 0.7294921875 0.5052083333333334 0.73046875
0 0.7291666666666666 0.697265625 0.7378472222222222 0.7060546875 0.734375 0.7109375 0.7118055555555556 0.7109375 0.703125 0.708984375 0.6927083333333334 0.69921875 0.6927083333333334 0.6943359375 0.6979166666666666 0.6923828125 0.7222222222222222 0.6943359375 0.7274305555555556 0.697265625
0 0.8246527777777778 0.890625 0.8315972222222222 0.892578125 0.8559027777777778 0.9072265625 0.8559027777777778 0.9140625 0.8420138888888888 0.9189453125 0.8177083333333334 0.912109375 0.8038194444444444 0.9033203125 0.7951388888888888 0.89453125 0.7951388888888888 0.8896484375 0.7986111111111112 0.8876953125 0.8142361111111112 0.8876953125 0.8229166666666666 0.890625
0 0.5173611111111112 0.8408203125 0.5277777777777778 0.845703125 0.5295138888888888 0.859375 0.5190972222222222 0.8623046875 0.5 0.8544921875 0.5017361111111112 0.8447265625 0.515625 0.841796875
0 0.8663194444444444 0.984375 0.8802083333333334 0.990234375 0.8871527777777778 0.99609375 0.8871527777777778 0.9990234375 0.8385416666666666 0.9990234375 0.8385416666666666 0.9853515625 0.84375 0.9833984375 0.8645833333333334 0.984375
0 0.6979166666666666 0.6630859375 0.6979166666666666 0.66796875 0.703125 0.6748046875 0.7118055555555556 0.681640625 0.7222222222222222 0.685546875 0.7274305555555556 0.6962890625 0.734375 0.7021484375 0.7430555555555556 0.7060546875 0.7569444444444444 0.7060546875 0.765625 0.7109375 0.765625 0.7158203125 0.7586805555555556 0.71875 0.7430555555555556 0.71875 0.7395833333333334 0.716796875 0.7309027777777778 0.7177734375 0.7309027777777778 0.7216796875 0.7430555555555556 0.7265625 0.7413194444444444 0.734375 0.7326388888888888 0.7373046875 0.7517361111111112 0.7490234375 0.7604166666666666 0.7509765625 0.7673611111111112 0.75 0.7847222222222222 0.76171875 0.7795138888888888 0.765625 0.7708333333333334 0.767578125 0.7569444444444444 0.767578125 0.75 0.771484375 0.7517361111111112 0.779296875 0.7586805555555556 0.7822265625 0.7569444444444444 0.7919921875 0.7517361111111112 0.7841796875 0.7447916666666666 0.791015625 0.7361111111111112 0.791015625 0.7048611111111112 0.775390625 0.7048611111111112 0.7724609375 0.7170138888888888 0.767578125 0.7430555555555556 0.771484375 0.7482638888888888 0.771484375 0.7517361111111112 0.7685546875 0.7465277777777778 0.7607421875 0.734375 0.76171875 0.7100694444444444 0.7509765625 0.703125 0.744140625 0.703125 0.740234375 0.7152777777777778 0.7373046875 0.6996527777777778 0.7255859375 0.6875 0.7216796875 0.6822916666666666 0.7177734375 0.6875 0.7138671875 0.6961805555555556 0.712890625 0.6996527777777778 0.708984375 0.6909722222222222 0.6923828125 0.6944444444444444 0.6884765625 0.6805555555555556 0.681640625 0.6770833333333334 0.677734375 0.6979166666666666 0.6640625
0 0.6979166666666666 0.66015625 0.7013888888888888 0.6630859375 0.6996527777777778 0.6708984375 0.7100694444444444 0.6796875 0.7222222222222222 0.685546875 0.7222222222222222 0.6923828125 0.7361111111111112 0.703125 0.7465277777777778 0.7080078125 0.7552083333333334 0.7060546875 0.765625 0.7119140625 0.7621527777777778 0.7177734375 0.7447916666666666 0.7177734375 0.7413194444444444 0.71484375 0.7326388888888888 0.712890625 0.7256944444444444 0.7197265625 0.7256944444444444 0.7265625 0.7135416666666666 0.73046875 0.7256944444444444 0.7333984375 0.734375 0.7333984375 0.7326388888888888 0.7353515625 0.7256944444444444 0.7353515625 0.7222222222222222 0.7373046875 0.7413194444444444 0.7421875 0.7517361111111112 0.751953125 0.7690972222222222 0.7509765625 0.78125 0.7578125 0.7847222222222222 0.76171875 0.7795138888888888 0.7646484375 0.7552083333333334 0.767578125 0.7517361111111112 0.767578125 0.7465277777777778 0.759765625 0.7326388888888888 0.759765625 0.7083333333333334 0.7490234375 0.703125 0.740234375 0.7222222222222222 0.7373046875 0.7152777777777778 0.736328125 0.7100694444444444 0.73046875 0.6822916666666666 0.7197265625 0.6822916666666666 0.7158203125 0.6892361111111112 0.712890625 0.6979166666666666 0.712890625 0.7013888888888888 0.708984375 0.6909722222222222 0.6953125 0.6944444444444444 0.6884765625 0.6788194444444444 0.681640625 0.6753472222222222 0.6748046875 0.6944444444444444 0.6669921875 0.6927083333333334 0.6611328125 0.6961805555555556 0.66015625
0 0.7708333333333334 0.845703125 0.7916666666666666 0.8505859375 0.796875 0.85546875 0.8020833333333334 0.869140625 0.7951388888888888 0.875 0.7864583333333334 0.875 0.7708333333333334 0.8662109375 0.7586805555555556 0.86328125 0.7517361111111112 0.8583984375 0.75 0.849609375 0.7534722222222222 0.845703125 0.7690972222222222 0.845703125
0 0.7048611111111112 0.7705078125 0.7100694444444444 0.7685546875 0.7256944444444444 0.7685546875 0.7378472222222222 0.771484375 0.7482638888888888 0.77734375 0.7482638888888888 0.787109375 0.7378472222222222 0.791015625 0.7065972222222222 0.779296875 0.703125 0.775390625 0.7048611111111112 0.771484375
0 0.5034722222222222 0.876953125 0.5121527777777778 0.87890625 0.5173611111111112 0.876953125 0.5381944444444444 0.8759765625 0.5503472222222222 0.87890625 0.5538194444444444 0.8818359375 0.5538194444444444 0.88671875 0.5434027777777778 0.8955078125 0.5329861111111112 0.8994140625 0.5277777777777778 0.8994140625 0.5225694444444444 0.9033203125 0.5121527777777778 0.9013671875 0.5052083333333334 0.8974609375 0.4878472222222222 0.8984375 0.4809027777777778 0.8974609375 0.4774305555555556 0.89453125 0.4774305555555556 0.87890625 0.484375 0.8759765625 0.5017361111111112 0.876953125
0 0.5555555555555556 0.810546875 0.5625 0.8134765625 0.5625 0.8203125 0.5295138888888888 0.8369140625 0.515625 0.8349609375 0.5052083333333334 0.8291015625 0.4965277777777778 0.8193359375 0.4982638888888889 0.8134765625 0.5052083333333334 0.8095703125 0.5243055555555556 0.8115234375 0.5538194444444444 0.810546875
0 0.7256944444444444 0.740234375 0.7395833333333334 0.7431640625 0.75 0.7509765625 0.7517361111111112 0.755859375 0.7413194444444444 0.759765625 0.7274305555555556 0.7578125 0.7065972222222222 0.7470703125 0.703125 0.7421875 0.7065972222222222 0.7392578125 0.7239583333333334 0.740234375