0 0.11614583333333334 0.965625 0.12552083333333333 0.971875 0.13177083333333334 0.98046875 0.12447916666666667 0.99921875 0.0734375 0.99921875 0.07395833333333333 0.99453125 0.08489583333333334 0.97890625 0.1046875 0.959375 0.1125 0.95625 0.115625 0.965625
0 0.9088541666666666 0.3859375 0.915625 0.38984375 0.925 0.40078125 0.925 0.4046875 0.9203125 0.4078125 0.9083333333333333 0.40625 0.8953125 0.38984375 0.8994791666666667 0.3859375 0.9083333333333333 0.3859375
0 0.15104166666666666 0.73828125 0.153125 0.74140625 0.1515625 0.74765625 0.14010416666666667 0.765625 0.12864583333333332 0.77265625 0.11614583333333334 0.79609375 0.10416666666666667 0.80546875 0.09166666666666666 0.80546875 0.09010416666666667 0.79765625 0.0953125 0.7875 0.10677083333333333 0.77421875 0.11614583333333334 0.753125 0.13177083333333334 0.740625 0.15052083333333333 0.73828125
0 0.8505208333333333 0.33671875 0.8666666666666667 0.34765625 0.8661458333333333 0.3515625 0.8546875 0.353125 0.8447916666666667 0.3515625 0.8380208333333333 0.34609375 0.8385416666666666 0.33671875 0.85 0.33671875
0 0.35052083333333334 0.6953125 0.35833333333333334 0.69921875 0.35989583333333336 0.7078125 0.35104166666666664 0.725 0.3421875 0.74921875 0.3333333333333333 0.7625 0.3203125 0.771875 0.3078125 0.77578125 0.3026041666666667 0.775 0.2984375 0.76875 0.3026041666666667 0.753125 0.3171875 0.73203125 0.32708333333333334 0.72890625 0.33229166666666665 0.7234375 0.328125 0.71796875 0.32760416666666664 0.71328125 0.3296875 0.70859375 0.3421875 0.696875 0.35 0.6953125
0 0.6385416666666667 0.41875 0.6416666666666667 0.4234375 0.6411458333333333 0.43203125 0.6432291666666666 0.43984375 0.6380208333333334 0.44296875 0.6270833333333333 0.4390625 0.6255208333333333 0.43125 0.6213541666666667 0.425 0.6276041666666666 0.41796875 0.6380208333333334 0.41875
0 0.8526041666666667 0.90546875 0.8661458333333333 0.92265625 0.86875 0.9421875 0.8661458333333333 0.95390625 0.8505208333333333 0.97734375 0.8463541666666666 0.9890625 0.8416666666666667 0.99296875 0.8203125 0.98203125 0.8161458333333333 0.97734375 0.8161458333333333 0.9734375 0.8270833333333333 0.94921875 0.8307291666666666 0.91875 0.8385416666666666 0.90703125 0.8520833333333333 0.90546875
0 0.3885416666666667 0.38203125 0.3890625 0.3859375 0.38333333333333336 0.39375 0.37447916666666664 0.396875 0.3651041666666667 0.396875 0.3651041666666667 0.3921875 0.3796875 0.38203125 0.3880208333333333 0.38203125
0 0.13177083333333334 0.54921875 0.13333333333333333 0.55 0.1328125 0.5546875 0.12135416666666667 0.5640625 0.12708333333333333 0.56796875 0.1265625 0.57578125 0.11510416666666666 0.575 0.10208333333333333 0.578125 0.09114583333333333 0.58515625 0.08177083333333333 0.58203125 0.08177083333333333 0.57734375 0.08697916666666666 0.57109375 0.1203125 0.55 0.13125 0.54921875
0 0.37135416666666665 0.46015625 0.37395833333333334 0.46328125 0.3723958333333333 0.46953125 0.35520833333333335 0.48046875 0.3463541666666667 0.48203125 0.34270833333333334 0.47890625 0.35104166666666664 0.465625 0.3625 0.459375 0.37083333333333335 0.46015625
0 0.3140625 0.421875 0.31354166666666666 0.4265625 0.3072916666666667 0.43125 0.30833333333333335 0.4359375 0.29010416666666666 0.43984375 0.28229166666666666 0.4390625 0.28229166666666666 0.4328125 0.30625 0.42109375 0.31354166666666666 0.421875
0 0.8244791666666667 0.62421875 0.8338541666666667 0.6328125 0.8359375 0.64375 0.8213541666666667 0.67421875 0.8067708333333333 0.6609375 0.8067708333333333 0.6515625 0.8104166666666667 0.63125 0.8151041666666666 0.62578125 0.8239583333333333 0.62421875
0 0.7494791666666667 0.81875 0.765625 0.8375 0.7765625 0.8671875 0.7734375 0.8890625 0.7645833333333333 0.89296875 0.7625 0.89609375 0.7640625 0.90234375 0.7578125 0.903125 0.7729166666666667 0.909375 0.7739583333333333 0.9390625 0.7697916666666667 0.946875 0.7661458333333333 0.9484375 0.7541666666666667 0.94609375 0.7442708333333333 0.9390625 0.7338541666666667 0.925 0.7317708333333334 0.91796875 0.734375 0.90546875 0.740625 0.89453125 0.7541666666666667 0.90234375 0.7578125 0.9015625 0.7572916666666667 0.89765625 0.7442708333333333 0.89140625 0.7473958333333334 0.88359375 0.7307291666666667 0.87109375 0.7265625 0.85546875 0.7296875 0.84296875 0.7286458333333333 0.83203125 0.740625 0.81796875 0.7489583333333333 0.81875
0 0.925 0.61171875 0.9322916666666666 0.61875 0.9322916666666666 0.62421875 0.9270833333333334 0.63203125 0.9307291666666667 0.64765625 0.9208333333333333 0.6578125 0.9036458333333334 0.6546875 0.8979166666666667 0.64453125 0.8958333333333334 0.6328125 0.9083333333333333 0.61484375 0.9151041666666667 0.609375 0.9244791666666666 0.61171875
0 0.9083333333333333 0.5203125 0.9192708333333334 0.528125 0.9317708333333333 0.54453125 0.9328125 0.553125 0.9286458333333333 0.55859375 0.9213541666666667 0.55859375 0.9119791666666667 0.55390625 0.9005208333333333 0.54296875 0.9026041666666667 0.540625 0.903125 0.5328125 0.8973958333333333 0.52734375 0.8963541666666667 0.52265625 0.9078125 0.5203125
0 0.5307291666666667 0.93828125 0.5385416666666667 0.94609375 0.5395833333333333 0.96171875 0.5510416666666667 0.9640625 0.5557291666666667 0.98046875 0.5552083333333333 0.9953125 0.5510416666666667 0.99921875 0.5276041666666667 0.99921875 0.525 0.99375 0.5244791666666667 0.9859375 0.5145833333333333 0.97734375 0.5109375 0.96171875 0.5114583333333333 0.953125 0.5223958333333333 0.9390625 0.5302083333333333 0.93828125
0 0.4119791666666667 0.41484375 0.4125 0.41875 0.40989583333333335 0.42265625 0.3963541666666667 0.4296875 0.3854166666666667 0.428125 0.3921875 0.41796875 0.40260416666666665 0.41328125 0.4114583333333333 0.41484375
0 0.5369791666666667 0.3578125 0.5411458333333333 0.359375 0.5401041666666667 0.3640625 0.5322916666666667 0.371875 0.5229166666666667 0.3734375 0.5151041666666667 0.37265625 0.51875 0.3625 0.5364583333333334 0.3578125
0 0.24479166666666666 0.46875 0.24635416666666668 0.47421875 0.2375 0.48671875 0.2296875 0.49140625 0.22083333333333333 0.5015625 0.20989583333333334 0.50546875 0.20104166666666667 0.50546875 0.19895833333333332 0.5015625 0.209375 0.4921875 0.221875 0.4859375 0.23385416666666667 0.47265625 0.24427083333333333 0.46875
0 0.35625 0.5625 0.359375 0.565625 0.36822916666666666 0.5671875 0.3734375 0.5796875 0.3489583333333333 0.59375 0.340625 0.59140625 0.3380208333333333 0.5859375 0.3380208333333333 0.5796875 0.3458333333333333 0.5671875 0.35572916666666665 0.5625
0 0.2630208333333333 0.609375 0.2677083333333333 0.61796875 0.2625 0.628125 0.24114583333333334 0.6453125 0.22916666666666666 0.65078125 0.2203125 0.65 0.22083333333333333 0.64296875 0.23177083333333334 0.63515625 0.24166666666666667 0.61953125 0.25104166666666666 0.6109375 0.2625 0.609375
0 0.7411458333333333 0.89609375 0.7578125 0.90625 0.7723958333333333 0.9078125 0.775 0.93125 0.7729166666666667 0.94296875 0.7651041666666667 0.94921875 0.7536458333333333 0.94609375 0.7442708333333333 0.9390625 0.7348958333333333 0.9265625 0.7317708333333334 0.91484375 0.7338541666666667 0.90625 0.740625 0.896875
0 0.0265625 0.78515625 0.0296875 0.78984375 0.028645833333333332 0.8 0.0015625 0.8296875 0 0.8296875 0 0.8046875 0.026041666666666668 0.78515625
0 0.3046875 0.521875 0.3067708333333333 0.52421875 0.30625 0.528125 0.2864583333333333 0.55078125 0.275 0.55 0.28125 0.5328125 0.28958333333333336 0.52421875 0.30416666666666664 0.521875
0 0.7802083333333333 0.53984375 0.7864583333333334 0.54296875 0.7911458333333333 0.54921875 0.7895833333333333 0.56484375 0.7848958333333333 0.56953125 0.7791666666666667 0.56875 0.7723958333333333 0.56328125 0.7692708333333333 0.5546875 0.7692708333333333 0.54921875 0.771875 0.54453125 0.7796875 0.53984375
0 0.39739583333333334 0.35703125 0.022916666666666665 0.0171875
0 0.4765625 0.3828125 0.47760416666666666 0.38671875 0.47604166666666664 0.38828125 0.45729166666666665 0.39453125 0.44947916666666665 0.39375 0.4479166666666667 0.390625 0.44947916666666665 0.38828125 0.4557291666666667 0.38828125 0.4703125 0.38125 0.47604166666666664 0.3828125
0 0.2125 0.55859375 0.21927083333333333 0.56484375 0.21770833333333334 0.571875 0.20260416666666667 0.5796875 0.20052083333333334 0.590625 0.196875 0.5953125 0.17239583333333333 0.609375 0.16770833333333332 0.609375 0.1640625 0.60546875 0.16354166666666667 0.59921875 0.16822916666666668 0.59140625 0.19895833333333332 0.5640625 0.21197916666666666 0.55859375
0 0.1234375 0.7203125 0.12604166666666666 0.72421875 0.12395833333333334 0.7375 0.1140625 0.74921875 0.1046875 0.753125 0.10520833333333333 0.7578125 0.10208333333333333 0.76796875 0.08958333333333333 0.78984375 0.06822916666666666 0.8046875 0.05 0.8125 0.0421875 0.809375 0.043229166666666666 0.796875 0.059895833333333336 0.775 0.08020833333333334 0.75859375 0.08385416666666666 0.753125 0.084375 0.74453125 0.09479166666666666 0.7265625 0.12291666666666666 0.7203125
0 0.0765625 0.928125 0.08177083333333333 0.9359375 0.08177083333333333 0.9453125 0.07864583333333333 0.9546875 0.06927083333333334 0.9734375 0.0578125 0.98828125 0.044270833333333336 0.99921875 0.018229166666666668 0.99921875 0.017708333333333333 0.99453125 0.021875 0.9875 0.016145833333333335 0.984375 0.016666666666666666 0.98046875 0.033854166666666664 0.965625 0.059375 0.9296875 0.06614583333333333 0.9265625 0.07604166666666666 0.928125
0 0.8890625 0.36875 0.8916666666666667 0.37265625 0.8817708333333333 0.3828125 0.8708333333333333 0.38046875 0.8682291666666667 0.37578125 0.8802083333333334 0.36796875 0.8885416666666667 0.36875
0 0.9046875 0.40859375 0.921875 0.42265625 0.921875 0.42734375 0.9182291666666667 0.43046875 0.9072916666666667 0.42890625 0.8994791666666667 0.42109375 0.896875 0.41015625 0.9041666666666667 0.40859375
0 0.778125 0.43203125 0.7817708333333333 0.4359375 0.7828125 0.44296875 0.7822916666666667 0.45 0.7802083333333333 0.45234375 0.7692708333333333 0.45078125 0.7645833333333333 0.43984375 0.7651041666666667 0.434375 0.7682291666666666 0.43203125 0.7776041666666667 0.43203125
0 0.9317708333333333 0.45078125 0.9369791666666667 0.45390625 0.9338541666666667 0.46015625 0.9416666666666667 0.46640625 0.9395833333333333 0.475 0.9333333333333333 0.4796875 0.9223958333333333 0.4765625 0.9125 0.46640625 0.9130208333333333 0.45078125 0.93125 0.45078125
0 0.7447916666666666 0.8171875 0.7552083333333334 0.8234375 0.7661458333333333 0.83828125 0.7723958333333333 0.85234375 0.7765625 0.8671875 0.7755208333333333 0.88125 0.7723958333333333 0.890625 0.7411458333333333 0.8796875 0.7302083333333333 0.86953125 0.7276041666666667 0.85703125 0.7296875 0.84375 0.7286458333333333 0.83203125 0.7395833333333334 0.81875 0.7442708333333333 0.8171875
0 0.6692708333333334 0.61015625 0.6791666666666667 0.61953125 0.6875 0.646875 0.696875 0.6640625 0.6958333333333333 0.66953125 0.68125 0.675 0.6755208333333333 0.675 0.6640625 0.66875 0.6604166666666667 0.66171875 0.6588541666666666 0.64765625 0.6526041666666667 0.63359375 0.6520833333333333 0.625 0.6552083333333333 0.61796875 0.66875 0.61015625
0 0.47708333333333336 0.4 0.4786458333333333 0.4046875 0.47291666666666665 0.4109375 0.4734375 0.415625 0.4583333333333333 0.42109375 0.45 0.42109375 0.4484375 0.41875 0.44947916666666665 0.41171875 0.45989583333333334 0.40625 0.465625 0.4 0.4765625 0.4
0 0.4401041666666667 0.465625 0.44166666666666665 0.47109375 0.43125 0.4875 0.41510416666666666 0.496875 0.40625 0.49453125 0.4041666666666667 0.490625 0.40625 0.48671875 0.42135416666666664 0.475 0.4276041666666667 0.46640625 0.43385416666666665 0.4640625 0.4395833333333333 0.465625
0 0.5734375 0.8453125 0.5807291666666666 0.84921875 0.5848958333333333 0.86015625 0.584375 0.87265625 0.5744791666666667 0.88046875 0.5671875 0.88046875 0.5609375 0.8765625 0.5546875 0.86640625 0.55625 0.8546875 0.5671875 0.8453125 0.5729166666666666 0.8453125
0 0.29010416666666666 0.4875 0.29375 0.47734375 0.3 0.47734375 0.3072916666666667 0.46640625 0.32083333333333336 0.46484375 0.32395833333333335 0.46640625 0.32447916666666665 0.46953125 0.3182291666666667 0.47578125 0.31354166666666666 0.48828125 0.30572916666666666 0.49453125 0.290625 0.496875 0.28802083333333334 0.49453125 0.29010416666666666 0.48828125
0 0.16354166666666667 0.871875 0.17239583333333333 0.884375 0.17447916666666666 0.92578125 0.17708333333333334 0.92890625 0.16666666666666666 0.9421875 0.15208333333333332 0.9546875 0.14375 0.95234375 0.1359375 0.94296875 0.12916666666666668 0.9390625 0.12760416666666666 0.93515625 0.140625 0.9171875 0.14114583333333333 0.909375 0.13697916666666668 0.8953125 0.13802083333333334 0.890625 0.1453125 0.88515625 0.15416666666666667 0.8734375 0.16302083333333334 0.871875
0 0.8859375 0.45234375 0.8864583333333333 0.45703125 0.8828125 0.46328125 0.8833333333333333 0.46875 0.8776041666666666 0.471875 0.8625 0.4703125 0.8583333333333333 0.465625 0.8583333333333333 0.459375 0.8729166666666667 0.45 0.8854166666666666 0.45234375
0 0.7973958333333333 0.72890625 0.8052083333333333 0.73359375 0.8109375 0.746875 0.8109375 0.75390625 0.803125 0.765625 0.7973958333333333 0.76875 0.7828125 0.7640625 0.7786458333333334 0.75390625 0.7786458333333334 0.74375 0.7822916666666667 0.7359375 0.7895833333333333 0.73046875 0.796875 0.72890625